% f evaluations | g evaluations | best noise-free fitness - Fopt | noise-free fitness - Fopt (7.948000000000e+01) | measured fitness | best measured fitness | x1 | x2...
1 0 +1.402094080e+00 +1.402094080e+00 +8.088209408e+01 +8.088209408e+01 +0.0000e+00 +0.0000e+00
2 0 +1.240617535e+00 +1.240617535e+00 +8.072061753e+01 +8.072061753e+01 +9.9760e-02 -5.3534e-02
4 0 +7.876737592e-01 +7.876737592e-01 +8.026767376e+01 +8.026767376e+01 -1.4981e-01 -3.6587e-01
50 0 +5.990012839e-01 +5.990012839e-01 +8.007900128e+01 +8.007900128e+01 +4.0975e-03 -4.2390e-01
66 0 +4.088831737e-01 +4.088831737e-01 +7.988888317e+01 +7.988888317e+01 +3.4405e-01 -5.2390e-01
130 0 +1.286975009e-01 +1.286975009e-01 +7.960869750e+01 +7.960869750e+01 +3.2730e-01 -8.0588e-01
240 0 +2.412222668e-02 +2.412222668e-02 +7.950412223e+01 +7.950412223e+01 +2.7551e-01 -1.3104e+00
610 0 +2.591240367e-03 +2.591240367e-03 +7.948259124e+01 +7.948259124e+01 +2.3498e-01 -1.2045e+00
1070 0 +1.195080834e-03 +1.195080834e-03 +7.948119508e+01 +7.948119508e+01 +2.8724e-01 -1.1538e+00
1231 0 +7.833392755e-04 +7.833392755e-04 +7.948078334e+01 +7.948078334e+01 +2.7937e-01 -1.1656e+00
2020 0 +5.421625939e-04 +5.421625939e-04 +7.948054216e+01 +7.948054216e+01 +2.5030e-01 -1.1336e+00
3019 0 +3.852543657e-06 +3.852543657e-06 +7.948000385e+01 +7.948000385e+01 +2.5263e-01 -1.1588e+00
5203 0 +2.305955405e-06 +2.305955405e-06 +7.948000231e+01 +7.948000231e+01 +2.5142e-01 -1.1574e+00
5605 0 +1.579435462e-07 +1.579435462e-07 +7.948000016e+01 +7.948000016e+01 +2.5269e-01 -1.1572e+00
5844 0 +7.736957741e-10 +7.736957741e-10 +7.948000000e+01 +7.948000000e+01 +2.5282e-01 -1.1568e+00
16193 0 +0.000000000e+00 +0.000000000e+00 +7.948000000e+01 +7.948000000e+01 +2.5280e-01 -1.1568e+00
% f evaluations | g evaluations | best noise-free fitness - Fopt | noise-free fitness - Fopt (3.944800000000e+02) | measured fitness | best measured fitness | x1 | x2...
1 0 +2.355193472e+01 +2.355193472e+01 +4.180319347e+02 +4.180319347e+02 +0.0000e+00 +0.0000e+00
3 0 +2.297589112e+01 +2.297589112e+01 +4.174558911e+02 +4.174558911e+02 +1.8225e-02 -1.2708e-01
4 0 +1.805885522e+01 +1.805885522e+01 +4.125388552e+02 +4.125388552e+02 -7.2561e-01 -6.3343e-02
5 0 +1.148604297e+01 +1.148604297e+01 +4.059660430e+02 +4.059660430e+02 -2.3555e+00 +1.2711e-01
15 0 +1.116842034e+01 +1.116842034e+01 +4.056484203e+02 +4.056484203e+02 -1.9844e+00 -1.5084e-01
25 0 +9.227905173e+00 +9.227905173e+00 +4.037079052e+02 +4.037079052e+02 -4.1048e+00 +1.4033e-01
48 0 +7.393685543e+00 +7.393685543e+00 +4.018736855e+02 +4.018736855e+02 -4.0207e+00 -1.7402e-01
118 0 +6.758071237e+00 +6.758071237e+00 +4.012380712e+02 +4.012380712e+02 -5.4091e+00 -7.7475e-01
135 0 +5.386019010e+00 +5.386019010e+00 +3.998660190e+02 +3.998660190e+02 -2.9894e+00 -7.5506e-01
151 0 +4.397913783e+00 +4.397913783e+00 +3.988779138e+02 +3.988779138e+02 -3.6353e+00 -8.0985e-01
217 0 +1.554747883e+00 +1.554747883e+00 +3.960347479e+02 +3.960347479e+02 -3.0951e+00 -1.9368e+00
403 0 +3.498110415e-01 +3.498110415e-01 +3.948298110e+02 +3.948298110e+02 -4.2369e+00 -3.3754e+00
762 0 +2.032106936e-01 +2.032106936e-01 +3.946832107e+02 +3.946832107e+02 -4.2389e+00 -2.5950e+00
773 0 +7.702737423e-03 +7.702737423e-03 +3.944877027e+02 +3.944877027e+02 -3.9838e+00 -2.8702e+00
8917 0 +7.499231332e-03 +7.499231332e-03 +3.944874992e+02 +3.944874992e+02 -3.8288e+00 -2.9420e+00
9078 0 +5.251701088e-03 +5.251701088e-03 +3.944852517e+02 +3.944852517e+02 -3.9381e+00 -2.8297e+00
9422 0 +8.642411036e-04 +8.642411036e-04 +3.944808642e+02 +3.944808642e+02 -3.8999e+00 -2.9198e+00
10305 0 +2.840143612e-04 +2.840143612e-04 +3.944802840e+02 +3.944802840e+02 -3.8918e+00 -2.9059e+00
10481 0 +4.882547063e-05 +4.882547063e-05 +3.944800488e+02 +3.944800488e+02 -3.8918e+00 -2.8926e+00
13137 0 +4.049022675e-05 +4.049022675e-05 +3.944800405e+02 +3.944800405e+02 -3.9042e+00 -2.8877e+00
13892 0 +3.479361760e-05 +3.479361760e-05 +3.944800348e+02 +3.944800348e+02 -3.8976e+00 -2.8846e+00
13992 0 +7.769848651e-06 +7.769848651e-06 +3.944800078e+02 +3.944800078e+02 -3.8957e+00 -2.8896e+00
14887 0 +7.621619545e-06 +7.621619545e-06 +3.944800076e+02 +3.944800076e+02 -3.9006e+00 -2.8888e+00
15044 0 +7.001267477e-08 +7.001267477e-08 +3.944800001e+02 +3.944800001e+02 -3.8987e+00 -2.8905e+00
16697 0 +6.708262390e-09 +6.708262390e-09 +3.944800000e+02 +3.944800000e+02 -3.8984e+00 -2.8903e+00
29042 0 +0.000000000e+00 +0.000000000e+00 +3.944800000e+02 +3.944800000e+02 -3.8984e+00 -2.8904e+00
% f evaluations | g evaluations | best noise-free fitness - Fopt | noise-free fitness - Fopt (-2.471100000000e+02) | measured fitness | best measured fitness | x1 | x2...
1 0 +1.446913280e+01 +1.446913280e+01 -2.326408672e+02 -2.326408672e+02 +0.0000e+00 +0.0000e+00
3 0 +1.344904868e+01 +1.344904868e+01 -2.336609513e+02 -2.336609513e+02 -1.9813e-01 -4.9474e-01
17 0 +1.295754853e+01 +1.295754853e+01 -2.341524515e+02 -2.341524515e+02 -2.6031e-01 +8.6612e-01
18 0 +1.246083062e+01 +1.246083062e+01 -2.346491694e+02 -2.346491694e+02 -3.0025e-01 -2.6988e-01
30 0 +1.105728638e+01 +1.105728638e+01 -2.360527136e+02 -2.360527136e+02 -5.0228e-01 +6.4241e-01
82 0 +1.082347253e+01 +1.082347253e+01 -2.362865275e+02 -2.362865275e+02 -5.6393e-01 -3.9821e-01
103 0 +8.560785250e+00 +8.560785250e+00 -2.385492148e+02 -2.385492148e+02 -9.5361e-01 -4.8087e-01
106 0 +6.280714851e+00 +6.280714851e+00 -2.408292851e+02 -2.408292851e+02 -1.6138e+00 -1.0249e+00
117 0 +5.292313298e+00 +5.292313298e+00 -2.418176867e+02 -2.418176867e+02 -3.1373e+00 -2.0003e+00
155 0 +4.585246841e+00 +4.585246841e+00 -2.425247532e+02 -2.425247532e+02 -1.9499e+00 +1.2842e+00
218 0 +1.977004085e+00 +1.977004085e+00 -2.451329959e+02 -2.451329959e+02 -4.0155e+00 +1.5924e+00
570 0 +1.618888884e-01 +1.618888884e-01 -2.469481111e+02 -2.469481111e+02 -4.1913e+00 +2.8989e-01
1109 0 +9.027155364e-02 +9.027155364e-02 -2.470197284e+02 -2.470197284e+02 -3.5871e+00 +4.1678e-01
2941 0 +3.613570616e-02 +3.613570616e-02 -2.470738643e+02 -2.470738643e+02 -3.6997e+00 +3.6564e-01
4032 0 +1.751928240e-02 +1.751928240e-02 -2.470924807e+02 -2.470924807e+02 -3.8697e+00 +9.1699e-02
4389 0 +6.619550190e-03 +6.619550190e-03 -2.471033804e+02 -2.471033804e+02 -3.8678e+00 +1.6077e-01
4612 0 +1.621450027e-03 +1.621450027e-03 -2.471083785e+02 -2.471083785e+02 -3.8261e+00 +2.3244e-01
4979 0 +1.186171925e-03 +1.186171925e-03 -2.471088138e+02 -2.471088138e+02 -3.7779e+00 +2.3087e-01
4984 0 +5.736043764e-05 +5.736043764e-05 -2.471099426e+02 -2.471099426e+02 -3.7908e+00 +2.0336e-01
5890 0 +4.089309698e-06 +4.089309698e-06 -2.471099959e+02 -2.471099959e+02 -3.8001e+00 +2.0437e-01
7410 0 +2.056615870e-06 +2.056615870e-06 -2.471099979e+02 -2.471099979e+02 -3.7997e+00 +2.0260e-01
7600 0 +1.757887446e-06 +1.757887446e-06 -2.471099982e+02 -2.471099982e+02 -3.7979e+00 +2.0198e-01
7827 0 +6.278742717e-07 +6.278742717e-07 -2.471099994e+02 -2.471099994e+02 -3.7980e+00 +2.0251e-01
9355 0 +1.436197294e-07 +1.436197294e-07 -2.471099999e+02 -2.471099999e+02 -3.7987e+00 +2.0344e-01
9424 0 +2.223788442e-08 +2.223788442e-08 -2.471100000e+02 -2.471100000e+02 -3.7983e+00 +2.0333e-01
10376 0 +1.837074137e-08 +1.837074137e-08 -2.471100000e+02 -2.471100000e+02 -3.7985e+00 +2.0308e-01
12020 0 +1.643249448e-08 +1.643249448e-08 -2.471100000e+02 -2.471100000e+02 -3.7985e+00 +2.0316e-01
12096 0 +7.629409993e-09 +7.629409993e-09 -2.471100000e+02 -2.471100000e+02 -3.7984e+00 +2.0312e-01
20477 0 +0.000000000e+00 +0.000000000e+00 -2.471100000e+02 -2.471100000e+02 -3.7984e+00 +2.0320e-01
% f evaluations | g evaluations | best noise-free fitness - Fopt | noise-free fitness - Fopt (-1.520400000000e+02) | measured fitness | best measured fitness | x1 | x2...
1 0 +2.099171840e+00 +2.099171840e+00 -1.499408282e+02 -1.499408282e+02 +0.0000e+00 +0.0000e+00
2 0 +1.820184348e+00 +1.820184348e+00 -1.502198157e+02 -1.502198157e+02 -4.7085e-01 +9.0317e-02
5 0 +9.073616303e-01 +9.073616303e-01 -1.511326384e+02 -1.511326384e+02 +4.1819e-01 +7.6248e-01
11 0 +6.330881386e-01 +6.330881386e-01 -1.514069119e+02 -1.514069119e+02 -4.5657e-01 +6.5120e-01
23 0 +4.453819129e-01 +4.453819129e-01 -1.515946181e+02 -1.515946181e+02 -1.5083e-01 +7.6685e-01
37 0 +3.362080495e-02 +3.362080495e-02 -1.520063792e+02 -1.520063792e+02 -4.3261e-01 +1.5031e+00
73 0 +1.097110977e-02 +1.097110977e-02 -1.520290289e+02 -1.520290289e+02 -3.4838e-01 +1.3578e+00
604 0 +2.374400399e-03 +2.374400399e-03 -1.520376256e+02 -1.520376256e+02 -2.2007e-01 +1.4116e+00
1542 0 +1.853941657e-03 +1.853941657e-03 -1.520381461e+02 -1.520381461e+02 -2.7713e-01 +1.4659e+00
1643 0 +8.417985569e-04 +8.417985569e-04 -1.520391582e+02 -1.520391582e+02 -2.4556e-01 +1.4047e+00
2098 0 +5.279862289e-04 +5.279862289e-04 -1.520394720e+02 -1.520394720e+02 -2.5394e-01 +1.4428e+00
3149 0 +4.109865170e-04 +4.109865170e-04 -1.520395890e+02 -1.520395890e+02 -2.5525e-01 +1.4404e+00
3389 0 +3.844797158e-04 +3.844797158e-04 -1.520396155e+02 -1.520396155e+02 -2.4874e-01 +1.4306e+00
3423 0 +2.987868896e-04 +2.987868896e-04 -1.520397012e+02 -1.520397012e+02 -2.7585e-01 +1.4090e+00
3433 0 +1.623353147e-04 +1.623353147e-04 -1.520398377e+02 -1.520398377e+02 -2.5446e-01 +1.4240e+00
3597 0 +7.035618279e-05 +7.035618279e-05 -1.520399296e+02 -1.520399296e+02 -2.6806e-01 +1.4157e+00
3628 0 +1.780259768e-05 +1.780259768e-05 -1.520399822e+02 -1.520399822e+02 -2.7001e-01 +1.4271e+00
3637 0 +1.285882374e-05 +1.285882374e-05 -1.520399871e+02 -1.520399871e+02 -2.6977e-01 +1.4215e+00
3833 0 +1.151473944e-05 +1.151473944e-05 -1.520399885e+02 -1.520399885e+02 -2.6903e-01 +1.4269e+00
4130 0 +3.110002012e-06 +3.110002012e-06 -1.520399969e+02 -1.520399969e+02 -2.6811e-01 +1.4255e+00
5148 0 +1.565143265e-06 +1.565143265e-06 -1.520399984e+02 -1.520399984e+02 -2.6690e-01 +1.4228e+00
7077 0 +3.844498622e-07 +3.844498622e-07 -1.520399996e+02 -1.520399996e+02 -2.6661e-01 +1.4242e+00
7142 0 +2.650622832e-08 +2.650622832e-08 -1.520400000e+02 -1.520400000e+02 -2.6736e-01 +1.4240e+00
7829 0 +6.641386108e-09 +6.641386108e-09 -1.520400000e+02 -1.520400000e+02 -2.6724e-01 +1.4241e+00
13655 0 +0.000000000e+00 +0.000000000e+00 -1.520400000e+02 -1.520400000e+02 -2.6720e-01 +1.4240e+00
% f evaluations | g evaluations | best noise-free fitness - Fopt | noise-free fitness - Fopt (-2.525000000000e+01) | measured fitness | best measured fitness | x1 | x2...
1 0 +1.346736640e+01 +1.346736640e+01 -1.178263360e+01 -1.178263360e+01 +0.0000e+00 +0.0000e+00
6 0 +1.342265442e+01 +1.342265442e+01 -1.182734558e+01 -1.182734558e+01 +9.5200e-02 -3.8357e-01
12 0 +1.318042646e+01 +1.318042646e+01 -1.206957354e+01 -1.206957354e+01 +1.1652e-03 +9.8870e-01
13 0 +1.243981086e+01 +1.243981086e+01 -1.281018914e+01 -1.281018914e+01 +2.4495e-01 -4.0721e-01
16 0 +1.080545672e+01 +1.080545672e+01 -1.444454328e+01 -1.444454328e+01 +3.4888e-01 +2.5862e-01
27 0 +1.022696533e+01 +1.022696533e+01 -1.502303467e+01 -1.502303467e+01 +4.6427e-01 +8.4185e-02
104 0 +7.032687771e+00 +7.032687771e+00 -1.821731223e+01 -1.821731223e+01 +1.2225e+00 -5.1004e-01
118 0 +6.036385187e+00 +6.036385187e+00 -1.921361481e+01 -1.921361481e+01 +1.1885e+00 +1.0245e+00
156 0 +5.284429758e+00 +5.284429758e+00 -1.996557024e+01 -1.996557024e+01 +1.9694e+00 +2.2410e+00
160 0 +2.786673440e+00 +2.786673440e+00 -2.246332656e+01 -2.246332656e+01 +1.9587e+00 +4.2215e-01
215 0 +1.944879325e+00 +1.944879325e+00 -2.330512067e+01 -2.330512067e+01 +2.5091e+00 -2.1517e-01
216 0 +1.712408650e+00 +1.712408650e+00 -2.353759135e+01 -2.353759135e+01 +3.1984e+00 -6.0549e-01
403 0 +1.587577963e+00 +1.587577963e+00 -2.366242204e+01 -2.366242204e+01 +4.8213e+00 +2.7327e-01
404 0 +1.074338504e+00 +1.074338504e+00 -2.417566150e+01 -2.417566150e+01 +2.5781e+00 +6.5590e-01
465 0 +5.064253532e-01 +5.064253532e-01 -2.474357465e+01 -2.474357465e+01 +3.3672e+00 +1.3025e+00
516 0 +4.074496160e-01 +4.074496160e-01 -2.484255038e+01 -2.484255038e+01 +3.5870e+00 +1.2729e+00
716 0 +3.451306318e-01 +3.451306318e-01 -2.490486937e+01 -2.490486937e+01 +4.2019e+00 +6.3521e-01
923 0 +1.755410596e-01 +1.755410596e-01 -2.507445894e+01 -2.507445894e+01 +3.2544e+00 +8.4949e-01
1015 0 +9.859859881e-02 +9.859859881e-02 -2.515140140e+01 -2.515140140e+01 +3.3445e+00 +4.7475e-01
1175 0 +6.042079575e-02 +6.042079575e-02 -2.518957920e+01 -2.518957920e+01 +3.6375e+00 +3.9048e-01
1539 0 +3.233960222e-02 +3.233960222e-02 -2.521766040e+01 -2.521766040e+01 +3.7940e+00 +6.2604e-01
1911 0 +1.713778308e-02 +1.713778308e-02 -2.523286222e+01 -2.523286222e+01 +3.4835e+00 +6.3495e-01
2599 0 +4.105904243e-03 +4.105904243e-03 -2.524589410e+01 -2.524589410e+01 +3.6255e+00 +5.7209e-01
2820 0 +3.515438953e-03 +3.515438953e-03 -2.524648456e+01 -2.524648456e+01 +3.6200e+00 +5.7617e-01
4447 0 +1.101392837e-03 +1.101392837e-03 -2.524889861e+01 -2.524889861e+01 +3.6231e+00 +6.0316e-01
4563 0 +1.307150205e-04 +1.307150205e-04 -2.524986928e+01 -2.524986928e+01 +3.6199e+00 +6.2519e-01
5527 0 +5.929249036e-05 +5.929249036e-05 -2.524994071e+01 -2.524994071e+01 +3.6069e+00 +6.3692e-01
6063 0 +2.483277218e-05 +2.483277218e-05 -2.524997517e+01 -2.524997517e+01 +3.6132e+00 +6.4004e-01
6408 0 +2.574680298e-06 +2.574680298e-06 -2.524999743e+01 -2.524999743e+01 +3.6134e+00 +6.3396e-01
6518 0 +1.232208952e-06 +1.232208952e-06 -2.524999877e+01 -2.524999877e+01 +3.6133e+00 +6.3521e-01
7840 0 +1.044050620e-06 +1.044050620e-06 -2.524999896e+01 -2.524999896e+01 +3.6149e+00 +6.3611e-01
9025 0 +9.107334940e-07 +9.107334940e-07 -2.524999909e+01 -2.524999909e+01 +3.6136e+00 +6.3464e-01
9657 0 +4.113322127e-07 +4.113322127e-07 -2.524999959e+01 -2.524999959e+01 +3.6141e+00 +6.3461e-01
9870 0 +2.514567612e-07 +2.514567612e-07 -2.524999975e+01 -2.524999975e+01 +3.6148e+00 +6.3554e-01
9903 0 +2.105643304e-07 +2.105643304e-07 -2.524999979e+01 -2.524999979e+01 +3.6142e+00 +6.3561e-01
9967 0 +1.179842926e-07 +1.179842926e-07 -2.524999988e+01 -2.524999988e+01 +3.6142e+00 +6.3545e-01
10224 0 +1.181279430e-08 +1.181279430e-08 -2.524999999e+01 -2.524999999e+01 +3.6144e+00 +6.3510e-01
10650 0 +8.590212985e-10 +8.590212985e-10 -2.525000000e+01 -2.525000000e+01 +3.6144e+00 +6.3517e-01
18731 0 +0.000000000e+00 +0.000000000e+00 -2.525000000e+01 -2.525000000e+01 +3.6144e+00 +6.3520e-01
% f evaluations | g evaluations | best noise-free fitness - Fopt | noise-free fitness - Fopt (1.830100000000e+02) | measured fitness | best measured fitness | x1 | x2...
1 0 +1.419234624e+01 +1.419234624e+01 +1.972023462e+02 +1.972023462e+02 +0.0000e+00 +0.0000e+00
4 0 +8.976169965e+00 +8.976169965e+00 +1.919861700e+02 +1.919861700e+02 +7.7191e-01 +2.3819e+00
9 0 +5.953199961e+00 +5.953199961e+00 +1.889632000e+02 +1.889632000e+02 -8.4848e-01 +1.0306e+00
14 0 +3.289927511e-01 +3.289927511e-01 +1.833389928e+02 +1.833389928e+02 -2.3047e+00 +2.5550e+00
163 0 +2.740801523e-01 +2.740801523e-01 +1.832840802e+02 +1.832840802e+02 -2.3435e+00 +3.5838e+00
199 0 +1.217049440e-01 +1.217049440e-01 +1.831317049e+02 +1.831317049e+02 -2.3622e+00 +3.3688e+00
235 0 +2.122940067e-02 +2.122940067e-02 +1.830312294e+02 +1.830312294e+02 -2.0666e+00 +3.2313e+00
609 0 +1.840796788e-02 +1.840796788e-02 +1.830284080e+02 +1.830284080e+02 -2.1143e+00 +2.9693e+00
814 0 +1.456340312e-02 +1.456340312e-02 +1.830245634e+02 +1.830245634e+02 -2.1780e+00 +3.2163e+00
1012 0 +5.746468979e-03 +5.746468979e-03 +1.830157465e+02 +1.830157465e+02 -2.1163e+00 +3.1764e+00
1054 0 +3.714923323e-04 +3.714923323e-04 +1.830103715e+02 +1.830103715e+02 -2.1242e+00 +3.1184e+00
1681 0 +2.534102955e-04 +2.534102955e-04 +1.830102534e+02 +1.830102534e+02 -2.1476e+00 +3.1141e+00
2048 0 +1.078871229e-04 +1.078871229e-04 +1.830101079e+02 +1.830101079e+02 -2.1331e+00 +3.1132e+00
2249 0 +6.319685292e-05 +6.319685292e-05 +1.830100632e+02 +1.830100632e+02 -2.1300e+00 +3.0980e+00
2428 0 +5.984008391e-05 +5.984008391e-05 +1.830100598e+02 +1.830100598e+02 -2.1343e+00 +3.1107e+00
2529 0 +6.003569212e-06 +6.003569212e-06 +1.830100060e+02 +1.830100060e+02 -2.1368e+00 +3.1009e+00
3850 0 +3.773732288e-06 +3.773732288e-06 +1.830100038e+02 +1.830100038e+02 -2.1355e+00 +3.1051e+00
4288 0 +1.704527506e-06 +1.704527506e-06 +1.830100017e+02 +1.830100017e+02 -2.1364e+00 +3.1020e+00
6518 0 +9.260467380e-07 +9.260467380e-07 +1.830100009e+02 +1.830100009e+02 -2.1363e+00 +3.1023e+00
6649 0 +2.471699645e-08 +2.471699645e-08 +1.830100000e+02 +1.830100000e+02 -2.1361e+00 +3.1031e+00
7752 0 +2.242006758e-08 +2.242006758e-08 +1.830100000e+02 +1.830100000e+02 -2.1361e+00 +3.1033e+00
8010 0 +4.666787845e-09 +4.666787845e-09 +1.830100000e+02 +1.830100000e+02 -2.1360e+00 +3.1033e+00
13599 0 +0.000000000e+00 +0.000000000e+00 +1.830100000e+02 +1.830100000e+02 -2.1360e+00 +3.1032e+00
% f evaluations | g evaluations | best noise-free fitness - Fopt | noise-free fitness - Fopt (1.835200000000e+02) | measured fitness | best measured fitness | x1 | x2...
1 0 +1.553667712e+01 +1.553667712e+01 +1.990566771e+02 +1.990566771e+02 +0.0000e+00 +0.0000e+00
2 0 +1.362077878e+01 +1.362077878e+01 +1.971407788e+02 +1.971407788e+02 -2.7705e-01 -2.5982e-01
6 0 +9.734469274e+00 +9.734469274e+00 +1.932544693e+02 +1.932544693e+02 -1.9263e+00 -1.4705e+00
37 0 +6.187440408e+00 +6.187440408e+00 +1.897074404e+02 +1.897074404e+02 +9.5811e-01 -1.6552e+00
103 0 +3.427476474e+00 +3.427476474e+00 +1.869474765e+02 +1.869474765e+02 +1.8297e+00 -3.9238e+00
117 0 +3.367498359e+00 +3.367498359e+00 +1.868874984e+02 +1.868874984e+02 +1.7860e+00 -3.6252e+00
120 0 +1.582114285e+00 +1.582114285e+00 +1.851021143e+02 +1.851021143e+02 +5.7067e-01 -2.8319e+00
137 0 +1.344525185e+00 +1.344525185e+00 +1.848645252e+02 +1.848645252e+02 +2.4116e-01 -2.8122e+00
154 0 +1.102687279e+00 +1.102687279e+00 +1.846226873e+02 +1.846226873e+02 -1.8668e-01 -2.9046e+00
389 0 +3.307714060e-01 +3.307714060e-01 +1.838507714e+02 +1.838507714e+02 +5.5349e-01 -3.9354e+00
854 0 +2.231120580e-01 +2.231120580e-01 +1.837431121e+02 +1.837431121e+02 -2.5514e-01 -4.3522e+00
1114 0 +8.538117032e-02 +8.538117032e-02 +1.836053812e+02 +1.836053812e+02 -4.3781e-02 -4.2330e+00
1681 0 +2.640719159e-03 +2.640719159e-03 +1.835226407e+02 +1.835226407e+02 +1.6303e-02 -3.9763e+00
2892 0 +5.366842151e-04 +5.366842151e-04 +1.835205367e+02 +1.835205367e+02 -2.9992e-02 -3.9632e+00
3175 0 +2.181056640e-04 +2.181056640e-04 +1.835202181e+02 +1.835202181e+02 -3.3107e-02 -3.9323e+00
3216 0 +1.499985059e-04 +1.499985059e-04 +1.835201500e+02 +1.835201500e+02 -1.7394e-02 -3.9301e+00
3322 0 +1.419595745e-05 +1.419595745e-05 +1.835200142e+02 +1.835200142e+02 -2.2066e-02 -3.9379e+00
4796 0 +5.378899431e-06 +5.378899431e-06 +1.835200054e+02 +1.835200054e+02 -2.0496e-02 -3.9396e+00
4953 0 +1.123360107e-06 +1.123360107e-06 +1.835200011e+02 +1.835200011e+02 -2.0831e-02 -3.9409e+00
4962 0 +9.077126606e-07 +9.077126606e-07 +1.835200009e+02 +1.835200009e+02 -2.0757e-02 -3.9412e+00
5624 0 +1.033204740e-07 +1.033204740e-07 +1.835200001e+02 +1.835200001e+02 -2.1340e-02 -3.9418e+00
6239 0 +9.643812859e-08 +9.643812859e-08 +1.835200001e+02 +1.835200001e+02 -2.1580e-02 -3.9419e+00
6291 0 +3.200440801e-08 +3.200440801e-08 +1.835200000e+02 +1.835200000e+02 -2.1425e-02 -3.9416e+00
6681 0 +3.049635211e-08 +3.049635211e-08 +1.835200000e+02 +1.835200000e+02 -2.1606e-02 -3.9418e+00
6766 0 +5.578499440e-09 +5.578499440e-09 +1.835200000e+02 +1.835200000e+02 -2.1673e-02 -3.9416e+00
12839 0 +0.000000000e+00 +0.000000000e+00 +1.835200000e+02 +1.835200000e+02 -2.1600e-02 -3.9416e+00
% f evaluations | g evaluations | best noise-free fitness - Fopt | noise-free fitness - Fopt (-5.938400000000e+02) | measured fitness | best measured fitness | x1 | x2...
1 0 +6.611755520e+00 +6.611755520e+00 -5.872282445e+02 -5.872282445e+02 +0.0000e+00 +0.0000e+00
2 0 +6.538820375e+00 +6.538820375e+00 -5.873011796e+02 -5.873011796e+02 -1.3097e-02 +3.8586e-02
102 0 +6.197325965e+00 +6.197325965e+00 -5.876426740e+02 -5.876426740e+02 -8.0661e-02 +4.4323e-02
185 0 +6.123689392e+00 +6.123689392e+00 -5.877163106e+02 -5.877163106e+02 -9.5129e-02 +6.8249e-02
204 0 +5.453268304e+00 +5.453268304e+00 -5.883867317e+02 -5.883867317e+02 -3.1077e-01 +6.8680e-01
264 0 +5.197128962e+00 +5.197128962e+00 -5.886428710e+02 -5.886428710e+02 -3.1933e-01 +4.5966e-01
287 0 +4.964362546e+00 +4.964362546e+00 -5.888756375e+02 -5.888756375e+02 -3.4338e-01 +1.8545e-01
303 0 +4.893906227e+00 +4.893906227e+00 -5.889460938e+02 -5.889460938e+02 -6.5613e-01 -1.0158e+00
313 0 +4.078647628e+00 +4.078647628e+00 -5.897613524e+02 -5.897613524e+02 -6.0616e-01 +5.6719e-01
335 0 +3.640488390e+00 +3.640488390e+00 -5.901995116e+02 -5.901995116e+02 -1.1436e+00 -1.1733e+00
339 0 +3.516190761e+00 +3.516190761e+00 -5.903238092e+02 -5.903238092e+02 -6.9626e-01 +1.2065e-02
344 0 +2.735457751e+00 +2.735457751e+00 -5.911045422e+02 -5.911045422e+02 -9.1610e-01 +5.7106e-02
359 0 +2.016035082e+00 +2.016035082e+00 -5.918239649e+02 -5.918239649e+02 -1.1767e+00 +3.6993e-01
407 0 +1.271383186e+00 +1.271383186e+00 -5.925686168e+02 -5.925686168e+02 -2.8993e+00 -9.8387e-01
426 0 +1.226354037e+00 +1.226354037e+00 -5.926136460e+02 -5.926136460e+02 -1.5878e+00 -4.1791e-01
451 0 +3.506953011e-01 +3.506953011e-01 -5.934893047e+02 -5.934893047e+02 -2.0937e+00 +4.4682e-01
601 0 +2.881642968e-01 +2.881642968e-01 -5.935518357e+02 -5.935518357e+02 -2.8303e+00 -3.7488e-01
620 0 +1.779707469e-01 +1.779707469e-01 -5.936620293e+02 -5.936620293e+02 -2.2574e+00 +3.7811e-01
782 0 +1.143570339e-01 +1.143570339e-01 -5.937256430e+02 -5.937256430e+02 -2.8729e+00 -5.5053e-02
1380 0 +8.602133924e-02 +8.602133924e-02 -5.937539787e+02 -5.937539787e+02 -2.2765e+00 +8.2887e-02
1572 0 +1.776086114e-02 +1.776086114e-02 -5.938222391e+02 -5.938222391e+02 -2.6282e+00 -2.5311e-02
1579 0 +5.644747679e-03 +5.644747679e-03 -5.938343553e+02 -5.938343553e+02 -2.5138e+00 +1.4467e-01
4134 0 +1.210010575e-03 +1.210010575e-03 -5.938387900e+02 -5.938387900e+02 -2.5860e+00 +6.3737e-02
4339 0 +1.170675626e-03 +1.170675626e-03 -5.938388293e+02 -5.938388293e+02 -2.5797e+00 +6.1721e-02
4417 0 +3.063905455e-04 +3.063905455e-04 -5.938396936e+02 -5.938396936e+02 -2.5726e+00 +1.1164e-01
5328 0 +2.324245253e-04 +2.324245253e-04 -5.938397676e+02 -5.938397676e+02 -2.5606e+00 +1.0669e-01
5412 0 +1.434591146e-04 +1.434591146e-04 -5.938398565e+02 -5.938398565e+02 -2.5770e+00 +1.0383e-01
5416 0 +8.788122454e-05 +8.788122454e-05 -5.938399121e+02 -5.938399121e+02 -2.5679e+00 +1.0362e-01
5894 0 +3.229533570e-05 +3.229533570e-05 -5.938399677e+02 -5.938399677e+02 -2.5641e+00 +9.6001e-02
6569 0 +6.507729722e-06 +6.507729722e-06 -5.938399935e+02 -5.938399935e+02 -2.5715e+00 +9.6129e-02
6666 0 +3.431966888e-08 +3.431966888e-08 -5.938400000e+02 -5.938400000e+02 -2.5697e+00 +9.4222e-02
9244 0 +7.354628906e-09 +7.354628906e-09 -5.938400000e+02 -5.938400000e+02 -2.5697e+00 +9.4345e-02
18102 0 +0.000000000e+00 +0.000000000e+00 -5.938400000e+02 -5.938400000e+02 -2.5696e+00 +9.4400e-02
% f evaluations | g evaluations | best noise-free fitness - Fopt | noise-free fitness - Fopt (-1.000000000000e+03) | measured fitness | best measured fitness | x1 | x2...
1 0 +2.961425408e+01 +2.961425408e+01 -9.703857459e+02 -9.703857459e+02 +0.0000e+00 +0.0000e+00
3 0 +2.858495995e+01 +2.858495995e+01 -9.714150400e+02 -9.714150400e+02 -1.5015e-01 -1.3248e-02
5 0 +2.533680765e+01 +2.533680765e+01 -9.746631923e+02 -9.746631923e+02 -6.7602e-01 -5.9461e-02
36 0 +2.161633867e+01 +2.161633867e+01 -9.783836613e+02 -9.783836613e+02 -1.1683e+00 +4.9995e-02
47 0 +2.128771457e+01 +2.128771457e+01 -9.787122854e+02 -9.787122854e+02 -1.3591e+00 -3.5240e-02
61 0 +2.068660761e+01 +2.068660761e+01 -9.793133924e+02 -9.793133924e+02 -1.4433e+00 -1.0775e-02
80 0 +1.986242446e+01 +1.986242446e+01 -9.801375755e+02 -9.801375755e+02 -1.5357e+00 +3.9954e-02
102 0 +1.607906971e+01 +1.607906971e+01 -9.839209303e+02 -9.839209303e+02 -4.4941e+00 -1.0389e-01
106 0 +1.570497395e+01 +1.570497395e+01 -9.842950260e+02 -9.842950260e+02 -5.2371e+00 +1.4309e-01
118 0 +1.460041780e+01 +1.460041780e+01 -9.853995822e+02 -9.853995822e+02 -2.6774e+00 +2.1393e-01
141 0 +1.267347550e+01 +1.267347550e+01 -9.873265245e+02 -9.873265245e+02 -3.5422e+00 +3.0556e-01
144 0 +1.155799284e+01 +1.155799284e+01 -9.884420072e+02 -9.884420072e+02 -4.2082e+00 +4.7275e-01
221 0 +1.116092581e+01 +1.116092581e+01 -9.888390742e+02 -9.888390742e+02 -3.4331e+00 +5.3727e-01
326 0 +1.047880810e+01 +1.047880810e+01 -9.895211919e+02 -9.895211919e+02 -3.3782e+00 +6.4927e-01
332 0 +1.020985022e+01 +1.020985022e+01 -9.897901498e+02 -9.897901498e+02 -4.6039e+00 +7.4939e-01
366 0 +7.971540966e+00 +7.971540966e+00 -9.920284590e+02 -9.920284590e+02 -3.4745e+00 +1.0536e+00
539 0 +5.277260618e+00 +5.277260618e+00 -9.947227394e+02 -9.947227394e+02 -5.0285e+00 +1.8849e+00
1374 0 +4.496305671e+00 +4.496305671e+00 -9.955036943e+02 -9.955036943e+02 -3.1706e+00 +1.8418e+00
1536 0 +2.775019542e+00 +2.775019542e+00 -9.972249805e+02 -9.972249805e+02 -2.9887e+00 +2.4228e+00
1541 0 +2.341294115e+00 +2.341294115e+00 -9.976587059e+02 -9.976587059e+02 -4.1383e+00 +2.3514e+00
2978 0 +2.242699703e+00 +2.242699703e+00 -9.977573003e+02 -9.977573003e+02 -4.1213e+00 +2.3813e+00
2983 0 +2.008920423e+00 +2.008920423e+00 -9.979910796e+02 -9.979910796e+02 -2.6476e+00 +3.0915e+00
3095 0 +1.953804900e+00 +1.953804900e+00 -9.980461951e+02 -9.980461951e+02 -4.1064e+00 +2.4800e+00
4336 0 +1.802523980e+00 +1.802523980e+00 -9.981974760e+02 -9.981974760e+02 -3.1103e+00 +2.7279e+00
4390 0 +1.505911620e+00 +1.505911620e+00 -9.984940884e+02 -9.984940884e+02 -3.4911e+00 +2.6772e+00
4398 0 +1.420475436e+00 +1.420475436e+00 -9.985795246e+02 -9.985795246e+02 -4.5409e+00 +2.8865e+00
4474 0 +1.369507376e+00 +1.369507376e+00 -9.986304926e+02 -9.986304926e+02 -4.6269e+00 +2.9838e+00
4652 0 +1.196854196e+00 +1.196854196e+00 -9.988031458e+02 -9.988031458e+02 -3.7152e+00 +2.7663e+00
4784 0 +7.271243156e-01 +7.271243156e-01 -9.992728757e+02 -9.992728757e+02 -3.6979e+00 +3.0126e+00
4907 0 +4.926967480e-01 +4.926967480e-01 -9.995073033e+02 -9.995073033e+02 -3.6858e+00 +3.1687e+00
4921 0 +2.228333369e-01 +2.228333369e-01 -9.997771667e+02 -9.997771667e+02 -4.2831e+00 +3.6817e+00
5150 0 +1.730355902e-01 +1.730355902e-01 -9.998269644e+02 -9.998269644e+02 -3.6184e+00 +3.5028e+00
5173 0 +3.320855829e-02 +3.320855829e-02 -9.999667914e+02 -9.999667914e+02 -3.7341e+00 +3.7069e+00
10197 0 +2.957164064e-02 +2.957164064e-02 -9.999704284e+02 -9.999704284e+02 -3.8081e+00 +3.6845e+00
11421 0 +2.564586696e-02 +2.564586696e-02 -9.999743541e+02 -9.999743541e+02 -3.8831e+00 +3.6977e+00
11497 0 +2.308487352e-02 +2.308487352e-02 -9.999769151e+02 -9.999769151e+02 -3.8941e+00 +3.7096e+00
11509 0 +1.487307045e-02 +1.487307045e-02 -9.999851269e+02 -9.999851269e+02 -3.8535e+00 +3.7313e+00
11639 0 +1.058570237e-02 +1.058570237e-02 -9.999894143e+02 -9.999894143e+02 -3.8380e+00 +3.7500e+00
14812 0 +8.679231540e-03 +8.679231540e-03 -9.999913208e+02 -9.999913208e+02 -3.8463e+00 +3.7597e+00
14860 0 +5.772237238e-03 +5.772237238e-03 -9.999942278e+02 -9.999942278e+02 -3.9016e+00 +3.8042e+00
15025 0 +5.473004081e-03 +5.473004081e-03 -9.999945270e+02 -9.999945270e+02 -3.9109e+00 +3.8230e+00
15195 0 +3.907599710e-03 +3.907599710e-03 -9.999960924e+02 -9.999960924e+02 -3.8155e+00 +3.7967e+00
16745 0 +3.263401043e-03 +3.263401043e-03 -9.999967366e+02 -9.999967366e+02 -3.8021e+00 +3.8131e+00
17195 0 +1.211310635e-03 +1.211310635e-03 -9.999987887e+02 -9.999987887e+02 -3.8509e+00 +3.8189e+00
17634 0 +3.876665714e-04 +3.876665714e-04 -9.999996123e+02 -9.999996123e+02 -3.8629e+00 +3.8517e+00
18127 0 +9.248697359e-05 +9.248697359e-05 -9.999999075e+02 -9.999999075e+02 -3.8450e+00 +3.8434e+00
19175 0 +2.051650904e-05 +2.051650904e-05 -9.999999795e+02 -9.999999795e+02 -3.8431e+00 +3.8483e+00
19368 0 +1.925579556e-05 +1.925579556e-05 -9.999999807e+02 -9.999999807e+02 -3.8418e+00 +3.8486e+00
19382 0 +8.914122304e-06 +8.914122304e-06 -9.999999911e+02 -9.999999911e+02 -3.8412e+00 +3.8550e+00
19487 0 +8.295524822e-06 +8.295524822e-06 -9.999999917e+02 -9.999999917e+02 -3.8451e+00 +3.8506e+00
19782 0 +7.279381521e-06 +7.279381521e-06 -9.999999927e+02 -9.999999927e+02 -3.8407e+00 +3.8517e+00
19918 0 +2.191789235e-06 +2.191789235e-06 -9.999999978e+02 -9.999999978e+02 -3.8417e+00 +3.8529e+00
20253 0 +1.918802695e-06 +1.918802695e-06 -9.999999981e+02 -9.999999981e+02 -3.8421e+00 +3.8536e+00
20338 0 +9.124128155e-07 +9.124128155e-07 -9.999999991e+02 -9.999999991e+02 -3.8439e+00 +3.8534e+00
20614 0 +2.372364634e-07 +2.372364634e-07 -9.999999998e+02 -9.999999998e+02 -3.8436e+00 +3.8525e+00
29087 0 +1.192647687e-07 +1.192647687e-07 -9.999999999e+02 -9.999999999e+02 -3.8435e+00 +3.8527e+00
30010 0 +9.281211533e-08 +9.281211533e-08 -9.999999999e+02 -9.999999999e+02 -3.8430e+00 +3.8526e+00
30138 0 +1.846785835e-08 +1.846785835e-08 -1.000000000e+03 -1.000000000e+03 -3.8432e+00 +3.8527e+00
32958 0 +1.661294391e-08 +1.661294391e-08 -1.000000000e+03 -1.000000000e+03 -3.8431e+00 +3.8527e+00
33007 0 +1.213118139e-08 +1.213118139e-08 -1.000000000e+03 -1.000000000e+03 -3.8431e+00 +3.8527e+00
37056 0 +6.556774679e-09 +6.556774679e-09 -1.000000000e+03 -1.000000000e+03 -3.8433e+00 +3.8527e+00
59555 0 +0.000000000e+00 +0.000000000e+00 -1.000000000e+03 -1.000000000e+03 -3.8432e+00 +3.8528e+00
% f evaluations | g evaluations | best noise-free fitness - Fopt | noise-free fitness - Fopt (-2.531000000000e+01) | measured fitness | best measured fitness | x1 | x2...
1 0 +2.451324928e+01 +2.451324928e+01 -7.967507200e-01 -7.967507200e-01 +0.0000e+00 +0.0000e+00
9 0 +1.826998790e+01 +1.826998790e+01 -7.040012096e+00 -7.040012096e+00 -1.2751e-01 +1.2227e+00
15 0 +1.739136303e+01 +1.739136303e+01 -7.918636970e+00 -7.918636970e+00 +2.3118e-01 +9.0426e-01
25 0 +1.728864898e+01 +1.728864898e+01 -8.021351016e+00 -8.021351016e+00 +5.1832e-01 +6.0307e-01
51 0 +1.295897624e+01 +1.295897624e+01 -1.235102376e+01 -1.235102376e+01 +5.9517e-01 +1.3646e+00
102 0 +4.068166405e+00 +4.068166405e+00 -2.124183359e+01 -2.124183359e+01 +4.8126e+00 +2.0287e+00
115 0 +3.063603137e+00 +3.063603137e+00 -2.224639686e+01 -2.224639686e+01 +4.3488e+00 +5.0458e+00
257 0 +1.172661114e+00 +1.172661114e+00 -2.413733889e+01 -2.413733889e+01 +4.4330e+00 +4.0258e+00
721 0 +9.003677963e-02 +9.003677963e-02 -2.521996322e+01 -2.521996322e+01 +3.1763e+00 +3.4658e+00
1630 0 +4.482582666e-02 +4.482582666e-02 -2.526517417e+01 -2.526517417e+01 +3.3452e+00 +3.7047e+00
1637 0 +1.597537699e-03 +1.597537699e-03 -2.530840246e+01 -2.530840246e+01 +3.5032e+00 +3.5531e+00
2933 0 +1.984479593e-04 +1.984479593e-04 -2.530980155e+01 -2.530980155e+01 +3.4548e+00 +3.5311e+00
4270 0 +1.922567331e-04 +1.922567331e-04 -2.530980774e+01 -2.530980774e+01 +3.4565e+00 +3.5264e+00
4902 0 +1.450737482e-05 +1.450737482e-05 -2.530998549e+01 -2.530998549e+01 +3.4726e+00 +3.5334e+00
6699 0 +7.067170827e-06 +7.067170827e-06 -2.530999293e+01 -2.530999293e+01 +3.4673e+00 +3.5306e+00
6937 0 +1.446455247e-06 +1.446455247e-06 -2.530999855e+01 -2.530999855e+01 +3.4693e+00 +3.5317e+00
7150 0 +1.133617605e-06 +1.133617605e-06 -2.530999887e+01 -2.530999887e+01 +3.4678e+00 +3.5326e+00
7155 0 +5.143062687e-07 +5.143062687e-07 -2.530999949e+01 -2.530999949e+01 +3.4694e+00 +3.5332e+00
7405 0 +1.260091622e-07 +1.260091622e-07 -2.530999987e+01 -2.530999987e+01 +3.4691e+00 +3.5330e+00
7501 0 +9.353766117e-08 +9.353766117e-08 -2.530999991e+01 -2.530999991e+01 +3.4686e+00 +3.5330e+00
8449 0 +7.182084616e-08 +7.182084616e-08 -2.530999993e+01 -2.530999993e+01 +3.4685e+00 +3.5328e+00
8483 0 +1.550959183e-08 +1.550959183e-08 -2.530999998e+01 -2.530999998e+01 +3.4689e+00 +3.5329e+00
8819 0 +9.418460678e-09 +9.418460678e-09 -2.530999999e+01 -2.530999999e+01 +3.4688e+00 +3.5329e+00
17708 0 +0.000000000e+00 +0.000000000e+00 -2.531000000e+01 -2.531000000e+01 +3.4688e+00 +3.5328e+00
% f evaluations | g evaluations | best noise-free fitness - Fopt | noise-free fitness - Fopt (2.228000000000e+01) | measured fitness | best measured fitness | x1 | x2...
1 0 +5.153022080e+00 +5.153022080e+00 +2.743302208e+01 +2.743302208e+01 +0.0000e+00 +0.0000e+00
2 0 +1.367367867e+00 +1.367367867e+00 +2.364736787e+01 +2.364736787e+01 +5.7769e-01 -9.5828e-01
9 0 +6.531094660e-02 +6.531094660e-02 +2.234531095e+01 +2.234531095e+01 +1.5661e+00 -1.5723e+00
33 0 +5.852396383e-02 +5.852396383e-02 +2.233852396e+01 +2.233852396e+01 +1.6445e+00 -1.8462e+00
53 0 +5.654967540e-02 +5.654967540e-02 +2.233654968e+01 +2.233654968e+01 +1.2307e+00 -1.6239e+00
239 0 +5.109896835e-02 +5.109896835e-02 +2.233109897e+01 +2.233109897e+01 +1.5151e+00 -1.5752e+00
310 0 +1.244039400e-02 +1.244039400e-02 +2.229244039e+01 +2.229244039e+01 +1.3738e+00 -1.6723e+00
856 0 +9.067543909e-03 +9.067543909e-03 +2.228906754e+01 +2.228906754e+01 +1.4997e+00 -1.7379e+00
982 0 +3.506693621e-03 +3.506693621e-03 +2.228350669e+01 +2.228350669e+01 +1.4263e+00 -1.7191e+00
1092 0 +1.101865962e-03 +1.101865962e-03 +2.228110187e+01 +2.228110187e+01 +1.3999e+00 -1.7462e+00
1114 0 +7.375660636e-04 +7.375660636e-04 +2.228073757e+01 +2.228073757e+01 +1.4099e+00 -1.7498e+00
1303 0 +5.425580188e-04 +5.425580188e-04 +2.228054256e+01 +2.228054256e+01 +1.4238e+00 -1.7563e+00
1577 0 +4.492105732e-04 +4.492105732e-04 +2.228044921e+01 +2.228044921e+01 +1.4338e+00 -1.7795e+00
1718 0 +2.639132598e-04 +2.639132598e-04 +2.228026391e+01 +2.228026391e+01 +1.3968e+00 -1.7741e+00
1844 0 +1.092771914e-04 +1.092771914e-04 +2.228010928e+01 +2.228010928e+01 +1.4030e+00 -1.7730e+00
1933 0 +8.828347922e-05 +8.828347922e-05 +2.228008828e+01 +2.228008828e+01 +1.4035e+00 -1.7757e+00
1969 0 +8.272480758e-05 +8.272480758e-05 +2.228008272e+01 +2.228008272e+01 +1.4040e+00 -1.7744e+00
2025 0 +5.624799207e-05 +5.624799207e-05 +2.228005625e+01 +2.228005625e+01 +1.4203e+00 -1.7764e+00
2027 0 +3.690362444e-05 +3.690362444e-05 +2.228003690e+01 +2.228003690e+01 +1.4173e+00 -1.7809e+00
2091 0 +3.263094188e-05 +3.263094188e-05 +2.228003263e+01 +2.228003263e+01 +1.4185e+00 -1.7763e+00
2215 0 +2.236511697e-05 +2.236511697e-05 +2.228002237e+01 +2.228002237e+01 +1.4103e+00 -1.7728e+00
2231 0 +5.181923559e-06 +5.181923559e-06 +2.228000518e+01 +2.228000518e+01 +1.4151e+00 -1.7766e+00
2341 0 +2.371522655e-06 +2.371522655e-06 +2.228000237e+01 +2.228000237e+01 +1.4113e+00 -1.7770e+00
2386 0 +3.363642911e-07 +3.363642911e-07 +2.228000034e+01 +2.228000034e+01 +1.4128e+00 -1.7762e+00
2787 0 +2.446547249e-07 +2.446547249e-07 +2.228000024e+01 +2.228000024e+01 +1.4125e+00 -1.7772e+00
3017 0 +1.770212954e-07 +1.770212954e-07 +2.228000018e+01 +2.228000018e+01 +1.4126e+00 -1.7765e+00
3393 0 +7.952380798e-08 +7.952380798e-08 +2.228000008e+01 +2.228000008e+01 +1.4125e+00 -1.7768e+00
3929 0 +7.496668530e-08 +7.496668530e-08 +2.228000007e+01 +2.228000007e+01 +1.4130e+00 -1.7766e+00
4063 0 +3.769903856e-08 +3.769903856e-08 +2.228000004e+01 +2.228000004e+01 +1.4126e+00 -1.7768e+00
4317 0 +3.050053721e-08 +3.050053721e-08 +2.228000003e+01 +2.228000003e+01 +1.4129e+00 -1.7767e+00
4411 0 +2.324459913e-08 +2.324459913e-08 +2.228000002e+01 +2.228000002e+01 +1.4129e+00 -1.7767e+00
4651 0 +6.892737048e-09 +6.892737048e-09 +2.228000001e+01 +2.228000001e+01 +1.4128e+00 -1.7769e+00
10379 0 +0.000000000e+00 +0.000000000e+00 +2.228000000e+01 +2.228000000e+01 +1.4128e+00 -1.7768e+00
% f evaluations | g evaluations | best noise-free fitness - Fopt | noise-free fitness - Fopt (3.561400000000e+02) | measured fitness | best measured fitness | x1 | x2...
1 0 +2.402345600e+00 +2.402345600e+00 +3.585423456e+02 +3.585423456e+02 +0.0000e+00 +0.0000e+00
5 0 +2.175524564e+00 +2.175524564e+00 +3.583155246e+02 +3.583155246e+02 -2.6978e-03 -3.2301e-01
10 0 +2.043418327e+00 +2.043418327e+00 +3.581834183e+02 +3.581834183e+02 +3.8929e-02 -6.9368e-01
13 0 +1.894476838e+00 +1.894476838e+00 +3.580344768e+02 +3.580344768e+02 +8.2433e-02 -5.5932e-01
29 0 +1.802937415e+00 +1.802937415e+00 +3.579429374e+02 +3.579429374e+02 +1.1788e-01 -6.0187e-01
64 0 +1.657457817e+00 +1.657457817e+00 +3.577974578e+02 +3.577974578e+02 +1.7160e-01 -4.8465e-01
106 0 +1.611592711e+00 +1.611592711e+00 +3.577515927e+02 +3.577515927e+02 +1.8982e-01 -4.7679e-01
114 0 +1.571534198e+00 +1.571534198e+00 +3.577115342e+02 +3.577115342e+02 +2.0603e-01 -5.8048e-01
117 0 +1.483820503e+00 +1.483820503e+00 +3.576238205e+02 +3.576238205e+02 +2.5321e-01 -3.4775e-01
122 0 +1.455115228e+00 +1.455115228e+00 +3.575951152e+02 +3.575951152e+02 +2.6819e-01 -3.2852e-01
138 0 +1.358784640e+00 +1.358784640e+00 +3.574987846e+02 +3.574987846e+02 +2.9358e-01 -5.6932e-01
204 0 +9.809915859e-01 +9.809915859e-01 +3.571209916e+02 +3.571209916e+02 +9.8489e-01 -1.3947e+00
225 0 +8.134292780e-01 +8.134292780e-01 +3.569534293e+02 +3.569534293e+02 +5.6170e-01 -4.2807e-01
243 0 +6.854508814e-01 +6.854508814e-01 +3.568254509e+02 +3.568254509e+02 +6.9752e-01 -1.9844e-01
249 0 +1.736105567e-01 +1.736105567e-01 +3.563136106e+02 +3.563136106e+02 +1.1008e+00 -3.1087e-01
488 0 +1.386105025e-01 +1.386105025e-01 +3.562786105e+02 +3.562786105e+02 +1.1670e+00 -7.5659e-01
493 0 +2.817749963e-02 +2.817749963e-02 +3.561681775e+02 +3.561681775e+02 +1.6089e+00 -5.9905e-01
1018 0 +1.615156474e-02 +1.615156474e-02 +3.561561516e+02 +3.561561516e+02 +1.3492e+00 -4.5984e-01
1244 0 +3.008258741e-03 +3.008258741e-03 +3.561430083e+02 +3.561430083e+02 +1.5127e+00 -5.1692e-01
2317 0 +9.103559307e-04 +9.103559307e-04 +3.561409104e+02 +3.561409104e+02 +1.4753e+00 -5.4983e-01
3763 0 +1.113141940e-05 +1.113141940e-05 +3.561400111e+02 +3.561400111e+02 +1.4599e+00 -5.2779e-01
5081 0 +4.259682214e-06 +4.259682214e-06 +3.561400043e+02 +3.561400043e+02 +1.4594e+00 -5.2658e-01
6806 0 +2.724085903e-06 +2.724085903e-06 +3.561400027e+02 +3.561400027e+02 +1.4568e+00 -5.2484e-01
7164 0 +1.763175931e-06 +1.763175931e-06 +3.561400018e+02 +3.561400018e+02 +1.4578e+00 -5.2600e-01
7615 0 +5.988464977e-07 +5.988464977e-07 +3.561400006e+02 +3.561400006e+02 +1.4592e+00 -5.2465e-01
7732 0 +1.038981736e-07 +1.038981736e-07 +3.561400001e+02 +3.561400001e+02 +1.4587e+00 -5.2465e-01
9005 0 +6.622957471e-08 +6.622957471e-08 +3.561400001e+02 +3.561400001e+02 +1.4584e+00 -5.2505e-01
9250 0 +3.040656793e-08 +3.040656793e-08 +3.561400000e+02 +3.561400000e+02 +1.4585e+00 -5.2467e-01
10168 0 +1.272707095e-08 +1.272707095e-08 +3.561400000e+02 +3.561400000e+02 +1.4583e+00 -5.2489e-01
10212 0 +8.506049198e-10 +8.506049198e-10 +3.561400000e+02 +3.561400000e+02 +1.4584e+00 -5.2482e-01
22435 0 +0.000000000e+00 +0.000000000e+00 +3.561400000e+02 +3.561400000e+02 +1.4584e+00 -5.2480e-01
% f evaluations | g evaluations | best noise-free fitness - Fopt | noise-free fitness - Fopt (-4.757000000000e+02) | measured fitness | best measured fitness | x1 | x2...
1 0 +8.853721600e-01 +8.853721600e-01 -4.748146278e+02 -4.748146278e+02 +0.0000e+00 +0.0000e+00
4 0 +8.458706282e-01 +8.458706282e-01 -4.748541294e+02 -4.748541294e+02 -3.9221e-01 +3.6505e-01
7 0 +4.319118288e-01 +4.319118288e-01 -4.752680882e+02 -4.752680882e+02 -1.9400e-01 -2.7690e-01
11 0 +1.642674443e-01 +1.642674443e-01 -4.755357326e+02 -4.755357326e+02 -6.6511e-01 -7.3581e-02
28 0 +7.963278093e-02 +7.963278093e-02 -4.756203672e+02 -4.756203672e+02 -6.8388e-01 -6.8566e-01
57 0 +3.117138562e-03 +3.117138562e-03 -4.756968829e+02 -4.756968829e+02 -8.5488e-01 -3.9422e-01
950 0 +9.782553262e-04 +9.782553262e-04 -4.756990217e+02 -4.756990217e+02 -8.0162e-01 -4.3002e-01
2069 0 +2.193559532e-04 +2.193559532e-04 -4.756997806e+02 -4.756997806e+02 -8.1719e-01 -4.3592e-01
2478 0 +7.231378765e-05 +7.231378765e-05 -4.756999277e+02 -4.756999277e+02 -8.3223e-01 -4.3591e-01
2768 0 +5.109687282e-05 +5.109687282e-05 -4.756999489e+02 -4.756999489e+02 -8.2495e-01 -4.4943e-01
2876 0 +2.576328086e-06 +2.576328086e-06 -4.756999974e+02 -4.756999974e+02 -8.3073e-01 -4.4286e-01
3084 0 +4.756150815e-07 +4.756150815e-07 -4.756999995e+02 -4.756999995e+02 -8.3001e-01 -4.4345e-01
5023 0 +3.883388899e-07 +3.883388899e-07 -4.756999996e+02 -4.756999996e+02 -8.2929e-01 -4.4346e-01
5589 0 +2.663880991e-07 +2.663880991e-07 -4.756999997e+02 -4.756999997e+02 -8.2931e-01 -4.4357e-01
5935 0 +2.264424097e-07 +2.264424097e-07 -4.756999998e+02 -4.756999998e+02 -8.2996e-01 -4.4369e-01
5947 0 +1.911630534e-07 +1.911630534e-07 -4.756999998e+02 -4.756999998e+02 -8.2926e-01 -4.4428e-01
5978 0 +6.052647450e-08 +6.052647450e-08 -4.756999999e+02 -4.756999999e+02 -8.2984e-01 -4.4406e-01
6290 0 +1.405015837e-08 +1.405015837e-08 -4.757000000e+02 -4.757000000e+02 -8.2951e-01 -4.4407e-01
7098 0 +7.090079635e-10 +7.090079635e-10 -4.757000000e+02 -4.757000000e+02 -8.2959e-01 -4.4398e-01
12793 0 +0.000000000e+00 +0.000000000e+00 -4.757000000e+02 -4.757000000e+02 -8.2960e-01 -4.4400e-01
% f evaluations | g evaluations | best noise-free fitness - Fopt | noise-free fitness - Fopt (-1.000000000000e+03) | measured fitness | best measured fitness | x1 | x2...
1 0 +2.549127232e+01 +2.549127232e+01 -9.745087277e+02 -9.745087277e+02 +0.0000e+00 +0.0000e+00
3 0 +1.430674623e+01 +1.430674623e+01 -9.856932538e+02 -9.856932538e+02 -3.6786e-01 +1.7371e+00
15 0 +1.389301150e+01 +1.389301150e+01 -9.861069885e+02 -9.861069885e+02 -7.6978e-02 +3.2023e+00
21 0 +1.368943402e+01 +1.368943402e+01 -9.863105660e+02 -9.863105660e+02 -5.3592e-01 +1.5839e+00
35 0 +1.129774077e+01 +1.129774077e+01 -9.887022592e+02 -9.887022592e+02 -7.3997e-01 +1.9362e+00
103 0 +3.614638885e+00 +3.614638885e+00 -9.963853611e+02 -9.963853611e+02 -2.0026e+00 +2.7090e+00
227 0 +2.143324646e+00 +2.143324646e+00 -9.978566754e+02 -9.978566754e+02 -2.7390e+00 +4.3278e+00
249 0 +7.440696649e-01 +7.440696649e-01 -9.992559303e+02 -9.992559303e+02 -2.9714e+00 +3.5528e+00
341 0 +1.637939135e-01 +1.637939135e-01 -9.998362061e+02 -9.998362061e+02 -3.4257e+00 +3.1735e+00
1019 0 +6.603551349e-02 +6.603551349e-02 -9.999339645e+02 -9.999339645e+02 -3.9764e+00 +3.1325e+00
1492 0 +2.753303012e-02 +2.753303012e-02 -9.999724670e+02 -9.999724670e+02 -3.8086e+00 +3.4874e+00
1896 0 +2.631326729e-02 +2.631326729e-02 -9.999736867e+02 -9.999736867e+02 -3.6471e+00 +3.3686e+00
2076 0 +1.299474464e-02 +1.299474464e-02 -9.999870053e+02 -9.999870053e+02 -3.9157e+00 +3.3341e+00
2222 0 +1.795610682e-03 +1.795610682e-03 -9.999982044e+02 -9.999982044e+02 -3.7779e+00 +3.3561e+00
2555 0 +6.250475415e-04 +6.250475415e-04 -9.999993750e+02 -9.999993750e+02 -3.7776e+00 +3.3247e+00
2654 0 +3.977094285e-04 +3.977094285e-04 -9.999996023e+02 -9.999996023e+02 -3.7913e+00 +3.3382e+00
2909 0 +3.304606354e-04 +3.304606354e-04 -9.999996695e+02 -9.999996695e+02 -3.8161e+00 +3.3335e+00
3066 0 +2.291200917e-05 +2.291200917e-05 -9.999999771e+02 -9.999999771e+02 -3.7979e+00 +3.3199e+00
3586 0 +1.846064879e-05 +1.846064879e-05 -9.999999815e+02 -9.999999815e+02 -3.8005e+00 +3.3254e+00
4202 0 +1.236973947e-05 +1.236973947e-05 -9.999999876e+02 -9.999999876e+02 -3.7996e+00 +3.3195e+00
4231 0 +2.054086963e-06 +2.054086963e-06 -9.999999979e+02 -9.999999979e+02 -3.8038e+00 +3.3213e+00
4635 0 +1.627213692e-06 +1.627213692e-06 -9.999999984e+02 -9.999999984e+02 -3.8011e+00 +3.3217e+00
4725 0 +6.514931101e-07 +6.514931101e-07 -9.999999993e+02 -9.999999993e+02 -3.8025e+00 +3.3208e+00
4970 0 +6.293698789e-07 +6.293698789e-07 -9.999999994e+02 -9.999999994e+02 -3.8029e+00 +3.3210e+00
5033 0 +4.462335710e-07 +4.462335710e-07 -9.999999996e+02 -9.999999996e+02 -3.8022e+00 +3.3210e+00
5076 0 +2.947364237e-07 +2.947364237e-07 -9.999999997e+02 -9.999999997e+02 -3.8027e+00 +3.3221e+00
5104 0 +2.767014848e-07 +2.767014848e-07 -9.999999997e+02 -9.999999997e+02 -3.8028e+00 +3.3219e+00
5161 0 +1.762145985e-10 +1.762145985e-10 -1.000000000e+03 -1.000000000e+03 -3.8024e+00 +3.3216e+00
11543 0 +0.000000000e+00 +0.000000000e+00 -1.000000000e+03 -1.000000000e+03 -3.8024e+00 +3.3216e+00
% f evaluations | g evaluations | best noise-free fitness - Fopt | noise-free fitness - Fopt (-4.158000000000e+01) | measured fitness | best measured fitness | x1 | x2...
1 0 +8.495593600e+00 +8.495593600e+00 -3.308440640e+01 -3.308440640e+01 +0.0000e+00 +0.0000e+00
5 0 +7.823685410e+00 +7.823685410e+00 -3.375631459e+01 -3.375631459e+01 -8.5595e-01 +4.6306e-01
7 0 +7.725402907e+00 +7.725402907e+00 -3.385459709e+01 -3.385459709e+01 +5.0708e-01 +7.4813e-02
12 0 +6.871403889e+00 +6.871403889e+00 -3.470859611e+01 -3.470859611e+01 +5.2985e-01 +2.3234e-01
14 0 +6.371876188e+00 +6.371876188e+00 -3.520812381e+01 -3.520812381e+01 +8.2031e-01 +3.3839e-01
37 0 +5.787297703e+00 +5.787297703e+00 -3.579270230e+01 -3.579270230e+01 +4.5226e-01 +4.5151e-01
75 0 +5.738159765e+00 +5.738159765e+00 -3.584184023e+01 -3.584184023e+01 +2.6467e-01 +4.8060e-01
102 0 +3.019740982e+00 +3.019740982e+00 -3.856025902e+01 -3.856025902e+01 +1.5959e+00 +1.4304e+00
108 0 +6.627257031e-01 +6.627257031e-01 -4.091727430e+01 -4.091727430e+01 +1.4092e+00 +2.7893e+00
569 0 +2.448842437e-01 +2.448842437e-01 -4.133511576e+01 -4.133511576e+01 +1.0397e-01 +2.8180e+00
1125 0 +9.738562453e-02 +9.738562453e-02 -4.148261438e+01 -4.148261438e+01 +6.4558e-01 +3.1612e+00
1418 0 +4.622637876e-02 +4.622637876e-02 -4.153377362e+01 -4.153377362e+01 +4.6177e-01 +2.6861e+00
1605 0 +1.695888926e-02 +1.695888926e-02 -4.156304111e+01 -4.156304111e+01 +5.8797e-01 +2.9827e+00
1657 0 +1.478308368e-02 +1.478308368e-02 -4.156521692e+01 -4.156521692e+01 +5.6135e-01 +2.9689e+00
1808 0 +3.151992917e-03 +3.151992917e-03 -4.157684801e+01 -4.157684801e+01 +5.5107e-01 +2.8842e+00
2451 0 +2.355990961e-03 +2.355990961e-03 -4.157764401e+01 -4.157764401e+01 +5.7475e-01 +2.8956e+00
2492 0 +1.279802372e-03 +1.279802372e-03 -4.157872020e+01 -4.157872020e+01 +5.9773e-01 +2.8886e+00
2956 0 +1.085272256e-04 +1.085272256e-04 -4.157989147e+01 -4.157989147e+01 +6.0560e-01 +2.8461e+00
3814 0 +9.705483550e-05 +9.705483550e-05 -4.157990295e+01 -4.157990295e+01 +6.0479e-01 +2.8461e+00
3858 0 +9.133551399e-05 +9.133551399e-05 -4.157990866e+01 -4.157990866e+01 +5.9374e-01 +2.8615e+00
3862 0 +2.809360424e-07 +2.809360424e-07 -4.157999972e+01 -4.157999972e+01 +5.9813e-01 +2.8527e+00
5540 0 +2.346063610e-08 +2.346063610e-08 -4.157999998e+01 -4.157999998e+01 +5.9749e-01 +2.8527e+00
6957 0 +8.353325143e-09 +8.353325143e-09 -4.157999999e+01 -4.157999999e+01 +5.9754e-01 +2.8529e+00
13758 0 +0.000000000e+00 +0.000000000e+00 -4.158000000e+01 -4.158000000e+01 +5.9760e-01 +2.8528e+00
