% f evaluations | g evaluations | best noise-free fitness - Fopt | noise-free fitness - Fopt (-4.620900000000e+02) | measured fitness | best measured fitness | x1 | x2...
1 0 +9.124201902e+02 +9.124201902e+02 +4.503301902e+02 +4.503301902e+02 +0.0000e+00 +0.0000e+00 +0.0000e+00 +0.0000e+00 +0.0000e+00 +0.0000e+00 +0.0000e+00 +0.0000e+00 +0.0000e+00 +0.0000e+00 +0.0000e+00 +0.0000e+00 +0.0000e+00 +0.0000e+00 +0.0000e+00 +0.0000e+00 +0.0000e+00 +0.0000e+00 +0.0000e+00 +0.0000e+00
3 0 +5.730390973e+02 +5.730390973e+02 +1.109490973e+02 +1.109490973e+02 -1.3431e+00 +2.9947e-01 -3.0627e-02 -1.0143e+00 +1.4340e-01 +4.8168e-01 +1.2643e+00 -1.2758e-01 -1.2340e-02 +3.4659e-01 -4.5312e-01 +2.3471e-02 -3.6651e-01 -4.6738e-01 -1.7325e+00 -2.3854e+00 +6.0804e-01 +3.7922e-01 -1.6095e+00 -1.3955e+00
15 0 +4.429716260e+02 +4.429716260e+02 -1.911837398e+01 -1.911837398e+01 -1.3766e+00 +2.6123e+00 +2.4419e-01 +4.0031e-01 -5.1716e-02 +2.5490e-01 +1.1015e+00 -6.6062e-02 +4.3896e-01 +8.8451e-01 -1.4582e-01 -2.2947e-01 -6.9037e-02 -1.1939e+00 -2.2364e+00 -2.8597e+00 +1.8599e-01 +4.8482e-01 -2.1709e+00 -3.5905e-01
45 0 +4.349309625e+02 +4.349309625e+02 -2.715903747e+01 -2.715903747e+01 -1.5031e+00 +1.3399e+00 +1.0700e+00 +2.0828e+00 -5.5399e-01 -9.3328e-01 -9.8172e-01 +5.1604e-01 +1.0991e+00 +3.3910e-01 -3.8260e+00 -4.0576e-01 +6.8318e-01 -1.6472e-01 -1.2531e+00 -4.2911e+00 +1.3787e-01 +8.4326e-01 -9.9604e-01 +1.6256e+00
79 0 +4.206749916e+02 +4.206749916e+02 -4.141500841e+01 -4.141500841e+01 +2.6314e-01 +1.4377e+00 +3.6782e-01 -1.4093e+00 +6.0278e-01 +2.0611e+00 -5.4681e-01 +6.8541e-01 +1.7914e+00 +4.5243e-01 -3.5057e+00 -1.5501e+00 -5.8784e-01 -1.4189e+00 -1.6566e+00 -4.9349e+00 -1.6619e+00 +1.1794e+00 -3.2818e+00 -5.8413e-01
% f evaluations | g evaluations | best noise-free fitness - Fopt | noise-free fitness - Fopt (7.766000000000e+01) | measured fitness | best measured fitness | x1 | x2...
1 0 +9.473743362e+02 +9.473743362e+02 +1.025034336e+03 +1.025034336e+03 +0.0000e+00 +0.0000e+00 +0.0000e+00 +0.0000e+00 +0.0000e+00 +0.0000e+00 +0.0000e+00 +0.0000e+00 +0.0000e+00 +0.0000e+00 +0.0000e+00 +0.0000e+00 +0.0000e+00 +0.0000e+00 +0.0000e+00 +0.0000e+00 +0.0000e+00 +0.0000e+00 +0.0000e+00 +0.0000e+00
2 0 +9.034896908e+02 +9.034896908e+02 +9.811496908e+02 +9.811496908e+02 +7.7160e-01 +9.4166e-01 +1.8721e-01 -2.8751e-01 +4.0888e-02 -1.5940e-01 +1.5825e-01 +1.6036e-01 -9.3422e-02 -1.9461e-01 +1.4616e+00 -2.1959e-01 +1.4870e+00 +4.1581e-01 +6.9878e-02 -2.4851e-01 -4.5238e-01 -1.2234e-01 +4.9576e-01 +6.3033e-02
5 0 +8.865613646e+02 +8.865613646e+02 +9.642213646e+02 +9.642213646e+02 +1.6073e+00 -1.4832e+00 -8.3259e-02 -4.1043e-01 -2.3891e+00 -6.1700e-02 +2.9903e-01 +1.9457e+00 +1.5697e-01 -2.0799e+00 -2.4208e+00 -3.2620e-01 -3.6693e-02 -8.9568e-01 -8.0607e-01 -6.0033e-02 -4.2099e-01 -6.4211e-02 +1.5544e-01 -1.4372e-03
8 0 +8.441636612e+02 +8.441636612e+02 +9.218236612e+02 +9.218236612e+02 -5.6382e-01 -1.4626e-01 -1.5830e-01 +1.4362e-01 +2.8208e+00 +1.9965e-01 +6.7227e-01 +6.7388e-01 +2.3432e-01 -8.9855e-01 -1.4751e+00 -1.3064e-01 -6.5868e-02 +1.2690e-03 -3.2594e-01 -1.8132e-01 -3.8253e-01 +5.1842e-01 +1.8285e+00 -1.5686e-01
12 0 +7.575763218e+02 +7.575763218e+02 +8.352363218e+02 +8.352363218e+02 +7.3338e-01 -2.1315e-01 -9.0975e-01 +9.6206e-02 -2.6554e+00 +9.4113e-02 +6.1739e-01 +3.6962e+00 -2.4432e-01 -2.5211e+00 +3.1228e+00 +4.8184e-02 -1.1717e+00 +5.6144e-01 -1.3036e+00 +4.1599e-03 -1.0871e+00 +5.6652e-01 +7.7745e-01 -2.3113e-01
14 0 +7.396141544e+02 +7.396141544e+02 +8.172741544e+02 +8.172741544e+02 +1.7274e+00 -2.4847e-01 -3.9919e-01 -2.0327e-01 +5.5163e-01 +2.8186e-01 +1.1260e+00 +2.4946e+00 -2.4705e-01 -4.3544e+00 +4.2661e-01 -1.9387e-01 -1.0369e+00 -4.6670e-01 -6.3418e-01 -5.1721e-02 -2.7208e-01 -1.8430e-01 +3.4073e-01 +3.9963e-05
25 0 +7.240821479e+02 +7.240821479e+02 +8.017421479e+02 +8.017421479e+02 +2.3311e+00 +2.3991e-01 -2.8051e-01 -6.6442e-01 -4.5416e+00 +4.5765e-01 +1.1899e+00 +1.6657e+00 -3.1963e-02 -2.8138e+00 +4.9105e+00 -5.6175e-02 -7.7099e-02 -1.0077e-01 -1.9125e+00 +5.2891e-02 -9.6102e-01 +2.2203e-01 -4.0059e-02 -1.6087e-01
35 0 +6.812436142e+02 +6.812436142e+02 +7.589036142e+02 +7.589036142e+02 +3.4137e+00 +8.5479e-02 -1.9389e-01 -2.7953e-01 -6.9880e+00 +2.9698e-01 +1.8792e+00 +2.4434e+00 +5.8298e-01 -1.5235e+00 +2.3532e+00 -5.3613e-01 -1.3015e+00 -5.1465e-01 -1.6604e+00 -2.8835e-01 -7.7984e-01 +1.6462e-02 +1.1986e+00 -1.8513e-01
56 0 +6.164648566e+02 +6.164648566e+02 +6.941248566e+02 +6.941248566e+02 +1.5288e+00 +2.1962e+00 +6.8534e-01 -3.3571e-01 -4.6848e+00 +4.4138e-01 +1.9930e+00 +1.9581e-01 +1.7443e-01 -2.7046e+00 +2.1252e+00 -8.0924e-01 -6.4386e-02 -6.6682e-01 -1.5320e+00 -1.6595e-01 -1.2421e+00 -1.8646e-01 +7.2886e-01 -2.5574e-01
74 0 +6.001546643e+02 +6.001546643e+02 +6.778146643e+02 +6.778146643e+02 +1.8106e+00 +2.9628e+00 +7.9245e-01 -5.6864e-01 -6.8150e+00 +1.7277e-01 +3.6757e+00 -1.1397e+00 +1.9379e-02 -3.9028e+00 +2.2933e+00 -7.8613e-01 -1.1847e-01 -1.6256e+00 -1.7696e+00 -4.2362e-01 -1.7052e-01 -4.1726e-01 +1.2310e+00 -3.4163e-01
129 0 +5.750219645e+02 +5.750219645e+02 +6.526819645e+02 +6.526819645e+02 +6.4026e-01 +2.7400e+00 +6.2676e-01 -4.0098e-01 -4.7353e+00 +1.8711e-01 +3.5137e+00 +1.0832e+00 +4.0121e-02 -4.4784e+00 +3.4245e+00 -4.7468e-01 -1.4444e+00 -2.8632e+00 -9.6282e-01 -2.2603e-01 -7.6474e-01 -6.6880e-01 +1.3427e+00 -3.4620e-01
142 0 +5.453932267e+02 +5.453932267e+02 +6.230532267e+02 +6.230532267e+02 +1.1217e-01 +2.7372e+00 +4.3948e-01 -3.6214e-01 -6.3930e+00 +1.9805e-01 +2.9564e+00 -1.9044e+00 +7.8007e-02 -3.3281e+00 +3.3967e+00 -5.4117e-01 +4.3642e-01 -2.3491e+00 -1.4843e+00 -1.9813e-01 -2.4238e-01 -7.7172e-01 +8.1867e-01 -5.0067e-01
143 0 +5.325530336e+02 +5.325530336e+02 +6.102130336e+02 +6.102130336e+02 +4.9389e-01 +2.5986e+00 +7.9259e-01 -1.1256e-01 -5.5597e+00 +2.4483e-01 +3.5774e+00 -3.4576e+00 +1.8614e-01 -4.0541e+00 +3.6852e+00 -4.7819e-01 -3.6267e-01 -2.4849e+00 -1.1364e+00 -1.9332e-01 -5.6398e-01 -8.5062e-01 +1.4940e+00 -3.6311e-01
187 0 +4.924569248e+02 +4.924569248e+02 +5.701169248e+02 +5.701169248e+02 +9.7902e-02 +2.8392e+00 +4.6766e-01 +2.3780e-02 -5.6214e+00 +3.1248e-01 +3.8634e+00 -3.0988e+00 +1.1865e-01 -4.5178e+00 +1.5611e+00 -4.4825e-01 -4.7048e-01 -1.5916e+00 -8.5652e-01 -1.0599e-02 -2.7964e-01 -8.3903e-01 +1.6212e+00 -5.0892e-01
228 0 +4.820442324e+02 +4.820442324e+02 +5.597042324e+02 +5.597042324e+02 +6.2275e-01 +3.3943e+00 +9.5705e-02 -1.1308e-01 -5.1941e+00 +2.8906e-01 +3.6752e+00 -1.7165e+00 +1.1767e-01 -4.9200e+00 +2.4186e+00 -4.8102e-01 +7.5983e-01 -9.4159e-01 -8.8281e-01 -9.3167e-02 -5.2556e-01 -8.1473e-01 +1.4969e+00 -5.5257e-01
254 0 +4.749602860e+02 +4.749602860e+02 +5.526202860e+02 +5.526202860e+02 +2.0953e-01 +3.3166e+00 +1.8424e-01 -6.3351e-02 -4.2006e+00 +2.1318e-01 +3.1926e+00 -6.0602e-01 +2.5920e-01 -4.3065e+00 +2.2736e+00 -4.9224e-01 +1.0002e+00 -1.2564e+00 -1.0632e+00 -1.4111e-01 -6.0845e-01 -1.0195e+00 +2.1782e+00 -5.0663e-01
269 0 +4.578655398e+02 +4.578655398e+02 +5.355255398e+02 +5.355255398e+02 +2.7215e-01 +2.8994e+00 +2.0572e-01 -7.4732e-02 -5.3891e+00 +3.2691e-01 +3.5747e+00 -1.0342e+00 +2.6400e-01 -4.2000e+00 +2.4222e+00 -4.6784e-01 +7.4457e-01 -1.3831e+00 -1.0412e+00 -1.2712e-01 -7.3662e-01 -1.0248e+00 +1.9352e+00 -5.4032e-01
270 0 +4.520668859e+02 +4.520668859e+02 +5.297268859e+02 +5.297268859e+02 +2.2763e-01 +3.1129e+00 +1.5426e-01 -7.7907e-02 -4.6812e+00 +3.1104e-01 +3.1252e+00 -1.3662e+00 +1.6452e-01 -4.5292e+00 +2.3648e+00 -4.5355e-01 +6.2506e-01 -1.6508e+00 -9.6846e-01 -9.0114e-02 -5.4840e-01 -1.0532e+00 +2.0496e+00 -5.5182e-01
273 0 +4.250804577e+02 +4.250804577e+02 +5.027404577e+02 +5.027404577e+02 +3.7784e-01 +2.8527e+00 +2.5584e-01 -8.9205e-03 -5.0698e+00 +3.0567e-01 +3.3944e+00 -1.8224e+00 +2.8543e-01 -4.5602e+00 +1.8909e+00 -4.5465e-01 +5.8975e-01 -1.5938e+00 -1.0516e+00 -8.2674e-02 -8.0076e-01 -1.0784e+00 +2.0664e+00 -5.7311e-01
278 0 +4.154249420e+02 +4.154249420e+02 +4.930849420e+02 +4.930849420e+02 +5.6530e-01 +2.7220e+00 +1.8048e-01 -4.0048e-02 -4.9922e+00 +3.3677e-01 +3.3968e+00 -1.6855e+00 +2.7529e-01 -4.5669e+00 +2.4713e+00 -4.6301e-01 -7.8227e-03 -1.5413e+00 -1.1174e+00 -6.3940e-02 -6.2619e-01 -1.0437e+00 +1.7584e+00 -5.3492e-01
490 0 +3.797692433e+02 +3.797692433e+02 +4.574292433e+02 +4.574292433e+02 +3.5854e-01 +2.7372e+00 +1.7115e-01 +2.6821e-01 -3.8943e+00 +2.9949e-01 +2.9604e+00 -6.0817e-01 +2.5286e-01 -5.0073e+00 +2.4566e+00 -4.6576e-01 -7.3743e-01 -1.1136e+00 -1.1276e+00 -7.0605e-02 -7.4524e-01 -1.0382e+00 +2.3562e+00 -5.4855e-01
% f evaluations | g evaluations | best noise-free fitness - Fopt | noise-free fitness - Fopt (1.156800000000e+02) | measured fitness | best measured fitness | x1 | x2...
1 0 +7.797623408e+02 +7.797623408e+02 +8.954423408e+02 +8.954423408e+02 +0.0000e+00 +0.0000e+00 +0.0000e+00 +0.0000e+00 +0.0000e+00 +0.0000e+00 +0.0000e+00 +0.0000e+00 +0.0000e+00 +0.0000e+00 +0.0000e+00 +0.0000e+00 +0.0000e+00 +0.0000e+00 +0.0000e+00 +0.0000e+00 +0.0000e+00 +0.0000e+00 +0.0000e+00 +0.0000e+00
6 0 +7.205640366e+02 +7.205640366e+02 +8.362440366e+02 +8.362440366e+02 +8.7324e-02 -1.9442e-01 -2.0534e-02 +5.8546e-01 +1.4142e+00 -1.9026e+00 -1.0685e+00 +5.1839e-02 -1.2891e+00 -9.7727e-01 -6.9443e-02 +1.1195e-01 +1.2324e-02 -1.8263e+00 -4.1203e-01 -7.7292e-01 -6.6704e-01 -9.5952e-02 +2.0230e+00 +1.2066e+00
11 0 +6.621896133e+02 +6.621896133e+02 +7.778696133e+02 +7.778696133e+02 -2.5424e+00 +4.6738e-01 -4.2972e-02 +5.5911e-01 +6.4729e-02 +6.4608e-01 -3.4595e-01 -5.7125e-02 -5.9875e-01 -2.7769e-01 +1.6048e-01 +2.0265e-01 -2.2800e-01 -3.8856e+00 -3.0202e-01 -2.6829e-01 +4.6568e-01 +1.3594e+00 +1.3454e+00 -8.5691e-01
20 0 +6.447884479e+02 +6.447884479e+02 +7.604684479e+02 +7.604684479e+02 -6.7280e+00 -7.6122e-02 +1.3510e-01 -9.2045e-01 +6.0514e-01 +1.1271e+00 -3.4454e+00 -4.0900e-01 -1.4370e+00 +3.2150e-01 +1.1232e-01 +1.4963e+00 -8.7330e-01 -2.4183e+00 -8.1451e-01 -2.5325e+00 -3.7520e-01 +2.0393e+00 +4.2873e+00 -5.8212e-01
% f evaluations | g evaluations | best noise-free fitness - Fopt | noise-free fitness - Fopt (-3.710000000000e+00) | measured fitness | best measured fitness | x1 | x2...
1 0 +9.158635511e+02 +9.158635511e+02 +9.121535511e+02 +9.121535511e+02 +0.0000e+00 +0.0000e+00 +0.0000e+00 +0.0000e+00 +0.0000e+00 +0.0000e+00 +0.0000e+00 +0.0000e+00 +0.0000e+00 +0.0000e+00 +0.0000e+00 +0.0000e+00 +0.0000e+00 +0.0000e+00 +0.0000e+00 +0.0000e+00 +0.0000e+00 +0.0000e+00 +0.0000e+00 +0.0000e+00
3 0 +9.027524856e+02 +9.027524856e+02 +8.990424856e+02 +8.990424856e+02 -1.5667e-01 +3.5816e-02 +2.1946e-01 +1.7483e-01 +1.9401e+00 +9.2587e-01 -1.0586e+00 +4.8557e-02 +1.4439e-01 +3.9233e-01 -4.2162e-02 +1.0995e+00 +1.6244e+00 -2.2426e-01 +2.4033e+00 -1.2019e+00 -1.1562e+00 -1.1616e+00 +1.1640e-02 +1.4020e-01
15 0 +7.123558570e+02 +7.123558570e+02 +7.086458570e+02 +7.086458570e+02 +4.1119e-03 -5.4195e-02 +2.0785e-01 +4.2209e-02 -2.6995e-01 +1.0366e+00 -1.7439e+00 -2.4548e+00 +4.2857e-01 +8.9288e-01 +3.1990e-01 +4.2143e-01 +2.5458e+00 +8.4906e-02 +9.5597e-02 -1.7103e+00 -3.3507e-01 +1.6078e+00 +5.2687e-03 -1.7757e-01
43 0 +6.676338385e+02 +6.676338385e+02 +6.639238385e+02 +6.639238385e+02 +6.4468e-01 -6.8587e-02 +7.2084e-01 +3.7864e-01 -2.9340e+00 +5.1022e-01 -1.5450e+00 -2.7527e+00 +8.4334e-01 +4.1010e-01 +5.5430e-01 +2.2369e-01 +2.6362e+00 -3.7431e-01 -7.2818e-01 -1.8050e+00 +2.5325e+00 +1.6687e-01 -1.1710e-02 -8.1813e-01
48 0 +6.109661119e+02 +6.109661119e+02 +6.072561119e+02 +6.072561119e+02 +3.7137e-01 -7.0764e-02 +8.5000e-01 -9.7189e-01 -1.0331e+00 +4.9284e-01 -6.3531e-01 -2.6099e+00 +3.7928e-01 +7.6825e-01 +4.2975e-01 +2.3078e+00 +3.0058e+00 -1.5623e-01 +1.2060e+00 -1.2115e+00 +1.4271e+00 +4.4635e-01 -2.2906e-02 -9.3607e-01
65 0 +5.956990084e+02 +5.956990084e+02 +5.919890084e+02 +5.919890084e+02 +3.4379e-01 -2.5280e-02 +5.2117e-01 +1.3236e+00 -1.3989e+00 +5.1802e-01 -1.5590e+00 -3.5997e+00 +4.4474e-01 +3.6237e-01 +1.8471e-01 +1.2887e+00 +3.0276e+00 -5.7745e-01 +1.9560e+00 -2.1813e+00 +1.8601e+00 +4.8612e-01 -2.4245e-02 -1.3377e+00
66 0 +5.571545737e+02 +5.571545737e+02 +5.534445737e+02 +5.534445737e+02 +8.3048e-02 -2.2701e-02 +6.6855e-01 +1.8694e+00 -2.3342e+00 +8.2549e-01 -1.3870e+00 -3.9872e+00 +8.5157e-01 +8.0727e-01 +2.6178e-01 -2.2982e-01 +3.6493e+00 -6.2542e-01 +1.6439e+00 -2.8943e+00 +2.1243e+00 -1.6599e-01 -3.1711e-02 -1.6503e+00
73 0 +5.273683867e+02 +5.273683867e+02 +5.236583867e+02 +5.236583867e+02 +1.2667e-01 -3.2281e-03 +4.8210e-01 +1.8095e+00 -2.2966e+00 +7.7196e-01 -1.4720e+00 -3.4423e+00 +8.1799e-01 +7.5213e-01 +2.5726e-01 +1.6554e+00 +3.2472e+00 -5.2242e-01 +1.3935e+00 -2.3046e+00 +1.4300e+00 +1.1521e+00 -1.6380e-02 -1.8560e+00
77 0 +5.093705987e+02 +5.093705987e+02 +5.056605987e+02 +5.056605987e+02 +4.9956e-03 -3.4955e-02 +7.3744e-01 +1.2934e+00 -2.0659e+00 +1.8805e-01 -1.7206e+00 -3.6033e+00 +3.0576e-01 +6.4944e-01 +4.1688e-01 +1.4883e+00 +4.1423e+00 -5.2162e-01 +1.8880e+00 -1.5970e+00 +1.8745e+00 +2.2413e-01 -2.8965e-02 -1.6181e+00
100 0 +4.991403498e+02 +4.991403498e+02 +4.954303498e+02 +4.954303498e+02 +2.1929e-01 +5.8646e-02 +8.8256e-01 +1.4162e+00 -2.1354e+00 +4.3183e-01 -2.1838e+00 -3.8368e+00 +5.7403e-01 +6.2044e-01 +3.7154e-01 +2.5913e+00 +3.3626e+00 -3.1572e-01 +1.2913e-01 -2.3974e+00 +1.4190e+00 +7.1184e-01 -2.0047e-02 -2.1659e+00
123 0 +4.869448001e+02 +4.869448001e+02 +4.832348001e+02 +4.832348001e+02 +5.5982e-03 +8.3710e-02 +9.7624e-01 +1.6424e+00 -2.2435e+00 +9.5700e-01 -1.9832e+00 -3.9433e+00 +6.6177e-01 +7.7174e-01 +3.8537e-01 +2.5209e+00 +3.0947e+00 -5.0599e-01 -2.5471e-01 -2.3493e+00 +1.2734e+00 +8.8714e-01 -2.4874e-02 -2.5519e+00
135 0 +4.470774695e+02 +4.470774695e+02 +4.433674695e+02 +4.433674695e+02 -5.7076e-02 +1.9573e-01 +7.7801e-01 +6.8069e-01 -2.3738e+00 +1.2390e+00 -2.0275e+00 -3.9766e+00 +5.0868e-01 +7.3866e-01 +4.7374e-01 +1.4921e+00 +3.2473e+00 -5.6979e-01 +1.4553e+00 -3.1841e+00 +7.5711e-01 +5.6437e-01 -2.6547e-02 -2.3705e+00
211 0 +4.418939376e+02 +4.418939376e+02 +4.381839376e+02 +4.381839376e+02 +3.8604e-01 +1.0155e-01 +7.8799e-01 -1.2896e+00 -1.5111e+00 +1.4282e+00 -1.9986e+00 -3.2849e+00 +2.7040e-01 +6.4651e-01 +3.4958e-01 +1.1725e+00 +3.7394e+00 -5.8281e-01 +6.4250e-01 -3.9517e+00 +1.3961e+00 +1.4239e+00 -7.0936e-04 -2.4637e+00
214 0 +4.327738099e+02 +4.327738099e+02 +4.290638099e+02 +4.290638099e+02 +3.5921e-01 +1.0969e-01 +8.8056e-01 -1.5509e+00 -1.5896e+00 +1.3302e+00 -2.0663e+00 -3.2852e+00 +3.4231e-01 +7.1958e-01 +3.4467e-01 +9.9761e-01 +3.2930e+00 -4.9782e-01 +9.1849e-02 -3.8485e+00 +1.4416e+00 +1.4752e+00 +1.5547e-03 -2.5940e+00
252 0 +4.082914903e+02 +4.082914903e+02 +4.045814903e+02 +4.045814903e+02 +2.9418e-01 +9.2203e-02 +8.6403e-01 -1.1170e+00 -1.7403e+00 +1.4910e+00 -2.1476e+00 -3.7589e+00 +2.9868e-01 +6.7030e-01 +3.7517e-01 +2.1159e+00 +3.5420e+00 -5.4698e-01 -6.8913e-01 -3.3592e+00 +1.5466e+00 +2.1046e+00 -1.5504e-03 -2.8018e+00
309 0 +4.071594291e+02 +4.071594291e+02 +4.034494291e+02 +4.034494291e+02 +1.8130e-01 +1.0392e-01 +8.2562e-01 -1.2664e+00 -1.4434e+00 +1.3322e+00 -1.9388e+00 -3.9421e+00 +9.7926e-02 +7.0217e-01 +2.9602e-01 +2.8825e+00 +3.0990e+00 -6.8020e-01 -3.7837e-01 -3.6463e+00 +1.5493e+00 +1.9027e+00 -3.2725e-03 -2.6208e+00
371 0 +3.870490470e+02 +3.870490470e+02 +3.833390470e+02 +3.833390470e+02 +2.1821e-01 +1.0373e-01 +8.2341e-01 -1.0530e+00 -1.6222e+00 +1.3081e+00 -1.9988e+00 -3.8420e+00 +1.4290e-01 +6.9217e-01 +3.9578e-01 +2.5358e+00 +3.0384e+00 -5.8510e-01 -6.6272e-01 -3.3335e+00 +1.5520e+00 +1.9318e+00 -4.1021e-03 -2.5413e+00
% f evaluations | g evaluations | best noise-free fitness - Fopt | noise-free fitness - Fopt (1.321800000000e+02) | measured fitness | best measured fitness | x1 | x2...
1 0 +7.427879767e+02 +7.427879767e+02 +8.749679767e+02 +8.749679767e+02 +0.0000e+00 +0.0000e+00 +0.0000e+00 +0.0000e+00 +0.0000e+00 +0.0000e+00 +0.0000e+00 +0.0000e+00 +0.0000e+00 +0.0000e+00 +0.0000e+00 +0.0000e+00 +0.0000e+00 +0.0000e+00 +0.0000e+00 +0.0000e+00 +0.0000e+00 +0.0000e+00 +0.0000e+00 +0.0000e+00
2 0 +7.327219883e+02 +7.327219883e+02 +8.649019883e+02 +8.649019883e+02 -3.0299e-01 -9.1736e-01 -1.2352e+00 -6.2473e-01 -3.1844e-01 -1.5675e+00 -2.5757e+00 +1.4177e+00 -1.1289e-01 +2.7545e-01 +8.1557e-01 -2.0394e-01 -6.5951e-01 -4.8969e-02 +4.3133e-01 -1.2679e+00 +2.2910e+00 +1.2233e-01 -1.3489e+00 +7.2320e-01
4 0 +5.905226185e+02 +5.905226185e+02 +7.227026185e+02 +7.227026185e+02 +1.8115e+00 +4.8821e-01 +1.5954e+00 +3.3683e-01 -1.6516e-01 -1.0103e+00 -4.2434e-02 +1.1202e+00 -9.3487e-01 +4.1560e-01 +6.9877e-01 -1.1895e-01 +2.2525e-01 -1.3528e-01 -6.4036e-01 -6.0280e-02 -7.1577e-01 +4.5658e-02 -1.4727e+00 +3.5267e-01
6 0 +5.192523589e+02 +5.192523589e+02 +6.514323589e+02 +6.514323589e+02 +3.6398e+00 -4.1929e-01 +8.1950e-01 +4.6617e-01 +1.6505e-01 +7.4124e-01 -9.9657e-01 +2.4211e-01 -7.9974e-01 -2.1531e-01 +2.0099e-01 -1.4297e-01 -1.0403e+00 -1.2683e-02 -1.8750e+00 +1.4207e+00 -9.1617e-01 +1.9759e-01 +4.4461e-01 +5.1173e-02
64 0 +5.030928867e+02 +5.030928867e+02 +6.352728867e+02 +6.352728867e+02 +2.0562e+00 -1.1450e+00 -1.0016e+00 -7.0319e-01 +5.6376e-01 +7.6630e-01 +1.3726e+00 +2.0581e+00 -1.5668e+00 +1.7818e+00 -6.9781e-01 +1.4684e+00 -2.0605e+00 +1.4868e-01 -2.4684e+00 +1.6421e+00 -2.2056e-01 +1.9603e-01 -9.6763e-01 -7.5849e-02
82 0 +4.770938444e+02 +4.770938444e+02 +6.092738444e+02 +6.092738444e+02 -6.0582e-01 -5.4785e-01 -1.3294e-01 -3.3748e-01 +7.1596e-01 +5.2722e-01 +1.1619e+00 -2.3188e+00 -5.3266e-01 +2.0667e+00 -7.3345e-01 +1.3424e-01 -5.1242e-01 +1.5990e-01 -3.7597e+00 +2.2913e+00 -7.9917e-02 +2.4474e-01 -7.5535e-01 +7.7130e-02
156 0 +4.560659495e+02 +4.560659495e+02 +5.882459495e+02 +5.882459495e+02 -4.3413e+00 -1.4395e+00 -1.3819e+00 -3.5894e-01 +1.0720e+00 -6.7724e-01 +8.2431e-01 -5.7859e-01 -1.6171e-01 +1.0402e+00 +2.4282e-01 -5.0783e-01 -5.2138e-01 +1.0933e-01 -3.5169e+00 +4.3409e+00 +1.6444e-01 +2.6488e-01 -1.2941e+00 -4.3063e-01
207 0 +3.958868138e+02 +3.958868138e+02 +5.280668138e+02 +5.280668138e+02 -7.0572e+00 -1.6520e+00 -6.6011e-01 -6.0237e-01 +1.1049e+00 -1.0495e+00 +3.0824e-01 +2.2859e+00 +9.8940e-01 +1.4703e+00 +6.6149e-01 +1.7400e+00 -3.1925e+00 +1.1809e-01 -3.1180e+00 +3.1542e+00 +1.3462e+00 +5.0022e-01 -1.0907e+00 +5.1405e-01
225 0 +3.838452014e+02 +3.838452014e+02 +5.160252014e+02 +5.160252014e+02 -9.0060e+00 -1.5680e+00 +7.3368e-01 -4.5208e-01 +1.0031e+00 -2.3380e+00 +9.8200e-01 +3.3226e-01 +6.8787e-01 +1.0094e+00 -8.5652e-01 +1.6184e+00 -2.2509e+00 +1.4636e-01 -2.4191e+00 +2.8792e+00 +2.1845e+00 +5.0469e-01 -1.7686e+00 +4.2000e-01
239 0 +3.579708299e+02 +3.579708299e+02 +4.901508299e+02 +4.901508299e+02 -6.9783e+00 -1.2185e+00 -1.0592e+00 -8.6674e-01 +1.0559e+00 -2.3949e+00 -8.7227e-01 +6.6578e-01 +2.1842e-01 +1.0088e+00 +9.6050e-01 +1.5040e+00 -2.9115e+00 +2.0399e-01 -2.5284e+00 +1.5813e+00 +1.3040e+00 +5.7832e-01 -1.4104e+00 +1.8687e-01
% f evaluations | g evaluations | best noise-free fitness - Fopt | noise-free fitness - Fopt (-3.930000000000e+01) | measured fitness | best measured fitness | x1 | x2...
1 0 +1.041208835e+03 +1.041208835e+03 +1.001908835e+03 +1.001908835e+03 +0.0000e+00 +0.0000e+00 +0.0000e+00 +0.0000e+00 +0.0000e+00 +0.0000e+00 +0.0000e+00 +0.0000e+00 +0.0000e+00 +0.0000e+00 +0.0000e+00 +0.0000e+00 +0.0000e+00 +0.0000e+00 +0.0000e+00 +0.0000e+00 +0.0000e+00 +0.0000e+00 +0.0000e+00 +0.0000e+00
3 0 +8.886699036e+02 +8.886699036e+02 +8.493699036e+02 +8.493699036e+02 +1.3979e+00 +1.0608e+00 -9.0790e-02 -3.2407e-01 -1.0025e+00 +2.3645e-01 +1.2318e+00 -2.3502e-01 +6.1753e-01 -2.5419e-01 -5.2481e-01 -2.0693e-02 -7.4133e-01 -5.7617e-01 -2.0166e+00 +1.0488e-01 +1.0190e-01 -1.8988e+00 -9.2132e-01 -5.9111e-01
6 0 +8.100770564e+02 +8.100770564e+02 +7.707770564e+02 +7.707770564e+02 -7.5414e-01 +3.6217e-01 -2.8415e-02 -1.1454e+00 +7.3230e-02 -2.3447e-01 +3.0268e-01 -4.2563e-02 -4.2314e-01 +1.0568e-01 -4.9332e-01 +1.2666e-01 -1.3212e+00 -1.4379e-01 -2.1805e+00 +5.3266e-02 +2.9957e-01 +2.5905e-01 -1.4347e-01 -4.1224e-01
17 0 +7.510499488e+02 +7.510499488e+02 +7.117499488e+02 +7.117499488e+02 +1.6104e+00 +1.5291e+00 -3.4432e-02 -4.9307e-01 -3.1624e+00 +2.4696e-01 +1.0684e+00 +1.6525e-02 +9.9508e-01 +2.0310e-01 -4.8399e-02 -2.0818e-01 -1.6296e+00 -1.4787e+00 -2.7516e+00 -3.3500e-02 +4.0060e-01 -1.0924e+00 -1.5772e+00 -1.6181e+00
19 0 +7.284581087e+02 +7.284581087e+02 +6.891581087e+02 +6.891581087e+02 +5.4421e+00 +1.4321e+00 -8.7547e-02 -6.6229e-01 +1.8084e-01 +3.9237e-01 +2.1143e+00 -7.9895e-01 +3.5791e-01 -1.5587e-01 -1.2410e+00 -3.2644e-01 -5.9669e-01 -2.9681e+00 -3.1119e+00 +5.5393e-02 +1.4820e+00 -2.2563e-01 -1.9843e-02 -1.2275e+00
22 0 +7.225154716e+02 +7.225154716e+02 +6.832154716e+02 +6.832154716e+02 +2.7443e+00 +2.4378e+00 +1.3193e-02 -1.4690e+00 -1.0884e+00 +4.2095e-01 +1.0225e+00 +1.4059e+00 +6.6429e-01 -1.5124e-01 -2.3602e-01 -6.5187e-01 -1.5597e+00 -2.6934e+00 -3.5272e+00 -1.1012e-01 +2.2773e+00 +9.8956e-01 -8.2281e-01 -5.4853e-01
23 0 +7.072243056e+02 +7.072243056e+02 +6.679243056e+02 +6.679243056e+02 +3.1410e+00 +1.9366e+00 +2.5759e-02 -5.7029e-01 -1.3998e-01 +3.5854e-01 +8.6204e-01 -1.7368e+00 +2.8457e-02 -1.8404e-01 -2.8440e-01 +2.6767e-01 -1.1263e+00 -1.4146e+00 -2.7780e+00 -1.6282e-01 -5.1699e-01 +1.0559e+00 -3.8205e+00 -2.5709e+00
31 0 +6.115660541e+02 +6.115660541e+02 +5.722660541e+02 +5.722660541e+02 -2.2504e+00 +1.6526e+00 -5.4243e-02 -3.6127e-01 +2.4496e-01 +2.9118e-01 +1.9311e-01 +1.7143e-01 +3.9289e-01 +6.2365e-02 -5.5090e-01 +2.6200e-01 -5.5094e-01 +7.0139e-02 -1.8463e+00 +3.4535e-02 +2.0978e+00 -4.0788e-01 -2.2387e-01 -1.4667e+00
48 0 +5.568868233e+02 +5.568868233e+02 +5.175868233e+02 +5.175868233e+02 -1.4037e-01 +1.8786e+00 +1.1128e-02 -9.8458e-01 -1.8545e+00 +1.9532e-01 +1.3037e-01 -1.4947e-01 -2.7208e-01 -1.1047e+00 -1.3064e+00 +7.3447e-01 +2.5496e-01 -6.2094e-01 -1.8417e+00 +8.0113e-02 +8.9564e-01 +2.6366e+00 +1.6176e+00 -1.6570e+00
53 0 +4.708192432e+02 +4.708192432e+02 +4.315192432e+02 +4.315192432e+02 -3.9911e+00 +2.0260e+00 -8.7064e-02 -5.4986e-01 +9.9670e-01 +1.7810e-01 +2.1947e+00 +1.6508e+00 +4.0297e-02 -6.7686e-01 -1.0501e+00 +5.1569e-01 -1.8351e-01 +6.3390e-01 -3.3359e+00 +5.4455e-02 +1.8970e+00 +1.8271e+00 +1.8780e+00 -1.8059e+00
68 0 +4.450389446e+02 +4.450389446e+02 +4.057389446e+02 +4.057389446e+02 -3.0061e-01 +3.1461e+00 +3.9944e-02 -4.4102e-01 -1.2330e+00 +1.5242e-01 +1.5712e+00 +3.9861e+00 -3.7171e-01 -8.6345e-01 -9.6833e-01 +7.4263e-01 -2.6343e-01 +6.1029e-01 -4.0332e+00 -1.0007e-02 +1.7625e+00 +2.5313e+00 +1.7283e+00 -2.1423e+00
84 0 +4.207249482e+02 +4.207249482e+02 +3.814249482e+02 +3.814249482e+02 -1.3805e+00 +2.8162e+00 +1.0914e-01 -6.6904e-01 -4.9208e-02 +1.2508e-01 +2.2972e+00 +2.6397e+00 -3.2936e-01 -1.0753e+00 -7.7160e-01 +8.1524e-01 -7.9918e-02 +7.4993e-03 -3.9250e+00 +6.0642e-02 +6.2452e-01 +1.6718e+00 +1.5566e+00 -2.5648e+00
92 0 +4.060634308e+02 +4.060634308e+02 +3.667634308e+02 +3.667634308e+02 -2.1944e+00 +3.1654e+00 +1.3167e-01 -5.5629e-01 +6.2486e-01 +4.6425e-02 +2.9485e+00 +1.4993e+00 -1.2562e+00 -7.5577e-01 -2.1203e+00 +4.4587e-01 -1.4406e-01 -6.5623e-01 -5.5569e+00 +1.2835e-01 +1.1913e+00 +2.4766e+00 +4.8518e-01 -3.0181e+00
102 0 +3.792600291e+02 +3.792600291e+02 +3.399600291e+02 +3.399600291e+02 +3.9270e-01 +3.2875e+00 +9.8137e-02 -5.8063e-01 +1.2570e+00 +1.0166e-01 +4.1797e+00 +8.3843e-01 -9.5873e-01 -8.0574e-01 -8.5533e-01 +6.8911e-01 -6.0537e-01 -2.0133e+00 -4.8111e+00 +2.1053e-01 +2.6741e+00 +2.5242e+00 +3.4433e-01 -2.9357e+00
111 0 +3.708961435e+02 +3.708961435e+02 +3.315961435e+02 +3.315961435e+02 -2.2670e+00 +3.5922e+00 +1.1530e-01 -3.6824e-01 -4.6262e-01 +1.5118e-01 +3.2728e+00 +7.7941e-01 +2.9735e-01 -1.0207e+00 -1.1255e+00 +5.8060e-01 -6.5505e-01 -1.5209e+00 -3.8294e+00 +1.6324e-02 +1.5294e+00 +2.2106e+00 +7.3045e-01 -2.9098e+00
115 0 +3.503242840e+02 +3.503242840e+02 +3.110242840e+02 +3.110242840e+02 -1.3884e+00 +3.3192e+00 +1.1234e-01 -7.8129e-01 -5.0207e-01 +1.6036e-01 +3.4219e+00 +2.1158e+00 -9.6048e-02 -6.6469e-01 -1.5580e+00 +6.5747e-01 -1.9450e-01 -4.2889e-01 -3.1518e+00 +1.0840e-01 +1.4720e+00 +1.7646e+00 +1.5303e-01 -3.1166e+00
125 0 +3.309546185e+02 +3.309546185e+02 +2.916546185e+02 +2.916546185e+02 -2.6693e+00 +3.2384e+00 +8.0566e-02 -6.5588e-01 +6.6820e-01 +2.1805e-01 +3.7653e+00 +1.2949e+00 -5.9248e-01 -9.3748e-01 -1.7839e+00 +4.3699e-01 -3.2901e-01 -7.2195e-01 -3.4389e+00 +1.1046e-01 +1.1705e+00 +2.3288e+00 +2.7662e-01 -3.1454e+00
133 0 +3.219178456e+02 +3.219178456e+02 +2.826178456e+02 +2.826178456e+02 -2.5801e+00 +3.2821e+00 +9.8704e-02 -6.0092e-01 +1.6108e-01 +1.8930e-01 +3.4191e+00 +1.4026e+00 -8.4349e-01 -1.1212e+00 -1.5932e+00 +4.1471e-01 -1.2604e+00 +5.8748e-01 -2.2541e+00 +1.6318e-01 +5.4716e-01 +2.8008e+00 +5.3175e-02 -2.9819e+00
202 0 +2.983490530e+02 +2.983490530e+02 +2.590490530e+02 +2.590490530e+02 -3.0245e+00 +3.1491e+00 +8.0964e-02 -1.0063e+00 +3.1191e-01 +2.3411e-01 +5.0364e+00 +1.1733e+00 +1.0523e-02 -1.0633e+00 -1.3300e+00 +4.9918e-01 -7.9743e-01 -2.5666e-01 -1.8494e+00 +1.3888e-01 +7.6210e-01 +3.5655e+00 -5.7191e-02 -3.3491e+00
350 0 +2.736804450e+02 +2.736804450e+02 +2.343804450e+02 +2.343804450e+02 -3.4284e+00 +3.4439e+00 +9.0140e-02 -9.2034e-01 +9.0493e-01 +3.1695e-01 +4.1861e+00 +1.7150e-01 +1.3548e-01 -1.0371e+00 -7.0738e-02 +4.9528e-01 -9.1379e-01 -1.3344e+00 -4.4505e+00 +1.4866e-01 +1.3145e+00 +3.0824e+00 -6.9177e-01 -3.1511e+00
489 0 +2.594032210e+02 +2.594032210e+02 +2.201032210e+02 +2.201032210e+02 -4.4755e+00 +3.4587e+00 +8.3149e-02 -6.9468e-01 +9.2544e-01 +4.5453e-01 +4.2362e+00 +6.6550e-01 +5.8920e-03 -1.1231e+00 -4.0586e-01 +5.8283e-01 -1.7637e-01 -1.2078e+00 -4.4718e+00 +9.5998e-02 +1.2019e+00 +3.5248e+00 -3.7470e-01 -3.3348e+00
490 0 +2.539087853e+02 +2.539087853e+02 +2.146087853e+02 +2.146087853e+02 -4.3150e+00 +3.4100e+00 +8.8967e-02 -6.8384e-01 +8.7144e-01 +4.2491e-01 +4.5040e+00 +8.9024e-01 +1.1544e-01 -1.0805e+00 -3.0021e-01 +5.9829e-01 -2.2729e-01 -1.2413e+00 -4.7270e+00 +9.0073e-02 +1.2499e+00 +3.5845e+00 -4.8312e-01 -3.3511e+00
508 0 +2.471394521e+02 +2.471394521e+02 +2.078394521e+02 +2.078394521e+02 -4.4116e+00 +3.4370e+00 +8.6785e-02 -7.5679e-01 +7.7908e-01 +3.9447e-01 +4.4041e+00 +8.6874e-01 +7.2846e-02 -1.0744e+00 -3.2851e-01 +6.3690e-01 -2.6068e-01 -1.2561e+00 -4.4320e+00 +9.6170e-02 +1.2591e+00 +3.4920e+00 -3.7534e-01 -3.3496e+00
527 0 +2.392985151e+02 +2.392985151e+02 +1.999985151e+02 +1.999985151e+02 -4.3230e+00 +3.4796e+00 +8.1192e-02 -7.1024e-01 +1.0200e+00 +4.0944e-01 +4.5536e+00 +8.9038e-01 +1.0780e-01 -1.0418e+00 -3.6300e-01 +6.1747e-01 -2.1223e-01 -1.2836e+00 -4.4586e+00 +1.0187e-01 +1.2520e+00 +3.5608e+00 -4.6026e-01 -3.4078e+00
652 0 +2.266888114e+02 +2.266888114e+02 +1.873888114e+02 +1.873888114e+02 -4.2811e+00 +3.3836e+00 +6.8054e-02 -6.5774e-01 +1.1085e+00 +3.8854e-01 +4.2701e+00 +8.3937e-01 -2.9029e-02 -1.0686e+00 -4.2688e-01 +6.5393e-01 -2.2357e-01 -1.2103e+00 -4.7706e+00 +1.0667e-01 +1.2535e+00 +3.5653e+00 -4.6643e-01 -3.4064e+00
773 0 +2.225608726e+02 +2.225608726e+02 +1.832608726e+02 +1.832608726e+02 -4.4487e+00 +3.3777e+00 +6.4642e-02 -6.4125e-01 +1.0598e+00 +3.9433e-01 +4.3915e+00 +8.5326e-01 -5.6746e-02 -1.0426e+00 -4.2208e-01 +6.1640e-01 -2.3286e-01 -1.2424e+00 -4.7845e+00 +1.0635e-01 +1.2574e+00 +3.5256e+00 -4.6920e-01 -3.4587e+00
% f evaluations | g evaluations | best noise-free fitness - Fopt | noise-free fitness - Fopt (4.296000000000e+01) | measured fitness | best measured fitness | x1 | x2...
1 0 +7.147995969e+02 +7.147995969e+02 +7.577595969e+02 +7.577595969e+02 +0.0000e+00 +0.0000e+00 +0.0000e+00 +0.0000e+00 +0.0000e+00 +0.0000e+00 +0.0000e+00 +0.0000e+00 +0.0000e+00 +0.0000e+00 +0.0000e+00 +0.0000e+00 +0.0000e+00 +0.0000e+00 +0.0000e+00 +0.0000e+00 +0.0000e+00 +0.0000e+00 +0.0000e+00 +0.0000e+00
4 0 +6.663231283e+02 +6.663231283e+02 +7.092831283e+02 +7.092831283e+02 -2.0537e-01 +5.1658e-02 +2.3317e+00 -1.7318e+00 +4.2044e-01 +6.4227e-02 -1.8751e-01 -7.9791e-01 -5.0121e-01 -3.4741e-02 +2.1804e+00 -6.1163e-01 -4.3157e-02 +2.5540e-01 +2.0870e-01 -1.8139e+00 -1.1139e-01 -8.2904e-01 -2.1908e+00 +6.3195e-01
16 0 +5.823597486e+02 +5.823597486e+02 +6.253197486e+02 +6.253197486e+02 -2.5725e-01 -3.0231e-01 +5.1927e-01 +1.3163e-01 +1.7305e+00 +1.0722e+00 -4.9497e-01 -3.4581e-01 +1.3722e-01 -1.5085e-02 +3.9021e-01 +1.7283e+00 -1.7804e-01 +3.2405e-01 -1.0018e+00 +2.9472e+00 +7.1065e-02 +3.4154e-01 +9.0316e-02 +1.1380e+00
33 0 +5.259578338e+02 +5.259578338e+02 +5.689178338e+02 +5.689178338e+02 -2.7155e-01 -9.9820e-02 +1.7571e+00 -5.6621e-01 -2.6129e+00 +2.1910e+00 +1.6372e+00 -2.0365e+00 -8.4730e-02 -1.0233e+00 -3.0637e+00 +2.6438e+00 +4.7809e-01 -1.3883e+00 -2.0666e-01 +2.6325e+00 +4.0529e-01 -1.6154e-01 -1.5590e+00 +4.7984e-01
37 0 +4.966301382e+02 +4.966301382e+02 +5.395901382e+02 +5.395901382e+02 +3.1670e-01 -1.5521e-01 +2.6471e+00 +4.4988e-01 -4.8321e-01 +4.7765e-01 +1.7525e+00 -1.6076e+00 -2.8137e-02 -1.1630e+00 -3.8637e+00 +1.6036e+00 +3.7609e-01 -1.0281e+00 -5.3697e-01 +2.5073e+00 +4.2108e-01 -4.0394e-01 -1.8079e+00 +9.3056e-01
45 0 +4.782149310e+02 +4.782149310e+02 +5.211749310e+02 +5.211749310e+02 -1.0524e+00 +7.5894e-03 +1.1094e+00 -3.1549e-01 -2.8513e+00 +1.7624e+00 +1.9534e+00 -2.1932e+00 +6.6952e-01 -8.9397e-01 -3.0012e+00 +2.0018e+00 +3.3867e-01 -7.1695e-01 +7.2524e-01 +2.7612e+00 +4.2467e-01 -1.1601e-01 -2.5728e+00 +1.9141e-01
49 0 +4.378307997e+02 +4.378307997e+02 +4.807907997e+02 +4.807907997e+02 +6.1227e-01 -1.5503e-01 +1.0327e+00 -4.7879e-01 -1.7125e+00 +8.2123e-01 +1.8148e+00 -1.7020e+00 -3.7736e-01 -9.7828e-01 -4.9986e-02 +1.7210e+00 +5.6049e-01 -7.2873e-01 -5.1188e-01 +3.1145e+00 +4.6000e-01 -1.1484e-01 -1.7686e+00 +2.5954e-01
66 0 +4.273335031e+02 +4.273335031e+02 +4.702935031e+02 +4.702935031e+02 -1.0041e+00 -1.6137e-01 +6.1385e-01 -1.4457e+00 -2.9345e+00 +1.1088e+00 +1.5204e+00 -1.9533e+00 +5.2608e-01 -1.1524e+00 -3.1019e+00 +5.0303e-01 +2.4115e-01 -1.8604e-02 +3.1086e-01 +4.0031e+00 +7.6867e-01 -1.1452e-01 -2.6139e+00 +4.5018e-01
70 0 +4.065203540e+02 +4.065203540e+02 +4.494803540e+02 +4.494803540e+02 -3.6531e-01 -3.6604e-01 -4.8120e-01 -4.4429e-01 -1.0354e+00 +1.3923e+00 +2.1564e+00 -1.8808e+00 +5.5724e-01 -9.4537e-01 -3.9396e-01 +2.0696e+00 +1.9743e-01 +1.0462e-01 -1.0725e+00 +2.8682e+00 +8.2301e-01 -6.6187e-01 -2.7235e+00 +3.6215e-01
72 0 +3.763369256e+02 +3.763369256e+02 +4.192969256e+02 +4.192969256e+02 -1.5784e+00 -1.6803e-01 +1.1462e+00 -1.2887e+00 -3.5254e+00 +4.0877e-01 +1.7306e+00 -1.8966e+00 +8.0969e-01 -1.3934e+00 -1.3860e+00 +1.9106e+00 +2.5509e-01 +1.1076e+00 +1.4418e+00 +4.0475e+00 +8.9061e-01 -1.5533e-01 -2.4581e+00 +7.1166e-01
93 0 +3.530510032e+02 +3.530510032e+02 +3.960110032e+02 +3.960110032e+02 -1.2093e+00 -4.7173e-02 +1.8251e+00 -3.2526e-01 -2.8499e+00 -1.1991e+00 +1.6954e+00 -2.0853e+00 +9.1344e-01 -1.1712e+00 -2.6069e+00 +2.1388e+00 +2.4205e-01 -2.9777e-02 +2.5135e-01 +4.6681e+00 +8.5608e-01 -1.7246e-01 -2.7265e+00 +6.9251e-01
163 0 +3.432376060e+02 +3.432376060e+02 +3.861976060e+02 +3.861976060e+02 -1.6188e+00 -3.4466e-01 -8.6528e-01 +5.2224e-01 -2.2340e+00 +1.1673e-01 +1.1930e+00 -2.2711e+00 +1.4654e+00 -1.7450e+00 +5.6224e-01 +3.1023e+00 +6.6062e-01 -2.2625e-01 -6.3613e-02 +4.1202e+00 +7.9320e-01 +1.3555e-01 -4.0290e+00 +8.4629e-01
175 0 +2.948378608e+02 +2.948378608e+02 +3.377978608e+02 +3.377978608e+02 -1.5180e+00 -3.1889e-01 -6.8491e-01 +2.5099e-01 -2.3237e+00 -1.1582e-01 +1.2119e+00 -2.2811e+00 +1.7416e+00 -1.4426e+00 -1.4689e+00 +2.5986e+00 +6.3354e-01 -4.7997e-01 -1.0387e-01 +3.7312e+00 +5.2585e-01 +1.1962e-01 -3.8498e+00 +9.0916e-01
209 0 +2.855288530e+02 +2.855288530e+02 +3.284888530e+02 +3.284888530e+02 -1.4242e+00 -3.7120e-01 -1.8742e+00 +2.1351e-01 -2.7001e+00 -3.2626e-01 +1.1664e+00 -2.2353e+00 +1.6790e+00 -1.4178e+00 -7.0654e-01 +2.9511e+00 +6.3510e-01 -4.6324e-01 +2.3829e-01 +2.7945e+00 +6.4239e-01 +2.2768e-01 -3.1984e+00 +1.0871e+00
211 0 +2.806882571e+02 +2.806882571e+02 +3.236482571e+02 +3.236482571e+02 -1.5819e+00 -3.3760e-01 -1.9545e+00 +2.9963e-01 -2.9049e+00 -5.9102e-01 +1.2010e+00 -2.2257e+00 +1.6702e+00 -1.5502e+00 -1.3889e+00 +2.8208e+00 +5.9405e-01 -5.4943e-01 +2.1925e-01 +3.2032e+00 +7.0722e-01 +9.8520e-02 -3.5006e+00 +1.0932e+00
222 0 +2.596249528e+02 +2.596249528e+02 +3.025849528e+02 +3.025849528e+02 -1.3808e+00 -3.9523e-01 -1.9536e+00 +2.5502e-01 -2.8969e+00 -1.5461e-01 +1.2043e+00 -2.1987e+00 +1.6693e+00 -1.4719e+00 -5.3102e-01 +3.4578e+00 +5.9269e-01 -1.7326e-01 +4.4359e-01 +2.7267e+00 +5.5633e-01 +1.7915e-01 -3.1442e+00 +1.1003e+00
442 0 +2.568643292e+02 +2.568643292e+02 +2.998243292e+02 +2.998243292e+02 -1.3824e+00 -3.5187e-01 -2.0798e+00 +1.7458e-01 -2.8155e+00 -9.6978e-01 +1.2770e+00 -2.3309e+00 +1.9048e+00 -1.6844e+00 -1.3017e+00 +3.6666e+00 +5.6671e-01 +1.0272e-02 +3.6417e-01 +2.5208e+00 +5.6947e-01 +2.5085e-01 -2.9910e+00 +1.3195e+00
447 0 +2.496077029e+02 +2.496077029e+02 +2.925677029e+02 +2.925677029e+02 -1.4250e+00 -3.3566e-01 -2.0723e+00 +2.6384e-01 -2.9609e+00 -9.3705e-01 +1.1955e+00 -2.3615e+00 +1.9356e+00 -1.6350e+00 -8.5852e-01 +3.9697e+00 +5.7126e-01 -1.6348e-01 +3.5282e-01 +2.4914e+00 +5.3269e-01 +2.4051e-01 -2.8662e+00 +1.3333e+00
457 0 +2.425455650e+02 +2.425455650e+02 +2.855055650e+02 +2.855055650e+02 -1.3764e+00 -3.2846e-01 -2.1685e+00 +2.3053e-01 -3.0094e+00 -7.4323e-01 +1.2184e+00 -2.3768e+00 +1.9334e+00 -1.6713e+00 -1.2910e+00 +4.0828e+00 +5.6036e-01 -2.2348e-01 +3.2784e-01 +2.5606e+00 +5.4439e-01 +2.5555e-01 -3.1030e+00 +1.3474e+00
458 0 +2.367988004e+02 +2.367988004e+02 +2.797588004e+02 +2.797588004e+02 -1.4007e+00 -3.2454e-01 -2.0962e+00 +2.8244e-01 -2.9187e+00 -7.4580e-01 +1.2075e+00 -2.3679e+00 +1.9057e+00 -1.6171e+00 -1.3858e+00 +3.9531e+00 +5.8847e-01 -2.2703e-02 +3.9677e-01 +2.4995e+00 +4.7927e-01 +3.1217e-01 -3.0414e+00 +1.3108e+00
463 0 +2.315475129e+02 +2.315475129e+02 +2.745075129e+02 +2.745075129e+02 -1.4450e+00 -3.5108e-01 -2.1427e+00 +1.8418e-01 -3.0837e+00 -7.3317e-01 +1.1926e+00 -2.3453e+00 +1.8556e+00 -1.6043e+00 -1.4409e+00 +4.0497e+00 +5.7731e-01 -3.1273e-02 +3.3201e-01 +2.4856e+00 +4.7699e-01 +2.7354e-01 -3.0875e+00 +1.2838e+00
493 0 +2.239208503e+02 +2.239208503e+02 +2.668808503e+02 +2.668808503e+02 -1.5271e+00 -3.3043e-01 -2.0153e+00 +1.4846e-01 -3.0810e+00 -7.9528e-01 +1.2024e+00 -2.2592e+00 +1.8971e+00 -1.6679e+00 -1.5095e+00 +3.9122e+00 +5.7300e-01 -4.5590e-02 +3.2382e-01 +2.5351e+00 +5.3125e-01 +2.3806e-01 -3.0225e+00 +1.3321e+00
497 0 +2.198147595e+02 +2.198147595e+02 +2.627747595e+02 +2.627747595e+02 -1.4971e+00 -3.4582e-01 -1.9771e+00 +1.9641e-01 -2.9283e+00 -8.3459e-01 +1.2424e+00 -2.2813e+00 +1.8539e+00 -1.6469e+00 -1.1469e+00 +3.9648e+00 +5.9388e-01 -7.6186e-02 +3.8959e-01 +2.4711e+00 +4.8207e-01 +2.3074e-01 -2.8796e+00 +1.3579e+00
524 0 +2.158784309e+02 +2.158784309e+02 +2.588384309e+02 +2.588384309e+02 -1.5444e+00 -3.2864e-01 -1.9648e+00 +1.1346e-01 -2.9421e+00 -7.2685e-01 +1.1925e+00 -2.2615e+00 +1.8612e+00 -1.6622e+00 -1.2782e+00 +4.1398e+00 +5.7898e-01 -1.1721e-01 +4.2593e-01 +2.4230e+00 +5.4160e-01 +1.8773e-01 -2.8771e+00 +1.3343e+00
531 0 +2.056784133e+02 +2.056784133e+02 +2.486384133e+02 +2.486384133e+02 -1.5197e+00 -3.0988e-01 -1.9552e+00 +1.0963e-01 -2.9359e+00 -7.1609e-01 +1.1800e+00 -2.2879e+00 +1.8501e+00 -1.6609e+00 -1.3428e+00 +4.1403e+00 +5.7901e-01 -1.0671e-01 +3.4642e-01 +2.3978e+00 +5.1590e-01 +1.9450e-01 -2.8487e+00 +1.3354e+00
544 0 +1.980048761e+02 +1.980048761e+02 +2.409648761e+02 +2.409648761e+02 -1.5631e+00 -3.1912e-01 -1.9259e+00 +2.0882e-01 -2.9352e+00 -7.5952e-01 +1.1619e+00 -2.2899e+00 +1.8589e+00 -1.6581e+00 -1.1380e+00 +4.0353e+00 +6.0005e-01 -4.2716e-02 +3.4638e-01 +2.3987e+00 +4.9798e-01 +1.4828e-01 -2.8513e+00 +1.3456e+00
581 0 +1.866432463e+02 +1.866432463e+02 +2.296032463e+02 +2.296032463e+02 -1.5470e+00 -3.1192e-01 -1.8521e+00 +2.1031e-01 -2.8906e+00 -6.6398e-01 +1.1528e+00 -2.2813e+00 +1.8396e+00 -1.6740e+00 -1.3606e+00 +4.0622e+00 +5.9823e-01 -8.7428e-02 +2.8914e-01 +2.4908e+00 +5.4270e-01 +1.5169e-01 -2.8326e+00 +1.3501e+00
601 0 +1.811599737e+02 +1.811599737e+02 +2.241199737e+02 +2.241199737e+02 -1.5575e+00 -3.1545e-01 -1.9080e+00 +9.4844e-02 -2.8627e+00 -7.3901e-01 +1.2128e+00 -2.2839e+00 +1.8539e+00 -1.6648e+00 -1.2563e+00 +4.0252e+00 +5.9229e-01 -4.8154e-02 +2.7831e-01 +2.4494e+00 +5.2746e-01 +1.5970e-01 -2.8558e+00 +1.3636e+00
624 0 +1.751670796e+02 +1.751670796e+02 +2.181270796e+02 +2.181270796e+02 -1.5233e+00 -3.1535e-01 -1.9860e+00 +1.5123e-01 -2.9450e+00 -7.0808e-01 +1.2188e+00 -2.2952e+00 +1.8729e+00 -1.6796e+00 -1.2274e+00 +3.9245e+00 +5.9460e-01 -6.8246e-02 +2.7947e-01 +2.4586e+00 +5.2438e-01 +1.6881e-01 -2.8220e+00 +1.3677e+00
684 0 +1.725523471e+02 +1.725523471e+02 +2.155123471e+02 +2.155123471e+02 -1.5266e+00 -3.2172e-01 -1.9788e+00 +1.6671e-01 -2.9764e+00 -6.7085e-01 +1.2107e+00 -2.3087e+00 +1.8724e+00 -1.6875e+00 -1.2822e+00 +3.9902e+00 +5.9825e-01 -4.5126e-02 +2.6984e-01 +2.4455e+00 +5.2428e-01 +1.7471e-01 -2.7803e+00 +1.3670e+00
800 0 +1.692441973e+02 +1.692441973e+02 +2.122041973e+02 +2.122041973e+02 -1.5201e+00 -3.1267e-01 -1.9681e+00 +9.7422e-02 -2.9592e+00 -7.1117e-01 +1.1773e+00 -2.3168e+00 +1.8637e+00 -1.7047e+00 -1.2905e+00 +3.9853e+00 +6.0798e-01 -3.6033e-02 +3.1063e-01 +2.4579e+00 +5.3019e-01 +1.6646e-01 -2.7752e+00 +1.3813e+00
867 0 +1.656521866e+02 +1.656521866e+02 +2.086121866e+02 +2.086121866e+02 -1.5267e+00 -3.1083e-01 -1.9272e+00 +1.1933e-01 -2.9955e+00 -6.9804e-01 +1.1914e+00 -2.3202e+00 +1.8618e+00 -1.7098e+00 -1.2549e+00 +3.9831e+00 +6.0605e-01 -5.4008e-02 +3.0329e-01 +2.4588e+00 +5.2834e-01 +1.6951e-01 -2.7801e+00 +1.3739e+00
944 0 +1.621245347e+02 +1.621245347e+02 +2.050845347e+02 +2.050845347e+02 -1.5287e+00 -3.1015e-01 -1.8874e+00 +1.3823e-01 -2.9640e+00 -7.1738e-01 +1.1817e+00 -2.3130e+00 +1.8467e+00 -1.7157e+00 -1.2890e+00 +3.9562e+00 +5.9854e-01 -3.5067e-02 +2.9982e-01 +2.4477e+00 +5.3265e-01 +1.8319e-01 -2.7926e+00 +1.3752e+00
% f evaluations | g evaluations | best noise-free fitness - Fopt | noise-free fitness - Fopt (2.842200000000e+02) | measured fitness | best measured fitness | x1 | x2...
1 0 +9.143869384e+02 +9.143869384e+02 +1.198606938e+03 +1.198606938e+03 +0.0000e+00 +0.0000e+00 +0.0000e+00 +0.0000e+00 +0.0000e+00 +0.0000e+00 +0.0000e+00 +0.0000e+00 +0.0000e+00 +0.0000e+00 +0.0000e+00 +0.0000e+00 +0.0000e+00 +0.0000e+00 +0.0000e+00 +0.0000e+00 +0.0000e+00 +0.0000e+00 +0.0000e+00 +0.0000e+00
2 0 +8.370509753e+02 +8.370509753e+02 +1.121270975e+03 +1.121270975e+03 -9.3900e-03 +3.0050e-01 +2.0131e-02 +3.7505e-03 +1.2108e-02 +1.0811e+00 -3.8916e-01 +1.8461e+00 +3.7339e-01 -6.0339e-01 -6.6238e-01 -2.5258e-01 -6.1182e-01 -8.3562e-01 -1.2602e-01 -5.6579e-01 -7.8893e-01 -2.7473e-01 +6.1714e-01 -1.9572e-01
14 0 +7.100522930e+02 +7.100522930e+02 +9.942722930e+02 +9.942722930e+02 -2.3022e-02 -2.7465e-01 +2.1195e-02 -3.9799e-02 -2.1386e-02 +6.7173e-01 +7.7920e-01 +2.3355e+00 +6.8721e-01 -5.2154e-01 -1.9275e-01 +7.4796e-02 -2.3602e-01 -5.7158e-01 -2.3821e+00 +1.4644e-01 -2.0200e+00 -7.2086e-02 +8.5159e-01 -3.0708e-01
44 0 +5.842109855e+02 +5.842109855e+02 +8.684309855e+02 +8.684309855e+02 -3.7080e-02 -2.0846e-01 -2.5887e-02 -1.0517e-01 +1.9877e-01 +1.8680e-01 +7.8876e-01 +2.2389e+00 +8.5135e-01 -2.2078e+00 +2.8661e+00 -1.6366e+00 -1.7082e+00 -1.0600e+00 -9.1389e-01 -8.4129e-01 -1.9786e+00 -3.3074e+00 +1.7262e+00 -8.9620e-01
59 0 +5.265665244e+02 +5.265665244e+02 +8.107865244e+02 +8.107865244e+02 -2.3632e-02 -1.1294e+00 +6.1049e-03 -1.0996e-01 +3.2293e-01 -2.1516e+00 +7.8801e-02 +2.2489e+00 +2.6692e+00 -2.0107e+00 +3.0424e+00 -1.4095e+00 -1.1097e+00 -1.9089e+00 -7.0056e-01 +2.8851e-01 -3.1903e+00 -3.9880e+00 +2.5200e+00 -7.1388e-01
352 0 +5.150033591e+02 +5.150033591e+02 +7.992233591e+02 +7.992233591e+02 +3.4533e-01 +7.0570e-01 -5.2997e-01 -2.0287e-01 -4.7635e-01 -8.7633e+00 -8.1377e-01 -3.4389e-01 +2.9095e-01 -3.9954e+00 +4.6581e+00 +6.8658e-01 -3.8745e+00 -5.1679e+00 -2.3228e+00 +1.0315e+00 -4.3522e+00 -3.4283e+00 +7.7253e-01 -4.3268e+00
355 0 +4.727170077e+02 +4.727170077e+02 +7.569370077e+02 +7.569370077e+02 +2.5331e-01 +1.2449e+00 -5.6977e-01 -1.0991e-01 -4.1031e-01 -1.0082e+01 +1.5160e+00 -4.8900e-01 -4.9018e-01 -3.6040e+00 +3.6729e+00 -2.2896e+00 -3.7049e+00 -5.4958e+00 -2.0931e+00 +1.9079e+00 -2.4623e+00 -3.1767e+00 +1.4294e+00 -4.0847e+00
369 0 +4.486350241e+02 +4.486350241e+02 +7.328550241e+02 +7.328550241e+02 +3.3395e-01 -2.5965e-01 -5.0985e-01 -1.4133e-01 -3.5846e-01 -8.2086e+00 +7.2304e-01 +1.5152e-01 +2.3201e-01 -3.4457e+00 +3.5306e+00 -4.7283e-01 -3.5664e+00 -4.5516e+00 -1.9560e+00 +8.5657e-01 -3.6074e+00 -2.7014e+00 +1.3133e+00 -4.3567e+00
370 0 +4.241935685e+02 +4.241935685e+02 +7.084135685e+02 +7.084135685e+02 +3.0216e-01 +3.7287e-01 -5.2565e-01 -1.6641e-01 -4.5397e-01 -8.7565e+00 +2.0485e+00 -3.8267e-01 +1.1966e+00 -3.2403e+00 +4.0525e+00 -1.2012e+00 -3.7851e+00 -5.6035e+00 -1.6042e+00 +2.4430e+00 -4.5763e+00 -2.5841e+00 +4.9580e-01 -3.1751e+00
% f evaluations | g evaluations | best noise-free fitness - Fopt | noise-free fitness - Fopt (-3.217000000000e+01) | measured fitness | best measured fitness | x1 | x2...
1 0 +7.138391291e+02 +7.138391291e+02 +6.816691291e+02 +6.816691291e+02 +0.0000e+00 +0.0000e+00 +0.0000e+00 +0.0000e+00 +0.0000e+00 +0.0000e+00 +0.0000e+00 +0.0000e+00 +0.0000e+00 +0.0000e+00 +0.0000e+00 +0.0000e+00 +0.0000e+00 +0.0000e+00 +0.0000e+00 +0.0000e+00 +0.0000e+00 +0.0000e+00 +0.0000e+00 +0.0000e+00
2 0 +6.324471491e+02 +6.324471491e+02 +6.002771491e+02 +6.002771491e+02 +1.5737e-01 +6.2669e-02 -1.0709e+00 -1.2696e-01 -1.7655e+00 +5.6340e-01 -1.3180e-01 -3.1249e-01 +8.3771e-01 -2.1624e-01 +1.8596e+00 -2.9919e-02 +1.1742e-01 +8.5852e-01 -5.6027e-01 -5.7499e-01 -7.6365e-01 -2.6105e-01 -2.4254e-01 +6.0249e-01
3 0 +5.718560316e+02 +5.718560316e+02 +5.396860316e+02 +5.396860316e+02 +7.9863e-01 -1.3219e-01 +4.1115e-01 -6.6556e-01 +5.8143e-02 -4.8816e-01 -6.2245e-01 +1.5866e+00 +3.1128e-01 +1.7738e-01 +1.7179e+00 +2.2439e-02 +8.1503e-02 +1.7062e+00 -3.3399e-01 -2.3177e-02 -3.2040e-01 -1.7374e-01 -4.8306e-01 -1.3423e-01
12 0 +4.944380401e+02 +4.944380401e+02 +4.622680401e+02 +4.622680401e+02 +2.1765e-01 +4.1010e-01 -1.7057e+00 -2.4190e-01 -1.9079e+00 -1.9834e+00 +7.0646e-01 +9.6379e-01 +4.6056e-01 -3.7686e-02 +2.3523e+00 +1.5671e-01 +3.5049e-01 +2.1258e+00 +2.0531e+00 -1.8884e-01 -2.7840e-01 +5.4255e-02 -1.4051e+00 -4.6795e-01
13 0 +4.823859385e+02 +4.823859385e+02 +4.502159385e+02 +4.502159385e+02 +1.1732e+00 +1.3576e-01 +7.5742e-01 -8.4052e-01 -1.7954e+00 -1.1646e+00 +1.5747e+00 +1.0582e+00 +1.1428e+00 +6.1878e-01 +3.1863e+00 +5.1606e-02 +1.3214e-02 +6.0351e-01 +1.7747e+00 -1.6834e-01 -6.1777e-01 -2.7809e-01 -7.0892e-01 -3.6715e-01
23 0 +4.543791228e+02 +4.543791228e+02 +4.222091228e+02 +4.222091228e+02 +5.8673e-01 +1.1893e-01 -2.1029e+00 +7.0196e-01 -1.0017e+00 -1.6085e+00 -6.6329e-01 +8.0231e-01 +1.4713e+00 +1.4679e-01 +1.6277e+00 +2.6186e-01 +1.3731e+00 +2.0232e+00 +2.6024e+00 +6.3463e-01 -5.0720e-01 +1.1845e-01 -1.1754e+00 -4.6587e-01
24 0 +4.150163576e+02 +4.150163576e+02 +3.828463576e+02 +3.828463576e+02 +5.1467e-01 +6.1822e-02 -5.0129e-01 -1.1204e+00 -2.1446e+00 -1.4673e+00 +1.2391e+00 +1.0946e+00 +5.2390e-01 +8.0221e-01 +1.1724e+00 +1.6314e-01 +1.0157e+00 +1.4332e+00 +2.1177e+00 +7.0623e-03 -5.2287e-01 -1.6560e-01 -2.5851e+00 -7.0758e-01
39 0 +3.974577335e+02 +3.974577335e+02 +3.652877335e+02 +3.652877335e+02 +3.3861e-01 +1.9202e-01 -1.2142e+00 -2.9062e-01 -1.6071e+00 -5.2775e-01 +1.0567e+00 +3.3424e-01 +6.5832e-01 -1.2607e-01 +4.6680e-01 +9.6744e-02 -4.9301e-02 +1.0359e+00 +1.9752e+00 +8.6664e-02 -1.6046e+00 -1.0935e-02 -2.2823e+00 -1.2011e+00
54 0 +3.852485532e+02 +3.852485532e+02 +3.530785532e+02 +3.530785532e+02 -6.0927e-01 +2.4214e-01 -2.3142e+00 -6.5004e-01 -1.8839e+00 -1.1433e+00 -8.7652e-01 +1.3992e+00 -1.6833e-01 -4.0903e-01 +1.2887e+00 +2.4512e-01 +1.3097e+00 +3.6928e+00 +2.9186e+00 +4.6631e-01 +4.1006e-01 -7.6768e-01 -2.3588e+00 -7.3496e-01
69 0 +3.473397973e+02 +3.473397973e+02 +3.151697973e+02 +3.151697973e+02 -1.1864e+00 +5.3598e-01 -2.4826e+00 -1.0423e+00 -3.0667e+00 -1.6624e-01 -1.5743e+00 +1.2608e+00 -3.6678e-01 -8.4296e-01 +1.5267e+00 +2.1814e-01 +1.6994e+00 +3.2391e+00 +3.2580e+00 +3.3566e-02 +6.7958e-01 -6.2583e-01 -2.3419e+00 -1.5014e+00
76 0 +3.406019533e+02 +3.406019533e+02 +3.084319533e+02 +3.084319533e+02 -9.0539e-01 +1.3635e-01 -8.6938e-01 -8.2499e-01 -1.9364e+00 -3.1975e-01 +4.3090e-01 +7.7676e-01 -4.2312e-01 -6.7624e-01 +1.4494e+00 +2.3772e-01 +1.5190e+00 +3.6513e+00 +2.5450e+00 +5.5724e-02 +2.0250e-01 -7.5062e-01 -2.5946e+00 -2.1737e+00
% f evaluations | g evaluations | best noise-free fitness - Fopt | noise-free fitness - Fopt (-5.858000000000e+01) | measured fitness | best measured fitness | x1 | x2...
1 0 +6.448755242e+02 +6.448755242e+02 +5.862955242e+02 +5.862955242e+02 +0.0000e+00 +0.0000e+00 +0.0000e+00 +0.0000e+00 +0.0000e+00 +0.0000e+00 +0.0000e+00 +0.0000e+00 +0.0000e+00 +0.0000e+00 +0.0000e+00 +0.0000e+00 +0.0000e+00 +0.0000e+00 +0.0000e+00 +0.0000e+00 +0.0000e+00 +0.0000e+00 +0.0000e+00 +0.0000e+00
6 0 +6.091103330e+02 +6.091103330e+02 +5.505303330e+02 +5.505303330e+02 +3.6609e-01 -5.5213e-01 -1.5435e+00 +2.5792e+00 +2.1783e-01 +4.8737e-01 +1.1688e-01 -1.4287e+00 +1.6757e-01 +3.4794e+00 +1.8040e-01 +1.2650e-01 +2.8417e-01 +4.2345e-01 +2.3115e-01 +1.0474e-01 -2.0711e-01 +1.6014e+00 -5.9513e-02 +3.7782e-01
57 0 +5.356527531e+02 +5.356527531e+02 +4.770727531e+02 +4.770727531e+02 +6.6918e-01 -5.4932e+00 +5.5908e+00 -3.3942e+00 -9.7628e-01 -5.3297e-02 +4.1531e-01 +2.0647e+00 +7.8731e-01 -2.0171e+00 +6.8264e-01 +8.1536e-01 +7.0691e-01 +1.4509e+00 +8.4853e-01 +6.1183e-01 -9.4862e-01 +2.3951e+00 +1.1731e+00 -2.5704e-01
162 0 +5.051036637e+02 +5.051036637e+02 +4.465236637e+02 +4.465236637e+02 -1.6151e+00 +9.2424e-01 +1.5388e+00 +1.8106e+00 +2.7156e+00 -1.2044e+00 -1.3364e+00 -2.1911e-03 +5.2011e+00 +7.4279e-01 +1.5577e+00 -3.5982e+00 +8.6137e-01 +2.7956e+00 +1.8507e+00 +5.9756e-01 +1.7848e-01 +1.0852e+00 +2.3052e+00 +1.5838e-01
186 0 +4.870068722e+02 +4.870068722e+02 +4.284268722e+02 +4.284268722e+02 -1.9751e+00 -4.8019e+00 +3.6894e+00 +4.2836e-01 +2.6764e+00 -3.3382e+00 -5.9992e-01 +1.0538e+00 +5.2598e+00 +1.2600e+00 +5.9393e-01 -4.1420e+00 +3.5241e-01 +2.2666e+00 +1.7252e+00 +5.4314e-01 -1.5246e-01 +2.8271e+00 +1.9408e+00 +3.6222e-01
206 0 +4.298246656e+02 +4.298246656e+02 +3.712446656e+02 +3.712446656e+02 -1.5713e+00 -3.5510e+00 +2.6994e+00 +2.4781e+00 +2.5362e+00 -1.4806e+00 -7.3872e-04 +1.6939e+00 +3.2443e+00 +4.6927e-01 +7.1672e-01 -3.5226e+00 +2.0011e-01 +3.0614e+00 +1.6924e+00 +4.6093e-01 -1.1751e+00 +3.3456e+00 +1.8996e+00 +1.5832e-01
216 0 +4.129077599e+02 +4.129077599e+02 +3.543277599e+02 +3.543277599e+02 +8.9059e-01 -4.5782e+00 +1.8962e+00 +2.4079e+00 +2.5171e+00 -2.5864e+00 -1.2349e+00 +3.7598e+00 +3.4616e+00 +1.1478e+00 +5.9154e-01 -3.6846e+00 +1.0745e-01 +3.5648e+00 +1.6354e+00 +5.2659e-01 -1.8760e+00 +3.8763e+00 +1.0436e+00 +1.4081e-02
249 0 +4.048915555e+02 +4.048915555e+02 +3.463115555e+02 +3.463115555e+02 +4.4091e-01 -4.3399e+00 -4.5648e-01 +1.6305e+00 +1.9681e+00 -4.0175e+00 -1.4125e+00 +7.1809e+00 +3.9831e+00 +6.4119e-01 +7.8387e-01 -3.1235e+00 +7.3499e-02 +1.8833e+00 +1.4387e+00 +5.0055e-01 -1.4808e+00 +3.1824e+00 +1.5892e+00 -8.4197e-02
270 0 +3.626188398e+02 +3.626188398e+02 +3.040388398e+02 +3.040388398e+02 +5.8322e+00 -1.7647e+00 +2.9651e+00 +3.7826e+00 +2.3837e+00 -4.3375e+00 -1.0825e+00 +3.3156e+00 +3.8734e+00 +1.1695e+00 +5.5055e-01 -3.0036e+00 -3.6356e-01 +1.1458e+00 +1.4550e+00 +5.4164e-01 -1.9797e+00 +2.2584e+00 +2.2377e+00 +1.9133e-02
297 0 +3.322119993e+02 +3.322119993e+02 +2.736319993e+02 +2.736319993e+02 +4.6700e+00 +1.9996e-02 +4.4275e+00 +3.5130e+00 +1.6205e+00 -4.6354e+00 -1.9174e+00 +4.6572e+00 +3.8390e+00 +5.2808e-01 +5.2546e-01 -3.3732e+00 -1.8821e-01 +1.5613e+00 +1.7531e+00 +6.1259e-01 -2.7965e+00 +3.3538e+00 +3.4892e+00 +1.5169e+00
320 0 +3.259274807e+02 +3.259274807e+02 +2.673474807e+02 +2.673474807e+02 +5.4862e+00 -1.0710e+00 +3.8268e+00 +2.8392e+00 +1.2884e+00 -4.6530e+00 -2.4324e+00 +5.2023e+00 +3.1704e+00 +1.3239e+00 +4.3422e-01 -2.8755e+00 -1.9599e-01 +2.0256e+00 +1.7237e+00 +5.8970e-01 -2.4550e+00 +2.6355e+00 +2.5798e+00 +1.5120e+00
331 0 +2.990550060e+02 +2.990550060e+02 +2.404750060e+02 +2.404750060e+02 +5.7557e+00 -5.7336e-01 +4.1934e+00 +3.6299e+00 +1.1787e+00 -4.4271e+00 -2.6281e+00 +5.1835e+00 +3.3157e+00 +1.9469e+00 +3.5678e-01 -2.5706e+00 -2.9816e-01 +2.1324e+00 +1.6313e+00 +5.8795e-01 -2.4915e+00 +3.2276e+00 +2.2504e+00 +8.3803e-01
466 0 +2.908090558e+02 +2.908090558e+02 +2.322290558e+02 +2.322290558e+02 +5.5312e+00 -7.0859e-01 +3.9079e+00 +1.9437e+00 +1.1461e+00 -4.6793e+00 -2.5148e+00 +3.9984e+00 +2.6114e+00 +2.0331e+00 +3.6493e-01 -3.1505e+00 -6.2829e-01 +3.1570e+00 +1.9535e+00 +5.6176e-01 -2.7651e+00 +3.5312e+00 +3.3056e+00 +1.6757e+00
467 0 +2.795430411e+02 +2.795430411e+02 +2.209630411e+02 +2.209630411e+02 +5.6261e+00 -8.2902e-01 +3.8938e+00 +1.7897e+00 +1.1539e+00 -4.5907e+00 -2.4436e+00 +4.0440e+00 +2.6342e+00 +1.6259e+00 +3.5051e-01 -3.0638e+00 -6.1916e-01 +3.0624e+00 +1.9597e+00 +5.4608e-01 -2.7539e+00 +3.5670e+00 +3.3172e+00 +1.8035e+00
729 0 +2.752169448e+02 +2.752169448e+02 +2.166369448e+02 +2.166369448e+02 +5.5361e+00 -6.4482e-01 +3.3658e+00 +1.9488e+00 +1.2313e+00 -4.7214e+00 -2.5551e+00 +4.4075e+00 +2.7674e+00 +2.3532e+00 +3.0490e-01 -3.0373e+00 -4.4547e-01 +3.7750e+00 +1.9630e+00 +5.7199e-01 -2.7518e+00 +3.7512e+00 +2.9291e+00 +1.8004e+00
772 0 +2.686038641e+02 +2.686038641e+02 +2.100238641e+02 +2.100238641e+02 +5.5430e+00 -6.2772e-01 +3.3651e+00 +1.9186e+00 +1.2053e+00 -4.7252e+00 -2.5586e+00 +4.3863e+00 +2.7325e+00 +2.3643e+00 +3.1141e-01 -3.0546e+00 -4.4455e-01 +3.7957e+00 +1.9590e+00 +5.7494e-01 -2.7612e+00 +3.7334e+00 +2.9179e+00 +1.8102e+00
838 0 +2.604873285e+02 +2.604873285e+02 +2.019073285e+02 +2.019073285e+02 +5.5649e+00 -6.4155e-01 +3.3926e+00 +1.8125e+00 +1.1950e+00 -4.7340e+00 -2.5426e+00 +4.3759e+00 +2.7103e+00 +2.3799e+00 +2.9519e-01 -3.0648e+00 -4.5087e-01 +3.8523e+00 +1.9564e+00 +5.7271e-01 -2.7482e+00 +3.7730e+00 +2.9166e+00 +1.8052e+00
% f evaluations | g evaluations | best noise-free fitness - Fopt | noise-free fitness - Fopt (-6.049200000000e+02) | measured fitness | best measured fitness | x1 | x2...
1 0 +6.296322596e+02 +6.296322596e+02 +2.471225958e+01 +2.471225958e+01 +0.0000e+00 +0.0000e+00 +0.0000e+00 +0.0000e+00 +0.0000e+00 +0.0000e+00 +0.0000e+00 +0.0000e+00 +0.0000e+00 +0.0000e+00 +0.0000e+00 +0.0000e+00 +0.0000e+00 +0.0000e+00 +0.0000e+00 +0.0000e+00 +0.0000e+00 +0.0000e+00 +0.0000e+00 +0.0000e+00
18 0 +5.109813544e+02 +5.109813544e+02 -9.393864565e+01 -9.393864565e+01 -5.2678e-02 -1.2543e-01 +1.1608e+00 -1.3491e+00 +1.3918e-02 +5.4932e-02 +9.1942e-03 +2.0355e-02 -1.7372e-01 -8.6815e-01 +6.3476e-01 -5.9421e-01 -4.1480e-01 +1.2766e+00 -5.6619e-01 +6.9743e-01 +1.5317e+00 -3.5085e+00 +1.3936e+00 -1.0813e+00
96 0 +4.951993722e+02 +4.951993722e+02 -1.097206278e+02 -1.097206278e+02 -3.1273e-01 +9.8594e-01 +8.8650e-02 -1.4266e+00 -1.1279e-01 -1.4056e-02 -5.1158e-02 -7.8302e-01 -2.5484e-01 -1.3144e-01 +1.4887e+00 -5.5697e-01 -2.8008e-01 +1.5058e+00 -5.9749e-02 +3.5076e+00 +6.2918e-01 -2.3058e+00 -3.4785e-01 +5.4698e-01
113 0 +4.842221574e+02 +4.842221574e+02 -1.206978426e+02 -1.206978426e+02 -3.5472e-01 +1.1539e+00 +1.4750e-01 -5.7494e-01 -7.8317e-02 -1.7900e-02 -4.1280e-02 -5.6006e-01 -2.5196e-01 +5.6176e-02 +6.7847e-01 -6.7303e-01 -3.8039e-01 +9.4863e-04 -5.5932e-01 +4.2376e+00 +6.8706e-01 -2.5464e+00 -1.0111e+00 -2.4910e+00
145 0 +4.729958316e+02 +4.729958316e+02 -1.319241684e+02 -1.319241684e+02 -3.3071e-01 +1.0439e+00 -2.4836e-02 +2.1710e+00 -1.2793e-03 -3.8114e-03 -2.0791e-02 -6.1973e-01 -1.4771e-01 +1.7729e+00 +8.8678e-01 -1.8488e+00 -6.0887e-02 +1.5140e+00 -5.4033e-01 +2.7507e+00 +6.0758e-01 -2.7086e+00 -6.7895e-01 +7.4345e-01
161 0 +4.490507592e+02 +4.490507592e+02 -1.558692408e+02 -1.558692408e+02 -1.9694e-01 +6.3459e-01 +2.7960e-01 +3.3184e+00 -1.3760e-01 -6.6985e-02 -1.1103e-02 -7.1997e-01 -3.9330e-01 +4.7384e-02 +8.7209e-01 -2.2110e+00 -9.8510e-02 +1.2206e+00 -1.0073e+00 +3.6337e+00 +4.9160e-01 -2.9185e+00 -9.4650e-01 -3.7449e-01
% f evaluations | g evaluations | best noise-free fitness - Fopt | noise-free fitness - Fopt (1.337000000000e+02) | measured fitness | best measured fitness | x1 | x2...
1 0 +5.279990527e+02 +5.279990527e+02 +6.616990527e+02 +6.616990527e+02 +0.0000e+00 +0.0000e+00 +0.0000e+00 +0.0000e+00 +0.0000e+00 +0.0000e+00 +0.0000e+00 +0.0000e+00 +0.0000e+00 +0.0000e+00 +0.0000e+00 +0.0000e+00 +0.0000e+00 +0.0000e+00 +0.0000e+00 +0.0000e+00 +0.0000e+00 +0.0000e+00 +0.0000e+00 +0.0000e+00
6 0 +5.222684308e+02 +5.222684308e+02 +6.559684308e+02 +6.559684308e+02 -6.1910e-01 +4.3239e-01 +5.9563e-01 -3.5021e-01 -3.6250e+00 -8.8469e-02 +5.6254e-01 +5.0505e-01 +3.2435e-01 +4.3607e-01 +2.5028e+00 -1.5633e-01 -2.4379e-01 -8.8001e-02 +8.7895e-02 +6.0937e-03 -9.7129e-01 +1.4618e+00 -4.3017e-01 +7.3062e-02
12 0 +4.786511405e+02 +4.786511405e+02 +6.123511405e+02 +6.123511405e+02 -6.6195e-01 +3.1783e-01 -1.3482e-01 +2.0320e+00 -3.9279e+00 -7.6153e-01 -3.5237e-01 -2.3448e-01 -1.5035e-01 -4.5123e-01 +2.8112e+00 -5.9374e-01 -3.7553e-01 +4.0653e-01 -4.4879e-02 +5.8628e-03 +9.3521e-01 +4.1105e-01 -3.3098e-01 -1.1950e+00
22 0 +4.157313136e+02 +4.157313136e+02 +5.494313136e+02 +5.494313136e+02 +1.5861e+00 +3.2802e-01 +5.5993e-01 +3.9837e+00 -2.0672e+00 +3.5711e-02 -8.2930e-01 -5.4981e-01 -8.1744e-02 +4.1674e-01 -1.6857e+00 -2.8094e+00 -2.1261e-01 +5.5432e-01 -6.3856e-02 +9.5143e-03 +1.4093e+00 +9.9764e-01 -1.9939e-01 -1.9899e+00
37 0 +3.987963041e+02 +3.987963041e+02 +5.324963041e+02 +5.324963041e+02 +8.4676e-01 +2.0046e-03 +7.4313e-01 +3.1786e+00 -7.9062e-01 +6.9480e-01 -9.4242e-01 -9.5226e-01 -1.2312e-01 +1.8771e-01 +2.9636e+00 -2.1871e+00 -5.7810e-01 +7.2728e-01 -2.1724e-01 +6.9623e-03 +1.4666e+00 +1.6756e+00 -1.7487e-01 -9.7925e-01
40 0 +3.548301409e+02 +3.548301409e+02 +4.885301409e+02 +4.885301409e+02 +6.8356e-01 +8.1426e-01 +5.5525e-01 +2.7255e+00 -1.5957e+00 +2.0489e-01 -7.1444e-01 -6.1367e-01 +2.9752e-01 +9.3812e-01 +4.0821e-01 -2.9282e+00 -8.2522e-01 +5.8691e-01 +1.0267e-01 +1.4790e-02 +2.8197e-01 +1.0803e+00 -2.1164e-01 -9.4769e-01
% f evaluations | g evaluations | best noise-free fitness - Fopt | noise-free fitness - Fopt (-2.098000000000e+01) | measured fitness | best measured fitness | x1 | x2...
1 0 +9.498315363e+02 +9.498315363e+02 +9.288515363e+02 +9.288515363e+02 +0.0000e+00 +0.0000e+00 +0.0000e+00 +0.0000e+00 +0.0000e+00 +0.0000e+00 +0.0000e+00 +0.0000e+00 +0.0000e+00 +0.0000e+00 +0.0000e+00 +0.0000e+00 +0.0000e+00 +0.0000e+00 +0.0000e+00 +0.0000e+00 +0.0000e+00 +0.0000e+00 +0.0000e+00 +0.0000e+00
16 0 +8.462561630e+02 +8.462561630e+02 +8.252761630e+02 +8.252761630e+02 +5.6042e-01 -1.7695e+00 -1.5050e+00 -5.0962e-01 -2.0282e-01 -1.3225e-02 +6.3850e-03 -6.1982e-01 +2.6397e+00 +1.4617e+00 +2.2212e+00 -9.3009e-01 -1.4221e+00 -1.3279e+00 -1.8186e-01 +4.7654e-01 -7.4175e-01 -1.3327e+00 +8.8517e-02 +3.1603e+00
22 0 +7.088581596e+02 +7.088581596e+02 +6.878781596e+02 +6.878781596e+02 +5.5690e-01 -2.4593e+00 -1.5304e+00 -3.9186e-01 -8.4158e-02 -5.1468e-02 +3.8789e-04 -1.9303e-01 +8.2990e-01 +7.9667e-01 -2.7136e-01 +3.6420e-01 -1.5068e+00 -3.0471e+00 +1.1758e-01 +3.4743e-01 -1.7518e+00 -1.6280e+00 +5.4905e-01 +3.2107e+00
35 0 +7.045719416e+02 +7.045719416e+02 +6.835919416e+02 +6.835919416e+02 +6.0069e-01 -8.4492e-01 -3.4825e+00 +4.2931e-03 +2.9674e-01 -1.0283e-01 +6.4385e-03 -2.2018e-01 -2.2556e-01 +1.3709e+00 +6.0430e-01 -1.0442e+00 -9.2294e-01 -2.9556e+00 -1.1736e+00 +1.3351e-01 +1.0467e-01 -1.5114e+00 +1.9355e-01 +2.2412e+00
38 0 +6.018062792e+02 +6.018062792e+02 +5.808262792e+02 +5.808262792e+02 +3.4529e-01 -5.3953e-01 -2.0588e+00 -7.4992e-01 +2.7961e-01 -9.3521e-02 -1.5985e-03 +4.8335e-01 +9.9970e-01 +1.2623e+00 +7.0221e-01 +4.3109e+00 -1.3911e+00 -1.2021e+00 -5.4613e-01 -4.9422e-01 -1.5009e+00 -8.3385e-01 +4.4063e-01 +1.5591e+00
63 0 +5.660390780e+02 +5.660390780e+02 +5.450590780e+02 +5.450590780e+02 +6.8451e-01 -2.0860e+00 +5.4038e-02 +1.3060e-01 -1.0457e-01 +2.8492e-03 -1.2983e-01 +1.3041e-01 +7.4648e-01 +4.9130e-01 +1.0386e-01 +6.5659e-01 -1.6630e+00 -3.7567e+00 +2.5109e-02 -1.5910e-01 -1.0396e+00 -1.9991e+00 +8.2483e-02 +1.8346e+00
78 0 +5.462902386e+02 +5.462902386e+02 +5.253102386e+02 +5.253102386e+02 +7.4085e-01 -1.9395e+00 -6.8418e-02 +1.2734e-01 +3.3149e-02 -1.9319e-02 -9.2594e-02 +3.0981e-01 -2.2470e-01 +5.5391e-01 +6.0310e-01 +6.2144e-01 -2.6280e+00 -3.0775e+00 +1.4791e-01 -4.5112e-01 -1.3350e+00 -1.6749e+00 +1.2781e-01 +3.1799e+00
84 0 +5.339893115e+02 +5.339893115e+02 +5.130093115e+02 +5.130093115e+02 +9.7263e-01 -2.3521e+00 -1.4522e+00 +3.9322e-01 -5.4470e-01 +1.3278e-02 -1.7720e-01 +3.1462e-01 +4.8693e-01 +1.5530e+00 +1.0533e+00 -8.3376e-01 -2.4107e+00 -3.5411e+00 -3.9564e-01 -8.4403e-01 -1.9429e+00 -1.8722e+00 +1.5362e-01 +9.1644e-01
94 0 +5.238425020e+02 +5.238425020e+02 +5.028625020e+02 +5.028625020e+02 +1.0066e+00 -2.0846e+00 -1.0097e+00 +5.4515e-01 -1.1087e-01 +1.8064e-02 -1.9489e-01 +1.0346e+00 -3.8151e-01 +1.0503e+00 +3.4255e-01 +1.0153e+00 -3.5843e+00 -4.1848e+00 +4.0131e-01 -5.5540e-01 -2.9013e+00 -1.5847e+00 +5.3974e-01 +2.1077e+00
95 0 +4.959890337e+02 +4.959890337e+02 +4.750090337e+02 +4.750090337e+02 +8.6258e-01 -2.0636e+00 -2.4441e+00 +3.8653e-02 +9.6196e-01 +1.8386e-02 -7.3936e-02 +4.4959e-01 +2.9551e-01 +1.4058e+00 -7.8212e-01 -9.5098e-01 -2.4066e+00 -4.0134e+00 -8.4161e-01 -1.2320e+00 -1.2751e+00 -1.7736e+00 +3.7813e-01 +2.0557e+00
102 0 +4.606579185e+02 +4.606579185e+02 +4.396779185e+02 +4.396779185e+02 +1.1558e+00 -2.8989e+00 -1.0018e+00 +2.3165e-01 +1.3323e-01 +2.0118e-02 -1.2272e-01 -6.6652e-01 -1.0613e+00 +2.3926e+00 -7.5730e-01 +1.2755e+00 -2.8030e+00 -4.7510e+00 -1.4754e-01 -1.3158e+00 -2.1654e+00 -1.5414e+00 +4.7390e-01 +2.7539e+00
117 0 +4.405280429e+02 +4.405280429e+02 +4.195480429e+02 +4.195480429e+02 +1.0946e+00 -1.7422e+00 -1.1174e+00 +2.8149e-01 -1.5753e-01 +6.7538e-02 -1.2228e-01 +2.0462e-01 -7.6791e-01 +2.4438e+00 -6.7320e-01 +2.0624e+00 -3.2876e+00 -4.3611e+00 -8.9203e-01 -9.7568e-01 -2.2495e+00 -1.7623e+00 +5.1077e-01 +2.6223e+00
124 0 +4.049571629e+02 +4.049571629e+02 +3.839771629e+02 +3.839771629e+02 +1.0748e+00 -1.0353e+00 -1.3897e+00 +4.3955e-02 -7.0141e-01 +6.9544e-02 -6.4607e-02 +1.5953e+00 -9.0750e-01 +2.0513e+00 -1.7553e-01 +3.7287e+00 -3.5332e+00 -4.6584e+00 -1.5728e+00 -9.7954e-01 -2.3464e+00 -1.7776e+00 +5.7191e-01 +2.9874e+00
474 0 +3.951688462e+02 +3.951688462e+02 +3.741888462e+02 +3.741888462e+02 -9.0738e-01 -1.8726e+00 -2.4134e+00 +1.6581e+00 +1.6774e+00 +3.1037e-02 -4.2086e-01 +6.3907e-01 +1.5699e-02 +4.5659e+00 -6.8649e-01 +6.6046e-01 -3.2338e+00 -1.9176e+00 +1.9787e+00 -3.1937e+00 -2.6787e+00 -5.9620e+00 +1.4394e+00 +1.5242e+00
500 0 +3.756838791e+02 +3.756838791e+02 +3.547038791e+02 +3.547038791e+02 -9.7379e-01 -4.2562e+00 -5.5101e-01 +1.7366e+00 +7.9047e-02 +3.7989e-02 -3.7282e-01 +3.2376e-02 -1.5146e+00 +3.3014e+00 +8.8535e-01 -1.4938e+00 -3.0924e+00 -3.3827e+00 +1.2232e+00 -3.4182e+00 -3.4395e+00 -5.6522e+00 +1.8830e+00 +1.8503e+00
641 0 +3.640897682e+02 +3.640897682e+02 +3.431097682e+02 +3.431097682e+02 +1.0685e-01 -2.5140e-01 -2.6032e+00 +1.9672e+00 +1.7881e+00 +6.0576e-02 -5.2395e-01 -1.6785e+00 -5.0724e-02 +4.5715e+00 -1.7694e+00 +1.6354e+00 -2.1239e+00 -1.2654e+00 -7.9008e-01 -4.3598e+00 -1.4808e+00 -4.5989e+00 +1.3755e+00 +2.2908e+00
645 0 +3.426406305e+02 +3.426406305e+02 +3.216606305e+02 +3.216606305e+02 +7.5384e-02 -5.2120e-01 -2.5452e+00 +2.2304e+00 +1.1257e+00 +5.6842e-02 -5.3020e-01 -1.1539e+00 +4.7956e-01 +4.3350e+00 -1.9072e+00 +1.6722e+00 -1.2526e+00 -1.5728e+00 -7.5649e-01 -4.3624e+00 -1.3961e+00 -4.7801e+00 +1.3361e+00 +2.8644e+00
678 0 +3.253626569e+02 +3.253626569e+02 +3.043826569e+02 +3.043826569e+02 -4.2284e-02 -1.6793e+00 -2.5510e+00 +2.6046e+00 +1.3337e+00 +8.8323e-02 -5.2384e-01 -7.4483e-01 +2.4437e-02 +5.0248e+00 -1.3028e+00 +1.5093e+00 -1.4329e+00 -1.3908e+00 -8.8293e-01 -4.0614e+00 -1.9719e+00 -4.4499e+00 +1.4374e+00 +1.8266e+00
895 0 +3.223993583e+02 +3.223993583e+02 +3.014193583e+02 +3.014193583e+02 -4.1858e-01 -1.8451e+00 -2.6551e+00 +2.5249e+00 +1.0492e+00 +1.3030e-01 -5.3039e-01 +2.0276e-01 -2.1091e+00 +4.6651e+00 -5.0064e-01 +4.0486e+00 -4.6028e+00 -2.9069e+00 -1.9353e+00 -4.9085e+00 -1.9450e+00 -4.1264e+00 +1.7277e+00 +2.4733e+00
899 0 +3.111606828e+02 +3.111606828e+02 +2.901806828e+02 +2.901806828e+02 -4.0431e-01 -1.6890e+00 -1.6156e+00 +2.5338e+00 +1.0086e+00 +1.1988e-01 -5.2915e-01 +5.4729e-01 -1.3271e+00 +4.3649e+00 -9.6803e-01 +3.5672e+00 -3.8245e+00 -3.7892e+00 -2.0718e+00 -4.9473e+00 -1.9137e+00 -3.9644e+00 +1.7218e+00 +3.2103e+00
972 0 +2.891100197e+02 +2.891100197e+02 +2.681300197e+02 +2.681300197e+02 -3.4264e-01 -1.8821e+00 -2.4981e+00 +2.6337e+00 +1.1266e+00 +1.3366e-01 -5.2810e-01 +2.8311e-01 -2.6309e+00 +4.4683e+00 -3.1786e-01 +3.7562e+00 -3.9050e+00 -3.4765e+00 -1.6104e+00 -4.8843e+00 -2.0088e+00 -3.9919e+00 +1.5810e+00 +2.8840e+00
988 0 +2.828070024e+02 +2.828070024e+02 +2.618270024e+02 +2.618270024e+02 -3.5615e-01 -1.8284e+00 -2.2859e+00 +2.5963e+00 +1.1607e+00 +1.3195e-01 -5.4252e-01 +2.5675e-01 -2.7806e+00 +4.4403e+00 -2.4128e-01 +3.6578e+00 -3.9447e+00 -3.4243e+00 -1.6008e+00 -4.8803e+00 -1.9238e+00 -4.0294e+00 +1.5820e+00 +2.8311e+00
% f evaluations | g evaluations | best noise-free fitness - Fopt | noise-free fitness - Fopt (1.353300000000e+02) | measured fitness | best measured fitness | x1 | x2...
1 0 +8.242654152e+02 +8.242654152e+02 +9.595954152e+02 +9.595954152e+02 +0.0000e+00 +0.0000e+00 +0.0000e+00 +0.0000e+00 +0.0000e+00 +0.0000e+00 +0.0000e+00 +0.0000e+00 +0.0000e+00 +0.0000e+00 +0.0000e+00 +0.0000e+00 +0.0000e+00 +0.0000e+00 +0.0000e+00 +0.0000e+00 +0.0000e+00 +0.0000e+00 +0.0000e+00 +0.0000e+00
8 0 +6.583846236e+02 +6.583846236e+02 +7.937146236e+02 +7.937146236e+02 -2.2410e-01 +6.1627e-02 -1.8610e-01 +3.4939e-01 +1.8051e-02 -8.6674e-01 +5.1373e-01 -4.2655e-01 -9.9166e-01 -2.1077e-01 -6.3110e-01 +5.2697e-01 -4.8264e-01 -7.8063e-01 +1.7112e-02 +1.0834e+00 +2.0458e-02 -1.0329e+00 -9.2901e-01 -1.7015e+00
49 0 +6.414207277e+02 +6.414207277e+02 +7.767507277e+02 +7.767507277e+02 -3.1356e-01 -1.0606e+00 -1.0192e+00 +1.2648e+00 -3.3982e-02 -2.7080e+00 +1.3788e+00 -1.2582e-01 -4.0572e+00 +2.6052e-02 +8.2775e-01 -8.0810e-01 -1.4162e+00 +1.4462e+00 +1.3610e+00 -4.7904e+00 -1.5458e-01 +1.2578e+00 +1.9339e+00 -1.3323e+00
51 0 +5.097648563e+02 +5.097648563e+02 +6.450948563e+02 +6.450948563e+02 -3.4103e-01 -6.2224e-01 -1.3294e+00 +1.0160e+00 -2.6245e-02 -2.5204e+00 +2.1155e+00 +2.3795e-01 -4.0897e+00 +4.1076e-01 +6.6813e-01 +1.6108e+00 -2.4697e+00 +3.2120e-01 +8.2136e-01 -2.3581e-01 -8.6249e-02 -4.4488e-01 +3.9166e-01 -1.8687e+00
94 0 +4.659853497e+02 +4.659853497e+02 +6.013153497e+02 +6.013153497e+02 -5.5280e-01 -1.0167e+00 -7.1038e-01 +1.2491e+00 +1.4401e-02 -3.8038e+00 +2.6798e+00 -3.8523e-02 +6.2794e-01 +3.6570e-01 -7.3643e-01 +2.3803e+00 -4.3988e+00 +1.1871e+00 -6.6833e-01 -2.7600e+00 -1.1507e-01 +4.0226e-01 +5.0944e-01 -2.8127e+00
103 0 +4.270885491e+02 +4.270885491e+02 +5.624185491e+02 +5.624185491e+02 -1.0134e+00 -1.1404e+00 -7.1378e-01 +7.7821e-01 +1.9099e-02 -4.2920e+00 +1.4224e+00 -5.6230e-01 -1.6564e+00 +5.9893e-01 -2.0215e-01 +3.3336e-01 -4.1832e+00 +3.7792e-01 +4.1096e-02 -2.2680e+00 -7.2304e-02 -1.9840e-01 +1.4016e+00 -3.1180e+00
138 0 +3.792866805e+02 +3.792866805e+02 +5.146166805e+02 +5.146166805e+02 -1.7363e+00 +1.0815e-01 -1.3587e+00 +5.4611e-01 +4.7122e-02 -3.7653e+00 +1.9710e+00 +3.4222e-01 +8.9675e-01 +3.8770e-01 -5.3554e-01 +1.9055e+00 -4.2759e+00 -7.6906e-02 -8.9909e-01 -3.4303e+00 -4.9604e-02 +5.7008e-01 +3.1389e+00 -2.8879e+00
% f evaluations | g evaluations | best noise-free fitness - Fopt | noise-free fitness - Fopt (4.066000000000e+01) | measured fitness | best measured fitness | x1 | x2...
1 0 +8.139802045e+02 +8.139802045e+02 +8.546402045e+02 +8.546402045e+02 +0.0000e+00 +0.0000e+00 +0.0000e+00 +0.0000e+00 +0.0000e+00 +0.0000e+00 +0.0000e+00 +0.0000e+00 +0.0000e+00 +0.0000e+00 +0.0000e+00 +0.0000e+00 +0.0000e+00 +0.0000e+00 +0.0000e+00 +0.0000e+00 +0.0000e+00 +0.0000e+00 +0.0000e+00 +0.0000e+00
7 0 +8.007496972e+02 +8.007496972e+02 +8.414096972e+02 +8.414096972e+02 +2.0398e-01 -3.6650e-01 +2.2563e-01 +1.1410e+00 +4.0615e-01 +1.4411e-01 -1.1967e-01 -9.9240e-02 -6.9861e-01 +2.3627e-01 +1.9859e+00 +4.3496e-01 -3.3248e-02 +8.9205e-01 -6.0227e-01 +5.6702e-02 -2.0927e-01 +1.0407e-01 -4.3555e-02 +4.1078e-02
10 0 +7.346174985e+02 +7.346174985e+02 +7.752774985e+02 +7.752774985e+02 +5.9553e-02 +5.8893e-01 -8.0517e-01 -1.8352e+00 +2.6295e-01 +4.0772e-01 -2.2013e-01 +7.8001e-02 -7.7139e-01 +4.7141e-04 -1.7226e+00 +4.6527e-01 -2.8978e-01 -1.1058e-01 +4.8319e+00 -7.8275e-01 -3.5527e-01 +2.7132e-01 -5.5544e-03 +2.6749e+00
14 0 +7.192990372e+02 +7.192990372e+02 +7.599590372e+02 +7.599590372e+02 -1.3098e-01 +3.5309e-01 +1.3075e+00 -2.4020e-01 +3.0453e-01 +4.2197e-01 -1.1409e-01 -1.0752e-01 -1.5438e+00 +4.1873e-01 +1.4998e+00 +9.5651e-01 +3.1334e-01 +1.6015e+00 -1.3314e-01 +1.2831e+00 -6.8162e-02 +3.0514e-01 -2.8868e-02 +7.7744e-01
18 0 +6.955819077e+02 +6.955819077e+02 +7.362419077e+02 +7.362419077e+02 -3.5477e-02 +1.9918e-01 -4.7425e-01 +3.7979e-01 +2.7090e-01 +5.0488e-01 -5.6311e-02 -4.5467e-02 -1.1557e-02 +6.0912e-02 -1.1008e+00 +7.8658e-01 -1.5293e-01 +2.3469e+00 +6.9398e-02 -2.8633e+00 -8.2065e-02 +2.9954e-01 -2.8816e-02 +2.4802e+00
23 0 +6.642196186e+02 +6.642196186e+02 +7.048796186e+02 +7.048796186e+02 -1.8970e-01 +7.1078e-01 +1.7425e+00 -1.7215e+00 -1.2885e-01 +3.2071e-01 -9.5604e-02 -2.3027e-01 -1.2866e+00 +5.6260e-01 +3.1036e-01 +6.6231e-01 -1.1855e+00 +3.9308e+00 +1.5574e+00 -2.0427e+00 -7.5729e-02 +2.3038e-01 -2.4963e-02 +3.2944e+00
37 0 +6.501621102e+02 +6.501621102e+02 +6.908221102e+02 +6.908221102e+02 +4.0440e-01 +8.6571e-01 -1.5141e+00 -1.7709e+00 +2.7105e-01 +5.0024e-01 +1.9963e-02 -1.2112e-01 -1.6141e+00 +6.5832e-01 -6.7964e-01 +2.0336e+00 -1.1484e+00 +2.6101e+00 +1.4768e+00 +6.9454e-01 -1.2844e+00 +1.3796e-01 -4.5540e-02 +2.9437e+00
46 0 +6.144998251e+02 +6.144998251e+02 +6.551598251e+02 +6.551598251e+02 -6.4128e-01 +7.4059e-01 -1.8553e+00 -6.8361e-01 +3.6467e-01 +8.4996e-01 -1.4197e-01 -1.4980e-01 -3.5574e-01 +7.3268e-01 +1.3275e+00 +1.9470e+00 -1.7767e+00 +4.2884e+00 +3.2136e+00 +8.5596e-01 +1.2905e+00 +6.6121e-01 -6.2938e-02 +2.2342e+00
336 0 +5.881743972e+02 +5.881743972e+02 +6.288343972e+02 +6.288343972e+02 -4.0028e-01 -4.0354e+00 -1.7281e+00 -1.2051e+00 +2.7188e+00 +4.8545e+00 -5.0164e-01 -3.9929e-01 +2.7535e+00 +1.9429e+00 -7.7021e-02 +2.3824e+00 -7.9098e+00 +3.7231e+00 +2.5608e+00 +1.0755e+00 -1.6624e+00 +1.5908e+00 +1.2051e-01 +2.2053e+00
374 0 +5.515567459e+02 +5.515567459e+02 +5.922167459e+02 +5.922167459e+02 -4.8714e-01 -3.7083e+00 -7.7303e-01 -3.1093e+00 +3.0150e+00 +4.8657e+00 -5.6349e-01 -4.8331e-01 +3.2609e+00 +2.7921e+00 -1.1610e+00 +1.3947e+00 -8.0978e+00 +2.9929e+00 +2.6485e+00 +1.0407e+00 -1.2741e+00 +1.7921e+00 +1.4337e-01 +2.2081e+00
381 0 +5.418023481e+02 +5.418023481e+02 +5.824623481e+02 +5.824623481e+02 -4.4981e-01 -3.9000e+00 +8.2078e-02 -2.8044e+00 +2.8347e+00 +4.7873e+00 -5.3824e-01 -3.4195e-01 +3.0687e+00 +1.5842e+00 -1.0833e+00 +1.3027e+00 -8.0404e+00 +3.0045e+00 +3.1423e+00 +2.4263e+00 -1.2049e+00 +1.6985e+00 +1.3683e-01 +2.5348e+00
387 0 +5.366580245e+02 +5.366580245e+02 +5.773180245e+02 +5.773180245e+02 -3.4561e-01 -3.8005e+00 -3.9589e-01 -2.1422e+00 +2.9808e+00 +4.7631e+00 -5.6469e-01 -3.9091e-01 +3.6285e+00 +2.0726e+00 -1.8959e+00 +1.3229e+00 -8.0148e+00 +3.3439e+00 +3.2718e+00 +1.9582e+00 -1.2038e+00 +1.6119e+00 +1.4035e-01 +2.4875e+00
413 0 +5.117298413e+02 +5.117298413e+02 +5.523898413e+02 +5.523898413e+02 -5.2278e-01 -3.4801e+00 +3.4471e-02 -1.6989e+00 +3.0562e+00 +4.9180e+00 -5.5126e-01 -3.8378e-01 +3.3323e+00 +2.3775e+00 -2.3580e+00 +1.2392e+00 -8.0259e+00 +2.4260e+00 +2.1244e+00 +3.5438e+00 -9.4083e-01 +1.6506e+00 +1.3601e-01 +2.5797e+00
547 0 +4.756932957e+02 +4.756932957e+02 +5.163532957e+02 +5.163532957e+02 +2.0600e+00 -4.8883e+00 +4.0159e+00 -6.1908e+00 +3.0683e+00 +4.5041e+00 -8.0450e-01 -3.8622e-01 +4.1477e+00 +8.8278e-01 -2.1151e+00 +1.3737e+00 -5.0488e+00 +2.6205e+00 +1.5831e+00 +3.7727e+00 +5.6923e-01 +1.3257e+00 +6.1418e-02 +1.0767e+00
