% f evaluations | g evaluations | best noise-free fitness - Fopt | noise-free fitness - Fopt (-4.620900000000e+02) | measured fitness | best measured fitness | x1 | x2...
1 0 +2.351050127e+02 +2.351050127e+02 -2.269849873e+02 -2.269849873e+02 +0.0000e+00 +0.0000e+00 +0.0000e+00 +0.0000e+00 +0.0000e+00 +0.0000e+00 +0.0000e+00 +0.0000e+00 +0.0000e+00 +0.0000e+00
2 0 +2.172613816e+02 +2.172613816e+02 -2.448286184e+02 -2.448286184e+02 +1.0381e-01 -1.5151e-01 -1.6580e-01 +7.2891e-01 -6.7220e-02 +1.3003e-01 +5.6320e-03 +6.1923e-01 +3.0597e-01 -4.7573e-01
8 0 +1.866988724e+02 +1.866988724e+02 -2.753911276e+02 -2.753911276e+02 -1.5703e-01 -4.2118e-01 -1.1043e-01 -4.5898e-01 +3.1219e-01 +2.7141e+00 +3.0678e-02 -2.3551e-01 +4.9819e-01 -2.0891e-01
152 0 +1.744654236e+02 +1.744654236e+02 -2.876245764e+02 -2.876245764e+02 -5.7328e-01 -3.4953e-01 -3.2530e-01 +2.0503e+00 +2.1561e-02 +3.1464e+00 +1.0547e-01 +7.2363e-02 +5.1849e-01 +6.6305e-03
176 0 +1.336322246e+02 +1.336322246e+02 -3.284577754e+02 -3.284577754e+02 -5.9239e-01 +4.3544e-01 -2.9419e-01 -1.5345e+00 +4.3044e-01 +1.0974e+00 +1.9534e-01 +1.7938e+00 +1.0211e+00 -2.9552e-01
% f evaluations | g evaluations | best noise-free fitness - Fopt | noise-free fitness - Fopt (7.766000000000e+01) | measured fitness | best measured fitness | x1 | x2...
1 0 +5.704655230e+02 +5.704655230e+02 +6.481255230e+02 +6.481255230e+02 +0.0000e+00 +0.0000e+00 +0.0000e+00 +0.0000e+00 +0.0000e+00 +0.0000e+00 +0.0000e+00 +0.0000e+00 +0.0000e+00 +0.0000e+00
2 0 +4.538711135e+02 +4.538711135e+02 +5.315311135e+02 +5.315311135e+02 -2.9830e-01 +1.0219e-01 -3.2416e-01 -1.7636e+00 +2.7695e-01 +1.2991e-01 -1.1130e-01 -9.8477e-01 -2.3704e-02 -5.8185e-01
4 0 +2.135534954e+02 +2.135534954e+02 +2.912134954e+02 +2.912134954e+02 -7.2732e-01 -7.4118e-01 +1.3964e-02 -6.3485e-01 +4.4969e-02 +1.5951e+00 +1.7793e+00 -1.7658e+00 +2.0654e-01 -1.9326e+00
35 0 +2.041371901e+02 +2.041371901e+02 +2.817971901e+02 +2.817971901e+02 +1.8685e+00 -1.1365e+00 -2.4347e-01 +2.1257e+00 +9.0223e-02 +1.9830e-01 +2.4750e+00 -1.6432e+00 -7.1037e-01 -3.5684e+00
56 0 +1.642579611e+02 +1.642579611e+02 +2.419179611e+02 +2.419179611e+02 +1.0298e+00 -1.0416e+00 -8.4502e-03 -1.6523e+00 -6.8193e-01 -2.0720e+00 +2.0645e+00 -1.0890e+00 -1.8174e-01 -3.1411e+00
58 0 +1.329107131e+02 +1.329107131e+02 +2.105707131e+02 +2.105707131e+02 +4.2330e-01 -1.8790e+00 -3.4330e-02 +2.0986e+00 -3.4705e-01 +8.7879e-01 +2.5047e+00 -5.8690e-01 +4.7808e-01 -3.1363e+00
74 0 +1.215289255e+02 +1.215289255e+02 +1.991889255e+02 +1.991889255e+02 +5.9191e-01 -2.2530e+00 +4.2708e-01 +2.7255e+00 -7.9924e-01 -3.2203e+00 +1.8435e+00 -6.7987e-01 -2.7674e-01 -3.0838e+00
85 0 +1.190219698e+02 +1.190219698e+02 +1.966819698e+02 +1.966819698e+02 +6.2575e-01 -2.3354e+00 +2.4199e-01 +2.5819e+00 -9.2757e-01 -2.6131e+00 +1.7541e+00 -9.6817e-01 -7.9816e-02 -3.5938e+00
126 0 +9.882290428e+01 +9.882290428e+01 +1.764829043e+02 +1.764829043e+02 +8.2028e-01 -2.5327e+00 +3.8816e-01 +4.1154e+00 -1.4345e+00 -6.1371e-01 +1.8859e+00 -5.6514e-01 -4.6785e-01 -4.1440e+00
170 0 +7.399086696e+01 +7.399086696e+01 +1.516508670e+02 +1.516508670e+02 +6.0571e-01 -2.5821e+00 +8.6328e-02 +3.9099e+00 -1.5967e+00 -1.1714e+00 +2.3608e+00 -7.3216e-01 -6.1389e-01 -4.1149e+00
356 0 +7.157905414e+01 +7.157905414e+01 +1.492390541e+02 +1.492390541e+02 -7.1758e-01 -2.5152e+00 +3.5915e-01 +2.6451e+00 -1.6430e+00 -7.7843e-01 +5.8814e-01 -3.6551e-02 +6.1795e-01 -3.4675e+00
368 0 +6.881204408e+01 +6.881204408e+01 +1.464720441e+02 +1.464720441e+02 -6.4344e-01 -2.7796e+00 +3.5244e-01 +2.5227e+00 -1.8727e+00 -4.2800e-01 +5.8199e-01 -8.5914e-02 +4.9325e-01 -3.2401e+00
373 0 +6.644025828e+01 +6.644025828e+01 +1.441002583e+02 +1.441002583e+02 -8.4980e-01 -2.5838e+00 +4.0088e-01 +2.6143e+00 -1.6664e+00 -5.5057e-01 +1.1059e+00 +1.1986e-02 +4.2070e-01 -3.8708e+00
436 0 +5.585826712e+01 +5.585826712e+01 +1.335182671e+02 +1.335182671e+02 -8.0938e-01 -2.4625e+00 +2.6563e-01 +3.3712e+00 -1.7650e+00 -8.6943e-01 +1.1119e+00 +1.4125e-01 +5.2207e-01 -4.1512e+00
458 0 +5.355349466e+01 +5.355349466e+01 +1.312134947e+02 +1.312134947e+02 -9.1495e-01 -2.4582e+00 +3.2906e-01 +3.4614e+00 -1.8054e+00 -9.8591e-01 +1.1265e+00 +1.2317e-01 +5.6325e-01 -4.1831e+00
459 0 +4.721945200e+01 +4.721945200e+01 +1.248794520e+02 +1.248794520e+02 -8.9738e-01 -2.4875e+00 +2.9753e-01 +3.4131e+00 -1.8135e+00 -1.0014e+00 +1.1076e+00 +1.2639e-01 +5.8147e-01 -4.1363e+00
467 0 +4.345121994e+01 +4.345121994e+01 +1.211112199e+02 +1.211112199e+02 -8.7193e-01 -2.4467e+00 +3.3005e-01 +3.4443e+00 -1.8124e+00 -1.0928e+00 +1.0739e+00 +1.0412e-01 +5.5317e-01 -4.1949e+00
472 0 +4.041510006e+01 +4.041510006e+01 +1.180751001e+02 +1.180751001e+02 -8.4507e-01 -2.4399e+00 +3.2745e-01 +3.2769e+00 -1.8029e+00 -1.0683e+00 +1.0579e+00 +9.1687e-02 +5.6604e-01 -4.2054e+00
486 0 +3.953264519e+01 +3.953264519e+01 +1.171926452e+02 +1.171926452e+02 -8.7902e-01 -2.4596e+00 +3.1233e-01 +3.3237e+00 -1.8111e+00 -1.0837e+00 +1.0429e+00 +1.0391e-01 +5.7279e-01 -4.1687e+00
488 0 +3.627724541e+01 +3.627724541e+01 +1.139372454e+02 +1.139372454e+02 -8.4308e-01 -2.4153e+00 +3.1893e-01 +3.3029e+00 -1.8116e+00 -1.0386e+00 +1.0689e+00 +1.2676e-01 +5.7224e-01 -4.1853e+00
547 0 +3.492821016e+01 +3.492821016e+01 +1.125882102e+02 +1.125882102e+02 -8.3647e-01 -2.4310e+00 +3.1859e-01 +3.3445e+00 -1.8186e+00 -1.1038e+00 +1.0651e+00 +1.2358e-01 +5.8393e-01 -4.1892e+00
561 0 +3.464451486e+01 +3.464451486e+01 +1.123045149e+02 +1.123045149e+02 -8.2739e-01 -2.4467e+00 +3.2799e-01 +3.3155e+00 -1.8231e+00 -1.0277e+00 +1.0717e+00 +1.5189e-01 +5.6683e-01 -4.1644e+00
582 0 +3.094982174e+01 +3.094982174e+01 +1.086098217e+02 +1.086098217e+02 -8.2401e-01 -2.4769e+00 +3.1429e-01 +3.3311e+00 -1.8366e+00 -1.0818e+00 +1.0766e+00 +1.2350e-01 +5.9607e-01 -4.1705e+00
622 0 +3.012016680e+01 +3.012016680e+01 +1.077801668e+02 +1.077801668e+02 -8.0357e-01 -2.4700e+00 +3.1469e-01 +3.2997e+00 -1.8470e+00 -1.1155e+00 +1.0702e+00 +1.2559e-01 +5.8020e-01 -4.1743e+00
% f evaluations | g evaluations | best noise-free fitness - Fopt | noise-free fitness - Fopt (1.156800000000e+02) | measured fitness | best measured fitness | x1 | x2...
1 0 +7.651383853e+02 +7.651383853e+02 +8.808183853e+02 +8.808183853e+02 +0.0000e+00 +0.0000e+00 +0.0000e+00 +0.0000e+00 +0.0000e+00 +0.0000e+00 +0.0000e+00 +0.0000e+00 +0.0000e+00 +0.0000e+00
2 0 +7.171616556e+02 +7.171616556e+02 +8.328416556e+02 +8.328416556e+02 -2.1091e-02 -7.4683e-01 -5.8587e-01 +3.6245e-01 -9.9857e-02 +3.8513e-01 +4.8440e-01 +1.8012e-01 -3.8684e-02 -8.1596e-01
9 0 +7.037848087e+02 +7.037848087e+02 +8.194648087e+02 +8.194648087e+02 -3.1270e-02 -8.3320e-01 +7.4812e-02 -1.2883e-01 -1.3669e-01 +3.0458e+00 -7.6696e-01 +5.8886e-01 -3.5893e+00 -3.7475e-01
10 0 +4.656516048e+02 +4.656516048e+02 +5.813316048e+02 +5.813316048e+02 -2.8733e-02 -1.9036e+00 -1.2209e-01 +7.5495e-02 +2.1299e-01 -1.6549e+00 +2.2498e-01 +3.4071e-01 -1.1390e+00 -5.5599e-01
14 0 +3.921197258e+02 +3.921197258e+02 +5.077997258e+02 +5.077997258e+02 -2.5347e-02 -2.1269e-01 +1.5608e+00 -7.7971e-01 -1.9623e-01 +1.0091e+00 -1.1859e+00 -2.5678e-01 -3.0722e+00 -1.6857e+00
30 0 +2.754387159e+02 +2.754387159e+02 +3.911187159e+02 +3.911187159e+02 +3.4977e-02 +7.0571e-03 -4.1520e-01 +2.5682e+00 -2.5133e-01 -9.1979e-01 -1.5256e+00 -1.7302e-01 -5.3134e+00 -3.0292e+00
% f evaluations | g evaluations | best noise-free fitness - Fopt | noise-free fitness - Fopt (-3.710000000000e+00) | measured fitness | best measured fitness | x1 | x2...
1 0 +3.211002619e+02 +3.211002619e+02 +3.173902619e+02 +3.173902619e+02 +0.0000e+00 +0.0000e+00 +0.0000e+00 +0.0000e+00 +0.0000e+00 +0.0000e+00 +0.0000e+00 +0.0000e+00 +0.0000e+00 +0.0000e+00
2 0 +3.181178489e+02 +3.181178489e+02 +3.144078489e+02 +3.144078489e+02 -2.4534e+00 -1.4134e-01 +1.0595e+00 +1.1210e-01 -5.4062e-01 +1.0816e+00 -7.6536e-01 +1.7438e-01 -3.0250e-01 +7.1763e-01
11 0 +2.887507479e+02 +2.887507479e+02 +2.850407479e+02 +2.850407479e+02 -1.1036e+00 +1.6173e-01 +9.0423e-01 -1.3942e-01 +1.3457e-01 -2.6475e-01 -5.0771e-01 -1.7444e+00 -1.6928e-01 +1.4376e+00
12 0 +2.222459525e+02 +2.222459525e+02 +2.185359525e+02 +2.185359525e+02 +1.7026e+00 +1.7014e-01 +2.9428e-01 -1.0717e-01 +6.5449e-01 +6.5732e-01 -8.2764e-01 -2.2517e-01 -8.1736e-01 +6.9475e-01
24 0 +1.896513849e+02 +1.896513849e+02 +1.859413849e+02 +1.859413849e+02 +1.3281e-01 +8.6507e-02 +3.7052e-01 -8.7140e-02 +6.9191e-01 +1.7461e+00 -8.2146e-01 -6.6333e-02 -1.3767e+00 -4.7090e-01
47 0 +1.710591476e+02 +1.710591476e+02 +1.673491476e+02 +1.673491476e+02 +8.1999e-01 +6.9748e-02 +1.4840e+00 -1.8607e-01 +7.8370e-01 +2.3215e+00 -8.9984e-01 -8.8769e-01 -1.0323e+00 +3.9366e-02
53 0 +1.606876549e+02 +1.606876549e+02 +1.569776549e+02 +1.569776549e+02 +2.4143e+00 -7.7213e-03 +2.3232e+00 -2.0954e-01 +7.4179e-01 +2.5727e+00 -6.8170e-01 -3.1325e+00 -1.6156e+00 -4.6264e-01
171 0 +1.502710276e+02 +1.502710276e+02 +1.465610276e+02 +1.465610276e+02 +6.0167e+00 +1.2356e-01 +4.7232e+00 -8.5302e-02 +1.4948e+00 +4.7110e+00 -8.1547e-01 -4.1937e+00 -1.9803e+00 +4.3232e-01
184 0 +1.333225705e+02 +1.333225705e+02 +1.296125705e+02 +1.296125705e+02 +6.1450e+00 -7.0882e-02 +3.1810e+00 -9.2044e-02 +1.3733e+00 +5.9040e+00 +5.9334e-01 -2.0682e+00 -2.7221e+00 +7.2100e-01
277 0 +1.213534576e+02 +1.213534576e+02 +1.176434576e+02 +1.176434576e+02 +8.2117e+00 +3.2440e-01 +1.8220e+00 -1.8630e-01 +1.3275e+00 +3.6398e+00 -5.3963e-01 -1.5340e+00 -1.5209e+00 +7.0728e-01
650 0 +1.119400973e+02 +1.119400973e+02 +1.082300973e+02 +1.082300973e+02 +1.2675e+00 +2.2585e-01 +5.6800e-01 +4.6285e-01 +3.8649e+00 +2.8551e+00 +2.6914e-01 -3.1681e+00 -2.3154e+00 +2.8958e-02
658 0 +1.058754828e+02 +1.058754828e+02 +1.021654828e+02 +1.021654828e+02 +2.0700e+00 +1.7529e-01 +1.0297e+00 +4.3124e-01 +3.9820e+00 +3.0718e+00 +1.3992e-01 -2.7171e+00 -2.0645e+00 +2.6631e-01
696 0 +9.853614188e+01 +9.853614188e+01 +9.482614188e+01 +9.482614188e+01 +8.2787e-01 +1.5191e-01 +3.8527e-01 +4.7218e-01 +3.8162e+00 +2.6430e+00 -1.1503e-01 -2.4618e+00 -2.3329e+00 -8.8404e-02
% f evaluations | g evaluations | best noise-free fitness - Fopt | noise-free fitness - Fopt (1.321800000000e+02) | measured fitness | best measured fitness | x1 | x2...
1 0 +2.126387241e+02 +2.126387241e+02 +3.448187241e+02 +3.448187241e+02 +0.0000e+00 +0.0000e+00 +0.0000e+00 +0.0000e+00 +0.0000e+00 +0.0000e+00 +0.0000e+00 +0.0000e+00 +0.0000e+00 +0.0000e+00
2 0 +1.723497894e+02 +1.723497894e+02 +3.045297894e+02 +3.045297894e+02 +2.7072e-01 -1.5393e+00 +5.7371e-01 -2.7725e+00 -7.7891e-01 +4.2017e-01 -2.2200e-01 +1.8488e-01 -1.1787e-01 -4.8183e-01
43 0 +1.673279062e+02 +1.673279062e+02 +2.995079062e+02 +2.995079062e+02 -1.3214e+00 +4.0876e-01 +2.5303e-01 -3.3547e+00 -2.5427e+00 +4.6163e-01 -1.2915e-01 -8.4835e-01 +1.8501e-01 +8.8096e-01
103 0 +8.209998943e+01 +8.209998943e+01 +2.142799894e+02 +2.142799894e+02 -1.7845e+00 -6.7208e-02 +4.0223e+00 -1.6018e+00 -2.4823e+00 -3.8317e+00 -2.6707e+00 +5.7069e-01 +5.2240e-01 +7.1320e-01
% f evaluations | g evaluations | best noise-free fitness - Fopt | noise-free fitness - Fopt (-3.930000000000e+01) | measured fitness | best measured fitness | x1 | x2...
1 0 +5.317474414e+02 +5.317474414e+02 +4.924474414e+02 +4.924474414e+02 +0.0000e+00 +0.0000e+00 +0.0000e+00 +0.0000e+00 +0.0000e+00 +0.0000e+00 +0.0000e+00 +0.0000e+00 +0.0000e+00 +0.0000e+00
4 0 +3.600982849e+02 +3.600982849e+02 +3.207982849e+02 +3.207982849e+02 +1.1243e+00 -5.5854e-01 -2.3388e+00 +1.4490e-02 +1.2575e-01 -3.3415e-02 -5.9912e-02 +2.6267e-01 -1.2039e-04 -1.5492e+00
14 0 +2.740423598e+02 +2.740423598e+02 +2.347423598e+02 +2.347423598e+02 -1.1610e+00 -1.7719e+00 +1.9477e+00 +8.6841e-01 -9.2422e-01 -5.7822e-01 -1.2321e-01 +5.3282e-01 -2.4791e-05 -3.1814e+00
% f evaluations | g evaluations | best noise-free fitness - Fopt | noise-free fitness - Fopt (4.296000000000e+01) | measured fitness | best measured fitness | x1 | x2...
1 0 +2.365728505e+02 +2.365728505e+02 +2.795328505e+02 +2.795328505e+02 +0.0000e+00 +0.0000e+00 +0.0000e+00 +0.0000e+00 +0.0000e+00 +0.0000e+00 +0.0000e+00 +0.0000e+00 +0.0000e+00 +0.0000e+00
4 0 +2.268933526e+02 +2.268933526e+02 +2.698533526e+02 +2.698533526e+02 +2.9355e-01 -8.8743e-01 -3.6586e-01 +1.0158e+00 -4.0469e-01 +8.0914e-02 +2.4046e-01 -2.7206e-01 -1.9795e-02 +1.1766e+00
10 0 +1.809512999e+02 +1.809512999e+02 +2.239112999e+02 +2.239112999e+02 +1.4162e+00 +6.4147e-01 -1.3222e+00 -1.8306e+00 -1.4568e-01 -1.6111e+00 -4.8266e-01 -4.9040e-02 +8.8189e-02 -1.2731e+00
294 0 +1.560407716e+02 +1.560407716e+02 +1.990007716e+02 +1.990007716e+02 -3.8088e+00 -8.3645e-01 -5.8883e+00 +2.4036e+00 -1.2730e+00 -5.9170e+00 -1.2232e+00 -1.2611e+00 +1.8597e+00 +5.8799e-01
383 0 +1.523902509e+02 +1.523902509e+02 +1.953502509e+02 +1.953502509e+02 +1.5630e+00 +1.5283e+00 -7.0093e+00 +1.1788e+00 -1.4483e+00 -3.6988e+00 -1.2957e+00 -1.2452e+00 +2.0601e+00 -2.9041e-02
% f evaluations | g evaluations | best noise-free fitness - Fopt | noise-free fitness - Fopt (2.842200000000e+02) | measured fitness | best measured fitness | x1 | x2...
1 0 +4.397618850e+02 +4.397618850e+02 +7.239818850e+02 +7.239818850e+02 +0.0000e+00 +0.0000e+00 +0.0000e+00 +0.0000e+00 +0.0000e+00 +0.0000e+00 +0.0000e+00 +0.0000e+00 +0.0000e+00 +0.0000e+00
9 0 +4.035125632e+02 +4.035125632e+02 +6.877325632e+02 +6.877325632e+02 -1.1404e-02 -1.5075e+00 +4.4266e-01 -3.8767e-01 +5.3129e-01 -8.1082e-02 +7.5171e-01 -6.1034e-01 +1.7305e+00 -3.8645e-01
19 0 +3.126067432e+02 +3.126067432e+02 +5.968267432e+02 +5.968267432e+02 +2.3007e-01 -2.0710e+00 -2.7347e-01 -6.4739e-01 -2.4627e-02 -2.3982e-01 +1.1109e+00 -8.0691e-01 +2.1013e+00 -8.4598e-01
42 0 +2.880147736e+02 +2.880147736e+02 +5.722347736e+02 +5.722347736e+02 -1.1721e-01 +2.8227e+00 -2.3420e-01 -2.4976e+00 +1.1188e+00 +5.5320e-02 +1.3691e+00 +7.3076e-01 +6.5279e-01 -1.2229e+00
43 0 +2.783229888e+02 +2.783229888e+02 +5.625429888e+02 +5.625429888e+02 +6.8070e-01 +2.0640e+00 -8.3669e-01 -1.1850e+00 +1.7218e+00 -1.5283e-01 +2.6766e+00 -2.0516e+00 -3.9020e-01 -1.9694e+00
45 0 +2.721871940e+02 +2.721871940e+02 +5.564071940e+02 +5.564071940e+02 +5.0125e-01 +2.4695e+00 -6.6404e-01 -1.9304e+00 +1.6171e+00 -1.5997e-01 +1.6993e-01 +1.3419e-01 +2.0171e-01 -1.8821e+00
48 0 +2.685610462e+02 +2.685610462e+02 +5.527810462e+02 +5.527810462e+02 +6.8569e-01 -2.5941e-01 -1.0251e-01 -1.9605e+00 +1.3752e+00 -9.5566e-02 -1.8095e-01 -3.5657e-01 +1.8359e+00 -2.1842e+00
54 0 +2.530820341e+02 +2.530820341e+02 +5.373020341e+02 +5.373020341e+02 +7.2702e-01 -2.2124e-01 +2.0060e-01 -1.5493e+00 +1.9659e+00 -1.2131e-01 +1.2339e+00 +6.2864e-01 -1.5310e+00 -2.0833e+00
68 0 +2.474373435e+02 +2.474373435e+02 +5.316573435e+02 +5.316573435e+02 +7.6463e-01 -1.2906e+00 +8.2384e-01 -1.6055e+00 +1.3356e+00 -2.2541e-01 +2.2411e+00 +1.4999e+00 +4.5539e-01 -2.3089e+00
101 0 +2.303120309e+02 +2.303120309e+02 +5.145320309e+02 +5.145320309e+02 +6.3592e-01 -3.9002e+00 +1.1015e+00 -1.7943e+00 +1.3363e+00 -3.1641e-01 +2.8929e+00 +9.2552e-01 +6.7621e-01 -8.5167e-01
156 0 +2.192977391e+02 +2.192977391e+02 +5.035177391e+02 +5.035177391e+02 -1.1593e+00 +1.3958e+00 +4.7459e-01 -1.5311e+00 -5.1848e-01 -2.1468e-01 +1.8064e+00 +1.8107e+00 +1.7071e-01 -2.6099e+00
196 0 +2.033583619e+02 +2.033583619e+02 +4.875783619e+02 +4.875783619e+02 -1.8078e+00 +4.2834e-01 +1.5112e+00 -1.4316e+00 -7.1923e-01 -4.8390e-01 +4.5523e+00 +1.8936e+00 +9.6405e-01 -2.2869e+00
209 0 +1.961124311e+02 +1.961124311e+02 +4.803324311e+02 +4.803324311e+02 -1.8366e+00 -4.6368e-01 +8.0801e-01 -2.1893e+00 +1.3526e+00 -3.7330e-01 +3.6380e+00 +1.3305e+00 -1.6672e-01 -2.4614e+00
217 0 +1.930232700e+02 +1.930232700e+02 +4.772432700e+02 +4.772432700e+02 -1.8233e+00 +3.3791e+00 +6.5290e-01 -2.6620e+00 +8.1663e-01 -3.8642e-01 +2.8240e+00 +1.0957e+00 +5.7790e-01 -2.5811e+00
245 0 +1.760627911e+02 +1.760627911e+02 +4.602827911e+02 +4.602827911e+02 -1.4248e+00 +2.7060e+00 -9.8284e-02 -5.2072e-01 +9.1384e-01 -4.0869e-01 +2.6852e+00 +1.7609e+00 +5.3471e-01 -2.1642e+00
503 0 +1.723295759e+02 +1.723295759e+02 +4.565495759e+02 +4.565495759e+02 -1.2033e+00 -2.7830e+00 +2.4126e+00 +2.9789e-01 -1.3607e+00 -4.8306e-01 +4.5714e+00 +1.4698e+00 +9.7809e-01 -2.5028e+00
509 0 +1.630185468e+02 +1.630185468e+02 +4.472385468e+02 +4.472385468e+02 -1.1952e+00 -2.9248e+00 +2.4929e+00 +4.3205e-01 -1.1965e+00 -4.6676e-01 +4.7354e+00 +1.3377e+00 +1.0138e+00 -2.6298e+00
632 0 +1.590911524e+02 +1.590911524e+02 +4.433111524e+02 +4.433111524e+02 -1.2267e+00 -3.0850e+00 +2.5485e+00 +2.4354e-01 -1.2618e+00 -5.0296e-01 +4.5362e+00 +9.4210e-01 +5.4742e-01 -2.5653e+00
639 0 +1.568624872e+02 +1.568624872e+02 +4.410824872e+02 +4.410824872e+02 -1.2363e+00 -3.1740e+00 +2.5433e+00 +2.6948e-01 -1.2052e+00 -4.9917e-01 +4.5833e+00 +9.6843e-01 +6.0391e-01 -2.5742e+00
663 0 +1.468144317e+02 +1.468144317e+02 +4.310344317e+02 +4.310344317e+02 -1.2425e+00 -2.9214e+00 +2.5156e+00 +2.2520e-01 -1.2265e+00 -4.9772e-01 +4.5977e+00 +8.8149e-01 +6.6691e-01 -2.5532e+00
701 0 +1.445272173e+02 +1.445272173e+02 +4.287472173e+02 +4.287472173e+02 -1.2615e+00 -2.9043e+00 +2.4858e+00 +1.4378e-01 -1.2179e+00 -4.8076e-01 +4.5798e+00 +9.6508e-01 +6.3898e-01 -2.5725e+00
736 0 +1.404512958e+02 +1.404512958e+02 +4.246712958e+02 +4.246712958e+02 -1.2618e+00 -2.9247e+00 +2.5015e+00 +1.4204e-01 -1.2220e+00 -4.8820e-01 +4.5996e+00 +9.3334e-01 +5.8342e-01 -2.5399e+00
% f evaluations | g evaluations | best noise-free fitness - Fopt | noise-free fitness - Fopt (-3.217000000000e+01) | measured fitness | best measured fitness | x1 | x2...
1 0 +4.126953313e+02 +4.126953313e+02 +3.805253313e+02 +3.805253313e+02 +0.0000e+00 +0.0000e+00 +0.0000e+00 +0.0000e+00 +0.0000e+00 +0.0000e+00 +0.0000e+00 +0.0000e+00 +0.0000e+00 +0.0000e+00
3 0 +3.933684933e+02 +3.933684933e+02 +3.611984933e+02 +3.611984933e+02 +7.3238e-02 +1.3850e-01 +2.5671e-01 +1.8180e+00 -8.7476e-01 +4.2143e-01 +3.0710e-02 +2.0835e-01 -1.3381e+00 -1.4468e-01
5 0 +3.824893630e+02 +3.824893630e+02 +3.503193630e+02 +3.503193630e+02 -5.2990e-01 +3.2730e-01 +9.2741e-01 -3.0734e+00 -1.0046e+00 -3.2644e-01 +1.3473e-01 -1.4182e-01 +1.2062e+00 +5.0279e-02
9 0 +3.498715632e+02 +3.498715632e+02 +3.177015632e+02 +3.177015632e+02 +4.8141e-01 +2.1635e-01 -1.5643e+00 +3.2530e+00 -3.0074e+00 +1.7018e-01 +2.4438e-01 +5.3243e-02 +5.6287e-01 +4.8264e-02
10 0 +3.403567526e+02 +3.403567526e+02 +3.081867526e+02 +3.081867526e+02 -6.0367e-01 -7.2802e-01 -2.2862e+00 -2.7952e+00 +9.0377e-01 +7.5887e-01 -8.3346e-01 -4.5646e-01 +1.3158e+00 -9.1353e-01
11 0 +3.047321049e+02 +3.047321049e+02 +2.725621049e+02 +2.725621049e+02 +7.8299e-02 -8.0975e-01 -1.1603e+00 +9.8223e-01 -2.8033e+00 +1.1114e-01 +7.6339e-01 -1.5287e-01 +1.7321e+00 -2.9276e-01
19 0 +2.951771050e+02 +2.951771050e+02 +2.630071050e+02 +2.630071050e+02 +3.4215e-01 -9.0481e-01 -1.5308e+00 -1.1008e+00 -1.0841e-01 +3.6874e-01 +4.0687e-01 -4.7459e-01 +2.5667e+00 -1.2294e+00
23 0 +2.457728463e+02 +2.457728463e+02 +2.136028463e+02 +2.136028463e+02 +2.8408e-01 -6.8064e-01 -3.1347e+00 -1.9963e+00 -1.1341e+00 +1.8698e+00 +2.3395e-01 -1.5444e-02 +2.3902e+00 -1.3772e+00
24 0 +1.828355948e+02 +1.828355948e+02 +1.506655948e+02 +1.506655948e+02 -5.7388e-01 -6.8007e-01 +5.7587e-01 +1.9887e+00 -2.3428e+00 -5.6160e-01 +5.8148e-01 +4.2781e-01 +1.5915e+00 -2.6501e+00
34 0 +1.483205044e+02 +1.483205044e+02 +1.161505044e+02 +1.161505044e+02 -7.9614e-01 -1.1380e+00 -1.1263e-01 +2.8637e+00 -2.6064e+00 -2.0478e+00 +8.8262e-01 +2.5744e+00 +2.2508e+00 -2.8182e+00
47 0 +1.463302992e+02 +1.463302992e+02 +1.141602992e+02 +1.141602992e+02 -1.5947e-01 +9.8189e-02 +1.9620e+00 +1.3243e+00 -2.7459e+00 -2.0634e+00 +1.0974e+00 +2.3044e+00 +1.8175e+00 -2.6391e+00
342 0 +1.419610332e+02 +1.419610332e+02 +1.097910332e+02 +1.097910332e+02 +3.1502e+00 +4.9767e-01 -8.5398e-01 +2.1482e+00 -4.4704e+00 -6.1064e-01 +5.4276e-01 +3.3629e+00 +9.4194e-01 -2.6647e+00
343 0 +1.339713604e+02 +1.339713604e+02 +1.018013604e+02 +1.018013604e+02 +2.6346e+00 +5.8716e-01 +1.8076e+00 -3.6761e-01 -4.8680e+00 -3.0729e-01 +7.7691e-01 +3.8039e+00 +8.8668e-01 -2.6500e+00
345 0 +1.163266816e+02 +1.163266816e+02 +8.415668158e+01 +8.415668158e+01 +2.6473e+00 +1.4262e+00 -9.5313e-01 -1.1475e-01 -4.3909e+00 -2.4934e-01 +6.8667e-01 +3.4031e+00 +8.9696e-01 -2.8358e+00
350 0 +1.097828466e+02 +1.097828466e+02 +7.761284657e+01 +7.761284657e+01 +2.6092e+00 +8.2209e-01 +4.3414e-01 +1.4492e+00 -5.1232e+00 -1.1276e+00 +5.5090e-01 +2.9471e+00 +1.7596e+00 -2.9764e+00
353 0 +1.070462750e+02 +1.070462750e+02 +7.487627500e+01 +7.487627500e+01 +2.2898e+00 +9.0275e-01 -5.6596e-01 -2.5381e-04 -4.4684e+00 -6.7281e-01 +9.0682e-01 +3.0172e+00 +1.3293e+00 -3.1365e+00
354 0 +7.710506955e+01 +7.710506955e+01 +4.493506955e+01 +4.493506955e+01 +2.4762e+00 +1.7329e+00 -3.1945e-01 +4.4102e-01 -4.4103e+00 -2.8750e-01 +3.9960e-01 +3.4751e+00 -2.6205e-01 -3.0766e+00
448 0 +7.323667910e+01 +7.323667910e+01 +4.106667910e+01 +4.106667910e+01 +2.4004e+00 +2.1023e+00 -7.5732e-01 +4.7538e-01 -4.3705e+00 +1.0481e+00 +1.3507e-01 +3.8831e+00 +2.0743e+00 -3.6029e+00
513 0 +7.223982239e+01 +7.223982239e+01 +4.006982239e+01 +4.006982239e+01 +2.2556e+00 +1.9065e+00 -1.0443e+00 -5.9378e-01 -5.1893e+00 +1.6870e+00 +8.2389e-02 +3.4472e+00 +1.7842e+00 -2.6809e+00
519 0 +6.774247847e+01 +6.774247847e+01 +3.557247847e+01 +3.557247847e+01 +2.2078e+00 +1.8656e+00 -1.1390e-01 +6.0026e-01 -4.2615e+00 +1.6438e+00 +1.0066e-01 +3.5182e+00 +1.1462e+00 -3.0998e+00
524 0 +6.596324489e+01 +6.596324489e+01 +3.379324489e+01 +3.379324489e+01 +2.2267e+00 +2.0323e+00 -1.0049e+00 -1.3361e+00 -4.9373e+00 +1.1639e+00 +6.3307e-02 +3.4047e+00 +1.3563e+00 -2.9985e+00
546 0 +6.453369942e+01 +6.453369942e+01 +3.236369942e+01 +3.236369942e+01 +2.2974e+00 +2.0599e+00 -4.1849e-01 -6.1888e-01 -4.7809e+00 +1.6049e+00 +9.0094e-02 +3.4283e+00 +2.0334e+00 -3.0536e+00
552 0 +4.594375434e+01 +4.594375434e+01 +1.377375434e+01 +1.377375434e+01 +2.2735e+00 +1.9336e+00 -3.4725e-01 -8.0701e-01 -4.8545e+00 +1.6053e+00 +6.1058e-02 +3.4092e+00 +2.0955e+00 -3.0164e+00
686 0 +4.536513147e+01 +4.536513147e+01 +1.319513147e+01 +1.319513147e+01 +2.1508e+00 +1.8256e+00 -4.1102e-01 -8.6903e-01 -4.8364e+00 +1.6234e+00 +5.2397e-02 +3.4997e+00 +2.2373e+00 -2.9912e+00
693 0 +3.555798319e+01 +3.555798319e+01 +3.387983187e+00 +3.387983187e+00 +2.1476e+00 +1.8293e+00 -4.1966e-01 -8.7046e-01 -4.8174e+00 +1.6632e+00 +1.0278e-01 +3.4836e+00 +2.1791e+00 -3.0186e+00
757 0 +3.481277156e+01 +3.481277156e+01 +2.642771558e+00 +2.642771558e+00 +2.1518e+00 +1.7887e+00 -3.8647e-01 -8.7584e-01 -4.8226e+00 +1.6303e+00 +9.0619e-02 +3.4554e+00 +2.1694e+00 -3.0287e+00
763 0 +3.433563325e+01 +3.433563325e+01 +2.165633247e+00 +2.165633247e+00 +2.1479e+00 +1.7818e+00 -3.6756e-01 -8.6675e-01 -4.8326e+00 +1.6376e+00 +9.5221e-02 +3.4564e+00 +2.1717e+00 -3.0206e+00
777 0 +3.242342611e+01 +3.242342611e+01 +2.534261147e-01 +2.534261147e-01 +2.1608e+00 +1.7798e+00 -3.6383e-01 -8.6059e-01 -4.8320e+00 +1.6317e+00 +1.0504e-01 +3.4586e+00 +2.1800e+00 -3.0262e+00
782 0 +3.179189503e+01 +3.179189503e+01 -3.781049747e-01 -3.781049747e-01 +2.1481e+00 +1.7832e+00 -3.5692e-01 -8.7108e-01 -4.8437e+00 +1.6354e+00 +1.0619e-01 +3.4625e+00 +2.2156e+00 -3.0219e+00
806 0 +3.153836522e+01 +3.153836522e+01 -6.316347758e-01 -6.316347758e-01 +2.1608e+00 +1.8154e+00 -3.6194e-01 -8.8321e-01 -4.8620e+00 +1.6380e+00 +1.1344e-01 +3.4654e+00 +2.1634e+00 -3.0320e+00
919 0 +2.994471054e+01 +2.994471054e+01 -2.225289456e+00 -2.225289456e+00 +2.1408e+00 +1.8373e+00 -3.9044e-01 -9.2809e-01 -4.8427e+00 +1.6265e+00 +1.3672e-01 +3.4763e+00 +2.1812e+00 -3.0411e+00
% f evaluations | g evaluations | best noise-free fitness - Fopt | noise-free fitness - Fopt (-5.858000000000e+01) | measured fitness | best measured fitness | x1 | x2...
1 0 +4.789634689e+02 +4.789634689e+02 +4.203834689e+02 +4.203834689e+02 +0.0000e+00 +0.0000e+00 +0.0000e+00 +0.0000e+00 +0.0000e+00 +0.0000e+00 +0.0000e+00 +0.0000e+00 +0.0000e+00 +0.0000e+00
5 0 +3.488657334e+02 +3.488657334e+02 +2.902857334e+02 +2.902857334e+02 -2.6391e-03 +7.0382e-01 +5.1955e-01 -1.4667e-01 -2.6595e-01 -8.2699e-01 -3.5437e-01 +1.8305e+00 +3.4992e-02 +9.2427e-01
57 0 +2.903543224e+02 +2.903543224e+02 +2.317743224e+02 +2.317743224e+02 -1.7122e-01 +2.2903e+00 +9.4803e-01 +5.3506e-01 -2.3126e+00 -7.3233e-01 -1.4422e+00 +4.8339e-01 +8.0930e-01 +1.9270e+00
64 0 +2.493615635e+02 +2.493615635e+02 +1.907815635e+02 +1.907815635e+02 +4.0036e-02 +2.4591e+00 +1.5787e+00 +7.0234e-01 -2.1383e+00 -1.7123e+00 -1.5989e+00 +2.5933e+00 +1.0921e+00 +3.1005e+00
76 0 +2.350270747e+02 +2.350270747e+02 +1.764470747e+02 +1.764470747e+02 -2.6940e-01 +2.6454e+00 +5.2173e-01 +6.3152e-01 -1.7669e+00 -1.4837e+00 -8.9957e-01 +2.8204e+00 +1.3884e+00 +1.1150e+00
80 0 +2.138217167e+02 +2.138217167e+02 +1.552417167e+02 +1.552417167e+02 +1.6319e-01 +8.6682e-01 +1.3819e+00 +1.0990e+00 -3.1119e+00 -2.2953e+00 -1.2851e-01 +1.7319e+00 +1.0979e+00 +1.3048e+00
85 0 +2.078863665e+02 +2.078863665e+02 +1.493063665e+02 +1.493063665e+02 +4.3380e-02 -2.6738e-01 +1.9724e+00 +9.9808e-01 -2.8461e+00 -2.2852e+00 -7.3990e-01 +1.1503e+00 +1.7807e+00 +4.8222e-01
86 0 +2.039739454e+02 +2.039739454e+02 +1.453939454e+02 +1.453939454e+02 +2.1860e-01 +8.3188e-01 +1.5035e+00 +1.0672e+00 -4.2052e+00 -2.0121e+00 -1.0536e-01 +2.6260e+00 +1.6347e+00 +6.4242e-01
97 0 +1.684165288e+02 +1.684165288e+02 +1.098365288e+02 +1.098365288e+02 +1.3812e-01 -1.0430e+00 +1.9238e+00 +9.9275e-01 -3.1583e+00 -2.2754e+00 -6.6519e-01 +2.0942e+00 +2.0359e+00 +1.2364e+00
108 0 +1.472510276e+02 +1.472510276e+02 +8.867102757e+01 +8.867102757e+01 -5.1667e-02 -1.9009e-01 +1.2224e+00 +7.3157e-01 -2.3859e+00 -2.2762e+00 -2.2069e+00 +2.6828e+00 +1.3113e+00 +1.5823e+00
133 0 +1.398619678e+02 +1.398619678e+02 +8.128196776e+01 +8.128196776e+01 -2.1528e-01 -2.7629e-01 +1.3741e+00 +1.0169e+00 -3.0393e+00 -2.0174e+00 -2.4306e+00 +2.3559e+00 +1.9668e+00 +2.2433e+00
140 0 +1.340550765e+02 +1.340550765e+02 +7.547507648e+01 +7.547507648e+01 -1.6728e-01 -1.0051e-01 +1.4580e+00 +8.7111e-01 -2.9086e+00 -1.9556e+00 -2.2846e+00 +2.4719e+00 +1.8391e+00 +1.8992e+00
149 0 +1.185544274e+02 +1.185544274e+02 +5.997442745e+01 +5.997442745e+01 -2.8544e-01 -7.6630e-02 +1.2374e+00 +1.0318e+00 -2.4603e+00 -2.2503e+00 -2.7498e+00 +1.6252e+00 +1.6793e+00 +1.7666e+00
173 0 +1.057434637e+02 +1.057434637e+02 +4.716346368e+01 +4.716346368e+01 -5.4809e-02 +6.7597e-02 +1.3419e+00 +1.0156e+00 -2.4432e+00 -2.4783e+00 -3.2276e+00 +4.3292e+00 +2.7338e+00 +1.9564e+00
221 0 +9.915270364e+01 +9.915270364e+01 +4.057270364e+01 +4.057270364e+01 -3.2508e-02 -2.1617e-02 +9.9750e-01 +1.1728e+00 -3.1064e+00 -3.1418e+00 -2.6878e+00 +1.7512e+00 +3.3546e+00 +1.3733e+00
225 0 +7.882835828e+01 +7.882835828e+01 +2.024835828e+01 +2.024835828e+01 -7.2904e-02 -6.9945e-02 +1.0774e+00 +1.1174e+00 -3.0003e+00 -3.2244e+00 -2.7045e+00 +2.0615e+00 +3.0473e+00 +1.0499e+00
% f evaluations | g evaluations | best noise-free fitness - Fopt | noise-free fitness - Fopt (-6.049200000000e+02) | measured fitness | best measured fitness | x1 | x2...
1 0 +2.154003094e+02 +2.154003094e+02 -3.895196906e+02 -3.895196906e+02 +0.0000e+00 +0.0000e+00 +0.0000e+00 +0.0000e+00 +0.0000e+00 +0.0000e+00 +0.0000e+00 +0.0000e+00 +0.0000e+00 +0.0000e+00
4 0 +1.953168989e+02 +1.953168989e+02 -4.096031011e+02 -4.096031011e+02 -5.6279e-02 +2.0523e-01 +3.4970e-02 +5.3980e-01 -7.8334e-02 -2.7305e-01 -1.0340e-01 -9.3042e-02 -5.9492e-01 -3.5157e-01
34 0 +1.648718965e+02 +1.648718965e+02 -4.400481035e+02 -4.400481035e+02 +8.5562e-02 +8.3226e-01 -3.3311e-01 +2.6446e+00 -7.8492e-01 -9.5126e-01 -1.8876e+00 +2.3892e-01 -6.4261e-01 +1.4768e-01
68 0 +1.254178820e+02 +1.254178820e+02 -4.795021180e+02 -4.795021180e+02 +4.0888e-01 -1.9978e-01 -2.5227e-01 +1.1096e+00 -3.3323e-01 -1.4083e+00 +3.1533e-01 +2.4774e-02 -9.1703e-02 +2.4762e-01
631 0 +1.172630746e+02 +1.172630746e+02 -4.876569254e+02 -4.876569254e+02 +2.8929e+00 +2.4133e+00 +4.8377e+00 +5.7815e-01 -7.2013e-01 -2.7926e+00 +1.3155e+00 -2.0230e+00 +1.1971e-01 -1.2766e+00
669 0 +1.110939509e+02 +1.110939509e+02 -4.938260491e+02 -4.938260491e+02 +2.8583e+00 +2.4330e+00 +4.9183e+00 +1.0849e+00 -8.7670e-01 -2.8708e+00 +8.3093e-01 -1.9972e+00 -2.8931e-01 -1.5400e+00
767 0 +1.064245495e+02 +1.064245495e+02 -4.984954505e+02 -4.984954505e+02 +2.8944e+00 +2.3728e+00 +4.8975e+00 +1.2893e+00 -7.4042e-01 -2.8676e+00 +8.2772e-01 -2.0016e+00 -2.3582e-01 -1.5289e+00
777 0 +1.041199653e+02 +1.041199653e+02 -5.008000347e+02 -5.008000347e+02 +2.9031e+00 +2.4119e+00 +4.9337e+00 +1.0576e+00 -7.5125e-01 -2.8585e+00 +1.0695e+00 -2.0109e+00 -2.9594e-01 -1.5286e+00
941 0 +1.019840716e+02 +1.019840716e+02 -5.029359284e+02 -5.029359284e+02 +3.0316e+00 +2.2599e+00 +4.8546e+00 +5.0413e-01 -7.8836e-01 -2.9262e+00 +3.1299e-01 -2.0267e+00 -2.7274e-01 -5.5702e-02
% f evaluations | g evaluations | best noise-free fitness - Fopt | noise-free fitness - Fopt (1.337000000000e+02) | measured fitness | best measured fitness | x1 | x2...
1 0 +2.765168316e+02 +2.765168316e+02 +4.102168316e+02 +4.102168316e+02 +0.0000e+00 +0.0000e+00 +0.0000e+00 +0.0000e+00 +0.0000e+00 +0.0000e+00 +0.0000e+00 +0.0000e+00 +0.0000e+00 +0.0000e+00
4 0 +1.778862607e+02 +1.778862607e+02 +3.115862607e+02 +3.115862607e+02 -1.4306e+00 +4.3877e-02 -3.5599e+00 +9.2142e-03 -1.1245e+00 +5.5824e-01 +1.9493e-01 -4.1145e-01 +9.2946e-01 -6.6639e-02
43 0 +1.565627758e+02 +1.565627758e+02 +2.902627758e+02 +2.902627758e+02 +3.6678e-01 +2.3359e-01 +1.1164e+00 +4.7424e-01 -2.5940e+00 -5.5761e-01 +2.0699e-01 -6.1585e-01 +1.9477e+00 +1.9958e-01
49 0 +1.470335657e+02 +1.470335657e+02 +2.807335657e+02 +2.807335657e+02 +1.1280e+00 +1.4742e+00 -1.6411e+00 -2.1000e-01 -3.3376e+00 +6.3155e-03 +2.7047e-01 -1.2701e+00 +2.2042e+00 +3.4830e-01
58 0 +1.293717533e+02 +1.293717533e+02 +2.630717533e+02 +2.630717533e+02 +2.5702e+00 +4.4482e-01 +2.3461e+00 +6.6374e-01 -2.9609e+00 -7.0234e-01 +3.1601e-01 -1.7741e+00 +3.0287e+00 +3.4433e-01
100 0 +1.261157555e+02 +1.261157555e+02 +2.598157555e+02 +2.598157555e+02 -9.5441e-01 +8.7542e-01 -3.9667e-01 -9.1458e-01 -4.7996e+00 +1.0024e+00 +2.6222e-01 -1.3944e+00 +1.6564e+00 +3.7475e-01
339 0 +1.246938147e+02 +1.246938147e+02 +2.583938147e+02 +2.583938147e+02 +1.9238e+00 +1.1772e+00 +1.1788e+00 -1.4082e+00 -3.6051e+00 +3.8151e-02 +2.4159e-01 -2.3090e+00 +3.0665e+00 +8.0107e-01
416 0 +1.125396125e+02 +1.125396125e+02 +2.462396125e+02 +2.462396125e+02 +1.5572e+00 +9.0580e-01 -1.6481e+00 -1.5507e+00 -2.5318e+00 +7.7463e-02 +8.9761e-02 -1.7666e+00 +3.0220e+00 +6.9075e-01
539 0 +1.006222498e+02 +1.006222498e+02 +2.343222498e+02 +2.343222498e+02 +2.5272e-01 +9.0631e-01 +3.3849e-01 -1.4910e+00 -4.2746e+00 +1.2473e-01 +6.7213e-01 -1.8795e+00 +2.0605e+00 +7.2313e-01
566 0 +9.492626239e+01 +9.492626239e+01 +2.286262624e+02 +2.286262624e+02 +7.3520e-01 +1.1111e+00 +2.7378e-01 -1.4725e+00 -3.4557e+00 -2.5129e-02 +6.0372e-01 -1.9557e+00 +1.8265e+00 +6.6594e-01
% f evaluations | g evaluations | best noise-free fitness - Fopt | noise-free fitness - Fopt (-2.098000000000e+01) | measured fitness | best measured fitness | x1 | x2...
1 0 +5.101331986e+02 +5.101331986e+02 +4.891531986e+02 +4.891531986e+02 +0.0000e+00 +0.0000e+00 +0.0000e+00 +0.0000e+00 +0.0000e+00 +0.0000e+00 +0.0000e+00 +0.0000e+00 +0.0000e+00 +0.0000e+00
2 0 +3.751793071e+02 +3.751793071e+02 +3.541993071e+02 +3.541993071e+02 -8.6807e-01 +1.2774e-01 -1.4938e+00 +1.4483e-01 -1.1476e+00 +4.8529e-01 -1.3369e-02 +1.8839e-02 -1.2286e+00 +1.8921e+00
12 0 +3.638229523e+02 +3.638229523e+02 +3.428429523e+02 +3.428429523e+02 -8.0329e-01 -4.1779e-01 +4.3678e-02 +1.5975e-01 +3.9593e-01 +2.7752e-01 +2.0197e-03 -2.2686e-02 -1.7807e+00 +2.6820e+00
13 0 +3.168336689e+02 +3.168336689e+02 +2.958536689e+02 +2.958536689e+02 +1.5748e-01 -2.7032e-01 -1.0883e+00 +2.1735e-01 -1.0579e+00 +5.5638e-01 -7.4667e-03 +1.0980e-01 -1.8732e+00 +3.5204e+00
27 0 +2.812443374e+02 +2.812443374e+02 +2.602643374e+02 +2.602643374e+02 -9.2270e-02 -2.0352e-01 -3.9408e-01 +3.2315e-01 -4.3038e-01 +4.1552e-01 -2.1773e-02 +1.4738e-01 -1.3914e+00 +3.4226e+00
74 0 +2.643996928e+02 +2.643996928e+02 +2.434196928e+02 +2.434196928e+02 +8.6516e-02 -1.4705e-02 -9.8681e-01 +2.9934e-01 +9.3791e-02 -8.8314e-01 -2.1938e-02 -3.2333e-03 -2.4015e+00 +3.7743e+00
84 0 +2.613525532e+02 +2.613525532e+02 +2.403725532e+02 +2.403725532e+02 -5.3319e-02 +1.2152e-02 -5.5204e-01 +2.9883e-01 +2.2990e-01 -6.8842e-01 -1.7904e-02 +3.3483e-02 -2.4693e+00 +3.3032e+00
89 0 +2.555186745e+02 +2.555186745e+02 +2.345386745e+02 +2.345386745e+02 +1.3318e-01 -6.7105e-03 -9.9349e-01 +3.2190e-01 +5.4029e-01 -6.4401e-01 -2.7707e-02 -9.2215e-03 -2.1479e+00 +3.8739e+00
90 0 +2.472623572e+02 +2.472623572e+02 +2.262823572e+02 +2.262823572e+02 -1.2560e-01 +7.1236e-02 -1.0492e+00 +3.2105e-01 +6.9570e-01 -8.4121e-01 -2.1539e-02 +2.7619e-02 -2.4229e+00 +3.1546e+00
104 0 +2.443138015e+02 +2.443138015e+02 +2.233338015e+02 +2.233338015e+02 +5.0703e-02 +8.1025e-02 -4.6535e-01 +3.6428e-01 +1.4095e+00 -9.9344e-01 -2.3983e-02 -5.3031e-02 -2.4929e+00 +3.2200e+00
115 0 +2.367209080e+02 +2.367209080e+02 +2.157409080e+02 +2.157409080e+02 +1.2183e-01 +1.5684e-01 -1.2191e+00 +3.4765e-01 +8.6611e-01 -4.2354e-01 -2.5048e-02 +3.3464e-02 -2.3932e+00 +3.5708e+00
158 0 +2.256572208e+02 +2.256572208e+02 +2.046772208e+02 +2.046772208e+02 -8.4764e-02 +7.2921e-02 -1.2150e+00 +4.9748e-01 +9.0541e-01 -1.0883e+00 -3.6295e-02 -7.6934e-02 -2.4860e+00 +4.2051e+00
236 0 +2.195415462e+02 +2.195415462e+02 +1.985615462e+02 +1.985615462e+02 -1.0740e-01 +1.2266e-01 -5.7927e-01 +4.5523e-01 +8.8527e-01 -1.1270e+00 -4.1746e-02 -1.2616e-01 -2.0646e+00 +3.7428e+00
363 0 +2.172044780e+02 +2.172044780e+02 +1.962244780e+02 +1.962244780e+02 -9.7733e-02 +1.3508e-01 -2.1731e-01 +3.8579e-01 +1.8628e+00 -1.6242e+00 -5.7907e-02 -1.3875e-01 -2.4736e+00 +4.3730e+00
376 0 +1.983510229e+02 +1.983510229e+02 +1.773710229e+02 +1.773710229e+02 -7.1415e-02 +4.3210e-02 -4.7891e-01 +3.8548e-01 +1.8150e+00 -2.1285e+00 -5.8773e-02 -1.7078e-01 -2.4934e+00 +4.5183e+00
660 0 +1.938072878e+02 +1.938072878e+02 +1.728272878e+02 +1.728272878e+02 -1.3245e-01 +2.7414e-01 -1.1095e+00 +3.6765e-01 +1.8334e+00 -2.1384e+00 -5.0665e-02 -1.5277e-01 -2.8895e+00 +4.1883e+00
805 0 +1.905328536e+02 +1.905328536e+02 +1.695528536e+02 +1.695528536e+02 -7.4754e-02 +2.5548e-01 -1.1080e+00 +3.6102e-01 +1.8160e+00 -2.1121e+00 -5.0973e-02 -1.5804e-01 -2.9067e+00 +4.1697e+00
% f evaluations | g evaluations | best noise-free fitness - Fopt | noise-free fitness - Fopt (1.353300000000e+02) | measured fitness | best measured fitness | x1 | x2...
1 0 +5.310119462e+02 +5.310119462e+02 +6.663419462e+02 +6.663419462e+02 +0.0000e+00 +0.0000e+00 +0.0000e+00 +0.0000e+00 +0.0000e+00 +0.0000e+00 +0.0000e+00 +0.0000e+00 +0.0000e+00 +0.0000e+00
3 0 +4.619973812e+02 +4.619973812e+02 +5.973273812e+02 +5.973273812e+02 +3.9894e-01 +3.8368e-01 -3.2422e-01 +9.9531e-01 -5.9974e-02 +3.4959e-01 +8.1226e-01 +8.8531e-02 -1.1421e+00 -1.3835e-01
36 0 +4.081599756e+02 +4.081599756e+02 +5.434899756e+02 +5.434899756e+02 +3.9361e-01 +2.3676e-01 -8.0154e-01 +1.7088e+00 -2.9579e-01 -1.5601e+00 +3.2097e-01 -5.8434e-01 -1.4279e+00 -7.0006e-01
42 0 +4.011557305e+02 +4.011557305e+02 +5.364857305e+02 +5.364857305e+02 +6.4192e-01 -1.0590e-01 -1.3161e+00 +1.1455e+00 +2.3334e-01 -1.6261e+00 +9.4052e-01 -7.6434e-01 -1.9635e+00 -9.5006e-01
49 0 +3.797154084e+02 +3.797154084e+02 +5.150454084e+02 +5.150454084e+02 +3.2879e-01 +1.0044e-01 -8.4670e-01 +1.7089e+00 +1.1286e-01 -1.5708e+00 +2.5768e-01 -8.1212e-01 -2.1639e+00 -1.0298e+00
54 0 +3.409183126e+02 +3.409183126e+02 +4.762483126e+02 +4.762483126e+02 +6.2389e-01 -1.8588e-01 -1.2469e+00 +1.3611e+00 +5.7890e-01 -1.7137e+00 +8.0498e-02 -6.7996e-01 -2.5919e+00 -1.2618e+00
59 0 +3.341450150e+02 +3.341450150e+02 +4.694750150e+02 +4.694750150e+02 +5.0291e-01 +2.7755e-05 -5.7754e-01 +1.4851e+00 +3.9687e-01 -1.9909e+00 +8.4731e-01 -1.4193e-01 -2.0887e+00 -9.5603e-01
63 0 +2.952374348e+02 +2.952374348e+02 +4.305674348e+02 +4.305674348e+02 +6.3051e-01 +2.5780e-01 -8.9507e-01 +1.7896e+00 +4.6179e-01 -1.4821e+00 +5.9037e-01 +2.6969e-01 -1.7565e+00 -1.4354e+00
69 0 +2.669942985e+02 +2.669942985e+02 +4.023242985e+02 +4.023242985e+02 +5.2317e-01 -3.2387e-01 -1.3076e+00 +1.1878e+00 +5.8387e-01 -2.0590e+00 +8.4045e-01 -1.7985e-01 -1.6109e+00 -1.6546e+00
79 0 +2.594639870e+02 +2.594639870e+02 +3.947939870e+02 +3.947939870e+02 +6.5781e-01 +1.9483e-01 -6.9195e-01 +1.4225e+00 -9.2900e-02 -1.7316e+00 +6.8137e-01 +1.0120e+00 -1.8179e+00 -1.6427e+00
85 0 +2.547637855e+02 +2.547637855e+02 +3.900937855e+02 +3.900937855e+02 +4.3240e-01 +7.6581e-02 -3.2284e-01 +1.5006e+00 +4.5395e-01 -1.6792e+00 +4.0928e-01 +7.0232e-01 -2.3521e+00 -1.7250e+00
95 0 +2.299770133e+02 +2.299770133e+02 +3.653070133e+02 +3.653070133e+02 +4.1748e-01 +2.2358e-01 -1.1903e+00 +1.6452e+00 +6.0954e-01 -2.1116e+00 +2.0733e-01 +1.4095e+00 -2.0093e+00 -1.4935e+00
102 0 +2.200315625e+02 +2.200315625e+02 +3.553615625e+02 +3.553615625e+02 +2.8617e-01 +6.3443e-01 -1.3879e+00 +1.3460e+00 +9.7079e-02 -1.6501e+00 -1.9641e-02 +1.1746e+00 -2.4372e+00 -1.3383e+00
107 0 +2.101718041e+02 +2.101718041e+02 +3.455018041e+02 +3.455018041e+02 +5.4870e-01 +3.7972e-01 -1.5493e+00 +1.6730e+00 +2.4591e-01 -1.4716e+00 -5.0984e-02 +2.0737e+00 -2.4587e+00 -1.5253e+00
144 0 +1.918420588e+02 +1.918420588e+02 +3.271720588e+02 +3.271720588e+02 +6.0115e-01 +5.5268e-01 -1.3680e+00 +1.0009e+00 +4.1081e-01 -1.3360e+00 -1.2425e-02 +1.5278e+00 -2.1005e+00 -1.6510e+00
165 0 +1.875100611e+02 +1.875100611e+02 +3.228400611e+02 +3.228400611e+02 +5.8173e-01 +6.9678e-01 -1.8379e+00 +1.0432e+00 +6.6355e-01 -1.2928e+00 -9.1754e-01 +1.5221e+00 -1.9960e+00 -1.6260e+00
169 0 +1.828562543e+02 +1.828562543e+02 +3.181862543e+02 +3.181862543e+02 +7.8271e-01 +6.4195e-01 -1.5371e+00 +1.0576e+00 +6.8715e-01 -1.0476e+00 +3.3779e-01 +1.3991e+00 -2.4237e+00 -1.5640e+00
184 0 +1.665245924e+02 +1.665245924e+02 +3.018545924e+02 +3.018545924e+02 +6.2508e-01 +6.0944e-01 -1.7464e+00 +9.2800e-01 +6.9137e-01 -1.0398e+00 +2.4772e-01 +1.5761e+00 -2.4808e+00 -1.5776e+00
223 0 +1.545138954e+02 +1.545138954e+02 +2.898438954e+02 +2.898438954e+02 +5.7924e-01 +6.4377e-01 -1.4496e+00 +1.0349e+00 +7.2498e-01 -1.1102e+00 +5.1091e-02 +1.4721e+00 -3.1774e+00 -1.6283e+00
247 0 +1.477609428e+02 +1.477609428e+02 +2.830909428e+02 +2.830909428e+02 +5.1928e-01 +6.2255e-01 -1.5218e+00 +1.0120e+00 +7.4403e-01 -1.0738e+00 +3.9045e-03 +1.4802e+00 -3.2371e+00 -1.5896e+00
347 0 +1.402848685e+02 +1.402848685e+02 +2.756148685e+02 +2.756148685e+02 +4.6274e-01 +7.2049e-01 -1.4298e+00 +5.5439e-01 +7.8929e-01 -1.1264e+00 +3.8344e-02 +2.0368e+00 -3.7619e+00 -1.7751e+00
415 0 +1.324530924e+02 +1.324530924e+02 +2.677830924e+02 +2.677830924e+02 +3.5590e-01 +8.4848e-01 -1.3353e+00 +4.5817e-01 +8.1950e-01 -1.0485e+00 +3.5813e-02 +2.0423e+00 -3.2887e+00 -1.7992e+00
424 0 +1.309723007e+02 +1.309723007e+02 +2.663023007e+02 +2.663023007e+02 +3.4983e-01 +8.8288e-01 -1.3922e+00 +4.5216e-01 +7.9695e-01 -1.0092e+00 +3.0564e-02 +2.0613e+00 -3.2517e+00 -1.8081e+00
542 0 +1.259011210e+02 +1.259011210e+02 +2.612311210e+02 +2.612311210e+02 +3.2352e-01 +9.1311e-01 -1.2531e+00 +4.6520e-01 +7.9104e-01 -1.0510e+00 +1.9769e-02 +2.0681e+00 -3.2357e+00 -1.7436e+00
543 0 +1.227085663e+02 +1.227085663e+02 +2.580385663e+02 +2.580385663e+02 +3.4912e-01 +8.9533e-01 -1.2729e+00 +4.7259e-01 +7.8022e-01 -1.0672e+00 +2.9047e-02 +2.0169e+00 -3.2555e+00 -1.7268e+00
564 0 +1.200175822e+02 +1.200175822e+02 +2.553475822e+02 +2.553475822e+02 +3.5191e-01 +9.2263e-01 -1.2568e+00 +4.5538e-01 +7.4599e-01 -1.0584e+00 +1.2337e-02 +2.0459e+00 -3.2491e+00 -1.7302e+00
593 0 +1.173332793e+02 +1.173332793e+02 +2.526632793e+02 +2.526632793e+02 +3.4409e-01 +9.3236e-01 -1.3194e+00 +4.4845e-01 +7.6204e-01 -1.0663e+00 +3.7983e-02 +2.0464e+00 -3.2491e+00 -1.6923e+00
623 0 +1.139302091e+02 +1.139302091e+02 +2.492602091e+02 +2.492602091e+02 +3.5086e-01 +9.3187e-01 -1.3542e+00 +4.3986e-01 +7.1789e-01 -1.0726e+00 +2.7431e-02 +2.0709e+00 -3.2408e+00 -1.6788e+00
815 0 +1.120311526e+02 +1.120311526e+02 +2.473611526e+02 +2.473611526e+02 +3.5079e-01 +9.7384e-01 -1.3677e+00 +4.3594e-01 +6.9212e-01 -1.1004e+00 +2.5266e-02 +2.0546e+00 -3.2346e+00 -1.6687e+00
957 0 +1.092808025e+02 +1.092808025e+02 +2.446108025e+02 +2.446108025e+02 +3.9973e-01 +9.4920e-01 -1.4106e+00 +4.3120e-01 +7.0578e-01 -1.1055e+00 +2.0953e-02 +2.0561e+00 -3.2404e+00 -1.6951e+00
% f evaluations | g evaluations | best noise-free fitness - Fopt | noise-free fitness - Fopt (4.066000000000e+01) | measured fitness | best measured fitness | x1 | x2...
1 0 +3.571344595e+02 +3.571344595e+02 +3.977944595e+02 +3.977944595e+02 +0.0000e+00 +0.0000e+00 +0.0000e+00 +0.0000e+00 +0.0000e+00 +0.0000e+00 +0.0000e+00 +0.0000e+00 +0.0000e+00 +0.0000e+00
4 0 +3.313309858e+02 +3.313309858e+02 +3.719909858e+02 +3.719909858e+02 -2.9766e-01 -7.1954e-01 +9.3202e-01 +2.1222e-01 +3.5406e-01 +7.5215e-02 -1.0042e-01 -2.4371e-01 +4.1003e-01 -2.3725e-01
10 0 +3.064692912e+02 +3.064692912e+02 +3.471292912e+02 +3.471292912e+02 -5.7566e-03 -1.2047e+00 -4.1243e-01 +3.9141e-01 -6.8621e-01 -1.0558e-01 +4.4058e-02 -5.5149e-01 +2.5840e-01 +1.1201e-01
12 0 +2.738888627e+02 +2.738888627e+02 +3.145488627e+02 +3.145488627e+02 -2.8810e-02 -1.3236e+00 +6.5071e-01 -3.6061e-02 -5.4078e-01 -2.4955e-01 -1.2228e-01 -6.5038e-01 +2.8736e-01 +6.8896e-02
55 0 +2.631776584e+02 +2.631776584e+02 +3.038376584e+02 +3.038376584e+02 -9.3596e-01 -4.1557e-01 +3.3508e+00 -9.5226e-02 -6.0444e-01 +3.1644e-01 -6.4417e-02 -1.4310e+00 +4.5485e-01 +5.1432e-02
63 0 +2.532409863e+02 +2.532409863e+02 +2.939009863e+02 +2.939009863e+02 -7.3812e-01 +2.7856e-01 +4.0110e+00 -7.5786e-03 -1.1140e+00 +1.3071e-01 -1.7788e-01 -1.7193e+00 +5.1171e-01 +1.3863e-01
66 0 +2.461956201e+02 +2.461956201e+02 +2.868556201e+02 +2.868556201e+02 -1.0979e+00 -7.0191e-01 +5.4360e+00 -6.0022e-01 -6.8223e-01 +1.8622e-01 -1.5135e-01 -1.4964e+00 +5.8901e-01 +1.3722e-01
69 0 +2.316459074e+02 +2.316459074e+02 +2.723059074e+02 +2.723059074e+02 -8.0298e-01 +1.6262e-01 +4.6978e+00 -3.4092e-01 -8.2105e-01 +5.3161e-01 -1.5123e-01 -1.5069e+00 +6.0608e-01 +2.5884e-01
75 0 +2.174955081e+02 +2.174955081e+02 +2.581555081e+02 +2.581555081e+02 -8.9340e-01 -4.1669e-01 +5.3327e+00 -7.8752e-01 -4.9810e-01 +5.5062e-01 -1.2744e-01 -1.5635e+00 +6.7819e-01 +3.0053e-01
85 0 +2.089029678e+02 +2.089029678e+02 +2.495629678e+02 +2.495629678e+02 -9.8246e-01 -1.1517e+00 +5.5571e+00 -3.3983e-01 -7.1263e-01 +6.5122e-01 -1.9876e-01 -1.7187e+00 +7.9686e-01 +1.7250e-01
93 0 +2.030376072e+02 +2.030376072e+02 +2.436976072e+02 +2.436976072e+02 -8.2408e-01 -3.3862e-01 +3.7237e+00 -4.1804e-01 -6.8054e-01 +5.9028e-01 -2.3873e-01 -1.7026e+00 +7.1701e-01 +1.2093e-01
107 0 +1.969664031e+02 +1.969664031e+02 +2.376264031e+02 +2.376264031e+02 -8.0804e-01 +3.0875e-01 +4.4155e+00 -7.5304e-01 -6.0663e-01 +5.5415e-01 -1.9856e-01 -1.7064e+00 +7.5504e-01 +4.9819e-02
175 0 +1.946537077e+02 +1.946537077e+02 +2.353137077e+02 +2.353137077e+02 -9.2131e-01 -3.8167e-01 +3.0855e+00 -4.2779e-01 -7.4075e-01 +7.9514e-01 -2.3905e-01 -1.6298e+00 +8.9890e-01 +1.0673e-01
177 0 +1.889269682e+02 +1.889269682e+02 +2.295869682e+02 +2.295869682e+02 -8.1332e-01 -3.9072e-01 +3.1407e+00 -4.2032e-01 -8.8075e-01 +6.7326e-01 -2.0625e-01 -1.6356e+00 +8.2754e-01 +7.2914e-02
276 0 +1.844785359e+02 +1.844785359e+02 +2.251385359e+02 +2.251385359e+02 -8.6112e-01 -3.9364e-01 +1.6385e+00 -2.6779e-01 -5.7232e-01 +5.7873e-01 -1.6112e-01 -1.6513e+00 +8.3470e-01 +1.1457e-01
301 0 +1.797869228e+02 +1.797869228e+02 +2.204469228e+02 +2.204469228e+02 -8.5792e-01 -4.2605e-01 +1.4434e+00 -3.2275e-01 -6.3701e-01 +5.0949e-01 -1.4526e-01 -1.6692e+00 +8.2427e-01 +5.0174e-02
321 0 +1.752601757e+02 +1.752601757e+02 +2.159201757e+02 +2.159201757e+02 -1.0091e+00 -3.8457e-01 +1.5593e+00 -3.4304e-01 -6.9492e-01 +5.4417e-01 -1.4990e-01 -1.5926e+00 +8.2995e-01 +9.7971e-02
322 0 +1.735501672e+02 +1.735501672e+02 +2.142101672e+02 +2.142101672e+02 -9.1565e-01 -2.7171e-01 +1.5033e+00 -3.4735e-01 -6.8287e-01 +5.7742e-01 -1.3685e-01 -1.6820e+00 +7.9181e-01 +7.2488e-02
325 0 +1.682466994e+02 +1.682466994e+02 +2.089066994e+02 +2.089066994e+02 -8.9755e-01 -3.9183e-01 +1.5874e+00 -4.1674e-01 -6.6850e-01 +5.6823e-01 -1.3420e-01 -1.6340e+00 +8.3919e-01 +6.5121e-02
612 0 +1.252369441e+02 +1.252369441e+02 +1.658969441e+02 +1.658969441e+02 +1.7510e+00 +1.4015e+00 +3.9637e+00 -2.5500e+00 +1.7269e+00 -5.9588e-01 -1.4721e+00 -2.5563e+00 +2.0729e+00 +8.1378e-01
