% f evaluations | g evaluations | best noise-free fitness - Fopt | noise-free fitness - Fopt (-5.494000000000e+01) | measured fitness | best measured fitness | x1 | x2...
1 0 +6.036920862e+06 +6.036920862e+06 +6.036865922e+06 +6.036865922e+06 +0.0000e+00 +0.0000e+00 +0.0000e+00 +0.0000e+00 +0.0000e+00
10 0 +2.355141595e+06 +2.355141595e+06 +2.355086655e+06 +2.355086655e+06 -6.2814e-01 -7.2518e-01 -4.3784e-02 -1.6880e-01 +1.2536e+00
11 0 +2.255055768e+06 +2.255055768e+06 +2.255000828e+06 +2.255000828e+06 -3.9244e-01 -4.6051e-01 -2.7644e-02 +6.4021e-01 +1.5790e+00
16 0 +1.377097261e+06 +1.377097261e+06 +1.377042321e+06 +1.377042321e+06 -1.0457e+00 -1.1522e+00 -2.2947e-01 +6.0724e-02 +1.8243e+00
17 0 +9.092505896e+05 +9.092505896e+05 +9.091956496e+05 +9.091956496e+05 -6.7894e-01 -5.9239e-01 -6.9502e-02 -3.0213e-02 +2.5377e+00
19 0 +7.110351564e+05 +7.110351564e+05 +7.109802164e+05 +7.109802164e+05 -1.5085e+00 -8.1334e-01 +8.8447e-02 -3.1847e-01 +2.0806e+00
25 0 +6.841582664e+05 +6.841582664e+05 +6.841033264e+05 +6.841033264e+05 -1.3189e+00 -1.1027e+00 +9.8552e-02 -4.9834e-01 +2.6836e+00
28 0 +5.141246416e+05 +5.141246416e+05 +5.140697016e+05 +5.140697016e+05 -9.5407e-01 -5.7385e-01 +4.5557e-02 -3.3946e-01 +3.0397e+00
32 0 +4.622387360e+05 +4.622387360e+05 +4.621837960e+05 +4.621837960e+05 -1.1406e+00 -9.8672e-01 -1.8056e-01 -2.9300e-01 +2.9191e+00
36 0 +3.174581982e+05 +3.174581982e+05 +3.174032582e+05 +3.174032582e+05 -1.5278e+00 -6.6948e-01 -8.1679e-02 -4.3474e-01 +2.8657e+00
39 0 +2.808094819e+05 +2.808094819e+05 +2.807545419e+05 +2.807545419e+05 -1.8118e+00 -1.5745e+00 +7.7216e-02 -8.5856e-03 +3.6123e+00
46 0 +2.629048064e+05 +2.629048064e+05 +2.628498664e+05 +2.628498664e+05 -1.5230e+00 -9.2094e-01 +9.1037e-02 -1.3248e-01 +3.5198e+00
50 0 +2.547153571e+05 +2.547153571e+05 +2.546604171e+05 +2.546604171e+05 -1.2921e+00 -1.2267e+00 -9.6680e-03 +1.9318e-02 +3.8799e+00
52 0 +2.461234050e+05 +2.461234050e+05 +2.460684650e+05 +2.460684650e+05 -1.4009e+00 -9.7311e-01 +7.3078e-02 -6.7003e-02 +3.9992e+00
59 0 +2.294740864e+05 +2.294740864e+05 +2.294191464e+05 +2.294191464e+05 -1.3651e+00 -1.0108e+00 -6.1154e-02 +1.0694e-01 +4.0747e+00
63 0 +2.278628168e+05 +2.278628168e+05 +2.278078768e+05 +2.278078768e+05 -1.3560e+00 -7.0031e-01 -1.6745e-02 +1.0154e-01 +3.9355e+00
76 0 +2.168297831e+05 +2.168297831e+05 +2.167748431e+05 +2.167748431e+05 -1.3992e+00 -9.1490e-01 -2.9208e-02 +2.1277e-01 +3.9800e+00
84 0 +2.025674571e+05 +2.025674571e+05 +2.025125171e+05 +2.025125171e+05 -1.4423e+00 -1.0829e+00 -1.9678e-02 +4.1863e-01 +4.1874e+00
92 0 +1.886722583e+05 +1.886722583e+05 +1.886173183e+05 +1.886173183e+05 -1.0566e+00 -9.6471e-01 -7.3904e-02 +1.9470e-01 +4.2366e+00
95 0 +1.674343290e+05 +1.674343290e+05 +1.673793890e+05 +1.673793890e+05 -1.2829e+00 -8.7753e-01 -6.1417e-02 +4.5509e-01 +3.8476e+00
97 0 +1.197176536e+05 +1.197176536e+05 +1.196627136e+05 +1.196627136e+05 -9.6497e-01 -4.0559e-01 -5.8308e-04 +3.4092e-01 +4.3552e+00
147 0 +6.852450823e+04 +6.852450823e+04 +6.846956823e+04 +6.846956823e+04 -4.8592e-01 -5.3794e-01 -1.3990e+00 +8.2750e-01 +4.1201e+00
188 0 +5.415294077e+04 +5.415294077e+04 +5.409800077e+04 +5.409800077e+04 +1.4402e+00 -3.9848e+00 -5.3671e-01 +1.6278e+00 +1.1503e+01
337 0 +1.739206378e+04 +1.739206378e+04 +1.733712378e+04 +1.733712378e+04 -5.9113e+00 -3.3635e+00 +3.6818e+00 +6.8517e+00 +2.2423e+00
% f evaluations | g evaluations | best noise-free fitness - Fopt | noise-free fitness - Fopt (5.913000000000e+01) | measured fitness | best measured fitness | x1 | x2...
1 0 +7.466699182e+06 +7.466699182e+06 +7.466758312e+06 +7.466758312e+06 +0.0000e+00 +0.0000e+00 +0.0000e+00 +0.0000e+00 +0.0000e+00
2 0 +6.899212311e+06 +6.899212311e+06 +6.899271441e+06 +6.899271441e+06 +2.9611e-01 +7.5723e-02 -2.0604e-02 -2.1957e-01 -1.1659e-01
4 0 +8.461381008e+05 +8.461381008e+05 +8.461972308e+05 +8.461972308e+05 +1.7733e-01 +2.5046e+00 +6.1378e-01 +1.5959e-01 -5.5421e-04
12 0 +4.358497606e+05 +4.358497606e+05 +4.359088906e+05 +4.359088906e+05 +9.3595e-01 +3.1030e+00 -1.1106e+00 +3.4383e-01 -5.0928e-02
84 0 +2.689608637e+05 +2.689608637e+05 +2.690199937e+05 +2.690199937e+05 -3.3925e-02 +5.4521e+00 -6.8668e+00 +1.3674e+00 -1.0485e+00
102 0 +5.426917988e+04 +5.426917988e+04 +5.432830988e+04 +5.432830988e+04 +1.2362e+00 +2.8435e+00 -4.6048e+00 +2.0175e+00 -1.0820e+00
123 0 +3.066804098e+04 +3.066804098e+04 +3.072717098e+04 +3.072717098e+04 +2.0944e+00 +3.2373e+00 -5.9681e+00 +2.2565e+00 -1.1310e+00
189 0 +2.459461877e+04 +2.459461877e+04 +2.465374877e+04 +2.465374877e+04 +9.4556e-01 +2.7342e+00 -4.9861e+00 +2.2739e+00 -1.4681e+00
218 0 +1.760833130e+04 +1.760833130e+04 +1.766746130e+04 +1.766746130e+04 +1.5716e+00 +2.4886e+00 -4.8241e+00 +2.3147e+00 -1.5244e+00
233 0 +1.593326375e+04 +1.593326375e+04 +1.599239375e+04 +1.599239375e+04 +1.1364e+00 +2.9671e+00 -5.3890e+00 +2.2157e+00 -1.4871e+00
272 0 +1.534183035e+04 +1.534183035e+04 +1.540096035e+04 +1.540096035e+04 +1.6311e+00 +2.6083e+00 -4.8998e+00 +2.1455e+00 -1.5105e+00
287 0 +1.485009026e+04 +1.485009026e+04 +1.490922026e+04 +1.490922026e+04 +1.5856e+00 +2.5827e+00 -4.9561e+00 +2.1261e+00 -1.5365e+00
297 0 +1.449407433e+04 +1.449407433e+04 +1.455320433e+04 +1.455320433e+04 +1.5704e+00 +2.5956e+00 -4.8871e+00 +2.1153e+00 -1.5556e+00
305 0 +1.352060395e+04 +1.352060395e+04 +1.357973395e+04 +1.357973395e+04 +1.4324e+00 +2.7575e+00 -5.0315e+00 +2.1265e+00 -1.5413e+00
314 0 +1.288865379e+04 +1.288865379e+04 +1.294778379e+04 +1.294778379e+04 +1.4343e+00 +2.7067e+00 -4.9617e+00 +2.1110e+00 -1.5403e+00
397 0 +1.243655042e+04 +1.243655042e+04 +1.249568042e+04 +1.249568042e+04 +1.3027e+00 +2.7373e+00 -4.9290e+00 +2.1519e+00 -1.4933e+00
406 0 +1.122146292e+04 +1.122146292e+04 +1.128059292e+04 +1.128059292e+04 +1.2460e+00 +2.7884e+00 -4.8149e+00 +2.1179e+00 -1.4887e+00
568 0 +1.118277792e+04 +1.118277792e+04 +1.124190792e+04 +1.124190792e+04 +1.2466e+00 +2.7989e+00 -4.8738e+00 +2.0963e+00 -1.5076e+00
574 0 +1.094040737e+04 +1.094040737e+04 +1.099953737e+04 +1.099953737e+04 +1.1694e+00 +2.8051e+00 -4.8938e+00 +2.1352e+00 -1.5097e+00
576 0 +1.062147756e+04 +1.062147756e+04 +1.068060756e+04 +1.068060756e+04 +1.1491e+00 +2.8451e+00 -4.8162e+00 +2.0950e+00 -1.5100e+00
615 0 +1.028034404e+04 +1.028034404e+04 +1.033947404e+04 +1.033947404e+04 +1.0955e+00 +2.8681e+00 -4.8589e+00 +2.1284e+00 -1.4985e+00
625 0 +1.009042138e+04 +1.009042138e+04 +1.014955138e+04 +1.014955138e+04 +1.0681e+00 +2.8609e+00 -4.8105e+00 +2.1288e+00 -1.4923e+00
762 0 +9.791999112e+03 +9.791999112e+03 +9.851129112e+03 +9.851129112e+03 +1.0263e+00 +2.8808e+00 -4.7813e+00 +2.0960e+00 -1.4998e+00
830 0 +9.606935234e+03 +9.606935234e+03 +9.666065234e+03 +9.666065234e+03 +9.8124e-01 +2.9195e+00 -4.8105e+00 +2.0942e+00 -1.4919e+00
861 0 +9.528548174e+03 +9.528548174e+03 +9.587678174e+03 +9.587678174e+03 +9.5043e-01 +2.9495e+00 -4.8250e+00 +2.0866e+00 -1.4875e+00
872 0 +9.330031945e+03 +9.330031945e+03 +9.389161945e+03 +9.389161945e+03 +9.2929e-01 +2.9295e+00 -4.7620e+00 +2.0912e+00 -1.4893e+00
964 0 +9.119153998e+03 +9.119153998e+03 +9.178283998e+03 +9.178283998e+03 +8.8984e-01 +2.9396e+00 -4.7169e+00 +2.0914e+00 -1.4910e+00
% f evaluations | g evaluations | best noise-free fitness - Fopt | noise-free fitness - Fopt (-4.915300000000e+02) | measured fitness | best measured fitness | x1 | x2...
1 0 +2.917801904e+04 +2.917801904e+04 +2.868648904e+04 +2.868648904e+04 +0.0000e+00 +0.0000e+00 +0.0000e+00 +0.0000e+00 +0.0000e+00
13 0 +2.812760319e+04 +2.812760319e+04 +2.763607319e+04 +2.763607319e+04 +2.9497e-01 -2.1358e-01 -1.3945e-01 +3.8422e-02 +1.5865e+00
14 0 +2.010823778e+04 +2.010823778e+04 +1.961670778e+04 +1.961670778e+04 +7.2539e-02 -4.9267e-01 -9.3191e-01 +2.9365e-01 -2.4749e-01
17 0 +1.275413571e+04 +1.275413571e+04 +1.226260571e+04 +1.226260571e+04 +2.5375e-01 -3.3628e-01 -4.8783e-01 -1.5988e-01 +5.5685e-01
107 0 +6.132476747e+03 +6.132476747e+03 +5.640946747e+03 +5.640946747e+03 +2.3961e+00 -3.0612e-01 -1.2341e+00 +6.2476e+00 +4.4631e+00
% f evaluations | g evaluations | best noise-free fitness - Fopt | noise-free fitness - Fopt (-1.702000000000e+02) | measured fitness | best measured fitness | x1 | x2...
1 0 +1.702574989e+07 +1.702574989e+07 +1.702557969e+07 +1.702557969e+07 +0.0000e+00 +0.0000e+00 +0.0000e+00 +0.0000e+00 +0.0000e+00
2 0 +7.442689343e+06 +7.442689343e+06 +7.442519143e+06 +7.442519143e+06 +8.5674e-01 -4.9014e-01 +1.9790e-01 +1.7861e+00 +3.9900e-02
13 0 +7.096901120e+06 +7.096901120e+06 +7.096730920e+06 +7.096730920e+06 -7.7862e-01 -3.0001e+00 -5.2840e-01 +1.9422e+00 +2.4620e-02
16 0 +4.142458451e+06 +4.142458451e+06 +4.142288251e+06 +4.142288251e+06 +1.5128e+00 -4.2415e-02 +2.3605e-02 +2.2009e+00 +7.9827e-01
24 0 +6.963981493e+04 +6.963981493e+04 +6.946961493e+04 +6.946961493e+04 -7.4522e-01 -1.7786e+00 +1.7528e+00 +6.6693e+00 +1.3473e+00
205 0 +1.722214116e+04 +1.722214116e+04 +1.705194116e+04 +1.705194116e+04 -4.9651e+00 -2.5771e+00 -3.0031e+00 +3.3569e+00 +2.4253e+00
% f evaluations | g evaluations | best noise-free fitness - Fopt | noise-free fitness - Fopt (-4.697500000000e+02) | measured fitness | best measured fitness | x1 | x2...
1 0 +1.297321784e+07 +1.297321784e+07 +1.297274809e+07 +1.297274809e+07 +0.0000e+00 +0.0000e+00 +0.0000e+00 +0.0000e+00 +0.0000e+00
2 0 +9.617469699e+06 +9.617469699e+06 +9.616999949e+06 +9.616999949e+06 -4.4494e-01 -1.2653e-01 +7.8619e-01 +1.8439e-01 +5.8176e-01
3 0 +7.845975015e+06 +7.845975015e+06 +7.845505265e+06 +7.845505265e+06 +2.6143e-01 +1.4787e+00 +8.5214e-01 +8.1587e-02 +1.7906e+00
9 0 +6.019751958e+06 +6.019751958e+06 +6.019282208e+06 +6.019282208e+06 +6.3582e-01 +2.0939e-01 -3.5893e-01 +7.6441e-02 +4.2107e+00
13 0 +8.682951773e+05 +8.682951773e+05 +8.678254273e+05 +8.678254273e+05 +1.6392e+00 -1.8189e+00 +1.5985e+00 -4.2678e-02 +3.0588e-01
14 0 +1.742804561e+05 +1.742804561e+05 +1.738107061e+05 +1.738107061e+05 +6.5521e-01 -1.1747e+00 +2.3001e+00 +1.8902e-01 +6.2189e+00
22 0 +1.651541789e+05 +1.651541789e+05 +1.646844289e+05 +1.646844289e+05 +7.0706e-01 +1.9033e+00 +2.2853e+00 +1.1879e-03 +9.5577e+00
30 0 +1.396918452e+05 +1.396918452e+05 +1.392220952e+05 +1.392220952e+05 +2.4737e-01 -3.3253e+00 +2.8178e+00 +5.4265e-01 +3.0894e+00
58 0 +3.567149171e+04 +3.567149171e+04 +3.520174171e+04 +3.520174171e+04 +6.3622e-01 -3.1232e+00 +3.1658e+00 -1.2366e-02 +1.6149e+00
223 0 +1.808306580e+04 +1.808306580e+04 +1.761331580e+04 +1.761331580e+04 -1.3402e+00 -3.7594e+00 +3.6138e+00 -3.2198e-01 +4.2770e+00
242 0 +1.135629894e+04 +1.135629894e+04 +1.088654894e+04 +1.088654894e+04 -1.4065e+00 -3.8746e+00 +3.8511e+00 -2.7605e-01 +3.8529e+00
254 0 +9.038794497e+03 +9.038794497e+03 +8.569044497e+03 +8.569044497e+03 -1.3374e+00 -3.9215e+00 +3.8227e+00 -2.6985e-01 +3.4976e+00
263 0 +6.923570441e+03 +6.923570441e+03 +6.453820441e+03 +6.453820441e+03 -1.3947e+00 -3.8965e+00 +3.9964e+00 -2.4417e-01 +3.3971e+00
264 0 +4.409614362e+03 +4.409614362e+03 +3.939864362e+03 +3.939864362e+03 -1.4041e+00 -3.5796e+00 +4.0358e+00 -2.7104e-01 +3.4398e+00
276 0 +2.264224334e+03 +2.264224334e+03 +1.794474334e+03 +1.794474334e+03 -1.4461e+00 -3.4768e+00 +4.1932e+00 -2.7928e-01 +3.3030e+00
304 0 +2.147596680e+03 +2.147596680e+03 +1.677846680e+03 +1.677846680e+03 -1.4297e+00 -3.5781e+00 +4.1737e+00 -2.4644e-01 +3.1578e+00
316 0 +2.006198287e+03 +2.006198287e+03 +1.536448287e+03 +1.536448287e+03 -1.4518e+00 -3.5735e+00 +4.1836e+00 -2.3512e-01 +3.2039e+00
330 0 +1.845077368e+03 +1.845077368e+03 +1.375327368e+03 +1.375327368e+03 -1.4048e+00 -3.6322e+00 +4.1653e+00 -2.3901e-01 +3.0773e+00
355 0 +1.770850995e+03 +1.770850995e+03 +1.301100995e+03 +1.301100995e+03 -1.4303e+00 -3.6795e+00 +4.1756e+00 -2.2933e-01 +3.1022e+00
366 0 +1.672185590e+03 +1.672185590e+03 +1.202435590e+03 +1.202435590e+03 -1.4296e+00 -3.6724e+00 +4.1829e+00 -2.3173e-01 +3.0725e+00
388 0 +1.647125408e+03 +1.647125408e+03 +1.177375408e+03 +1.177375408e+03 -1.4348e+00 -3.6693e+00 +4.1871e+00 -2.3103e-01 +3.0672e+00
394 0 +1.567557806e+03 +1.567557806e+03 +1.097807806e+03 +1.097807806e+03 -1.4361e+00 -3.6658e+00 +4.1964e+00 -2.3010e-01 +3.0532e+00
404 0 +1.530757564e+03 +1.530757564e+03 +1.061007564e+03 +1.061007564e+03 -1.4340e+00 -3.7029e+00 +4.1928e+00 -2.3142e-01 +3.0190e+00
415 0 +1.434869608e+03 +1.434869608e+03 +9.651196081e+02 +9.651196081e+02 -1.4398e+00 -3.6999e+00 +4.2058e+00 -2.3089e-01 +3.0036e+00
428 0 +1.342763935e+03 +1.342763935e+03 +8.730139355e+02 +8.730139355e+02 -1.4698e+00 -3.7024e+00 +4.2284e+00 -2.3269e-01 +3.0017e+00
462 0 +1.292223456e+03 +1.292223456e+03 +8.224734563e+02 +8.224734563e+02 -1.4461e+00 -3.7542e+00 +4.2169e+00 -2.3726e-01 +2.9003e+00
467 0 +1.126297142e+03 +1.126297142e+03 +6.565471424e+02 +6.565471424e+02 -1.5194e+00 -3.8295e+00 +4.2600e+00 -2.3004e-01 +2.8597e+00
% f evaluations | g evaluations | best noise-free fitness - Fopt | noise-free fitness - Fopt (-5.191000000000e+01) | measured fitness | best measured fitness | x1 | x2...
1 0 +1.740467296e+06 +1.740467296e+06 +1.740415386e+06 +1.740415386e+06 +0.0000e+00 +0.0000e+00 +0.0000e+00 +0.0000e+00 +0.0000e+00
6 0 +1.055169739e+05 +1.055169739e+05 +1.054650639e+05 +1.054650639e+05 -2.4753e-01 +7.1904e-02 -1.7444e+00 -2.5698e-01 +1.9147e+00
46 0 +7.393093003e+04 +7.393093003e+04 +7.387902003e+04 +7.387902003e+04 -6.5946e-03 +4.7833e-01 -1.5078e-01 +2.2222e+00 -2.9807e+00
57 0 +7.216018086e+04 +7.216018086e+04 +7.210827086e+04 +7.210827086e+04 -1.8104e-01 +5.1410e-01 -5.3835e-01 +1.6189e+00 -1.8788e+00
65 0 +5.972904162e+04 +5.972904162e+04 +5.967713162e+04 +5.967713162e+04 -1.9409e-01 +6.2512e-01 -1.0049e+00 +1.0672e+00 -1.2994e+00
75 0 +3.603940146e+04 +3.603940146e+04 +3.598749146e+04 +3.598749146e+04 +7.8726e-02 +8.2461e-01 -4.3564e-01 +1.3383e+00 -2.1356e+00
88 0 +2.725238487e+04 +2.725238487e+04 +2.720047487e+04 +2.720047487e+04 -8.7632e-02 +5.8040e-01 -7.5479e-01 +7.4977e-01 -1.8021e+00
95 0 +1.721555155e+04 +1.721555155e+04 +1.716364155e+04 +1.716364155e+04 +1.2151e-01 +6.0635e-01 -8.3194e-01 +3.2976e-01 -1.8592e+00
103 0 +1.658337331e+04 +1.658337331e+04 +1.653146331e+04 +1.653146331e+04 +1.0805e-01 +5.5083e-01 -7.0202e-01 +4.3006e-01 -2.1052e+00
123 0 +1.254875506e+04 +1.254875506e+04 +1.249684506e+04 +1.249684506e+04 +1.0172e-01 +5.4255e-01 -7.2635e-01 +5.9421e-02 -1.9297e+00
129 0 +8.811266173e+03 +8.811266173e+03 +8.759356173e+03 +8.759356173e+03 +1.1728e-01 +4.9717e-01 -7.9838e-01 -4.5645e-01 -1.9271e+00
136 0 +8.579352192e+03 +8.579352192e+03 +8.527442192e+03 +8.527442192e+03 +1.3356e-01 +5.0050e-01 -8.2197e-01 -3.8972e-01 -1.8915e+00
142 0 +7.544345291e+03 +7.544345291e+03 +7.492435291e+03 +7.492435291e+03 -2.9003e-02 +4.9080e-01 -8.6681e-01 -8.7881e-01 -1.9485e+00
149 0 +4.132452452e+03 +4.132452452e+03 +4.080542452e+03 +4.080542452e+03 -4.7515e-02 +5.7000e-01 -8.9439e-01 -9.6283e-01 -2.0592e+00
% f evaluations | g evaluations | best noise-free fitness - Fopt | noise-free fitness - Fopt (4.808000000000e+01) | measured fitness | best measured fitness | x1 | x2...
1 0 +2.499763920e+06 +2.499763920e+06 +2.499812000e+06 +2.499812000e+06 +0.0000e+00 +0.0000e+00 +0.0000e+00 +0.0000e+00 +0.0000e+00
5 0 +2.098088474e+06 +2.098088474e+06 +2.098136554e+06 +2.098136554e+06 -3.5527e-01 -1.6242e-02 -1.4542e-01 -2.9880e-01 -8.4236e-02
9 0 +2.064007523e+06 +2.064007523e+06 +2.064055603e+06 +2.064055603e+06 -9.2900e-02 +1.0998e-01 -2.8417e-01 -9.6544e-01 +4.2405e-01
14 0 +1.794742670e+06 +1.794742670e+06 +1.794790750e+06 +1.794790750e+06 -8.5919e-01 -8.9255e-01 -8.6383e-02 +2.9287e-01 +1.1313e+00
15 0 +1.973291825e+05 +1.973291825e+05 +1.973772625e+05 +1.973772625e+05 -5.6233e-01 -1.0985e+00 -1.3428e+00 -9.7166e-01 +4.4688e-01
23 0 +1.462468675e+05 +1.462468675e+05 +1.462949475e+05 +1.462949475e+05 -1.1680e+00 -2.4065e+00 -1.3255e+00 +8.4767e-01 +1.4896e+00
26 0 +9.018997975e+03 +9.018997975e+03 +9.067077975e+03 +9.067077975e+03 -7.7191e-01 -4.0918e-01 -1.7551e+00 -8.7313e-02 +2.7707e+00
% f evaluations | g evaluations | best noise-free fitness - Fopt | noise-free fitness - Fopt (3.058000000000e+01) | measured fitness | best measured fitness | x1 | x2...
1 0 +4.842175733e+06 +4.842175733e+06 +4.842206313e+06 +4.842206313e+06 +0.0000e+00 +0.0000e+00 +0.0000e+00 +0.0000e+00 +0.0000e+00
2 0 +4.787879563e+06 +4.787879563e+06 +4.787910143e+06 +4.787910143e+06 +1.4544e-01 -3.1480e-02 -6.2530e-01 -2.5370e+00 +7.0591e-01
3 0 +4.221383707e+06 +4.221383707e+06 +4.221414287e+06 +4.221414287e+06 -2.0418e-01 +1.1269e-02 -4.0559e-01 -7.6822e-01 +1.1134e+00
4 0 +3.183527195e+06 +3.183527195e+06 +3.183557775e+06 +3.183557775e+06 +6.0796e-01 -1.9106e-02 +1.4934e+00 -2.8860e+00 -2.3383e-01
13 0 +8.415812734e+05 +8.415812734e+05 +8.416118534e+05 +8.416118534e+05 +1.8893e-01 -2.8118e-02 +1.9187e+00 -3.7230e+00 +9.9615e-01
23 0 +5.899249960e+05 +5.899249960e+05 +5.899555760e+05 +5.899555760e+05 +1.0926e-02 -9.3558e-03 +1.9420e+00 -3.2326e+00 +1.3927e+00
29 0 +2.264441592e+05 +2.264441592e+05 +2.264747392e+05 +2.264747392e+05 -1.6183e-01 -2.3693e-02 +2.3092e+00 -5.3392e+00 +1.3009e+00
31 0 +1.791650724e+05 +1.791650724e+05 +1.791956524e+05 +1.791956524e+05 +4.6529e-01 -7.6313e-03 +3.1054e+00 -4.9185e+00 +1.4903e+00
32 0 +1.824205757e+04 +1.824205757e+04 +1.827263757e+04 +1.827263757e+04 +1.1705e-01 -1.8210e-02 +3.0352e+00 -4.9615e+00 +2.2896e+00
504 0 +1.698465864e+04 +1.698465864e+04 +1.701523864e+04 +1.701523864e+04 +9.8693e-02 -2.0059e-01 +1.9034e+00 -6.5831e+00 +3.7043e+00
517 0 +1.590658723e+04 +1.590658723e+04 +1.593716723e+04 +1.593716723e+04 +2.1928e-01 -1.9417e-01 +2.0772e+00 -6.4888e+00 +3.4815e+00
519 0 +1.448731617e+04 +1.448731617e+04 +1.451789617e+04 +1.451789617e+04 -1.0466e-01 -2.0353e-01 +1.9134e+00 -6.2985e+00 +3.2779e+00
545 0 +1.333657042e+04 +1.333657042e+04 +1.336715042e+04 +1.336715042e+04 +1.5507e-01 -2.0539e-01 +2.1249e+00 -5.6281e+00 +3.3505e+00
561 0 +1.056532328e+04 +1.056532328e+04 +1.059590328e+04 +1.059590328e+04 +3.1266e-02 -2.0508e-01 +2.0594e+00 -5.7598e+00 +3.4278e+00
568 0 +7.506930938e+03 +7.506930938e+03 +7.537510938e+03 +7.537510938e+03 -5.1319e-02 -2.1349e-01 +2.3244e+00 -4.9031e+00 +3.0547e+00
597 0 +5.604132876e+03 +5.604132876e+03 +5.634712876e+03 +5.634712876e+03 +1.5075e-01 -2.3792e-01 +2.3261e+00 -4.4954e+00 +3.5977e+00
609 0 +3.547985631e+03 +3.547985631e+03 +3.578565631e+03 +3.578565631e+03 -2.8794e-01 -2.4201e-01 +2.1021e+00 -3.6026e+00 +3.2978e+00
630 0 +2.311407249e+03 +2.311407249e+03 +2.341987249e+03 +2.341987249e+03 -4.7237e-02 -2.4319e-01 +2.4046e+00 -3.3217e+00 +3.2539e+00
% f evaluations | g evaluations | best noise-free fitness - Fopt | noise-free fitness - Fopt (1.000000000000e+03) | measured fitness | best measured fitness | x1 | x2...
1 0 +1.936171001e+06 +1.936171001e+06 +1.937171001e+06 +1.937171001e+06 +0.0000e+00 +0.0000e+00 +0.0000e+00 +0.0000e+00 +0.0000e+00
2 0 +6.166764960e+05 +6.166764960e+05 +6.176764960e+05 +6.176764960e+05 +2.2921e+00 +6.8489e-01 -4.7524e-01 -4.5731e-01 +1.9603e+00
8 0 +5.879019296e+04 +5.879019296e+04 +5.979019296e+04 +5.979019296e+04 +1.3840e+00 -1.6385e-01 -1.2546e+00 -2.4966e-01 -8.6451e-01
13 0 +2.760524510e+04 +2.760524510e+04 +2.860524510e+04 +2.860524510e+04 +8.9476e-01 -1.9871e-01 -1.5265e+00 -1.5174e-01 -3.0698e+00
32 0 +1.522700702e+04 +1.522700702e+04 +1.622700702e+04 +1.622700702e+04 -1.8161e+00 -9.7337e-01 -1.5424e+00 -5.3848e-01 +5.0328e-01
199 0 +1.194180156e+04 +1.194180156e+04 +1.294180156e+04 +1.294180156e+04 +8.8945e-01 -2.0593e+00 +3.5914e-01 -1.0639e+00 -4.6437e-01
220 0 +9.263902958e+03 +9.263902958e+03 +1.026390296e+04 +1.026390296e+04 +2.3822e-01 -2.1563e+00 +2.9142e-01 -9.6970e-01 -1.6354e-01
347 0 +5.313199311e+03 +5.313199311e+03 +6.313199311e+03 +6.313199311e+03 -1.2499e+00 -3.3244e+00 +1.7336e-01 -8.3945e-01 +1.7423e+00
365 0 +3.717582144e+03 +3.717582144e+03 +4.717582144e+03 +4.717582144e+03 -4.2668e-01 -3.4260e+00 +5.1268e-01 -9.0168e-01 +9.6315e-01
368 0 +2.413998278e+03 +2.413998278e+03 +3.413998278e+03 +3.413998278e+03 -1.2406e+00 -3.1129e+00 -6.9106e-02 -7.5068e-01 +1.2189e+00
% f evaluations | g evaluations | best noise-free fitness - Fopt | noise-free fitness - Fopt (-4.236000000000e+01) | measured fitness | best measured fitness | x1 | x2...
1 0 +4.788111137e+04 +4.788111137e+04 +4.783875137e+04 +4.783875137e+04 +0.0000e+00 +0.0000e+00 +0.0000e+00 +0.0000e+00 +0.0000e+00
2 0 +3.188128609e+04 +3.188128609e+04 +3.183892609e+04 +3.183892609e+04 -1.0627e-02 -1.0427e-01 +3.7730e-01 +4.3834e-03 +1.4231e-01
11 0 +1.576564574e+04 +1.576564574e+04 +1.572328574e+04 +1.572328574e+04 +1.4635e-01 -6.1884e-02 +2.6710e-01 +8.3101e-03 -4.6225e-02
53 0 +1.294477504e+04 +1.294477504e+04 +1.290241504e+04 +1.290241504e+04 -2.4530e-01 -3.5379e-01 +1.5129e+00 +1.3676e-02 +2.5846e-01
88 0 +1.136228555e+04 +1.136228555e+04 +1.131992555e+04 +1.131992555e+04 -2.1217e-01 -5.5796e-01 +1.3273e+00 +6.2890e-02 +1.2772e-01
96 0 +7.850391256e+03 +7.850391256e+03 +7.808031256e+03 +7.808031256e+03 -7.5791e-02 -5.7843e-01 +1.3385e+00 +6.9496e-02 +2.3076e-01
102 0 +7.645582735e+03 +7.645582735e+03 +7.603222735e+03 +7.603222735e+03 -1.6863e-01 -6.0660e-01 +1.4229e+00 +5.2498e-02 +8.8082e-02
107 0 +7.038844191e+03 +7.038844191e+03 +6.996484191e+03 +6.996484191e+03 -1.0153e-01 -6.1519e-01 +1.2792e+00 +5.1058e-02 +9.5170e-02
215 0 +6.883920994e+03 +6.883920994e+03 +6.841560994e+03 +6.841560994e+03 -2.2820e-01 -6.6837e-01 +1.5745e+00 +3.8513e-02 +1.0075e-01
222 0 +5.483803624e+03 +5.483803624e+03 +5.441443624e+03 +5.441443624e+03 -2.2335e-01 -7.2037e-01 +1.5912e+00 +4.7656e-02 +1.7623e-01
318 0 +5.269874664e+03 +5.269874664e+03 +5.227514664e+03 +5.227514664e+03 -9.0897e-02 -6.9664e-01 +1.4555e+00 +5.1049e-02 +1.9862e-01
326 0 +5.209284516e+03 +5.209284516e+03 +5.166924516e+03 +5.166924516e+03 -8.3224e-02 -7.0374e-01 +1.4617e+00 +5.0731e-02 +2.0207e-01
341 0 +5.080686317e+03 +5.080686317e+03 +5.038326317e+03 +5.038326317e+03 -8.5844e-02 -7.0743e-01 +1.4230e+00 +4.9219e-02 +1.9972e-01
349 0 +4.989865120e+03 +4.989865120e+03 +4.947505120e+03 +4.947505120e+03 -8.9627e-02 -7.1326e-01 +1.4396e+00 +4.9375e-02 +2.0013e-01
375 0 +4.831071236e+03 +4.831071236e+03 +4.788711236e+03 +4.788711236e+03 -9.1853e-02 -7.2629e-01 +1.4494e+00 +5.0031e-02 +1.9963e-01
417 0 +4.695569863e+03 +4.695569863e+03 +4.653209863e+03 +4.653209863e+03 -8.5811e-02 -7.4271e-01 +1.4434e+00 +5.0345e-02 +1.8492e-01
433 0 +4.647244826e+03 +4.647244826e+03 +4.604884826e+03 +4.604884826e+03 -9.0099e-02 -7.4958e-01 +1.4463e+00 +5.2333e-02 +1.8103e-01
444 0 +4.524985187e+03 +4.524985187e+03 +4.482625187e+03 +4.482625187e+03 -9.6854e-02 -7.6879e-01 +1.4538e+00 +5.3337e-02 +1.8899e-01
452 0 +4.347349966e+03 +4.347349966e+03 +4.304989966e+03 +4.304989966e+03 -8.2592e-02 -7.7255e-01 +1.4656e+00 +5.1981e-02 +1.9097e-01
466 0 +4.231228498e+03 +4.231228498e+03 +4.188868498e+03 +4.188868498e+03 -9.2983e-02 -7.8252e-01 +1.4968e+00 +5.3362e-02 +1.8974e-01
745 0 +4.166852975e+03 +4.166852975e+03 +4.124492975e+03 +4.124492975e+03 -1.1235e-01 -7.8090e-01 +1.5436e+00 +5.3425e-02 +2.0924e-01
810 0 +4.061961776e+03 +4.061961776e+03 +4.019601776e+03 +4.019601776e+03 -1.1895e-01 -7.9029e-01 +1.5614e+00 +5.4649e-02 +2.1559e-01
% f evaluations | g evaluations | best noise-free fitness - Fopt | noise-free fitness - Fopt (-7.187000000000e+01) | measured fitness | best measured fitness | x1 | x2...
1 0 +2.938397160e+05 +2.938397160e+05 +2.937678460e+05 +2.937678460e+05 +0.0000e+00 +0.0000e+00 +0.0000e+00 +0.0000e+00 +0.0000e+00
3 0 +2.191069582e+05 +2.191069582e+05 +2.190350882e+05 +2.190350882e+05 +1.9506e-01 +3.4498e+00 -5.9807e-01 -7.9489e-02 +7.9982e-01
20 0 +1.937834413e+05 +1.937834413e+05 +1.937115713e+05 +1.937115713e+05 +2.9190e-02 +3.3139e+00 -1.8725e+00 -6.3808e-01 +2.2815e-01
21 0 +1.834757267e+05 +1.834757267e+05 +1.834038567e+05 +1.834038567e+05 +6.1531e-02 +4.3442e+00 -1.4489e+00 -1.1999e-02 +2.4722e-01
26 0 +1.477086192e+05 +1.477086192e+05 +1.476367492e+05 +1.476367492e+05 +3.0875e-02 +4.0727e+00 -1.5137e+00 -5.7542e-01 +3.1210e-01
43 0 +6.987070615e+04 +6.987070615e+04 +6.979883615e+04 +6.979883615e+04 +1.9978e-01 +3.8040e+00 -2.0564e+00 -5.3204e-01 +8.2376e-02
60 0 +5.225147469e+04 +5.225147469e+04 +5.217960469e+04 +5.217960469e+04 +1.6952e-01 +4.2351e+00 -2.3721e+00 -7.3766e-01 -1.9705e-01
74 0 +3.711027382e+04 +3.711027382e+04 +3.703840382e+04 +3.703840382e+04 +2.7666e-01 +2.2141e+00 -3.1095e+00 -5.8664e-01 -4.2408e-01
% f evaluations | g evaluations | best noise-free fitness - Fopt | noise-free fitness - Fopt (-1.650000000000e+01) | measured fitness | best measured fitness | x1 | x2...
1 0 +6.567126701e+06 +6.567126701e+06 +6.567110201e+06 +6.567110201e+06 +0.0000e+00 +0.0000e+00 +0.0000e+00 +0.0000e+00 +0.0000e+00
4 0 +9.097528271e+05 +9.097528271e+05 +9.097363271e+05 +9.097363271e+05 +1.1741e+00 +1.7993e+00 +8.6543e-01 -8.7558e-02 -1.1629e-01
14 0 +8.385630587e+05 +8.385630587e+05 +8.385465587e+05 +8.385465587e+05 +1.3318e+00 +1.4204e+00 +1.5910e+00 -5.2137e-01 +2.5067e-01
21 0 +3.536676142e+05 +3.536676142e+05 +3.536511142e+05 +3.536511142e+05 +1.1101e+00 +2.9730e+00 +2.2286e+00 +7.5673e-02 +3.8548e-02
27 0 +6.842331040e+04 +6.842331040e+04 +6.840681040e+04 +6.840681040e+04 +4.9828e-01 +2.9634e+00 +4.3218e+00 -5.1002e-01 -6.6915e-03
51 0 +2.842188820e+04 +2.842188820e+04 +2.840538820e+04 +2.840538820e+04 +9.3621e-01 +2.5315e+00 +4.8627e+00 -9.6443e-01 +7.0291e-02
101 0 +1.756254671e+04 +1.756254671e+04 +1.754604671e+04 +1.754604671e+04 +1.0545e-01 +4.4119e+00 +4.0726e+00 -8.6681e-01 -4.6397e-01
116 0 +8.318000528e+03 +8.318000528e+03 +8.301500528e+03 +8.301500528e+03 +3.0258e-01 +4.5387e+00 +4.5566e+00 -1.2785e+00 -1.5212e+00
144 0 +1.315195580e+03 +1.315195580e+03 +1.298695580e+03 +1.298695580e+03 -1.0083e+00 +6.7514e+00 +2.9863e+00 -1.0198e+00 -1.3588e+00
179 0 +6.533240374e+02 +6.533240374e+02 +6.368240374e+02 +6.368240374e+02 -1.0830e+00 +6.7633e+00 +2.9029e+00 -1.0478e+00 -1.2458e+00
233 0 +5.643201356e+02 +5.643201356e+02 +5.478201356e+02 +5.478201356e+02 -1.4135e+00 +7.4693e+00 +2.5271e+00 -1.1768e+00 -1.0539e+00
304 0 +3.365188720e+02 +3.365188720e+02 +3.200188720e+02 +3.200188720e+02 -1.1962e+00 +7.0777e+00 +2.7032e+00 -1.1223e+00 -1.1851e+00
543 0 +2.468689284e+02 +2.468689284e+02 +2.303689284e+02 +2.303689284e+02 -1.1410e+00 +6.9050e+00 +2.7751e+00 -1.0320e+00 -1.2181e+00
574 0 +2.055108879e+02 +2.055108879e+02 +1.890108879e+02 +1.890108879e+02 -1.1328e+00 +6.9261e+00 +2.7784e+00 -1.0563e+00 -1.2239e+00
653 0 +2.034714914e+02 +2.034714914e+02 +1.869714914e+02 +1.869714914e+02 -1.1540e+00 +6.9359e+00 +2.7948e+00 -1.0384e+00 -1.2269e+00
730 0 +1.985352921e+02 +1.985352921e+02 +1.820352921e+02 +1.820352921e+02 -1.1393e+00 +6.9102e+00 +2.8101e+00 -1.0416e+00 -1.2238e+00
741 0 +1.948905670e+02 +1.948905670e+02 +1.783905670e+02 +1.783905670e+02 -1.1400e+00 +6.8949e+00 +2.8191e+00 -1.0285e+00 -1.2267e+00
779 0 +1.896214176e+02 +1.896214176e+02 +1.731214176e+02 +1.731214176e+02 -1.1131e+00 +6.8775e+00 +2.8077e+00 -1.0433e+00 -1.2375e+00
897 0 +1.861631630e+02 +1.861631630e+02 +1.696631630e+02 +1.696631630e+02 -1.1116e+00 +6.8659e+00 +2.8206e+00 -1.0373e+00 -1.2374e+00
% f evaluations | g evaluations | best noise-free fitness - Fopt | noise-free fitness - Fopt (1.000000000000e+03) | measured fitness | best measured fitness | x1 | x2...
1 0 +9.044319277e+06 +9.044319277e+06 +9.045319277e+06 +9.045319277e+06 +0.0000e+00 +0.0000e+00 +0.0000e+00 +0.0000e+00 +0.0000e+00
3 0 +4.873597436e+06 +4.873597436e+06 +4.874597436e+06 +4.874597436e+06 +8.2179e-03 -2.1300e+00 -1.5233e-01 -1.7550e+00 -3.4685e-01
5 0 +4.631767781e+06 +4.631767781e+06 +4.632767781e+06 +4.632767781e+06 -2.2121e-01 +4.6378e-01 +5.1129e-02 -7.6408e-01 +2.1341e-01
7 0 +3.465220215e+06 +3.465220215e+06 +3.466220215e+06 +3.466220215e+06 +4.0253e-02 -2.4719e-01 +3.7863e-02 -1.5482e+00 +1.4670e-01
10 0 +1.914462434e+05 +1.914462434e+05 +1.924462434e+05 +1.924462434e+05 -2.3302e-02 +1.9963e+00 +3.2992e-01 -2.3005e+00 +2.8610e-01
14 0 +1.730511955e+05 +1.730511955e+05 +1.740511955e+05 +1.740511955e+05 +2.7978e-01 +5.3906e-01 +5.6790e-01 -3.4930e+00 +1.0732e+00
18 0 +1.607595616e+05 +1.607595616e+05 +1.617595616e+05 +1.617595616e+05 +1.2367e-01 -7.0816e-01 +1.9607e-01 -3.3424e+00 +7.1663e-01
21 0 +1.270913267e+05 +1.270913267e+05 +1.280913267e+05 +1.280913267e+05 -1.7561e-02 -4.2171e-01 +5.3784e-01 -3.3192e+00 +6.9194e-01
49 0 +9.790153971e+04 +9.790153971e+04 +9.890153971e+04 +9.890153971e+04 -4.3116e-01 -1.4280e+00 +4.9015e-01 -3.7174e+00 +1.5647e+00
106 0 +6.533170288e+04 +6.533170288e+04 +6.633170288e+04 +6.633170288e+04 -6.5777e-01 -3.0561e+00 +5.5918e-01 -3.8931e+00 +2.3676e+00
122 0 +5.906799224e+04 +5.906799224e+04 +6.006799224e+04 +6.006799224e+04 -9.9390e-01 -3.3854e+00 +1.0647e-01 -3.8127e+00 +3.1161e+00
136 0 +5.612209752e+04 +5.612209752e+04 +5.712209752e+04 +5.712209752e+04 -1.1072e+00 -2.2085e+00 -1.8746e-01 -3.3056e+00 +3.6707e+00
137 0 +2.976700644e+04 +2.976700644e+04 +3.076700644e+04 +3.076700644e+04 -9.5776e-01 -3.1075e+00 +1.9244e-01 -4.0312e+00 +3.3252e+00
144 0 +1.352516451e+04 +1.352516451e+04 +1.452516451e+04 +1.452516451e+04 -1.1943e+00 -1.9517e+00 +1.0541e-01 -3.4433e+00 +3.1313e+00
159 0 +5.533670260e+03 +5.533670260e+03 +6.533670260e+03 +6.533670260e+03 -1.1747e+00 -8.0827e-01 +1.1040e-01 -3.0710e+00 +3.4532e+00
209 0 +5.018129758e+03 +5.018129758e+03 +6.018129758e+03 +6.018129758e+03 -9.9267e-01 -1.2991e-01 +4.0210e-02 -2.8273e+00 +3.3615e+00
235 0 +3.915729544e+03 +3.915729544e+03 +4.915729544e+03 +4.915729544e+03 -9.6099e-01 +9.9329e-02 +9.5593e-02 -2.7897e+00 +3.3144e+00
336 0 +3.171243623e+03 +3.171243623e+03 +4.171243623e+03 +4.171243623e+03 -1.9713e+00 +3.0247e+00 +3.4056e-01 -1.5062e+00 +3.3408e+00
374 0 +2.725092609e+03 +2.725092609e+03 +3.725092609e+03 +3.725092609e+03 -2.0325e+00 +2.4324e+00 +5.1610e-01 -1.6075e+00 +3.1885e+00
390 0 +1.226169862e+03 +1.226169862e+03 +2.226169862e+03 +2.226169862e+03 -2.1288e+00 +2.5267e+00 +4.9571e-01 -1.5881e+00 +3.2388e+00
410 0 +1.043832937e+03 +1.043832937e+03 +2.043832937e+03 +2.043832937e+03 -1.9267e+00 +3.3285e+00 +4.3009e-01 -1.3481e+00 +3.2724e+00
422 0 +8.062171638e+02 +8.062171638e+02 +1.806217164e+03 +1.806217164e+03 -1.8887e+00 +2.1227e+00 +4.4025e-01 -1.8116e+00 +3.2831e+00
% f evaluations | g evaluations | best noise-free fitness - Fopt | noise-free fitness - Fopt (-1.000000000000e+03) | measured fitness | best measured fitness | x1 | x2...
1 0 +2.163363862e+05 +2.163363862e+05 +2.153363862e+05 +2.153363862e+05 +0.0000e+00 +0.0000e+00 +0.0000e+00 +0.0000e+00 +0.0000e+00
11 0 +3.353359620e+03 +3.353359620e+03 +2.353359620e+03 +2.353359620e+03 +2.3676e-02 -3.6752e+00 +4.0739e-01 +1.4906e-01 +3.3856e+00
96 0 +1.601131536e+03 +1.601131536e+03 +6.011315356e+02 +6.011315356e+02 -5.9201e-02 -3.6260e+00 -1.6358e+00 -8.2102e-01 +1.5537e+00
% f evaluations | g evaluations | best noise-free fitness - Fopt | noise-free fitness - Fopt (-1.527400000000e+02) | measured fitness | best measured fitness | x1 | x2...
1 0 +7.960355169e+06 +7.960355169e+06 +7.960202429e+06 +7.960202429e+06 +0.0000e+00 +0.0000e+00 +0.0000e+00 +0.0000e+00 +0.0000e+00
5 0 +3.179712366e+06 +3.179712366e+06 +3.179559626e+06 +3.179559626e+06 -4.7001e-01 -1.7898e-01 +1.3118e-01 -1.5422e-01 +1.0741e+00
14 0 +2.803295057e+06 +2.803295057e+06 +2.803142317e+06 +2.803142317e+06 -1.5896e-01 -1.0748e-01 +3.8948e-01 -3.0734e-01 +1.2851e+00
16 0 +2.089326992e+06 +2.089326992e+06 +2.089174252e+06 +2.089174252e+06 +6.9895e-01 -1.9807e-01 -7.6344e-02 -1.2603e-01 +2.9112e+00
19 0 +1.929227675e+06 +1.929227675e+06 +1.929074935e+06 +1.929074935e+06 -1.2420e+00 -1.4070e-01 +4.1425e-01 -2.6866e-01 +1.6172e+00
22 0 +1.242898838e+06 +1.242898838e+06 +1.242746098e+06 +1.242746098e+06 +1.9266e-01 -1.5261e-01 -4.5377e-01 -1.9907e-01 +2.8649e+00
23 0 +9.279260176e+05 +9.279260176e+05 +9.277732776e+05 +9.277732776e+05 -2.0656e+00 -8.0905e-02 -2.0754e-01 -1.6250e-01 +2.0029e+00
24 0 +6.092720755e+05 +6.092720755e+05 +6.091193355e+05 +6.091193355e+05 -2.1409e+00 -2.4752e-01 -2.1457e-01 -1.8576e-01 +2.4386e+00
34 0 +4.732442674e+05 +4.732442674e+05 +4.730915274e+05 +4.730915274e+05 -1.0998e+00 -2.1763e-01 -8.8800e-01 -2.5484e-01 +2.9439e+00
38 0 +4.261206007e+05 +4.261206007e+05 +4.259678607e+05 +4.259678607e+05 -9.8733e-01 -1.2050e-01 -2.2762e-01 -1.9280e-01 +3.4863e+00
43 0 +3.284361732e+05 +3.284361732e+05 +3.282834332e+05 +3.282834332e+05 -5.8551e-01 -9.2750e-02 -5.5509e-01 -5.8607e-02 +4.2803e+00
68 0 +3.148908698e+05 +3.148908698e+05 +3.147381298e+05 +3.147381298e+05 -1.4712e+00 -2.1065e-01 -1.2725e+00 -1.6970e-01 +3.7757e+00
79 0 +2.583030341e+05 +2.583030341e+05 +2.581502941e+05 +2.581502941e+05 -1.1866e+00 +4.7539e-03 -1.4832e+00 -2.0023e-01 +3.6336e+00
122 0 +2.564351584e+05 +2.564351584e+05 +2.562824184e+05 +2.562824184e+05 -9.3378e-01 -1.9768e-01 -1.6634e+00 -2.9759e-01 +3.8266e+00
129 0 +2.374193162e+05 +2.374193162e+05 +2.372665762e+05 +2.372665762e+05 -5.0755e-01 -2.0751e-01 -1.8050e+00 -3.6668e-01 +3.7467e+00
135 0 +2.316409747e+05 +2.316409747e+05 +2.314882347e+05 +2.314882347e+05 -8.9379e-01 -1.6334e-01 -1.8423e+00 -2.6217e-01 +3.7543e+00
143 0 +2.187452178e+05 +2.187452178e+05 +2.185924778e+05 +2.185924778e+05 -8.6890e-01 -1.8540e-01 -2.1654e+00 -1.5355e-01 +4.2453e+00
144 0 +1.939970134e+05 +1.939970134e+05 +1.938442734e+05 +1.938442734e+05 -6.5998e-01 -1.8125e-01 -2.0884e+00 -2.5824e-01 +4.0637e+00
156 0 +1.858443961e+05 +1.858443961e+05 +1.856916561e+05 +1.856916561e+05 -1.0562e-02 -1.9108e-01 -2.0249e+00 -2.0719e-01 +4.6571e+00
161 0 +1.413474196e+05 +1.413474196e+05 +1.411946796e+05 +1.411946796e+05 -3.1206e-01 -2.1944e-01 -2.3861e+00 -1.7581e-01 +4.2516e+00
166 0 +1.342122211e+05 +1.342122211e+05 +1.340594811e+05 +1.340594811e+05 -1.3735e-02 -2.2843e-01 -2.5814e+00 -2.0038e-01 +4.1940e+00
174 0 +1.258171524e+05 +1.258171524e+05 +1.256644124e+05 +1.256644124e+05 -8.4461e-02 -1.3914e-01 -2.7693e+00 -2.0566e-01 +4.1116e+00
187 0 +1.149736690e+05 +1.149736690e+05 +1.148209290e+05 +1.148209290e+05 -4.0766e-01 -1.6512e-01 -2.7580e+00 -1.7172e-01 +4.4117e+00
194 0 +1.084056024e+05 +1.084056024e+05 +1.082528624e+05 +1.082528624e+05 -5.8614e-01 -1.8704e-01 -2.7720e+00 -1.8062e-01 +4.0644e+00
203 0 +1.033765076e+05 +1.033765076e+05 +1.032237676e+05 +1.032237676e+05 -6.3286e-01 -1.9997e-01 -2.9003e+00 -7.7874e-02 +4.2584e+00
209 0 +9.890428194e+04 +9.890428194e+04 +9.875154194e+04 +9.875154194e+04 -3.6607e-01 -1.7368e-01 -2.8953e+00 -2.2026e-01 +4.1980e+00
239 0 +9.009486037e+04 +9.009486037e+04 +8.994212037e+04 +8.994212037e+04 +5.7314e-01 -3.0584e-01 -3.3449e+00 -2.0662e-01 +4.9795e+00
246 0 +7.170436275e+04 +7.170436275e+04 +7.155162275e+04 +7.155162275e+04 +4.7640e-01 -4.0740e-01 -3.6365e+00 -1.1561e-01 +4.8354e+00
253 0 +5.640240618e+04 +5.640240618e+04 +5.624966618e+04 +5.624966618e+04 +3.3511e-01 -2.5726e-01 -3.7841e+00 -1.5633e-01 +4.6242e+00
265 0 +5.387347979e+04 +5.387347979e+04 +5.372073979e+04 +5.372073979e+04 +2.8160e-01 -2.8972e-01 -4.1424e+00 -2.3272e-01 +4.4415e+00
344 0 +4.454959497e+04 +4.454959497e+04 +4.439685497e+04 +4.439685497e+04 +8.0254e-01 -2.3895e-01 -4.1647e+00 -3.9623e-02 +5.2405e+00
367 0 +4.229965052e+04 +4.229965052e+04 +4.214691052e+04 +4.214691052e+04 +7.2747e-01 -2.4182e-01 -4.2159e+00 -4.4258e-02 +5.1466e+00
374 0 +4.161586190e+04 +4.161586190e+04 +4.146312190e+04 +4.146312190e+04 +8.2248e-01 -2.2751e-01 -4.2340e+00 -4.0090e-02 +5.1914e+00
448 0 +4.053899544e+04 +4.053899544e+04 +4.038625544e+04 +4.038625544e+04 +7.4780e-01 -2.1474e-01 -4.2617e+00 -4.7303e-02 +5.1419e+00
472 0 +3.962503961e+04 +3.962503961e+04 +3.947229961e+04 +3.947229961e+04 +6.2458e-01 -2.1399e-01 -4.2950e+00 -3.2975e-02 +5.0840e+00
538 0 +3.793143085e+04 +3.793143085e+04 +3.777869085e+04 +3.777869085e+04 +8.1195e-01 -1.7241e-01 -4.4310e+00 -2.7479e-02 +5.2267e+00
596 0 +3.685281774e+04 +3.685281774e+04 +3.670007774e+04 +3.670007774e+04 +8.1447e-01 -1.9372e-01 -4.5153e+00 -3.0656e-02 +5.2272e+00
605 0 +3.622097986e+04 +3.622097986e+04 +3.606823986e+04 +3.606823986e+04 +5.7552e-01 -1.9580e-01 -4.4775e+00 -6.4467e-02 +4.9956e+00
629 0 +3.473497581e+04 +3.473497581e+04 +3.458223581e+04 +3.458223581e+04 +5.9840e-01 -1.6120e-01 -4.5396e+00 -6.6909e-02 +5.0158e+00
640 0 +3.460336669e+04 +3.460336669e+04 +3.445062669e+04 +3.445062669e+04 +5.4647e-01 -1.6642e-01 -4.5440e+00 -6.6128e-02 +4.9688e+00
662 0 +3.250306150e+04 +3.250306150e+04 +3.235032150e+04 +3.235032150e+04 -1.0066e+00 -2.1389e-01 -4.8407e+00 -1.4524e-01 +4.0105e+00
784 0 +2.990838728e+04 +2.990838728e+04 +2.975564728e+04 +2.975564728e+04 +1.8045e+00 -1.0965e+00 -5.9181e+00 -8.8768e-01 +4.6956e+00
829 0 +2.200091429e+04 +2.200091429e+04 +2.184817429e+04 +2.184817429e+04 -1.0397e+00 -7.0537e-01 -6.4093e+00 -1.3646e+00 +2.4622e+00
