% f evaluations | g evaluations | best noise-free fitness - Fopt | noise-free fitness - Fopt (-5.494000000000e+01) | measured fitness | best measured fitness | x1 | x2...
1 0 +1.295649521e+07 +1.295649521e+07 +1.295644027e+07 +1.295644027e+07 +0.0000e+00 +0.0000e+00 +0.0000e+00 +0.0000e+00 +0.0000e+00 +0.0000e+00 +0.0000e+00 +0.0000e+00 +0.0000e+00 +0.0000e+00
2 0 +6.139507342e+06 +6.139507342e+06 +6.139452402e+06 +6.139452402e+06 -3.3921e-01 -8.1022e-02 -1.2482e-01 -3.6415e-01 +1.0850e+00 -2.3664e-02 -1.5336e+00 +8.0676e-02 +2.7791e-01 -2.8627e-01
5 0 +4.985974783e+06 +4.985974783e+06 +4.985919843e+06 +4.985919843e+06 -1.1169e+00 +5.0513e-01 +1.1174e-01 -1.1981e+00 +1.7621e+00 -6.2587e-02 -1.7719e+00 -1.8198e-01 -1.0471e-01 +3.6299e-01
17 0 +4.711849974e+06 +4.711849974e+06 +4.711795034e+06 +4.711795034e+06 -2.0441e-01 +4.3064e-02 -3.9608e-01 -2.1922e+00 +3.2071e+00 -2.2330e-01 -1.7094e+00 -2.7144e-01 +7.3946e-01 -3.4005e-01
25 0 +2.581588480e+06 +2.581588480e+06 +2.581533540e+06 +2.581533540e+06 +5.9855e-01 -4.0856e-01 +2.0547e-01 -8.4295e-01 +2.9143e+00 -5.4894e-01 -3.3932e+00 -1.8185e-01 +9.7693e-01 -9.3343e-01
37 0 +1.775261388e+06 +1.775261388e+06 +1.775206448e+06 +1.775206448e+06 -8.4735e-01 +2.1262e-01 +2.5921e-01 -1.7922e+00 +4.0598e+00 -2.5138e-02 -3.0595e+00 -2.5983e-01 +8.0966e-01 -6.3752e-01
51 0 +2.319900547e+05 +2.319900547e+05 +2.319351147e+05 +2.319351147e+05 +3.8115e-01 -1.6343e-01 +6.4094e-01 +5.5068e+00 +2.6380e+00 -3.3293e-01 -2.4698e+00 -5.4065e-01 +1.4725e+00 +2.8185e+00
212 0 +1.427004215e+05 +1.427004215e+05 +1.426454815e+05 +1.426454815e+05 +4.5472e+00 -6.1489e+00 -9.6850e-01 +6.7404e+00 +1.8508e+00 +4.3501e+00 +4.0394e-01 -5.2489e-01 +9.8909e-01 +3.6527e+00
252 0 +1.253900492e+05 +1.253900492e+05 +1.253351092e+05 +1.253351092e+05 +4.3172e+00 -6.0107e+00 -4.3961e-01 +7.9347e+00 +3.1022e+00 +4.0737e+00 +1.7670e+00 -2.7219e-01 +1.3064e+00 +3.1593e+00
259 0 +9.221509319e+04 +9.221509319e+04 +9.216015319e+04 +9.216015319e+04 +4.3149e+00 -5.4006e+00 -5.5175e-01 +7.6329e+00 +3.1806e+00 +3.6140e+00 +7.9759e-01 -4.0245e-01 +1.1442e+00 +3.4380e+00
352 0 +8.838828080e+04 +8.838828080e+04 +8.833334080e+04 +8.833334080e+04 +4.3921e+00 -4.8774e+00 -3.5385e-01 +2.7008e+00 -8.8133e-01 +4.7183e+00 -4.0906e+00 -2.9925e-01 +2.3789e+00 +5.9323e+00
362 0 +8.317974923e+04 +8.317974923e+04 +8.312480923e+04 +8.312480923e+04 +3.8638e+00 -4.9269e+00 -5.5577e-01 +2.0225e+00 -8.6736e-01 +4.6687e+00 -4.6182e+00 -4.0071e-01 +2.5393e+00 +6.8569e+00
374 0 +7.462462899e+04 +7.462462899e+04 +7.456968899e+04 +7.456968899e+04 +3.7686e+00 -4.5008e+00 -6.2530e-01 +1.5248e+00 -7.7145e-01 +4.6909e+00 -4.8082e+00 -3.4714e-01 +2.3232e+00 +7.5410e+00
528 0 +6.952319371e+04 +6.952319371e+04 +6.946825371e+04 +6.946825371e+04 +2.5662e+00 -4.9967e+00 -6.3666e-01 +3.7618e+00 -1.1056e+00 +4.9330e+00 -4.3119e+00 -5.1179e-01 +1.3422e+00 +5.3104e+00
572 0 +5.721718380e+04 +5.721718380e+04 +5.716224380e+04 +5.716224380e+04 +2.5398e+00 -4.8975e+00 -6.0146e-01 +3.6128e+00 -8.7440e-01 +4.8890e+00 -4.2440e+00 -4.9757e-01 +1.5142e+00 +5.1968e+00
583 0 +5.415767697e+04 +5.415767697e+04 +5.410273697e+04 +5.410273697e+04 +2.5579e+00 -4.9331e+00 -5.9593e-01 +3.4249e+00 -7.9565e-01 +4.8711e+00 -4.2567e+00 -4.9285e-01 +1.4975e+00 +5.2154e+00
587 0 +5.313016873e+04 +5.313016873e+04 +5.307522873e+04 +5.307522873e+04 +2.5274e+00 -4.8288e+00 -5.9522e-01 +3.4264e+00 -6.5664e-01 +4.8870e+00 -4.0962e+00 -5.1758e-01 +1.5157e+00 +5.3265e+00
597 0 +5.195110919e+04 +5.195110919e+04 +5.189616919e+04 +5.189616919e+04 +2.4803e+00 -4.8337e+00 -5.9284e-01 +3.1460e+00 -6.9990e-01 +4.9015e+00 -4.1206e+00 -5.0480e-01 +1.4298e+00 +5.2623e+00
607 0 +5.116751336e+04 +5.116751336e+04 +5.111257336e+04 +5.111257336e+04 +2.5944e+00 -4.9309e+00 -6.1616e-01 +3.4678e+00 -6.6270e-01 +4.9105e+00 -4.1315e+00 -4.8113e-01 +1.4257e+00 +5.1963e+00
615 0 +4.683575581e+04 +4.683575581e+04 +4.678081581e+04 +4.678081581e+04 +2.5492e+00 -4.8784e+00 -6.1487e-01 +3.3113e+00 -6.0649e-01 +4.9269e+00 -4.0445e+00 -4.8427e-01 +1.4121e+00 +5.1986e+00
634 0 +4.628541501e+04 +4.628541501e+04 +4.623047501e+04 +4.623047501e+04 +2.5475e+00 -4.8322e+00 -6.2872e-01 +3.2045e+00 -5.9418e-01 +4.9302e+00 -4.0754e+00 -4.8501e-01 +1.4207e+00 +5.1440e+00
664 0 +4.564932678e+04 +4.564932678e+04 +4.559438678e+04 +4.559438678e+04 +2.5516e+00 -4.8174e+00 -6.4298e-01 +3.2498e+00 -5.9874e-01 +4.9468e+00 -4.1254e+00 -4.9081e-01 +1.4065e+00 +5.2286e+00
752 0 +4.420654237e+04 +4.420654237e+04 +4.415160237e+04 +4.415160237e+04 +2.4783e+00 -4.7603e+00 -6.4153e-01 +3.0991e+00 -4.1340e-01 +4.9209e+00 -4.0415e+00 -5.0761e-01 +1.4137e+00 +5.0860e+00
762 0 +4.345091667e+04 +4.345091667e+04 +4.339597667e+04 +4.339597667e+04 +2.4537e+00 -4.6974e+00 -6.4529e-01 +3.0092e+00 -3.2606e-01 +4.9231e+00 -4.0524e+00 -5.1469e-01 +1.4106e+00 +5.0515e+00
813 0 +3.903278548e+04 +3.903278548e+04 +3.897784548e+04 +3.897784548e+04 +2.5123e+00 -4.7009e+00 -6.4717e-01 +3.0948e+00 -7.6932e-02 +4.9658e+00 -3.8656e+00 -5.5187e-01 +1.4175e+00 +4.9514e+00
823 0 +3.848725653e+04 +3.848725653e+04 +3.843231653e+04 +3.843231653e+04 +2.4918e+00 -4.7231e+00 -6.3847e-01 +2.9735e+00 -1.5528e-01 +4.9773e+00 -3.8876e+00 -5.5040e-01 +1.4010e+00 +4.9792e+00
824 0 +3.710386464e+04 +3.710386464e+04 +3.704892464e+04 +3.704892464e+04 +2.5127e+00 -4.6959e+00 -6.4886e-01 +3.0221e+00 -1.2076e-01 +4.9669e+00 -3.8910e+00 -5.6964e-01 +1.4445e+00 +4.8997e+00
847 0 +3.619750982e+04 +3.619750982e+04 +3.614256982e+04 +3.614256982e+04 +2.5031e+00 -4.6474e+00 -6.5612e-01 +3.0218e+00 -1.6466e-01 +4.9944e+00 -3.9095e+00 -5.9192e-01 +1.4049e+00 +4.9410e+00
868 0 +3.542027049e+04 +3.542027049e+04 +3.536533049e+04 +3.536533049e+04 +2.4589e+00 -4.6852e+00 -6.5656e-01 +2.9905e+00 -6.9374e-02 +4.9534e+00 -3.8150e+00 -5.4552e-01 +1.3889e+00 +4.9844e+00
884 0 +3.187761007e+04 +3.187761007e+04 +3.182267007e+04 +3.182267007e+04 +2.5034e+00 -4.6580e+00 -6.6670e-01 +2.9825e+00 -2.5977e-02 +4.9944e+00 -3.8259e+00 -5.8060e-01 +1.4175e+00 +4.8393e+00
913 0 +3.159947682e+04 +3.159947682e+04 +3.154453682e+04 +3.154453682e+04 +2.5157e+00 -4.6709e+00 -6.6725e-01 +2.8583e+00 -1.0389e-02 +4.9832e+00 -3.7544e+00 -5.8128e-01 +1.3806e+00 +5.0017e+00
915 0 +2.949495705e+04 +2.949495705e+04 +2.944001705e+04 +2.944001705e+04 +2.5575e+00 -4.6656e+00 -6.8726e-01 +2.9013e+00 -6.9316e-03 +5.0072e+00 -3.7522e+00 -5.7088e-01 +1.3750e+00 +4.8942e+00
954 0 +2.760329081e+04 +2.760329081e+04 +2.754835081e+04 +2.754835081e+04 +2.5709e+00 -4.6216e+00 -7.3310e-01 +2.8848e+00 +7.4000e-02 +4.9845e+00 -3.7320e+00 -6.3439e-01 +1.3551e+00 +4.8418e+00
962 0 +2.696164849e+04 +2.696164849e+04 +2.690670849e+04 +2.690670849e+04 +2.5545e+00 -4.5681e+00 -7.1423e-01 +2.7103e+00 +2.2164e-01 +5.0090e+00 -3.7077e+00 -6.0455e-01 +1.3977e+00 +4.7814e+00
969 0 +2.672461563e+04 +2.672461563e+04 +2.666967563e+04 +2.666967563e+04 +2.5407e+00 -4.5224e+00 -7.1711e-01 +2.6874e+00 +2.9236e-01 +5.0182e+00 -3.7108e+00 -5.7813e-01 +1.3640e+00 +5.0161e+00
977 0 +2.611522349e+04 +2.611522349e+04 +2.606028349e+04 +2.606028349e+04 +2.5841e+00 -4.5644e+00 -7.2992e-01 +2.7909e+00 +2.4170e-01 +4.9910e+00 -3.6910e+00 -6.2496e-01 +1.3918e+00 +4.8471e+00
992 0 +2.553457028e+04 +2.553457028e+04 +2.547963028e+04 +2.547963028e+04 +2.5736e+00 -4.5432e+00 -7.3691e-01 +2.7644e+00 +2.5290e-01 +5.0003e+00 -3.6741e+00 -6.1598e-01 +1.3622e+00 +4.8456e+00
% f evaluations | g evaluations | best noise-free fitness - Fopt | noise-free fitness - Fopt (5.913000000000e+01) | measured fitness | best measured fitness | x1 | x2...
1 0 +1.068863699e+07 +1.068863699e+07 +1.068869612e+07 +1.068869612e+07 +0.0000e+00 +0.0000e+00 +0.0000e+00 +0.0000e+00 +0.0000e+00 +0.0000e+00 +0.0000e+00 +0.0000e+00 +0.0000e+00 +0.0000e+00
2 0 +9.706550304e+06 +9.706550304e+06 +9.706609434e+06 +9.706609434e+06 -1.6806e-01 -1.3553e-01 -6.7346e-01 -1.5234e-01 +1.0597e+00 +7.1360e-01 +1.9012e+00 +9.9299e-01 +2.1157e+00 +3.5921e-03
3 0 +8.750362366e+06 +8.750362366e+06 +8.750421496e+06 +8.750421496e+06 +2.4291e-02 +8.7697e-01 -8.9434e-01 -8.0994e-02 +9.9474e-01 -5.2185e-01 -8.6272e-02 -1.8355e-01 -3.5630e-01 -6.9730e-02
5 0 +5.865104648e+06 +5.865104648e+06 +5.865163778e+06 +5.865163778e+06 -2.4528e-01 +1.2850e+00 +5.1869e-01 +6.1752e-02 -1.2341e+00 -1.6638e+00 +6.1585e-02 -2.6842e-01 -2.7371e-01 +1.1445e-01
10 0 +4.229005178e+06 +4.229005178e+06 +4.229064308e+06 +4.229064308e+06 +1.0415e-01 +7.8716e-01 +4.2511e-01 +2.0024e-01 +9.0328e-01 +5.7019e-01 -1.9335e+00 +3.2804e+00 -2.1509e+00 +9.0259e-02
13 0 +1.698462179e+06 +1.698462179e+06 +1.698521309e+06 +1.698521309e+06 +1.1880e-01 +1.0435e+00 -3.5052e-01 +1.2796e-01 -1.1526e+00 -1.5951e+00 +2.2638e-01 +2.2997e+00 -1.3970e+00 -5.1116e-02
23 0 +4.886112941e+05 +4.886112941e+05 +4.886704241e+05 +4.886704241e+05 -9.3245e-01 +1.6113e+00 -9.7965e-01 +1.3347e-01 -2.0042e+00 -8.5689e-01 -2.6860e-01 +3.4282e+00 -3.3317e+00 +3.8361e-02
47 0 +4.765068774e+05 +4.765068774e+05 +4.765660074e+05 +4.765660074e+05 +1.8849e-01 -5.5286e-01 -1.3484e+00 +1.1885e+00 -1.9974e+00 -2.7969e-01 -4.2946e-01 +5.1627e+00 -5.1990e+00 +4.4333e-01
54 0 +2.361970992e+05 +2.361970992e+05 +2.362562292e+05 +2.362562292e+05 +1.3789e+00 -1.5081e+00 -8.4983e-01 +1.2035e+00 -1.6723e+00 -1.7887e+00 -1.9087e+00 +5.3719e+00 -5.2207e+00 +4.5846e-01
75 0 +1.458239390e+05 +1.458239390e+05 +1.458830690e+05 +1.458830690e+05 +2.5796e+00 -1.2133e+00 -8.5113e-01 +1.9898e+00 -1.6709e+00 -9.2991e-01 -2.0039e+00 +3.3985e+00 -5.7239e+00 +5.5989e-01
91 0 +9.162269418e+04 +9.162269418e+04 +9.168182418e+04 +9.168182418e+04 +2.7289e+00 -9.0013e-01 -1.1704e+00 +1.8087e+00 -1.7196e+00 -7.2449e-02 -2.1602e+00 +3.4251e+00 -6.1430e+00 +5.8721e-01
99 0 +8.152999232e+04 +8.152999232e+04 +8.158912232e+04 +8.158912232e+04 +2.1306e+00 -1.0124e+00 -1.1377e+00 +2.2911e+00 -1.5027e+00 -1.3665e+00 -1.0074e+00 +2.5587e+00 -6.3019e+00 +5.7426e-01
102 0 +4.802167222e+04 +4.802167222e+04 +4.808080222e+04 +4.808080222e+04 +1.8586e+00 -9.9067e-01 -1.3380e+00 +2.4405e+00 -2.3471e+00 -1.6757e+00 -4.9375e-01 +1.9054e+00 -6.0394e+00 +6.1226e-01
105 0 +4.344734242e+04 +4.344734242e+04 +4.350647242e+04 +4.350647242e+04 +2.8102e+00 -1.4324e+00 -1.1469e+00 +2.2966e+00 -1.8272e+00 -1.8559e+00 -9.0718e-01 +2.2739e+00 -6.9230e+00 +6.8397e-01
124 0 +2.786663502e+04 +2.786663502e+04 +2.792576502e+04 +2.792576502e+04 +2.5305e+00 -1.0713e+00 -1.2855e+00 +2.2025e+00 -2.0831e+00 -1.3527e+00 -8.9665e-01 +1.8827e+00 -7.8791e+00 +5.6885e-01
158 0 +2.444776510e+04 +2.444776510e+04 +2.450689510e+04 +2.450689510e+04 +2.4947e+00 -1.1698e+00 -1.2584e+00 +1.7857e+00 -2.2603e+00 -1.6321e+00 -1.5906e+00 +2.6078e+00 -7.2202e+00 +5.5163e-01
184 0 +2.397571966e+04 +2.397571966e+04 +2.403484966e+04 +2.403484966e+04 +2.5488e+00 -1.2644e+00 -1.3844e+00 +1.9079e+00 -2.4892e+00 -1.5765e+00 -1.6017e+00 +2.6651e+00 -7.3510e+00 +5.3382e-01
200 0 +2.278021953e+04 +2.278021953e+04 +2.283934953e+04 +2.283934953e+04 +2.6828e+00 -1.3548e+00 -1.0630e+00 +2.2169e+00 -2.5358e+00 -1.6827e+00 -1.6123e+00 +2.6649e+00 -7.3669e+00 +4.8259e-01
586 0 +2.207771524e+04 +2.207771524e+04 +2.213684524e+04 +2.213684524e+04 +2.3469e+00 -1.5083e+00 -1.1163e+00 +2.2859e+00 -1.8990e+00 -1.9630e+00 -1.5809e+00 +2.8178e+00 -7.5920e+00 +5.5239e-01
593 0 +2.145141346e+04 +2.145141346e+04 +2.151054346e+04 +2.151054346e+04 +2.2992e+00 -1.5274e+00 -1.1365e+00 +2.2021e+00 -1.9300e+00 -2.0302e+00 -1.5094e+00 +2.8396e+00 -7.5698e+00 +5.5831e-01
607 0 +2.110657168e+04 +2.110657168e+04 +2.116570168e+04 +2.116570168e+04 +2.2326e+00 -1.4848e+00 -1.1499e+00 +2.1941e+00 -1.9963e+00 -2.0803e+00 -1.5950e+00 +2.7897e+00 -7.6275e+00 +5.6306e-01
625 0 +2.040180332e+04 +2.040180332e+04 +2.046093332e+04 +2.046093332e+04 +2.1443e+00 -1.4878e+00 -1.2053e+00 +2.2123e+00 -1.8934e+00 -2.1514e+00 -1.4733e+00 +2.8310e+00 -7.5309e+00 +5.5790e-01
650 0 +1.984979727e+04 +1.984979727e+04 +1.990892727e+04 +1.990892727e+04 +2.0905e+00 -1.3856e+00 -1.1154e+00 +2.1271e+00 -1.8809e+00 -2.0555e+00 -1.4282e+00 +2.8520e+00 -7.6214e+00 +5.4840e-01
677 0 +1.946604880e+04 +1.946604880e+04 +1.952517880e+04 +1.952517880e+04 +2.2341e+00 -1.4411e+00 -1.1880e+00 +2.0644e+00 -1.8909e+00 -2.1640e+00 -1.5352e+00 +2.7920e+00 -7.5255e+00 +5.3667e-01
689 0 +1.878113246e+04 +1.878113246e+04 +1.884026246e+04 +1.884026246e+04 +2.1563e+00 -1.5026e+00 -1.2097e+00 +2.0683e+00 -1.8768e+00 -2.3717e+00 -1.6586e+00 +2.8590e+00 -7.7027e+00 +5.3102e-01
694 0 +1.606915847e+04 +1.606915847e+04 +1.612828847e+04 +1.612828847e+04 +2.0557e+00 -1.2536e+00 -1.1224e+00 +1.8386e+00 -1.8130e+00 -2.2342e+00 -1.2773e+00 +2.6841e+00 -7.9502e+00 +4.8346e-01
748 0 +1.347905927e+04 +1.347905927e+04 +1.353818927e+04 +1.353818927e+04 +1.8520e+00 -1.3035e+00 -9.1006e-01 +1.7320e+00 -1.8689e+00 -2.3354e+00 -1.9129e+00 +3.3572e+00 -7.7087e+00 +4.4889e-01
772 0 +9.638282981e+03 +9.638282981e+03 +9.697412981e+03 +9.697412981e+03 +1.7570e+00 -1.5471e+00 -7.9575e-01 +1.6970e+00 -2.0530e+00 -3.2683e+00 -1.8383e+00 +3.3842e+00 -7.4935e+00 +4.9740e-01
811 0 +9.272212389e+03 +9.272212389e+03 +9.331342389e+03 +9.331342389e+03 +2.1427e+00 -1.6199e+00 -7.1841e-01 +1.5965e+00 -1.9921e+00 -3.3228e+00 -1.9430e+00 +3.4104e+00 -7.5297e+00 +4.6799e-01
% f evaluations | g evaluations | best noise-free fitness - Fopt | noise-free fitness - Fopt (-4.915300000000e+02) | measured fitness | best measured fitness | x1 | x2...
1 0 +3.035701260e+06 +3.035701260e+06 +3.035209730e+06 +3.035209730e+06 +0.0000e+00 +0.0000e+00 +0.0000e+00 +0.0000e+00 +0.0000e+00 +0.0000e+00 +0.0000e+00 +0.0000e+00 +0.0000e+00 +0.0000e+00
8 0 +2.924163602e+06 +2.924163602e+06 +2.923672072e+06 +2.923672072e+06 -5.1714e-01 +3.7644e-03 +5.2313e-01 +1.1062e+00 +2.3744e+00 +5.4470e-01 -7.3419e-01 -9.7665e-01 -2.5644e-01 -1.7188e-02
9 0 +2.377306084e+06 +2.377306084e+06 +2.376814554e+06 +2.376814554e+06 -5.7400e-01 -5.1653e-02 +3.5793e+00 -8.2146e-01 +1.4862e+00 -4.0310e-01 +1.5131e-01 -8.9558e-01 +2.5976e-02 +1.4653e-02
11 0 +6.267578540e+05 +6.267578540e+05 +6.262663240e+05 +6.262663240e+05 +1.1604e-01 -9.0217e-02 -1.5412e+00 +5.9770e-01 +2.0885e+00 -1.8192e+00 -1.3239e+00 +9.5365e-01 -5.6052e-01 -3.3866e-03
50 0 +1.949674500e+05 +1.949674500e+05 +1.944759200e+05 +1.944759200e+05 +1.7627e-01 -7.3281e-02 -4.1850e+00 -8.2703e-01 +3.4227e+00 -2.3502e+00 -9.3255e-01 +1.4131e+00 -2.5983e+00 +3.5760e-01
542 0 +1.720946651e+05 +1.720946651e+05 +1.716031351e+05 +1.716031351e+05 +1.9958e+00 +6.4563e-01 +4.8148e+00 -1.5876e+00 -4.3693e+00 -4.9456e+00 +3.2548e+00 +1.9714e+00 -2.1031e+00 +5.2646e-01
563 0 +1.432684745e+05 +1.432684745e+05 +1.427769445e+05 +1.427769445e+05 +2.3574e+00 +6.2619e-01 +4.5699e+00 -1.2754e+00 -4.7165e+00 -5.2030e+00 +3.0508e+00 +2.5289e+00 -2.3121e+00 +5.1822e-01
578 0 +1.391042593e+05 +1.391042593e+05 +1.386127293e+05 +1.386127293e+05 +2.3259e+00 +6.5196e-01 +4.7315e+00 -1.1637e+00 -4.6485e+00 -5.2318e+00 +3.0844e+00 +2.5971e+00 -2.3596e+00 +5.0578e-01
593 0 +1.229113569e+05 +1.229113569e+05 +1.224198269e+05 +1.224198269e+05 +2.3163e+00 +6.7214e-01 +4.2854e+00 -8.4724e-01 -4.9061e+00 -5.1246e+00 +2.5488e+00 +2.7960e+00 -2.2629e+00 +5.0637e-01
618 0 +1.049838023e+05 +1.049838023e+05 +1.044922723e+05 +1.044922723e+05 +2.3507e+00 +6.1341e-01 +4.0992e+00 -4.7570e-01 -4.1739e+00 -5.1480e+00 +2.7129e+00 +2.7578e+00 -2.3299e+00 +5.1138e-01
628 0 +1.038934752e+05 +1.038934752e+05 +1.034019452e+05 +1.034019452e+05 +2.4171e+00 +6.0054e-01 +4.1229e+00 -4.5388e-01 -4.0769e+00 -5.1173e+00 +2.6281e+00 +2.5610e+00 -2.3650e+00 +5.2270e-01
644 0 +1.005536159e+05 +1.005536159e+05 +1.000620859e+05 +1.000620859e+05 +2.3507e+00 +6.1403e-01 +4.1229e+00 -2.7918e-01 -4.1845e+00 -5.4623e+00 +2.6618e+00 +2.5941e+00 -2.4417e+00 +5.2664e-01
652 0 +9.545073198e+04 +9.545073198e+04 +9.495920198e+04 +9.495920198e+04 +2.3603e+00 +5.8986e-01 +3.8796e+00 -3.1320e-01 -4.1395e+00 -5.3836e+00 +2.6560e+00 +2.6815e+00 -2.2325e+00 +5.2068e-01
671 0 +9.212761195e+04 +9.212761195e+04 +9.163608195e+04 +9.163608195e+04 +2.3623e+00 +6.2693e-01 +4.0210e+00 -4.1630e-02 -4.0186e+00 -5.4182e+00 +2.5204e+00 +2.7692e+00 -2.2716e+00 +5.2299e-01
673 0 +7.858838300e+04 +7.858838300e+04 +7.809685300e+04 +7.809685300e+04 +2.3292e+00 +6.2917e-01 +3.6309e+00 -1.1387e-01 -4.1027e+00 -5.5184e+00 +2.5155e+00 +2.8923e+00 -2.3249e+00 +5.0466e-01
687 0 +7.401999571e+04 +7.401999571e+04 +7.352846571e+04 +7.352846571e+04 +2.3413e+00 +6.2466e-01 +3.5250e+00 -1.0665e-01 -4.0005e+00 -5.5000e+00 +2.3536e+00 +2.8023e+00 -2.2416e+00 +4.9443e-01
691 0 +7.183327862e+04 +7.183327862e+04 +7.134174862e+04 +7.134174862e+04 +2.3316e+00 +6.0340e-01 +3.3321e+00 -1.7908e-01 -3.7078e+00 -5.5005e+00 +2.5185e+00 +2.9355e+00 -2.3913e+00 +5.0175e-01
698 0 +6.810956109e+04 +6.810956109e+04 +6.761803109e+04 +6.761803109e+04 +2.4057e+00 +6.3221e-01 +3.3296e+00 -2.4991e-01 -3.0736e+00 -5.5299e+00 +2.4227e+00 +2.4991e+00 -2.1732e+00 +5.0230e-01
701 0 +6.607932068e+04 +6.607932068e+04 +6.558779068e+04 +6.558779068e+04 +2.3107e+00 +6.1308e-01 +3.2170e+00 -2.3451e-01 -3.5804e+00 -5.4493e+00 +2.4077e+00 +2.8102e+00 -2.2412e+00 +4.8691e-01
708 0 +5.695925825e+04 +5.695925825e+04 +5.646772825e+04 +5.646772825e+04 +2.3106e+00 +6.3996e-01 +3.1967e+00 -8.0067e-02 -3.2314e+00 -5.5263e+00 +2.3049e+00 +2.7464e+00 -2.1037e+00 +5.1098e-01
742 0 +5.153830059e+04 +5.153830059e+04 +5.104677059e+04 +5.104677059e+04 +2.4603e+00 +5.4635e-01 +2.9753e+00 -3.2547e-01 -2.7467e+00 -5.5625e+00 +2.4653e+00 +2.6368e+00 -2.0506e+00 +4.8242e-01
755 0 +4.016070595e+04 +4.016070595e+04 +3.966917595e+04 +3.966917595e+04 +2.5117e+00 +6.3843e-01 +2.2974e+00 -1.2689e-01 -2.0162e+00 -5.6016e+00 +2.3163e+00 +2.7634e+00 -2.0970e+00 +4.7817e-01
831 0 +3.778804835e+04 +3.778804835e+04 +3.729651835e+04 +3.729651835e+04 +2.5562e+00 +5.6557e-01 +2.1840e+00 +2.0174e-01 -1.6302e+00 -5.7488e+00 +2.3096e+00 +2.5811e+00 -2.1277e+00 +4.7102e-01
891 0 +3.600355209e+04 +3.600355209e+04 +3.551202209e+04 +3.551202209e+04 +2.5221e+00 +6.0769e-01 +2.2167e+00 -1.3196e-02 -1.1297e+00 -5.6289e+00 +2.4103e+00 +2.2825e+00 -2.3147e+00 +4.8582e-01
893 0 +3.536063587e+04 +3.536063587e+04 +3.486910587e+04 +3.486910587e+04 +2.5066e+00 +5.9904e-01 +2.1082e+00 +4.4600e-02 -1.1598e+00 -5.6746e+00 +2.4199e+00 +2.2632e+00 -2.2927e+00 +4.8847e-01
908 0 +3.348928174e+04 +3.348928174e+04 +3.299775174e+04 +3.299775174e+04 +2.5231e+00 +6.0850e-01 +2.1272e+00 +3.0237e-02 -1.0137e+00 -5.6272e+00 +2.4682e+00 +2.3124e+00 -2.3260e+00 +4.8216e-01
990 0 +3.259814773e+04 +3.259814773e+04 +3.210661773e+04 +3.210661773e+04 +2.5303e+00 +6.9015e-01 +1.5953e+00 -7.2351e-02 -3.7625e-01 -5.7867e+00 +2.6198e+00 +2.4574e+00 -2.6044e+00 +4.8191e-01
998 0 +2.830985027e+04 +2.830985027e+04 +2.781832027e+04 +2.781832027e+04 +2.4524e+00 +6.7116e-01 +1.6767e+00 +1.5488e-01 -5.0525e-01 -5.7256e+00 +2.4085e+00 +2.2670e+00 -2.5567e+00 +4.8484e-01
% f evaluations | g evaluations | best noise-free fitness - Fopt | noise-free fitness - Fopt (-1.702000000000e+02) | measured fitness | best measured fitness | x1 | x2...
1 0 +2.053765432e+07 +2.053765432e+07 +2.053748412e+07 +2.053748412e+07 +0.0000e+00 +0.0000e+00 +0.0000e+00 +0.0000e+00 +0.0000e+00 +0.0000e+00 +0.0000e+00 +0.0000e+00 +0.0000e+00 +0.0000e+00
4 0 +1.549645343e+07 +1.549645343e+07 +1.549628323e+07 +1.549628323e+07 +2.8780e-01 -2.2288e-01 +2.4240e-02 +6.9388e-01 -1.0841e+00 +4.6042e-01 +1.0299e-01 +1.6684e+00 +6.3922e-01 +3.6264e-01
9 0 +1.405016792e+07 +1.405016792e+07 +1.404999772e+07 +1.404999772e+07 +1.5885e-01 +9.0517e-01 -1.4988e-02 +3.6285e-01 +1.0125e+00 -7.9223e-01 +1.8214e-02 +7.1656e-01 -1.4321e-01 -3.3809e-01
18 0 +1.121498984e+07 +1.121498984e+07 +1.121481964e+07 +1.121481964e+07 +1.0386e-01 -1.2649e+00 +9.2504e-02 -1.0268e+00 +2.6614e+00 -4.0284e-01 +8.4644e-02 +1.5494e+00 -1.6564e+00 -1.0758e+00
26 0 +8.016067389e+06 +8.016067389e+06 +8.015897189e+06 +8.015897189e+06 +2.4744e-01 +1.7229e-01 +4.1066e-02 -7.4891e-01 +1.9128e+00 +7.2839e-01 +1.5689e-01 +1.8593e+00 -3.1450e-01 -4.8491e-01
32 0 +5.874186115e+06 +5.874186115e+06 +5.874015915e+06 +5.874015915e+06 +4.5974e-01 -6.4719e-01 +1.5507e-01 -1.9780e-01 +3.2627e+00 +8.1668e-01 +7.2470e-02 +8.7679e-01 +2.4784e-01 -6.6417e-01
35 0 +4.442911364e+06 +4.442911364e+06 +4.442741164e+06 +4.442741164e+06 +8.1636e-01 -7.2676e-01 +4.4388e-02 -6.4111e-01 +4.7024e+00 +3.9588e-01 -3.1655e-02 -9.4215e-02 -1.1981e+00 -3.6109e-01
47 0 +9.287467097e+05 +9.287467097e+05 +9.285765097e+05 +9.285765097e+05 +7.5306e-01 -2.1502e+00 +4.2802e-02 +7.2645e-01 +3.7398e+00 +1.0135e-02 +7.1936e-02 +2.1039e+00 -1.0594e+00 +1.8667e+00
49 0 +5.824549383e+05 +5.824549383e+05 +5.822847383e+05 +5.822847383e+05 +8.0723e-01 +1.7639e-01 +2.0477e-01 -4.2081e-01 +5.8933e+00 +8.4942e-01 -6.3679e-02 +1.1093e+00 -3.0421e-01 +1.2780e+00
50 0 +3.767091029e+05 +3.767091029e+05 +3.765389029e+05 +3.765389029e+05 +1.7036e+00 -2.6338e-01 -6.7176e-02 -6.7596e-01 +6.8958e+00 +2.5511e+00 -9.4603e-02 -1.0570e+00 -7.0966e-02 -1.3459e-01
% f evaluations | g evaluations | best noise-free fitness - Fopt | noise-free fitness - Fopt (-4.697500000000e+02) | measured fitness | best measured fitness | x1 | x2...
1 0 +1.945944411e+06 +1.945944411e+06 +1.945474661e+06 +1.945474661e+06 +0.0000e+00 +0.0000e+00 +0.0000e+00 +0.0000e+00 +0.0000e+00 +0.0000e+00 +0.0000e+00 +0.0000e+00 +0.0000e+00 +0.0000e+00
6 0 +1.747873144e+06 +1.747873144e+06 +1.747403394e+06 +1.747403394e+06 +4.4636e-01 -5.6462e-02 +1.7749e-01 -6.2736e-01 +2.3299e-01 +4.7888e-01 +2.1472e-01 +8.6140e-01 +7.9572e-01 +4.3188e-01
7 0 +1.189435944e+06 +1.189435944e+06 +1.188966194e+06 +1.188966194e+06 +9.0204e-01 -8.3222e-01 +2.9401e-01 +3.3618e-02 -4.5828e-02 -5.2846e-01 +2.2390e-01 +5.2487e-01 +9.5764e-01 -6.4815e-02
21 0 +6.648461923e+05 +6.648461923e+05 +6.643764423e+05 +6.643764423e+05 +9.1094e-01 -8.3624e-01 +2.3812e-01 +1.0148e+00 -3.2470e-02 +8.9677e-01 +1.7224e-01 +1.4003e+00 +1.3243e+00 +7.6877e-01
24 0 +4.042237823e+05 +4.042237823e+05 +4.037540323e+05 +4.037540323e+05 +1.0173e+00 -9.9956e-01 -1.6073e+00 +6.4359e+00 -3.1743e-01 +2.9002e+00 -4.9339e-01 +9.2731e-01 +1.0825e+00 +4.2587e+00
% f evaluations | g evaluations | best noise-free fitness - Fopt | noise-free fitness - Fopt (-5.191000000000e+01) | measured fitness | best measured fitness | x1 | x2...
1 0 +2.989440556e+06 +2.989440556e+06 +2.989388646e+06 +2.989388646e+06 +0.0000e+00 +0.0000e+00 +0.0000e+00 +0.0000e+00 +0.0000e+00 +0.0000e+00 +0.0000e+00 +0.0000e+00 +0.0000e+00 +0.0000e+00
3 0 +1.583362404e+06 +1.583362404e+06 +1.583310494e+06 +1.583310494e+06 -5.3436e-02 -3.8118e-01 -1.9622e-01 -1.3370e-01 +5.4733e-02 -3.2848e-01 -1.1807e+00 -1.1531e-01 -5.3913e-02 -3.2432e+00
4 0 +7.542865720e+05 +7.542865720e+05 +7.542346620e+05 +7.542346620e+05 -8.2974e-02 +6.4668e-01 -3.6996e-03 +1.9803e-02 +1.5183e-01 +7.7937e-02 -1.7533e+00 +2.7409e-01 +4.8757e-01 -3.2187e+00
16 0 +4.272020698e+05 +4.272020698e+05 +4.271501598e+05 +4.271501598e+05 +1.6617e-01 +1.6560e+00 -6.1675e-02 +4.5887e-02 +8.8631e-02 +3.5437e-01 -2.7587e+00 -2.3596e-01 +7.5391e-01 -2.4749e+00
25 0 +3.262609243e+05 +3.262609243e+05 +3.262090143e+05 +3.262090143e+05 +7.6823e-02 +2.2097e+00 -3.1532e-01 +1.2238e-02 +2.5871e-01 +5.1379e-02 -1.2377e+00 -9.0675e-02 +3.9979e-01 -1.5970e+00
171 0 +1.964061136e+05 +1.964061136e+05 +1.963542036e+05 +1.963542036e+05 -7.1069e-01 +2.6049e+00 -2.4350e-01 +4.9486e-01 +1.3542e-01 +1.2543e+00 -1.7949e+00 -1.0548e-01 +6.5325e-01 +3.6241e-01
% f evaluations | g evaluations | best noise-free fitness - Fopt | noise-free fitness - Fopt (4.808000000000e+01) | measured fitness | best measured fitness | x1 | x2...
1 0 +2.640289267e+06 +2.640289267e+06 +2.640337347e+06 +2.640337347e+06 +0.0000e+00 +0.0000e+00 +0.0000e+00 +0.0000e+00 +0.0000e+00 +0.0000e+00 +0.0000e+00 +0.0000e+00 +0.0000e+00 +0.0000e+00
2 0 +2.148725909e+06 +2.148725909e+06 +2.148773989e+06 +2.148773989e+06 +9.9903e-01 -4.2612e-02 +8.0589e-01 +5.0652e-01 -1.2593e-01 -8.2616e-01 -5.6514e-01 +2.5817e-01 +1.3210e-01 -5.1575e-01
12 0 +1.659166960e+06 +1.659166960e+06 +1.659215040e+06 +1.659215040e+06 +3.7811e-02 +4.9797e-01 -1.9478e+00 -2.4304e-01 -6.7028e-02 +5.9282e-01 -2.8290e-03 +1.4405e-01 +1.7849e-01 +1.3511e-01
17 0 +1.307990549e+06 +1.307990549e+06 +1.308038629e+06 +1.308038629e+06 +8.2868e-01 +4.3859e-01 -6.8422e-01 -2.4134e-01 -2.8249e-01 -6.8594e-01 -6.4486e-01 +3.4431e-01 +9.1372e-03 +2.1803e-01
37 0 +1.222187705e+06 +1.222187705e+06 +1.222235785e+06 +1.222235785e+06 +7.6028e-01 -1.6346e-02 -9.0130e-01 -5.3133e-01 -6.3052e-01 -1.1507e+00 -2.3682e-01 -5.2297e-02 -1.5456e-01 +3.1850e-01
43 0 +1.050113829e+06 +1.050113829e+06 +1.050161909e+06 +1.050161909e+06 +3.3714e-01 +3.8890e-01 -4.0270e+00 -4.1976e-01 -2.5560e-01 -1.3410e+00 -7.7018e-01 +4.5758e-01 +1.8076e-01 -2.7436e-01
59 0 +7.995595589e+05 +7.995595589e+05 +7.996076389e+05 +7.996076389e+05 +1.8713e-01 -7.7082e-02 -4.1290e+00 -9.1436e-01 +3.3740e-01 +1.5253e+00 -1.0052e+00 +7.4778e-01 +3.3128e-01 -6.2105e-01
61 0 +7.590650190e+05 +7.590650190e+05 +7.591130990e+05 +7.591130990e+05 +3.0719e-01 +6.2072e-01 -4.3202e+00 -2.1637e+00 -9.5724e-01 -2.4555e+00 -1.2651e+00 +2.5145e-01 +4.2627e-01 +5.7073e-02
69 0 +5.474563801e+05 +5.474563801e+05 +5.475044601e+05 +5.475044601e+05 +1.1749e+00 -4.2791e-01 -2.3438e+00 -1.7743e+00 +1.5080e+00 -7.0191e-01 -1.8014e+00 -1.1206e-01 +9.0817e-01 -1.5775e+00
102 0 +3.388672607e+05 +3.388672607e+05 +3.389153407e+05 +3.389153407e+05 +1.1882e+00 +1.2031e+00 -7.4958e+00 -4.9492e+00 +3.7129e+00 +1.0460e+00 -5.8882e-01 -1.2805e+00 -4.6398e-01 -3.1508e-01
104 0 +3.215550299e+05 +3.215550299e+05 +3.216031099e+05 +3.216031099e+05 +1.6709e+00 +2.2595e+00 -7.0631e+00 -1.6801e+00 +3.4105e+00 +4.1420e+00 -7.7356e-01 -4.3272e-01 -4.5212e-01 -7.2730e-01
183 0 +2.634418820e+05 +2.634418820e+05 +2.634899620e+05 +2.634899620e+05 +1.6562e+00 +2.2351e+00 -8.3013e+00 -3.5876e+00 +3.7791e+00 +3.2745e+00 +4.4060e-01 +1.4841e-01 +5.7500e-01 -1.8711e+00
192 0 +1.496781056e+05 +1.496781056e+05 +1.497261856e+05 +1.497261856e+05 +2.0353e+00 +2.6723e+00 -7.2520e+00 -4.0003e+00 +4.0370e+00 +3.2489e+00 +1.0121e+00 -1.2143e-01 +7.7645e-01 -2.0246e+00
204 0 +1.229107443e+05 +1.229107443e+05 +1.229588243e+05 +1.229588243e+05 +1.7228e+00 +2.1700e+00 -7.8262e+00 -3.8596e+00 +3.5501e+00 +1.0447e+00 +5.1974e-01 +3.1617e-02 +1.0632e+00 -2.7553e+00
408 0 +8.487872414e+04 +8.487872414e+04 +8.492680414e+04 +8.492680414e+04 +2.2754e+00 +2.4815e+00 -7.8638e+00 -3.2928e+00 +3.2297e+00 +3.3030e+00 +6.4659e-01 -1.9389e-01 -3.2727e-02 -3.9293e+00
616 0 +7.203140071e+04 +7.203140071e+04 +7.207948071e+04 +7.207948071e+04 +1.8805e+00 +1.0953e+00 -8.5449e+00 -5.8279e+00 +4.5151e+00 +4.7856e-01 +6.2422e-01 +2.9457e-01 +5.4490e-01 -4.4814e+00
647 0 +6.813193470e+04 +6.813193470e+04 +6.818001470e+04 +6.818001470e+04 +1.9310e+00 +1.0940e+00 -7.9844e+00 -5.3187e+00 +4.2552e+00 +1.3459e+00 +6.2930e-01 +6.4720e-01 +8.9210e-01 -5.0364e+00
660 0 +4.897208321e+04 +4.897208321e+04 +4.902016321e+04 +4.902016321e+04 +1.7248e+00 +1.1868e+00 -8.0262e+00 -5.5523e+00 +3.7983e+00 +1.1276e+00 +7.0312e-01 +4.5553e-01 +1.0619e+00 -4.8048e+00
662 0 +2.485755213e+04 +2.485755213e+04 +2.490563213e+04 +2.490563213e+04 +1.6789e+00 +1.0378e+00 -8.0498e+00 -5.2256e+00 +3.6890e+00 +2.1746e+00 +7.5960e-01 +3.2578e-01 +1.5765e+00 -5.1773e+00
682 0 +2.259470070e+04 +2.259470070e+04 +2.264278070e+04 +2.264278070e+04 +2.0191e+00 +5.5214e-01 -7.3959e+00 -5.5817e+00 +4.2366e+00 +2.0953e+00 +5.5000e-01 +5.0532e-01 +1.5093e+00 -4.6348e+00
752 0 +1.946585375e+04 +1.946585375e+04 +1.951393375e+04 +1.951393375e+04 +1.6478e+00 +2.3468e-01 -7.3332e+00 -5.4256e+00 +4.0757e+00 +1.3184e+00 +2.2223e-01 +7.4547e-01 +1.0758e+00 -4.2640e+00
946 0 +1.099432638e+04 +1.099432638e+04 +1.104240638e+04 +1.104240638e+04 +1.7076e+00 -6.9803e-01 -6.3792e+00 -5.5082e+00 +2.9399e+00 +3.9394e-01 +4.3403e-01 +2.5604e+00 +1.7110e+00 -4.3838e+00
% f evaluations | g evaluations | best noise-free fitness - Fopt | noise-free fitness - Fopt (3.058000000000e+01) | measured fitness | best measured fitness | x1 | x2...
1 0 +9.341680019e+06 +9.341680019e+06 +9.341710599e+06 +9.341710599e+06 +0.0000e+00 +0.0000e+00 +0.0000e+00 +0.0000e+00 +0.0000e+00 +0.0000e+00 +0.0000e+00 +0.0000e+00 +0.0000e+00 +0.0000e+00
3 0 +8.473497759e+06 +8.473497759e+06 +8.473528339e+06 +8.473528339e+06 +3.6170e-02 +1.9787e-01 +1.4152e-01 +1.4337e-01 +3.6342e-01 -9.1857e-01 -1.1577e+00 -3.9743e-01 +1.1713e+00 -3.8244e-01
6 0 +2.955848856e+06 +2.955848856e+06 +2.955879436e+06 +2.955879436e+06 +2.9010e-03 +4.3537e-01 -2.0672e+00 +5.3847e-01 +2.8021e-01 -1.7722e+00 -4.4757e-01 -4.4898e-01 -2.2969e+00 +2.5951e-01
9 0 +2.948264099e+06 +2.948264099e+06 +2.948294679e+06 +2.948294679e+06 -8.1148e-02 +5.1964e-01 +2.3679e+00 -2.4911e-01 -1.7371e-01 -6.0610e+00 -7.6724e-01 +6.6046e-02 +7.1175e-01 +2.7424e-01
13 0 +1.352574771e+06 +1.352574771e+06 +1.352605351e+06 +1.352605351e+06 -2.4853e-02 +6.8712e-01 -3.5696e+00 +1.7667e-01 +1.0237e+00 -6.1955e+00 -1.2673e+00 +4.0751e-01 -1.0111e+00 +1.4340e+00
17 0 +3.245335993e+05 +3.245335993e+05 +3.245641793e+05 +3.245641793e+05 -6.8777e-02 +8.9893e-01 -7.5063e-01 +2.0699e-01 -7.9699e-02 -6.7299e+00 -1.7900e+00 -9.6091e-01 -2.2349e+00 +9.2161e-01
24 0 +2.223427876e+05 +2.223427876e+05 +2.223733676e+05 +2.223733676e+05 -7.5133e-02 +4.3042e-01 -7.1917e-01 +4.0569e-01 +3.3667e-01 -4.4594e+00 -2.6284e+00 -3.6828e-01 -3.2602e+00 +4.9951e-01
25 0 +1.469654938e+05 +1.469654938e+05 +1.469960738e+05 +1.469960738e+05 -2.6884e-02 +1.4691e+00 -8.9678e-01 +3.7060e-01 +8.0940e-01 -6.2417e+00 -6.9495e-01 -1.0920e+00 -6.8004e-01 +3.2149e+00
31 0 +8.912241699e+04 +8.912241699e+04 +8.915299699e+04 +8.915299699e+04 -8.1823e-02 +1.5954e+00 -2.0480e+00 +1.2518e+00 +3.0246e-01 -4.1671e+00 -2.3746e+00 -6.2556e-01 -1.7866e+00 +2.6100e+00
35 0 +1.867363330e+04 +1.867363330e+04 +1.870421330e+04 +1.870421330e+04 -2.9403e-01 +4.2161e-01 -2.1437e+00 +1.0844e+00 +7.4618e-03 -2.0584e+00 -3.3983e+00 -1.7671e-01 -1.6900e+00 +2.1719e+00
147 0 +1.781642731e+04 +1.781642731e+04 +1.784700731e+04 +1.784700731e+04 -8.4530e-02 -1.9087e-02 -5.8617e+00 +4.8441e-04 +1.2918e+00 +2.6705e+00 -3.4735e+00 -2.0235e+00 -4.1959e+00 +1.5648e+00
166 0 +1.629077451e+04 +1.629077451e+04 +1.632135451e+04 +1.632135451e+04 -1.1345e-01 +2.6191e-01 -5.8874e+00 -1.6635e-01 +1.3919e+00 +4.2755e+00 -3.5386e+00 -2.5609e+00 -5.9781e+00 +7.5693e-01
% f evaluations | g evaluations | best noise-free fitness - Fopt | noise-free fitness - Fopt (1.000000000000e+03) | measured fitness | best measured fitness | x1 | x2...
1 0 +3.316462777e+06 +3.316462777e+06 +3.317462777e+06 +3.317462777e+06 +0.0000e+00 +0.0000e+00 +0.0000e+00 +0.0000e+00 +0.0000e+00 +0.0000e+00 +0.0000e+00 +0.0000e+00 +0.0000e+00 +0.0000e+00
2 0 +8.208003171e+05 +8.208003171e+05 +8.218003171e+05 +8.218003171e+05 +1.7364e+00 +6.3811e-01 +1.0817e+00 +1.2696e+00 -1.4463e-01 +1.1644e-01 -9.1503e-01 +5.7060e-01 +2.8939e-01 +6.6061e+00
34 0 +6.060652537e+05 +6.060652537e+05 +6.070652537e+05 +6.070652537e+05 -5.2539e-01 +5.5972e-01 +3.0799e+00 +3.0809e+00 -4.6535e-01 -9.0538e-01 -2.1526e+00 -3.9805e-01 +9.5176e-01 +3.2579e+00
45 0 +5.117087074e+05 +5.117087074e+05 +5.127087074e+05 +5.127087074e+05 -1.5004e+00 +5.7652e-01 +1.4249e+00 +3.4089e+00 -3.7300e-01 -8.6689e-01 -1.8012e+00 -2.6735e-01 +8.7988e-01 +4.0632e+00
56 0 +4.897224033e+05 +4.897224033e+05 +4.907224033e+05 +4.907224033e+05 -1.8571e+00 +6.9335e-02 +1.5465e+00 +3.3320e+00 -2.0525e-01 -1.5143e+00 -1.7118e+00 -2.1067e-01 +1.3590e+00 +1.8949e+00
57 0 +4.234562724e+05 +4.234562724e+05 +4.244562724e+05 +4.244562724e+05 -7.2190e-01 +5.5802e-01 +8.9873e-01 +4.5127e+00 -6.2371e-01 -1.3211e+00 -2.0293e+00 -4.8685e-01 +1.4692e+00 +5.3203e+00
69 0 +3.356997759e+05 +3.356997759e+05 +3.366997759e+05 +3.366997759e+05 -1.0785e+00 +4.3533e-01 +8.1018e-01 +4.7039e+00 -3.1477e-01 -1.4334e+00 -2.0170e+00 -2.0392e-01 +1.6659e+00 +4.3775e+00
75 0 +1.565433677e+05 +1.565433677e+05 +1.575433677e+05 +1.575433677e+05 +3.6900e-01 +2.6095e-01 +3.9466e-01 +4.7794e+00 -5.1063e-01 -1.2141e+00 -1.8604e+00 -5.0801e-01 +1.4646e+00 +4.7461e+00
84 0 +1.380321370e+05 +1.380321370e+05 +1.390321370e+05 +1.390321370e+05 +3.8718e-01 +1.0610e+00 -1.5710e-01 +5.4469e+00 -3.4487e-01 -1.1401e+00 -1.8501e+00 -4.8536e-01 +1.6890e+00 +5.6878e+00
100 0 +8.164444051e+04 +8.164444051e+04 +8.264444051e+04 +8.264444051e+04 +9.4652e-01 +1.0240e+00 -5.9591e-01 +5.3913e+00 -2.8218e-01 -1.2911e+00 -1.9626e+00 -6.7920e-01 +1.5896e+00 +6.4048e+00
104 0 +7.574737061e+04 +7.574737061e+04 +7.674737061e+04 +7.674737061e+04 -1.0224e+00 +2.0884e+00 -1.0921e+00 +5.2530e+00 -2.5294e-01 -1.1759e+00 -1.9340e+00 -6.1233e-01 +1.8087e+00 +5.0697e+00
112 0 +7.237405430e+04 +7.237405430e+04 +7.337405430e+04 +7.337405430e+04 -1.3209e+00 +1.7452e+00 -8.8093e-01 +5.4719e+00 -3.4006e-01 -9.4567e-01 -2.1274e+00 -1.0494e+00 +1.9024e+00 +5.2484e+00
% f evaluations | g evaluations | best noise-free fitness - Fopt | noise-free fitness - Fopt (-4.236000000000e+01) | measured fitness | best measured fitness | x1 | x2...
1 0 +2.572262863e+06 +2.572262863e+06 +2.572220503e+06 +2.572220503e+06 +0.0000e+00 +0.0000e+00 +0.0000e+00 +0.0000e+00 +0.0000e+00 +0.0000e+00 +0.0000e+00 +0.0000e+00 +0.0000e+00 +0.0000e+00
3 0 +4.442420073e+05 +4.442420073e+05 +4.441996473e+05 +4.441996473e+05 +5.2995e-02 -1.9741e-01 -3.6622e-02 -2.5309e-01 +7.2719e-01 +2.3787e-01 +2.0924e+00 -5.8033e-01 +1.2400e-01 +8.5674e-01
20 0 +3.941997486e+05 +3.941997486e+05 +3.941573886e+05 +3.941573886e+05 +2.6066e-01 -2.7325e-03 +7.1631e-01 -8.5927e-01 +3.2570e+00 -1.0232e-01 +9.0992e-01 +5.2581e-02 -5.7110e-02 +1.1797e-01
49 0 +3.309258507e+05 +3.309258507e+05 +3.308834907e+05 +3.308834907e+05 +9.1269e-01 +1.1419e+00 +7.0167e-01 -1.2103e+00 +5.9784e-01 -1.4095e+00 +2.2219e+00 +1.2869e-02 +1.6496e-01 +4.4864e-01
119 0 +1.129899781e+05 +1.129899781e+05 +1.129476181e+05 +1.129476181e+05 +2.9663e+00 +1.5119e-01 +3.4301e+00 -2.9629e+00 -6.7114e+00 +3.4371e+00 +1.3368e+00 -2.9333e-01 -1.0371e-01 +6.4922e-01
304 0 +1.070212856e+05 +1.070212856e+05 +1.069789256e+05 +1.069789256e+05 +1.3449e+00 +2.5702e-01 +1.5835e+00 -3.9930e+00 -7.0174e+00 +3.8946e+00 +1.7575e+00 -1.6783e+00 -5.3875e-02 +7.7855e-01
457 0 +1.010964707e+05 +1.010964707e+05 +1.010541107e+05 +1.010541107e+05 +1.5952e+00 -8.0851e-02 +2.3648e+00 -5.5984e+00 -1.0561e+01 +3.8396e+00 +1.8570e+00 -1.4315e+00 +1.8460e-02 +3.3270e-01
513 0 +9.715196660e+04 +9.715196660e+04 +9.710960660e+04 +9.710960660e+04 +1.6852e+00 -1.0541e-01 +2.4705e+00 -5.6715e+00 -1.1119e+01 +4.0188e+00 +1.6261e+00 -1.4525e+00 -1.1188e-02 +7.7502e-01
538 0 +8.535744040e+04 +8.535744040e+04 +8.531508040e+04 +8.531508040e+04 +1.5799e+00 +2.1126e-02 +2.1802e+00 -5.3148e+00 -9.9147e+00 +4.0394e+00 +1.2662e+00 -1.2647e+00 -4.0729e-02 +7.2346e-01
578 0 +7.978981398e+04 +7.978981398e+04 +7.974745398e+04 +7.974745398e+04 +1.5755e+00 -4.4896e-02 +2.0158e+00 -5.5392e+00 -9.7118e+00 +4.3516e+00 +1.0433e+00 -1.2051e+00 -5.7050e-02 +6.8829e-01
624 0 +7.142579772e+04 +7.142579772e+04 +7.138343772e+04 +7.138343772e+04 +1.4195e+00 -3.1754e-01 +2.5393e+00 -5.4693e+00 -9.4360e+00 +4.0069e+00 +1.0689e+00 -1.1461e+00 -8.5935e-03 +5.2371e-01
639 0 +6.268366217e+04 +6.268366217e+04 +6.264130217e+04 +6.264130217e+04 +1.4207e+00 -3.1835e-01 +2.5928e+00 -5.6245e+00 -9.3678e+00 +3.8498e+00 +1.2674e+00 -1.2592e+00 -3.8000e-02 +5.1563e-01
657 0 +5.901024050e+04 +5.901024050e+04 +5.896788050e+04 +5.896788050e+04 +1.4816e+00 -3.3148e-01 +2.7727e+00 -5.4119e+00 -9.1668e+00 +3.8430e+00 +1.4169e+00 -1.2090e+00 -3.8244e-02 +5.3204e-01
730 0 +5.537658189e+04 +5.537658189e+04 +5.533422189e+04 +5.533422189e+04 +1.2973e+00 -3.8613e-01 +2.7682e+00 -5.4688e+00 -9.4049e+00 +4.3074e+00 +1.2478e+00 -1.3080e+00 -6.4985e-02 +5.7137e-01
764 0 +5.489899469e+04 +5.489899469e+04 +5.485663469e+04 +5.485663469e+04 +1.3249e+00 -4.6703e-01 +2.7319e+00 -5.6626e+00 -9.2646e+00 +4.4657e+00 +8.9319e-01 -1.1594e+00 -5.8034e-02 +6.8329e-01
773 0 +5.278440871e+04 +5.278440871e+04 +5.274204871e+04 +5.274204871e+04 +1.3484e+00 -4.6877e-01 +2.7216e+00 -5.6301e+00 -8.9846e+00 +4.4326e+00 +8.5469e-01 -1.1118e+00 -7.5251e-02 +6.7948e-01
784 0 +5.228642728e+04 +5.228642728e+04 +5.224406728e+04 +5.224406728e+04 +1.3248e+00 -5.0322e-01 +2.7516e+00 -5.5651e+00 -8.8454e+00 +4.4432e+00 +7.7877e-01 -1.0976e+00 -5.5930e-02 +6.7000e-01
810 0 +5.027277945e+04 +5.027277945e+04 +5.023041945e+04 +5.023041945e+04 +1.2821e+00 -4.8161e-01 +2.7713e+00 -5.5519e+00 -9.0005e+00 +4.4077e+00 +8.0587e-01 -1.0417e+00 -6.2767e-02 +6.4702e-01
864 0 +4.962902000e+04 +4.962902000e+04 +4.958666000e+04 +4.958666000e+04 +1.2528e+00 -4.9819e-01 +2.7500e+00 -5.4599e+00 -8.9603e+00 +4.4021e+00 +1.0144e+00 -1.1826e+00 -9.5421e-02 +6.0761e-01
945 0 +4.861579862e+04 +4.861579862e+04 +4.857343862e+04 +4.857343862e+04 +1.2732e+00 -4.5505e-01 +2.9148e+00 -5.3669e+00 -8.9307e+00 +4.4434e+00 +9.1259e-01 -1.1001e+00 -7.9555e-02 +5.9512e-01
986 0 +4.780631721e+04 +4.780631721e+04 +4.776395721e+04 +4.776395721e+04 +1.3038e+00 -4.7779e-01 +2.8584e+00 -5.2923e+00 -9.0141e+00 +4.3922e+00 +1.0209e+00 -1.1600e+00 -7.7082e-02 +6.3501e-01
% f evaluations | g evaluations | best noise-free fitness - Fopt | noise-free fitness - Fopt (-7.187000000000e+01) | measured fitness | best measured fitness | x1 | x2...
1 0 +2.358007079e+07 +2.358007079e+07 +2.357999892e+07 +2.357999892e+07 +0.0000e+00 +0.0000e+00 +0.0000e+00 +0.0000e+00 +0.0000e+00 +0.0000e+00 +0.0000e+00 +0.0000e+00 +0.0000e+00 +0.0000e+00
3 0 +1.290144524e+07 +1.290144524e+07 +1.290137337e+07 +1.290137337e+07 -6.3600e-01 -1.4533e+00 +2.3389e+00 +1.0427e+00 -2.2315e-04 +1.4358e-01 +6.1642e-01 +8.7139e-01 +3.9608e-01 -2.9149e-01
4 0 +7.553788250e+06 +7.553788250e+06 +7.553716380e+06 +7.553716380e+06 -6.9465e-01 +4.1253e-01 +3.6081e+00 -8.1887e-01 -9.0341e-04 +5.2831e-02 +1.8497e+00 +2.3530e-01 -1.2712e+00 -2.6010e-01
13 0 +7.400114892e+06 +7.400114892e+06 +7.400043022e+06 +7.400043022e+06 -1.3615e+00 -2.0671e+00 +4.4550e+00 +2.6473e+00 +4.4079e-04 +3.5869e-01 +5.2781e-01 +4.9161e-01 -2.5945e-01 -7.2391e-01
27 0 +6.208334348e+06 +6.208334348e+06 +6.208262478e+06 +6.208262478e+06 +4.9372e-01 -1.5591e+00 +5.1731e+00 +2.4481e+00 -1.9569e-03 +3.8239e-01 +3.3488e-01 +1.9286e+00 +8.9259e-01 -1.0099e+00
28 0 +6.036575749e+06 +6.036575749e+06 +6.036503879e+06 +6.036503879e+06 -8.8188e-01 -2.2762e+00 +5.8695e+00 +1.2736e+00 -5.8527e-04 +1.8350e-01 +6.7445e-01 +1.5165e+00 +8.9527e-01 -6.0170e-01
35 0 +5.083298108e+06 +5.083298108e+06 +5.083226238e+06 +5.083226238e+06 -1.7065e+00 -2.9241e+00 +6.5712e+00 +6.3946e-01 +5.9961e-04 +8.2044e-01 -4.6737e-02 +1.8635e+00 +1.4828e+00 -8.0896e-01
41 0 +3.441006752e+06 +3.441006752e+06 +3.440934882e+06 +3.440934882e+06 -2.4580e+00 -1.1241e+00 +3.8423e+00 +1.0677e+00 -1.3979e-03 +3.5793e-01 +4.6682e-01 +2.5590e+00 +1.1999e+00 -1.1277e+00
45 0 +3.248648837e+06 +3.248648837e+06 +3.248576967e+06 +3.248576967e+06 -2.2547e+00 -1.3850e+00 +5.1639e+00 +1.1390e+00 +3.1360e-04 +8.4639e-01 -2.5202e-01 +2.1847e+00 +1.5221e+00 -6.6175e-01
49 0 +2.964970613e+06 +2.964970613e+06 +2.964898743e+06 +2.964898743e+06 -2.4061e+00 -1.6610e+00 +5.5574e+00 +2.3038e-01 +1.7179e-03 +8.9339e-01 +7.5663e-04 +2.4337e+00 +9.6226e-01 -4.0340e-01
52 0 +2.454060944e+06 +2.454060944e+06 +2.453989074e+06 +2.453989074e+06 -3.1674e+00 -1.5850e+00 +5.8779e+00 +9.7568e-01 +1.3883e-03 +6.1108e-01 -2.2439e-01 +2.7134e+00 +1.0564e+00 -3.2703e-01
70 0 +2.232210432e+06 +2.232210432e+06 +2.232138562e+06 +2.232138562e+06 -3.0116e+00 -1.6823e+00 +3.8954e+00 +8.3476e-01 +1.6177e-04 +6.1578e-01 -4.7952e-01 +3.2772e+00 +5.2208e-01 -5.2503e-01
71 0 +1.090074657e+06 +1.090074657e+06 +1.090002787e+06 +1.090002787e+06 -5.0357e+00 -1.8916e+00 +4.5162e+00 -6.8191e-01 +2.1261e-03 +7.3004e-01 -6.4814e-01 +3.3528e+00 +4.7951e-01 -4.1401e-02
92 0 +2.639344402e+05 +2.639344402e+05 +2.638625702e+05 +2.638625702e+05 -5.0603e+00 -1.3251e+00 +3.2988e+00 +2.3202e-04 -7.4980e-04 +1.1873e+00 -2.1310e+00 +4.0663e+00 -1.3014e+00 -1.1028e+00
163 0 +2.613434727e+05 +2.613434727e+05 +2.612716027e+05 +2.612716027e+05 -7.4037e-01 +8.8768e-01 +3.5866e+00 +1.6745e+00 +5.2088e-04 -2.2208e+00 -2.0172e+00 +5.4483e+00 +1.4933e+00 -2.2911e+00
188 0 +2.294564972e+05 +2.294564972e+05 +2.293846272e+05 +2.293846272e+05 -2.4491e-01 +4.8710e-01 +4.9839e+00 +5.2079e-01 -2.3871e-04 -2.3927e+00 -1.8887e+00 +5.4582e+00 +1.1524e+00 -2.3247e+00
196 0 +1.876891247e+05 +1.876891247e+05 +1.876172547e+05 +1.876172547e+05 -1.0326e+00 -1.4175e-01 +5.0348e+00 +1.2486e-01 +6.0741e-04 -2.2003e+00 -1.9147e+00 +5.2489e+00 +9.5503e-01 -2.2804e+00
198 0 +1.274196329e+05 +1.274196329e+05 +1.273477629e+05 +1.273477629e+05 -9.1150e-01 +8.1751e-01 +4.1428e+00 +9.6756e-02 -3.0519e-04 -2.1955e+00 -1.9200e+00 +5.6870e+00 +1.5414e+00 -2.2696e+00
202 0 +7.714903144e+04 +7.714903144e+04 +7.707716144e+04 +7.707716144e+04 -1.3521e+00 +9.2679e-01 +4.0464e+00 -2.9820e-02 -1.5238e-03 -2.3098e+00 -1.8078e+00 +5.6857e+00 +1.1838e+00 -2.2148e+00
398 0 +7.323274514e+04 +7.323274514e+04 +7.316087514e+04 +7.316087514e+04 -1.8705e+00 +7.8165e-01 +4.3004e+00 +1.4233e-01 -1.4417e-03 -2.1647e+00 -1.6640e+00 +5.4782e+00 +8.6939e-01 -1.7467e+00
433 0 +7.052646582e+04 +7.052646582e+04 +7.045459582e+04 +7.045459582e+04 -1.8950e+00 +8.9370e-01 +4.2077e+00 +2.8165e-01 -1.3482e-03 -2.3201e+00 -1.5323e+00 +5.6431e+00 +1.0187e+00 -1.7908e+00
447 0 +6.501791513e+04 +6.501791513e+04 +6.494604513e+04 +6.494604513e+04 -1.9521e+00 +1.0537e+00 +4.0972e+00 +3.0647e-01 -1.4363e-03 -2.3226e+00 -1.4105e+00 +5.6070e+00 +9.6591e-01 -1.7565e+00
469 0 +5.484728853e+04 +5.484728853e+04 +5.477541853e+04 +5.477541853e+04 -2.0164e+00 +1.1234e+00 +3.8746e+00 +1.9046e-01 -1.3237e-03 -2.2500e+00 -1.3263e+00 +5.6849e+00 +8.6240e-01 -1.7935e+00
523 0 +5.342630299e+04 +5.342630299e+04 +5.335443299e+04 +5.335443299e+04 -1.8947e+00 +1.4822e+00 +3.6236e+00 +4.4254e-01 -2.2695e-03 -2.0920e+00 -1.2725e+00 +5.5822e+00 +1.1226e+00 -1.9649e+00
556 0 +4.634949115e+04 +4.634949115e+04 +4.627762115e+04 +4.627762115e+04 -2.0336e+00 +1.5061e+00 +3.3782e+00 +4.9964e-01 -2.0595e-03 -2.1019e+00 -1.2721e+00 +5.6253e+00 +1.0843e+00 -2.0418e+00
589 0 +4.459462002e+04 +4.459462002e+04 +4.452275002e+04 +4.452275002e+04 -2.2279e+00 +1.6314e+00 +2.9941e+00 +6.3501e-01 -2.1131e-03 -2.0262e+00 -1.0930e+00 +5.7462e+00 +1.1047e+00 -2.0205e+00
592 0 +4.357847233e+04 +4.357847233e+04 +4.350660233e+04 +4.350660233e+04 -2.1802e+00 +1.5746e+00 +3.1398e+00 +6.0994e-01 -2.2080e-03 -2.0265e+00 -1.2002e+00 +5.7601e+00 +1.1713e+00 -2.0411e+00
605 0 +4.126128813e+04 +4.126128813e+04 +4.118941813e+04 +4.118941813e+04 -2.1356e+00 +1.7790e+00 +3.0092e+00 +6.2820e-01 -2.2715e-03 -1.9850e+00 -1.0620e+00 +5.7954e+00 +1.1800e+00 -2.0131e+00
609 0 +3.853273431e+04 +3.853273431e+04 +3.846086431e+04 +3.846086431e+04 -2.2889e+00 +1.5807e+00 +3.0507e+00 +5.2239e-01 -2.3205e-03 -2.0661e+00 -9.7620e-01 +5.8405e+00 +1.2026e+00 -2.0643e+00
780 0 +3.799989914e+04 +3.799989914e+04 +3.792802914e+04 +3.792802914e+04 -2.6262e+00 +1.5256e+00 +2.9212e+00 +5.2202e-01 -1.6303e-03 -2.0426e+00 -9.0926e-01 +5.9496e+00 +1.3490e+00 -2.0927e+00
837 0 +3.710424251e+04 +3.710424251e+04 +3.703237251e+04 +3.703237251e+04 -2.6882e+00 +1.5014e+00 +2.8960e+00 +4.7627e-01 -1.6433e-03 -2.0286e+00 -8.7522e-01 +5.9471e+00 +1.3015e+00 -2.0742e+00
996 0 +3.627728230e+04 +3.627728230e+04 +3.620541230e+04 +3.620541230e+04 -2.6618e+00 +1.5263e+00 +2.9054e+00 +4.4740e-01 -1.6242e-03 -2.0337e+00 -8.4334e-01 +5.9414e+00 +1.2995e+00 -2.0821e+00
% f evaluations | g evaluations | best noise-free fitness - Fopt | noise-free fitness - Fopt (-1.650000000000e+01) | measured fitness | best measured fitness | x1 | x2...
1 0 +1.146848315e+07 +1.146848315e+07 +1.146846665e+07 +1.146846665e+07 +0.0000e+00 +0.0000e+00 +0.0000e+00 +0.0000e+00 +0.0000e+00 +0.0000e+00 +0.0000e+00 +0.0000e+00 +0.0000e+00 +0.0000e+00
2 0 +6.361772226e+06 +6.361772226e+06 +6.361755726e+06 +6.361755726e+06 +3.1140e-01 -4.5643e-01 -1.0759e-01 -2.3686e-01 +2.3896e+00 -2.0190e-01 -1.7388e+00 +1.4589e+00 -1.7037e+00 -1.1671e-01
3 0 +5.079625338e+06 +5.079625338e+06 +5.079608838e+06 +5.079608838e+06 -5.9246e-01 -1.7123e-01 +5.0910e-01 -1.2697e+00 +1.7878e+00 -3.3410e-02 +2.3604e+00 +3.5653e-01 -6.8378e+00 +1.1850e-01
8 0 +4.953717604e+06 +4.953717604e+06 +4.953701104e+06 +4.953701104e+06 -4.3785e-01 -2.9480e-02 +3.3528e-01 -9.7331e-01 -4.5031e-01 -2.2421e-01 +4.9966e-01 -4.9435e-01 -1.7755e+00 -2.4271e-02
14 0 +4.195546556e+06 +4.195546556e+06 +4.195530056e+06 +4.195530056e+06 -4.1594e-01 -1.8924e-01 +9.8373e-01 -1.3265e+00 +6.7650e-01 +7.2645e-02 +1.4700e-01 -1.2255e+00 -1.8564e+00 +2.9079e-01
15 0 +3.498086957e+06 +3.498086957e+06 +3.498070457e+06 +3.498070457e+06 -9.3838e-01 -5.2293e-02 +1.3110e+00 -9.0680e-01 +1.6302e+00 -3.7126e-01 +9.0378e-01 -1.4628e+00 -3.0181e+00 +5.3253e-01
16 0 +3.253983018e+06 +3.253983018e+06 +3.253966518e+06 +3.253966518e+06 -8.2740e-01 +6.8253e-02 +9.9012e-01 -2.5171e+00 -6.6470e-01 -5.6971e-01 -2.1998e+00 -1.0970e+00 -1.6471e+00 -1.8879e-01
18 0 +2.743293224e+06 +2.743293224e+06 +2.743276724e+06 +2.743276724e+06 -1.5019e+00 -2.9395e-01 +5.5238e-01 -5.4100e+00 -3.6705e-01 -2.9048e-01 +3.6794e-01 -1.4304e+00 -1.0302e+00 +2.1773e-02
166 0 +1.918584465e+06 +1.918584465e+06 +1.918567965e+06 +1.918567965e+06 +4.1201e-01 +1.6603e+00 -1.2395e+00 -3.1848e+00 +2.7660e-01 +2.6507e-01 +9.3655e+00 -5.9572e+00 +1.8422e+00 +2.2977e+00
229 0 +1.429929805e+06 +1.429929805e+06 +1.429913305e+06 +1.429913305e+06 +4.0268e+00 +4.6886e+00 +3.4850e+00 -2.8583e+00 +6.5474e+00 -3.5009e-01 +1.1166e+01 -4.4362e+00 +5.6572e+00 +1.6036e+00
313 0 +1.168116859e+06 +1.168116859e+06 +1.168100359e+06 +1.168100359e+06 +8.5427e+00 +5.0510e+00 +1.9525e+01 -4.4779e+00 +8.0983e-02 +3.0942e+00 +2.3506e+01 -2.7622e+01 +4.7603e+00 -4.1424e+00
349 0 +5.825114873e+05 +5.825114873e+05 +5.824949873e+05 +5.824949873e+05 +8.3903e+00 +5.5952e+00 +1.4416e+01 -2.1299e+00 +4.6386e+00 +3.6980e+00 +2.1392e+01 -2.3448e+01 +6.0483e+00 -2.6509e-01
% f evaluations | g evaluations | best noise-free fitness - Fopt | noise-free fitness - Fopt (1.000000000000e+03) | measured fitness | best measured fitness | x1 | x2...
1 0 +6.961277406e+06 +6.961277406e+06 +6.962277406e+06 +6.962277406e+06 +0.0000e+00 +0.0000e+00 +0.0000e+00 +0.0000e+00 +0.0000e+00 +0.0000e+00 +0.0000e+00 +0.0000e+00 +0.0000e+00 +0.0000e+00
4 0 +4.318999045e+06 +4.318999045e+06 +4.319999045e+06 +4.319999045e+06 -5.3148e-01 -2.5178e+00 +2.7979e-01 +3.1454e-01 +5.6236e-01 +4.2714e-01 -1.2048e-01 -3.7093e-01 -9.5693e-01 -8.0753e-01
6 0 +4.030903138e+06 +4.030903138e+06 +4.031903138e+06 +4.031903138e+06 +7.3118e-01 -1.6804e+00 -1.9922e+00 +1.3043e+00 -3.0709e+00 -4.2339e-01 +1.7093e-01 -1.1370e-02 +2.0684e+00 -1.6805e+00
7 0 +3.073287033e+06 +3.073287033e+06 +3.074287033e+06 +3.074287033e+06 -3.7608e-01 -1.1572e+00 -6.3272e-01 -1.2714e-01 +2.6653e+00 +1.9559e-01 +6.1108e-02 -3.0401e-02 +3.3560e-02 -2.5706e-01
24 0 +2.338516559e+06 +2.338516559e+06 +2.339516559e+06 +2.339516559e+06 +2.1683e-01 +1.2144e+00 -2.9438e-01 +4.4517e-01 +9.5076e-01 -6.3141e-01 -2.1730e-01 -5.9581e-01 -4.0236e-01 -1.0323e+00
28 0 +4.803058336e+05 +4.803058336e+05 +4.813058336e+05 +4.813058336e+05 -9.0042e-01 -1.7615e+00 -3.2951e+00 +2.9630e-01 +3.3647e-01 -1.0658e+00 -1.0600e-01 +7.5658e-01 +1.6288e+00 -2.5389e+00
163 0 +3.822249075e+05 +3.822249075e+05 +3.832249075e+05 +3.832249075e+05 -1.6283e+00 +6.8454e+00 -9.3799e+00 -6.4214e+00 -2.0801e+00 +2.0911e+00 +4.5531e-01 +4.8726e+00 +6.6827e+00 -7.2056e-01
665 0 +3.257713835e+05 +3.257713835e+05 +3.267713835e+05 +3.267713835e+05 -5.4544e+00 +1.2531e+01 -5.9530e+00 -3.9586e-01 -4.0388e+00 +6.9362e+00 -4.0145e-01 -2.9358e-01 +8.9181e+00 +4.5605e+00
674 0 +3.140874420e+05 +3.140874420e+05 +3.150874420e+05 +3.150874420e+05 -5.2307e+00 +1.2237e+01 -6.4172e+00 -5.9446e-01 -3.8471e+00 +6.9403e+00 -3.7167e-01 -1.1350e-01 +8.7731e+00 +4.3789e+00
682 0 +2.905880737e+05 +2.905880737e+05 +2.915880737e+05 +2.915880737e+05 -5.4439e+00 +1.0716e+01 -6.8337e+00 -8.1407e-01 -4.5611e+00 +6.9132e+00 -3.8095e-01 -1.1814e-02 +8.6099e+00 +4.4633e+00
693 0 +2.670579071e+05 +2.670579071e+05 +2.680579071e+05 +2.680579071e+05 -5.4620e+00 +1.1577e+01 -6.2807e+00 -8.9127e-01 -4.2029e+00 +7.1451e+00 -3.6150e-01 -1.1360e-01 +9.3394e+00 +4.7745e+00
704 0 +2.361967651e+05 +2.361967651e+05 +2.371967651e+05 +2.371967651e+05 -5.4835e+00 +1.1466e+01 -6.5471e+00 -8.2275e-01 -4.4267e+00 +6.8800e+00 -3.5992e-01 -4.7543e-02 +9.7213e+00 +4.8163e+00
794 0 +2.329127782e+05 +2.329127782e+05 +2.339127782e+05 +2.339127782e+05 -4.6394e+00 +1.0335e+01 -7.8276e+00 -6.9283e-01 -3.5039e+00 +7.0811e+00 -3.4794e-01 -2.3390e-01 +8.5796e+00 +5.0716e+00
804 0 +2.284414161e+05 +2.284414161e+05 +2.294414161e+05 +2.294414161e+05 -4.8302e+00 +1.0395e+01 -7.7851e+00 -7.0818e-01 -3.8058e+00 +7.0564e+00 -3.6699e-01 -3.5151e-01 +8.6914e+00 +5.1134e+00
812 0 +2.146934821e+05 +2.146934821e+05 +2.156934821e+05 +2.156934821e+05 -4.7649e+00 +1.0146e+01 -7.6058e+00 -9.6666e-01 -3.7334e+00 +7.0796e+00 -3.7199e-01 -3.2026e-01 +8.8073e+00 +5.1233e+00
826 0 +2.050227137e+05 +2.050227137e+05 +2.060227137e+05 +2.060227137e+05 -4.6720e+00 +1.0047e+01 -7.6932e+00 -1.0815e+00 -3.5664e+00 +7.0838e+00 -3.7773e-01 -5.0915e-01 +8.8044e+00 +5.2288e+00
854 0 +1.965897174e+05 +1.965897174e+05 +1.975897174e+05 +1.975897174e+05 -4.8564e+00 +9.7779e+00 -7.4678e+00 -8.6050e-01 -3.8793e+00 +7.0688e+00 -3.6560e-01 -6.8123e-01 +9.1549e+00 +5.2741e+00
879 0 +1.940176744e+05 +1.940176744e+05 +1.950176744e+05 +1.950176744e+05 -4.9388e+00 +9.6557e+00 -7.1666e+00 -1.2569e-03 -4.0095e+00 +7.0277e+00 -3.8244e-01 -7.3895e-01 +9.3791e+00 +5.3206e+00
896 0 +1.897813234e+05 +1.897813234e+05 +1.907813234e+05 +1.907813234e+05 -5.0054e+00 +9.8119e+00 -6.8541e+00 -7.5622e-02 -4.0422e+00 +7.0362e+00 -3.6655e-01 -8.4120e-01 +9.5767e+00 +5.2993e+00
913 0 +1.836703264e+05 +1.836703264e+05 +1.846703264e+05 +1.846703264e+05 -4.9232e+00 +9.6318e+00 -6.5929e+00 -3.4507e-01 -3.9764e+00 +6.9836e+00 -3.6453e-01 -9.7795e-01 +9.8255e+00 +5.3698e+00
930 0 +1.795671022e+05 +1.795671022e+05 +1.805671022e+05 +1.805671022e+05 -4.9716e+00 +9.3733e+00 -6.7963e+00 -1.6135e-01 -4.0263e+00 +7.0370e+00 -3.5041e-01 -9.5253e-01 +9.6280e+00 +5.2764e+00
% f evaluations | g evaluations | best noise-free fitness - Fopt | noise-free fitness - Fopt (-1.000000000000e+03) | measured fitness | best measured fitness | x1 | x2...
1 0 +3.110936904e+06 +3.110936904e+06 +3.109936904e+06 +3.109936904e+06 +0.0000e+00 +0.0000e+00 +0.0000e+00 +0.0000e+00 +0.0000e+00 +0.0000e+00 +0.0000e+00 +0.0000e+00 +0.0000e+00 +0.0000e+00
2 0 +1.211613143e+06 +1.211613143e+06 +1.210613143e+06 +1.210613143e+06 -2.5172e-03 -2.2182e-01 -3.9484e-02 +1.8780e+00 -3.4336e-01 -1.7468e-01 -1.6433e-01 +5.3951e-01 -8.4004e-01 -5.2418e-01
13 0 +9.251535287e+05 +9.251535287e+05 +9.241535287e+05 +9.241535287e+05 +1.4214e-03 -3.8404e-01 -1.9475e-01 -7.8423e-01 -1.3578e+00 -2.2841e-01 -4.0682e-01 +3.4720e+00 +2.6756e-01 -4.8181e-01
14 0 +8.791142180e+05 +8.791142180e+05 +8.781142180e+05 +8.781142180e+05 +5.2466e-02 -2.3895e+00 +4.1607e-02 -1.8317e+00 -2.5938e+00 -1.4353e-01 -2.7626e-01 +1.8079e+00 +5.7317e-01 -2.6824e-01
22 0 +7.639715890e+05 +7.639715890e+05 +7.629715890e+05 +7.629715890e+05 -1.4911e-01 -4.7422e-01 -1.8233e-01 +2.1275e+00 -2.3260e+00 -8.1670e-01 -8.4863e-01 +3.1638e-01 +5.5816e-01 +1.1550e+00
37 0 +6.607531353e+05 +6.607531353e+05 +6.597531353e+05 +6.597531353e+05 +8.1736e-02 -1.5644e+00 -2.6700e-01 +9.9353e-01 -2.4365e+00 +5.4671e-01 -2.1935e-02 +4.1459e+00 +7.1362e-01 -6.1835e-01
56 0 +3.250021037e+05 +3.250021037e+05 +3.240021037e+05 +3.240021037e+05 -1.0214e-01 -1.8819e+00 -1.1717e-01 +9.6839e-01 -2.0784e-01 +4.9374e-01 +5.9454e-01 +5.0289e+00 -1.4873e+00 -4.9721e-01
99 0 +2.359658808e+05 +2.359658808e+05 +2.349658808e+05 +2.349658808e+05 +2.4979e-01 -2.1560e+00 -1.6315e-01 +3.9126e-01 -1.6479e+00 -2.5350e-01 +1.5091e+00 +5.2427e+00 -1.2097e+00 +5.7169e-01
105 0 +2.334690698e+05 +2.334690698e+05 +2.324690698e+05 +2.324690698e+05 -2.3483e-04 -3.5627e+00 -1.3734e-01 +6.3201e-01 -1.6698e+00 -6.8522e-01 +2.1264e-01 +1.6189e+00 -3.1865e-01 -3.5075e-01
263 0 +1.816495845e+05 +1.816495845e+05 +1.806495845e+05 +1.806495845e+05 -1.3483e+00 +3.0486e+00 +1.2433e+00 -1.6428e-01 -8.5335e-01 -2.7489e+00 +1.3989e-01 +5.3467e+00 +1.1436e+00 +3.6534e+00
543 0 +1.726111166e+05 +1.726111166e+05 +1.716111166e+05 +1.716111166e+05 -2.1310e+00 -4.0624e+00 +1.5863e+00 -3.5932e-01 -6.2570e+00 -1.3804e+00 -4.9053e+00 -4.7371e+00 +5.9755e+00 +6.8683e+00
550 0 +1.210222035e+05 +1.210222035e+05 +1.200222035e+05 +1.200222035e+05 -1.5229e+00 -3.2753e+00 +1.9064e+00 +2.0464e+00 -6.5943e+00 -1.2972e+00 -4.3622e+00 -5.1085e+00 +4.6219e+00 +6.0165e+00
561 0 +1.123365589e+05 +1.123365589e+05 +1.113365589e+05 +1.113365589e+05 -1.3638e+00 -3.9184e+00 +1.9333e+00 +1.1760e+00 -7.1307e+00 -1.5754e+00 -4.5525e+00 -5.9232e+00 +5.2636e+00 +6.6407e+00
753 0 +1.050070159e+05 +1.050070159e+05 +1.040070159e+05 +1.040070159e+05 -2.6519e+00 -3.6756e+00 +1.9002e+00 +2.0236e+00 -2.9174e+00 +3.5153e-01 -6.0631e+00 -4.2764e+00 +4.1046e+00 +4.7297e+00
767 0 +9.471172679e+04 +9.471172679e+04 +9.371172679e+04 +9.371172679e+04 -2.7344e+00 -4.0162e+00 +1.9652e+00 +6.9162e-01 -3.1431e+00 -3.2406e-02 -5.5955e+00 -4.3094e+00 +4.1382e+00 +4.4495e+00
% f evaluations | g evaluations | best noise-free fitness - Fopt | noise-free fitness - Fopt (-1.527400000000e+02) | measured fitness | best measured fitness | x1 | x2...
1 0 +2.333301277e+06 +2.333301277e+06 +2.333148537e+06 +2.333148537e+06 +0.0000e+00 +0.0000e+00 +0.0000e+00 +0.0000e+00 +0.0000e+00 +0.0000e+00 +0.0000e+00 +0.0000e+00 +0.0000e+00 +0.0000e+00
5 0 +2.005799378e+06 +2.005799378e+06 +2.005646638e+06 +2.005646638e+06 +6.6281e-02 +5.5429e-02 -1.8900e+00 +4.9818e-01 -7.2336e-01 +2.7563e-01 +2.8176e+00 -2.0684e-01 +1.0446e+00 +7.4408e-01
13 0 +1.947700278e+06 +1.947700278e+06 +1.947547538e+06 +1.947547538e+06 +3.2138e-01 +1.5674e-01 +1.4279e+00 +2.8838e+00 +4.6790e-01 +1.8104e-01 +2.4371e+00 +1.0456e-01 -1.3608e-02 +1.6568e+00
21 0 +1.546593695e+06 +1.546593695e+06 +1.546440955e+06 +1.546440955e+06 +2.7559e-01 +1.2875e-02 +1.5239e+00 +9.6640e-02 -4.2167e-01 -1.3761e+00 +1.7245e-01 +2.7421e-01 -2.8481e-01 -1.1965e+00
33 0 +1.113169158e+06 +1.113169158e+06 +1.113016418e+06 +1.113016418e+06 +9.1267e-02 +2.5618e-01 +1.3128e+00 -8.1896e-01 +1.5081e-01 -1.1190e+00 +1.6026e+00 +3.1578e-01 -2.4056e+00 +6.5203e-01
44 0 +9.797176217e+05 +9.797176217e+05 +9.795648817e+05 +9.795648817e+05 +8.5077e-02 +3.4891e-01 +2.5741e+00 -9.0290e-01 +3.4947e-01 +6.3134e-02 +1.6924e+00 +1.8628e-01 -1.6145e+00 -9.3205e-01
47 0 +8.033045572e+05 +8.033045572e+05 +8.031518172e+05 +8.031518172e+05 +1.3398e-01 +2.0116e-01 -2.7794e-01 -1.5557e+00 +6.3234e-01 -1.4329e-01 +2.8802e+00 +3.6850e-01 -7.8865e-01 +6.3772e-01
55 0 +5.987485611e+05 +5.987485611e+05 +5.985958211e+05 +5.985958211e+05 +8.1158e-02 +3.0907e-01 +2.3766e+00 -1.6487e+00 +1.9984e-01 +2.3148e-01 +3.3901e+00 +1.3496e-01 -1.8160e+00 -1.0011e+00
69 0 +4.931138739e+05 +4.931138739e+05 +4.929611339e+05 +4.929611339e+05 -2.1587e-02 +3.1272e-01 +1.8291e+00 -8.1993e-01 +3.7798e-01 +1.2915e-01 +3.7490e+00 +2.8018e-01 -8.8473e-01 -4.5985e-01
72 0 +4.484020292e+05 +4.484020292e+05 +4.482492892e+05 +4.482492892e+05 +9.7357e-02 +2.5490e-01 +2.0351e+00 -1.1400e+00 -1.5649e-01 -7.7592e-01 +3.6173e+00 -6.9550e-03 -1.0263e+00 -1.4532e+00
76 0 +4.414685096e+05 +4.414685096e+05 +4.413157696e+05 +4.413157696e+05 +1.7179e-01 +2.6008e-01 +2.9905e+00 -9.1883e-01 -1.6636e-01 -7.1317e-01 +4.3362e+00 +1.3977e-01 -1.4773e+00 -3.6821e-01
83 0 +4.091185655e+05 +4.091185655e+05 +4.089658255e+05 +4.089658255e+05 +1.3394e-01 +2.2897e-01 +2.0694e+00 -1.2948e+00 -1.1047e-01 -7.3234e-01 +3.9763e+00 +1.4650e-01 -1.6954e+00 -5.0662e-01
100 0 +3.641699011e+05 +3.641699011e+05 +3.640171611e+05 +3.640171611e+05 +1.6228e-01 +2.6433e-01 +1.6918e+00 -1.4027e+00 -4.0094e-01 -9.8723e-01 +4.1712e+00 +2.0952e-01 -8.1119e-01 -1.0400e+00
137 0 +3.576827716e+05 +3.576827716e+05 +3.575300316e+05 +3.575300316e+05 +1.8483e-01 +3.7643e-01 +8.2639e-01 -3.7798e-01 -2.3103e-01 -2.0954e+00 +3.9131e+00 +1.4803e-01 -1.1877e+00 -1.7468e-01
