% f evaluations | g evaluations | best noise-free fitness - Fopt | noise-free fitness - Fopt (-5.494000000000e+01) | measured fitness | best measured fitness | x1 | x2...
1 0 +2.769510028e+07 +2.769510028e+07 +2.769504534e+07 +2.769504534e+07
7 0 +1.623721957e+07 +1.623721957e+07 +1.623716463e+07 +1.623716463e+07
40 0 +1.227841825e+07 +1.227841825e+07 +1.227836331e+07 +1.227836331e+07
46 0 +1.152029988e+07 +1.152029988e+07 +1.152024494e+07 +1.152024494e+07
% f evaluations | g evaluations | best noise-free fitness - Fopt | noise-free fitness - Fopt (5.913000000000e+01) | measured fitness | best measured fitness | x1 | x2...
1 0 +4.211731163e+07 +4.211731163e+07 +4.211737076e+07 +4.211737076e+07
2 0 +2.660659048e+07 +2.660659048e+07 +2.660664961e+07 +2.660664961e+07
12 0 +1.458333076e+07 +1.458333076e+07 +1.458338989e+07 +1.458338989e+07
18 0 +1.358349159e+07 +1.358349159e+07 +1.358355072e+07 +1.358355072e+07
20 0 +1.272586615e+07 +1.272586615e+07 +1.272592528e+07 +1.272592528e+07
29 0 +1.167581581e+07 +1.167581581e+07 +1.167587494e+07 +1.167587494e+07
30 0 +1.048872926e+07 +1.048872926e+07 +1.048878839e+07 +1.048878839e+07
36 0 +9.174773457e+06 +9.174773457e+06 +9.174832587e+06 +9.174832587e+06
59 0 +8.964570226e+06 +8.964570226e+06 +8.964629356e+06 +8.964629356e+06
64 0 +7.134235068e+06 +7.134235068e+06 +7.134294198e+06 +7.134294198e+06
74 0 +6.513110925e+06 +6.513110925e+06 +6.513170055e+06 +6.513170055e+06
333 0 +6.151781472e+06 +6.151781472e+06 +6.151840602e+06 +6.151840602e+06
366 0 +5.238049811e+06 +5.238049811e+06 +5.238108941e+06 +5.238108941e+06
428 0 +5.108979405e+06 +5.108979405e+06 +5.109038535e+06 +5.109038535e+06
437 0 +4.732263806e+06 +4.732263806e+06 +4.732322936e+06 +4.732322936e+06
442 0 +4.534963837e+06 +4.534963837e+06 +4.535022967e+06 +4.535022967e+06
453 0 +4.134410237e+06 +4.134410237e+06 +4.134469367e+06 +4.134469367e+06
549 0 +4.073638587e+06 +4.073638587e+06 +4.073697717e+06 +4.073697717e+06
552 0 +3.900887934e+06 +3.900887934e+06 +3.900947064e+06 +3.900947064e+06
565 0 +3.784047156e+06 +3.784047156e+06 +3.784106286e+06 +3.784106286e+06
590 0 +3.653781942e+06 +3.653781942e+06 +3.653841072e+06 +3.653841072e+06
592 0 +3.590163393e+06 +3.590163393e+06 +3.590222523e+06 +3.590222523e+06
593 0 +3.439141350e+06 +3.439141350e+06 +3.439200480e+06 +3.439200480e+06
602 0 +3.169112845e+06 +3.169112845e+06 +3.169171975e+06 +3.169171975e+06
604 0 +2.989078107e+06 +2.989078107e+06 +2.989137237e+06 +2.989137237e+06
618 0 +2.947572465e+06 +2.947572465e+06 +2.947631595e+06 +2.947631595e+06
623 0 +2.857954205e+06 +2.857954205e+06 +2.858013335e+06 +2.858013335e+06
624 0 +2.660080862e+06 +2.660080862e+06 +2.660139992e+06 +2.660139992e+06
640 0 +2.592598508e+06 +2.592598508e+06 +2.592657638e+06 +2.592657638e+06
643 0 +2.016142466e+06 +2.016142466e+06 +2.016201596e+06 +2.016201596e+06
709 0 +1.983818005e+06 +1.983818005e+06 +1.983877135e+06 +1.983877135e+06
% f evaluations | g evaluations | best noise-free fitness - Fopt | noise-free fitness - Fopt (-4.915300000000e+02) | measured fitness | best measured fitness | x1 | x2...
1 0 +1.893357181e+07 +1.893357181e+07 +1.893308028e+07 +1.893308028e+07
3 0 +1.493419014e+07 +1.493419014e+07 +1.493369861e+07 +1.493369861e+07
7 0 +9.567203498e+06 +9.567203498e+06 +9.566711968e+06 +9.566711968e+06
13 0 +8.311794291e+06 +8.311794291e+06 +8.311302761e+06 +8.311302761e+06
53 0 +8.078561357e+06 +8.078561357e+06 +8.078069827e+06 +8.078069827e+06
64 0 +7.186231704e+06 +7.186231704e+06 +7.185740174e+06 +7.185740174e+06
72 0 +5.135751694e+06 +5.135751694e+06 +5.135260164e+06 +5.135260164e+06
93 0 +5.094534373e+06 +5.094534373e+06 +5.094042843e+06 +5.094042843e+06
94 0 +4.959555417e+06 +4.959555417e+06 +4.959063887e+06 +4.959063887e+06
95 0 +4.517960018e+06 +4.517960018e+06 +4.517468488e+06 +4.517468488e+06
99 0 +4.359580681e+06 +4.359580681e+06 +4.359089151e+06 +4.359089151e+06
134 0 +4.163835792e+06 +4.163835792e+06 +4.163344262e+06 +4.163344262e+06
142 0 +4.051099875e+06 +4.051099875e+06 +4.050608345e+06 +4.050608345e+06
156 0 +3.795139466e+06 +3.795139466e+06 +3.794647936e+06 +3.794647936e+06
163 0 +3.638195158e+06 +3.638195158e+06 +3.637703628e+06 +3.637703628e+06
185 0 +3.576891450e+06 +3.576891450e+06 +3.576399920e+06 +3.576399920e+06
189 0 +3.511430800e+06 +3.511430800e+06 +3.510939270e+06 +3.510939270e+06
200 0 +3.267791579e+06 +3.267791579e+06 +3.267300049e+06 +3.267300049e+06
207 0 +2.868830343e+06 +2.868830343e+06 +2.868338813e+06 +2.868338813e+06
218 0 +2.706412239e+06 +2.706412239e+06 +2.705920709e+06 +2.705920709e+06
229 0 +2.484141979e+06 +2.484141979e+06 +2.483650449e+06 +2.483650449e+06
315 0 +1.302591759e+06 +1.302591759e+06 +1.302100229e+06 +1.302100229e+06
442 0 +9.365640253e+05 +9.365640253e+05 +9.360724953e+05 +9.360724953e+05
475 0 +9.194616760e+05 +9.194616760e+05 +9.189701460e+05 +9.189701460e+05
483 0 +7.730594349e+05 +7.730594349e+05 +7.725679049e+05 +7.725679049e+05
544 0 +7.489066004e+05 +7.489066004e+05 +7.484150704e+05 +7.484150704e+05
553 0 +7.109753909e+05 +7.109753909e+05 +7.104838609e+05 +7.104838609e+05
566 0 +6.753847734e+05 +6.753847734e+05 +6.748932434e+05 +6.748932434e+05
587 0 +6.480717982e+05 +6.480717982e+05 +6.475802682e+05 +6.475802682e+05
588 0 +5.844078944e+05 +5.844078944e+05 +5.839163644e+05 +5.839163644e+05
609 0 +5.752353017e+05 +5.752353017e+05 +5.747437717e+05 +5.747437717e+05
663 0 +5.529317170e+05 +5.529317170e+05 +5.524401870e+05 +5.524401870e+05
693 0 +5.337168376e+05 +5.337168376e+05 +5.332253076e+05 +5.332253076e+05
713 0 +5.136846097e+05 +5.136846097e+05 +5.131930797e+05 +5.131930797e+05
718 0 +5.121310728e+05 +5.121310728e+05 +5.116395428e+05 +5.116395428e+05
731 0 +4.902913767e+05 +4.902913767e+05 +4.897998467e+05 +4.897998467e+05
732 0 +4.776841276e+05 +4.776841276e+05 +4.771925976e+05 +4.771925976e+05
740 0 +4.640389389e+05 +4.640389389e+05 +4.635474089e+05 +4.635474089e+05
752 0 +4.392027149e+05 +4.392027149e+05 +4.387111849e+05 +4.387111849e+05
774 0 +4.345260252e+05 +4.345260252e+05 +4.340344952e+05 +4.340344952e+05
829 0 +3.899181946e+05 +3.899181946e+05 +3.894266646e+05 +3.894266646e+05
% f evaluations | g evaluations | best noise-free fitness - Fopt | noise-free fitness - Fopt (-1.702000000000e+02) | measured fitness | best measured fitness | x1 | x2...
1 0 +9.334874622e+06 +9.334874622e+06 +9.334704422e+06 +9.334704422e+06
6 0 +4.308273946e+06 +4.308273946e+06 +4.308103746e+06 +4.308103746e+06
16 0 +3.355833190e+06 +3.355833190e+06 +3.355662990e+06 +3.355662990e+06
46 0 +3.168570966e+06 +3.168570966e+06 +3.168400766e+06 +3.168400766e+06
63 0 +2.826046481e+06 +2.826046481e+06 +2.825876281e+06 +2.825876281e+06
65 0 +2.332316131e+06 +2.332316131e+06 +2.332145931e+06 +2.332145931e+06
74 0 +1.396157751e+06 +1.396157751e+06 +1.395987551e+06 +1.395987551e+06
110 0 +1.340302704e+06 +1.340302704e+06 +1.340132504e+06 +1.340132504e+06
116 0 +1.025323533e+06 +1.025323533e+06 +1.025153333e+06 +1.025153333e+06
675 0 +1.021560180e+06 +1.021560180e+06 +1.021389980e+06 +1.021389980e+06
702 0 +9.709902537e+05 +9.709902537e+05 +9.708200537e+05 +9.708200537e+05
715 0 +9.295026857e+05 +9.295026857e+05 +9.293324857e+05 +9.293324857e+05
742 0 +9.066070456e+05 +9.066070456e+05 +9.064368456e+05 +9.064368456e+05
746 0 +8.849724435e+05 +8.849724435e+05 +8.848022435e+05 +8.848022435e+05
763 0 +8.563688201e+05 +8.563688201e+05 +8.561986201e+05 +8.561986201e+05
794 0 +8.501654246e+05 +8.501654246e+05 +8.499952246e+05 +8.499952246e+05
815 0 +8.312261546e+05 +8.312261546e+05 +8.310559546e+05 +8.310559546e+05
858 0 +8.088724881e+05 +8.088724881e+05 +8.087022881e+05 +8.087022881e+05
892 0 +7.906745586e+05 +7.906745586e+05 +7.905043586e+05 +7.905043586e+05
939 0 +7.759469968e+05 +7.759469968e+05 +7.757767968e+05 +7.757767968e+05
963 0 +7.564376133e+05 +7.564376133e+05 +7.562674133e+05 +7.562674133e+05
1002 0 +7.366430086e+05 +7.366430086e+05 +7.364728086e+05 +7.364728086e+05
% f evaluations | g evaluations | best noise-free fitness - Fopt | noise-free fitness - Fopt (-4.697500000000e+02) | measured fitness | best measured fitness | x1 | x2...
1 0 +1.529782787e+07 +1.529782787e+07 +1.529735812e+07 +1.529735812e+07
4 0 +1.336905465e+07 +1.336905465e+07 +1.336858490e+07 +1.336858490e+07
10 0 +1.238113912e+07 +1.238113912e+07 +1.238066937e+07 +1.238066937e+07
12 0 +9.356613581e+06 +9.356613581e+06 +9.356143831e+06 +9.356143831e+06
21 0 +7.867405729e+06 +7.867405729e+06 +7.866935979e+06 +7.866935979e+06
25 0 +6.466433404e+06 +6.466433404e+06 +6.465963654e+06 +6.465963654e+06
33 0 +5.973109104e+06 +5.973109104e+06 +5.972639354e+06 +5.972639354e+06
35 0 +5.739387831e+06 +5.739387831e+06 +5.738918081e+06 +5.738918081e+06
50 0 +3.903047828e+06 +3.903047828e+06 +3.902578078e+06 +3.902578078e+06
64 0 +3.654092145e+06 +3.654092145e+06 +3.653622395e+06 +3.653622395e+06
68 0 +3.445405025e+06 +3.445405025e+06 +3.444935275e+06 +3.444935275e+06
96 0 +2.695785753e+06 +2.695785753e+06 +2.695316003e+06 +2.695316003e+06
104 0 +2.139189272e+06 +2.139189272e+06 +2.138719522e+06 +2.138719522e+06
132 0 +2.096779318e+06 +2.096779318e+06 +2.096309568e+06 +2.096309568e+06
153 0 +1.997947534e+06 +1.997947534e+06 +1.997477784e+06 +1.997477784e+06
231 0 +1.661098206e+06 +1.661098206e+06 +1.660628456e+06 +1.660628456e+06
253 0 +1.490418756e+06 +1.490418756e+06 +1.489949006e+06 +1.489949006e+06
271 0 +1.371783888e+06 +1.371783888e+06 +1.371314138e+06 +1.371314138e+06
281 0 +1.345693427e+06 +1.345693427e+06 +1.345223677e+06 +1.345223677e+06
364 0 +1.238657090e+06 +1.238657090e+06 +1.238187340e+06 +1.238187340e+06
379 0 +1.212460198e+06 +1.212460198e+06 +1.211990448e+06 +1.211990448e+06
416 0 +1.166487587e+06 +1.166487587e+06 +1.166017837e+06 +1.166017837e+06
439 0 +1.031076011e+06 +1.031076011e+06 +1.030606261e+06 +1.030606261e+06
441 0 +9.888081129e+05 +9.888081129e+05 +9.883383629e+05 +9.883383629e+05
449 0 +9.345002035e+05 +9.345002035e+05 +9.340304535e+05 +9.340304535e+05
503 0 +7.892769461e+05 +7.892769461e+05 +7.888071961e+05 +7.888071961e+05
935 0 +7.570657711e+05 +7.570657711e+05 +7.565960211e+05 +7.565960211e+05
937 0 +7.345688022e+05 +7.345688022e+05 +7.340990522e+05 +7.340990522e+05
994 0 +6.449605487e+05 +6.449605487e+05 +6.444907987e+05 +6.444907987e+05
996 0 +6.219641028e+05 +6.219641028e+05 +6.214943528e+05 +6.214943528e+05
% f evaluations | g evaluations | best noise-free fitness - Fopt | noise-free fitness - Fopt (-5.191000000000e+01) | measured fitness | best measured fitness | x1 | x2...
1 0 +2.483424824e+07 +2.483424824e+07 +2.483419633e+07 +2.483419633e+07
5 0 +1.912582215e+07 +1.912582215e+07 +1.912577024e+07 +1.912577024e+07
11 0 +1.592761378e+07 +1.592761378e+07 +1.592756187e+07 +1.592756187e+07
12 0 +1.446053075e+07 +1.446053075e+07 +1.446047884e+07 +1.446047884e+07
13 0 +1.208962412e+07 +1.208962412e+07 +1.208957221e+07 +1.208957221e+07
17 0 +1.146864347e+07 +1.146864347e+07 +1.146859156e+07 +1.146859156e+07
18 0 +1.114779137e+07 +1.114779137e+07 +1.114773946e+07 +1.114773946e+07
23 0 +1.016752814e+07 +1.016752814e+07 +1.016747623e+07 +1.016747623e+07
24 0 +9.864092873e+06 +9.864092873e+06 +9.864040963e+06 +9.864040963e+06
29 0 +9.053075476e+06 +9.053075476e+06 +9.053023566e+06 +9.053023566e+06
32 0 +7.581105162e+06 +7.581105162e+06 +7.581053252e+06 +7.581053252e+06
36 0 +7.350862410e+06 +7.350862410e+06 +7.350810500e+06 +7.350810500e+06
37 0 +7.049201650e+06 +7.049201650e+06 +7.049149740e+06 +7.049149740e+06
44 0 +6.764178364e+06 +6.764178364e+06 +6.764126454e+06 +6.764126454e+06
50 0 +6.321233852e+06 +6.321233852e+06 +6.321181942e+06 +6.321181942e+06
59 0 +5.399218336e+06 +5.399218336e+06 +5.399166426e+06 +5.399166426e+06
62 0 +5.255626974e+06 +5.255626974e+06 +5.255575064e+06 +5.255575064e+06
80 0 +5.002399758e+06 +5.002399758e+06 +5.002347848e+06 +5.002347848e+06
82 0 +4.819345440e+06 +4.819345440e+06 +4.819293530e+06 +4.819293530e+06
93 0 +4.588744765e+06 +4.588744765e+06 +4.588692855e+06 +4.588692855e+06
95 0 +4.356508362e+06 +4.356508362e+06 +4.356456452e+06 +4.356456452e+06
148 0 +4.234677610e+06 +4.234677610e+06 +4.234625700e+06 +4.234625700e+06
152 0 +4.113878869e+06 +4.113878869e+06 +4.113826959e+06 +4.113826959e+06
166 0 +3.546462221e+06 +3.546462221e+06 +3.546410311e+06 +3.546410311e+06
183 0 +3.458104785e+06 +3.458104785e+06 +3.458052875e+06 +3.458052875e+06
242 0 +3.327097376e+06 +3.327097376e+06 +3.327045466e+06 +3.327045466e+06
252 0 +2.771925008e+06 +2.771925008e+06 +2.771873098e+06 +2.771873098e+06
268 0 +2.277492850e+06 +2.277492850e+06 +2.277440940e+06 +2.277440940e+06
288 0 +1.922477299e+06 +1.922477299e+06 +1.922425389e+06 +1.922425389e+06
596 0 +1.877709491e+06 +1.877709491e+06 +1.877657581e+06 +1.877657581e+06
619 0 +1.838678260e+06 +1.838678260e+06 +1.838626350e+06 +1.838626350e+06
625 0 +1.780195947e+06 +1.780195947e+06 +1.780144037e+06 +1.780144037e+06
% f evaluations | g evaluations | best noise-free fitness - Fopt | noise-free fitness - Fopt (4.808000000000e+01) | measured fitness | best measured fitness | x1 | x2...
1 0 +1.373123353e+07 +1.373123353e+07 +1.373128161e+07 +1.373128161e+07
8 0 +1.002594636e+07 +1.002594636e+07 +1.002599444e+07 +1.002599444e+07
21 0 +9.056338346e+06 +9.056338346e+06 +9.056386426e+06 +9.056386426e+06
23 0 +8.006000362e+06 +8.006000362e+06 +8.006048442e+06 +8.006048442e+06
30 0 +7.751424453e+06 +7.751424453e+06 +7.751472533e+06 +7.751472533e+06
36 0 +6.815533277e+06 +6.815533277e+06 +6.815581357e+06 +6.815581357e+06
43 0 +5.353890052e+06 +5.353890052e+06 +5.353938132e+06 +5.353938132e+06
46 0 +4.433055377e+06 +4.433055377e+06 +4.433103457e+06 +4.433103457e+06
61 0 +4.254783721e+06 +4.254783721e+06 +4.254831801e+06 +4.254831801e+06
64 0 +3.919048177e+06 +3.919048177e+06 +3.919096257e+06 +3.919096257e+06
81 0 +3.097754200e+06 +3.097754200e+06 +3.097802280e+06 +3.097802280e+06
113 0 +3.075954804e+06 +3.075954804e+06 +3.076002884e+06 +3.076002884e+06
122 0 +2.783242694e+06 +2.783242694e+06 +2.783290774e+06 +2.783290774e+06
124 0 +2.546949273e+06 +2.546949273e+06 +2.546997353e+06 +2.546997353e+06
142 0 +2.479257996e+06 +2.479257996e+06 +2.479306076e+06 +2.479306076e+06
% f evaluations | g evaluations | best noise-free fitness - Fopt | noise-free fitness - Fopt (3.058000000000e+01) | measured fitness | best measured fitness | x1 | x2...
1 0 +8.931525684e+06 +8.931525684e+06 +8.931556264e+06 +8.931556264e+06
3 0 +8.184461302e+06 +8.184461302e+06 +8.184491882e+06 +8.184491882e+06
32 0 +8.038592301e+06 +8.038592301e+06 +8.038622881e+06 +8.038622881e+06
42 0 +6.874652547e+06 +6.874652547e+06 +6.874683127e+06 +6.874683127e+06
44 0 +6.523844669e+06 +6.523844669e+06 +6.523875249e+06 +6.523875249e+06
45 0 +5.886913961e+06 +5.886913961e+06 +5.886944541e+06 +5.886944541e+06
49 0 +4.857283715e+06 +4.857283715e+06 +4.857314295e+06 +4.857314295e+06
52 0 +3.889649876e+06 +3.889649876e+06 +3.889680456e+06 +3.889680456e+06
71 0 +3.604902870e+06 +3.604902870e+06 +3.604933450e+06 +3.604933450e+06
80 0 +3.370659755e+06 +3.370659755e+06 +3.370690335e+06 +3.370690335e+06
82 0 +3.213095058e+06 +3.213095058e+06 +3.213125638e+06 +3.213125638e+06
92 0 +2.978560061e+06 +2.978560061e+06 +2.978590641e+06 +2.978590641e+06
97 0 +2.883891944e+06 +2.883891944e+06 +2.883922524e+06 +2.883922524e+06
106 0 +2.543200768e+06 +2.543200768e+06 +2.543231348e+06 +2.543231348e+06
116 0 +2.352235564e+06 +2.352235564e+06 +2.352266144e+06 +2.352266144e+06
125 0 +2.130347981e+06 +2.130347981e+06 +2.130378561e+06 +2.130378561e+06
140 0 +1.950223209e+06 +1.950223209e+06 +1.950253789e+06 +1.950253789e+06
187 0 +1.909731799e+06 +1.909731799e+06 +1.909762379e+06 +1.909762379e+06
194 0 +1.789724270e+06 +1.789724270e+06 +1.789754850e+06 +1.789754850e+06
197 0 +1.688131523e+06 +1.688131523e+06 +1.688162103e+06 +1.688162103e+06
207 0 +1.496069131e+06 +1.496069131e+06 +1.496099711e+06 +1.496099711e+06
213 0 +1.341159041e+06 +1.341159041e+06 +1.341189621e+06 +1.341189621e+06
215 0 +1.154922680e+06 +1.154922680e+06 +1.154953260e+06 +1.154953260e+06
253 0 +1.138547085e+06 +1.138547085e+06 +1.138577665e+06 +1.138577665e+06
273 0 +1.018325334e+06 +1.018325334e+06 +1.018355914e+06 +1.018355914e+06
283 0 +9.673549022e+05 +9.673549022e+05 +9.673854822e+05 +9.673854822e+05
321 0 +9.403390493e+05 +9.403390493e+05 +9.403696293e+05 +9.403696293e+05
% f evaluations | g evaluations | best noise-free fitness - Fopt | noise-free fitness - Fopt (1.000000000000e+03) | measured fitness | best measured fitness | x1 | x2...
1 0 +1.994538819e+07 +1.994538819e+07 +1.994638819e+07 +1.994638819e+07
2 0 +1.419390481e+07 +1.419390481e+07 +1.419490481e+07 +1.419490481e+07
14 0 +8.921118189e+06 +8.921118189e+06 +8.922118189e+06 +8.922118189e+06
24 0 +8.172507858e+06 +8.172507858e+06 +8.173507858e+06 +8.173507858e+06
29 0 +7.947475055e+06 +7.947475055e+06 +7.948475055e+06 +7.948475055e+06
40 0 +7.611650077e+06 +7.611650077e+06 +7.612650077e+06 +7.612650077e+06
63 0 +7.487411917e+06 +7.487411917e+06 +7.488411917e+06 +7.488411917e+06
68 0 +6.455020892e+06 +6.455020892e+06 +6.456020892e+06 +6.456020892e+06
77 0 +5.959366647e+06 +5.959366647e+06 +5.960366647e+06 +5.960366647e+06
133 0 +5.326612833e+06 +5.326612833e+06 +5.327612833e+06 +5.327612833e+06
153 0 +5.179616216e+06 +5.179616216e+06 +5.180616216e+06 +5.180616216e+06
164 0 +4.697393748e+06 +4.697393748e+06 +4.698393748e+06 +4.698393748e+06
263 0 +4.153134179e+06 +4.153134179e+06 +4.154134179e+06 +4.154134179e+06
277 0 +4.016196079e+06 +4.016196079e+06 +4.017196079e+06 +4.017196079e+06
282 0 +3.825090584e+06 +3.825090584e+06 +3.826090584e+06 +3.826090584e+06
302 0 +3.671295165e+06 +3.671295165e+06 +3.672295165e+06 +3.672295165e+06
309 0 +3.512975917e+06 +3.512975917e+06 +3.513975917e+06 +3.513975917e+06
540 0 +3.374485935e+06 +3.374485935e+06 +3.375485935e+06 +3.375485935e+06
548 0 +3.093492104e+06 +3.093492104e+06 +3.094492104e+06 +3.094492104e+06
% f evaluations | g evaluations | best noise-free fitness - Fopt | noise-free fitness - Fopt (-4.236000000000e+01) | measured fitness | best measured fitness | x1 | x2...
1 0 +2.087221132e+07 +2.087221132e+07 +2.087216896e+07 +2.087216896e+07
7 0 +1.605820988e+07 +1.605820988e+07 +1.605816752e+07 +1.605816752e+07
13 0 +1.145682287e+07 +1.145682287e+07 +1.145678051e+07 +1.145678051e+07
16 0 +9.189235660e+06 +9.189235660e+06 +9.189193300e+06 +9.189193300e+06
29 0 +8.734256766e+06 +8.734256766e+06 +8.734214406e+06 +8.734214406e+06
33 0 +7.832744922e+06 +7.832744922e+06 +7.832702562e+06 +7.832702562e+06
35 0 +6.426087609e+06 +6.426087609e+06 +6.426045249e+06 +6.426045249e+06
36 0 +6.068914222e+06 +6.068914222e+06 +6.068871862e+06 +6.068871862e+06
59 0 +5.459367627e+06 +5.459367627e+06 +5.459325267e+06 +5.459325267e+06
69 0 +4.174121211e+06 +4.174121211e+06 +4.174078851e+06 +4.174078851e+06
72 0 +3.869127120e+06 +3.869127120e+06 +3.869084760e+06 +3.869084760e+06
80 0 +2.794166302e+06 +2.794166302e+06 +2.794123942e+06 +2.794123942e+06
97 0 +2.539609134e+06 +2.539609134e+06 +2.539566774e+06 +2.539566774e+06
103 0 +2.365461632e+06 +2.365461632e+06 +2.365419272e+06 +2.365419272e+06
106 0 +1.667301619e+06 +1.667301619e+06 +1.667259259e+06 +1.667259259e+06
135 0 +1.632595282e+06 +1.632595282e+06 +1.632552922e+06 +1.632552922e+06
140 0 +1.486103356e+06 +1.486103356e+06 +1.486060996e+06 +1.486060996e+06
154 0 +1.392773203e+06 +1.392773203e+06 +1.392730843e+06 +1.392730843e+06
155 0 +1.356555895e+06 +1.356555895e+06 +1.356513535e+06 +1.356513535e+06
168 0 +1.336410744e+06 +1.336410744e+06 +1.336368384e+06 +1.336368384e+06
173 0 +1.308605804e+06 +1.308605804e+06 +1.308563444e+06 +1.308563444e+06
% f evaluations | g evaluations | best noise-free fitness - Fopt | noise-free fitness - Fopt (-7.187000000000e+01) | measured fitness | best measured fitness | x1 | x2...
1 0 +3.991506892e+07 +3.991506892e+07 +3.991499705e+07 +3.991499705e+07
4 0 +3.746366364e+07 +3.746366364e+07 +3.746359177e+07 +3.746359177e+07
6 0 +3.605714071e+07 +3.605714071e+07 +3.605706884e+07 +3.605706884e+07
8 0 +2.089545667e+07 +2.089545667e+07 +2.089538480e+07 +2.089538480e+07
13 0 +1.671837669e+07 +1.671837669e+07 +1.671830482e+07 +1.671830482e+07
16 0 +1.566490402e+07 +1.566490402e+07 +1.566483215e+07 +1.566483215e+07
23 0 +1.422832270e+07 +1.422832270e+07 +1.422825083e+07 +1.422825083e+07
29 0 +1.383904603e+07 +1.383904603e+07 +1.383897416e+07 +1.383897416e+07
30 0 +1.362215304e+07 +1.362215304e+07 +1.362208117e+07 +1.362208117e+07
37 0 +1.245033946e+07 +1.245033946e+07 +1.245026759e+07 +1.245026759e+07
44 0 +1.051621951e+07 +1.051621951e+07 +1.051614764e+07 +1.051614764e+07
52 0 +9.893796704e+06 +9.893796704e+06 +9.893724834e+06 +9.893724834e+06
55 0 +8.634761920e+06 +8.634761920e+06 +8.634690050e+06 +8.634690050e+06
57 0 +8.409488592e+06 +8.409488592e+06 +8.409416722e+06 +8.409416722e+06
67 0 +7.909374008e+06 +7.909374008e+06 +7.909302138e+06 +7.909302138e+06
78 0 +7.137726891e+06 +7.137726891e+06 +7.137655021e+06 +7.137655021e+06
85 0 +6.126275722e+06 +6.126275722e+06 +6.126203852e+06 +6.126203852e+06
86 0 +5.626915311e+06 +5.626915311e+06 +5.626843441e+06 +5.626843441e+06
118 0 +4.817346402e+06 +4.817346402e+06 +4.817274532e+06 +4.817274532e+06
123 0 +4.175353832e+06 +4.175353832e+06 +4.175281962e+06 +4.175281962e+06
140 0 +3.889984029e+06 +3.889984029e+06 +3.889912159e+06 +3.889912159e+06
153 0 +3.559709672e+06 +3.559709672e+06 +3.559637802e+06 +3.559637802e+06
173 0 +3.451524423e+06 +3.451524423e+06 +3.451452553e+06 +3.451452553e+06
183 0 +3.270122852e+06 +3.270122852e+06 +3.270050982e+06 +3.270050982e+06
194 0 +3.094453623e+06 +3.094453623e+06 +3.094381753e+06 +3.094381753e+06
203 0 +3.067889749e+06 +3.067889749e+06 +3.067817879e+06 +3.067817879e+06
217 0 +2.848127052e+06 +2.848127052e+06 +2.848055182e+06 +2.848055182e+06
226 0 +2.759231038e+06 +2.759231038e+06 +2.759159168e+06 +2.759159168e+06
231 0 +2.668348193e+06 +2.668348193e+06 +2.668276323e+06 +2.668276323e+06
240 0 +2.620405815e+06 +2.620405815e+06 +2.620333945e+06 +2.620333945e+06
304 0 +2.467212696e+06 +2.467212696e+06 +2.467140826e+06 +2.467140826e+06
315 0 +2.294288384e+06 +2.294288384e+06 +2.294216514e+06 +2.294216514e+06
322 0 +2.274655668e+06 +2.274655668e+06 +2.274583798e+06 +2.274583798e+06
347 0 +2.142350396e+06 +2.142350396e+06 +2.142278526e+06 +2.142278526e+06
385 0 +2.122430575e+06 +2.122430575e+06 +2.122358705e+06 +2.122358705e+06
393 0 +2.075574241e+06 +2.075574241e+06 +2.075502371e+06 +2.075502371e+06
401 0 +2.002498550e+06 +2.002498550e+06 +2.002426680e+06 +2.002426680e+06
414 0 +1.754692726e+06 +1.754692726e+06 +1.754620856e+06 +1.754620856e+06
422 0 +1.689405593e+06 +1.689405593e+06 +1.689333723e+06 +1.689333723e+06
428 0 +1.582517103e+06 +1.582517103e+06 +1.582445233e+06 +1.582445233e+06
437 0 +1.530094347e+06 +1.530094347e+06 +1.530022477e+06 +1.530022477e+06
443 0 +1.506852031e+06 +1.506852031e+06 +1.506780161e+06 +1.506780161e+06
452 0 +1.423277130e+06 +1.423277130e+06 +1.423205260e+06 +1.423205260e+06
464 0 +1.399884797e+06 +1.399884797e+06 +1.399812927e+06 +1.399812927e+06
466 0 +1.354881342e+06 +1.354881342e+06 +1.354809472e+06 +1.354809472e+06
473 0 +1.343558915e+06 +1.343558915e+06 +1.343487045e+06 +1.343487045e+06
484 0 +1.283383193e+06 +1.283383193e+06 +1.283311323e+06 +1.283311323e+06
489 0 +1.233832037e+06 +1.233832037e+06 +1.233760167e+06 +1.233760167e+06
494 0 +1.225476871e+06 +1.225476871e+06 +1.225405001e+06 +1.225405001e+06
503 0 +1.149919326e+06 +1.149919326e+06 +1.149847456e+06 +1.149847456e+06
520 0 +1.132599347e+06 +1.132599347e+06 +1.132527477e+06 +1.132527477e+06
522 0 +1.042422003e+06 +1.042422003e+06 +1.042350133e+06 +1.042350133e+06
532 0 +9.802504689e+05 +9.802504689e+05 +9.801785989e+05 +9.801785989e+05
533 0 +9.767928683e+05 +9.767928683e+05 +9.767209983e+05 +9.767209983e+05
574 0 +9.491811778e+05 +9.491811778e+05 +9.491093078e+05 +9.491093078e+05
578 0 +9.049366172e+05 +9.049366172e+05 +9.048647472e+05 +9.048647472e+05
582 0 +8.469578434e+05 +8.469578434e+05 +8.468859734e+05 +8.468859734e+05
652 0 +7.831345905e+05 +7.831345905e+05 +7.830627205e+05 +7.830627205e+05
659 0 +7.645524811e+05 +7.645524811e+05 +7.644806111e+05 +7.644806111e+05
669 0 +7.388660295e+05 +7.388660295e+05 +7.387941595e+05 +7.387941595e+05
687 0 +7.190676727e+05 +7.190676727e+05 +7.189958027e+05 +7.189958027e+05
692 0 +6.953133787e+05 +6.953133787e+05 +6.952415087e+05 +6.952415087e+05
698 0 +6.914886738e+05 +6.914886738e+05 +6.914168038e+05 +6.914168038e+05
702 0 +6.708790419e+05 +6.708790419e+05 +6.708071719e+05 +6.708071719e+05
713 0 +6.480152348e+05 +6.480152348e+05 +6.479433648e+05 +6.479433648e+05
740 0 +6.351085984e+05 +6.351085984e+05 +6.350367284e+05 +6.350367284e+05
745 0 +6.292218517e+05 +6.292218517e+05 +6.291499817e+05 +6.291499817e+05
758 0 +6.070924702e+05 +6.070924702e+05 +6.070206002e+05 +6.070206002e+05
773 0 +5.835533855e+05 +5.835533855e+05 +5.834815155e+05 +5.834815155e+05
795 0 +5.573374048e+05 +5.573374048e+05 +5.572655348e+05 +5.572655348e+05
813 0 +5.493939624e+05 +5.493939624e+05 +5.493220924e+05 +5.493220924e+05
826 0 +5.345571283e+05 +5.345571283e+05 +5.344852583e+05 +5.344852583e+05
850 0 +5.239183711e+05 +5.239183711e+05 +5.238465011e+05 +5.238465011e+05
937 0 +5.118152773e+05 +5.118152773e+05 +5.117434073e+05 +5.117434073e+05
961 0 +4.940857359e+05 +4.940857359e+05 +4.940138659e+05 +4.940138659e+05
974 0 +4.843600656e+05 +4.843600656e+05 +4.842881956e+05 +4.842881956e+05
981 0 +4.657201244e+05 +4.657201244e+05 +4.656482544e+05 +4.656482544e+05
% f evaluations | g evaluations | best noise-free fitness - Fopt | noise-free fitness - Fopt (-1.650000000000e+01) | measured fitness | best measured fitness | x1 | x2...
1 0 +2.795173442e+07 +2.795173442e+07 +2.795171792e+07 +2.795171792e+07
2 0 +2.033556350e+07 +2.033556350e+07 +2.033554700e+07 +2.033554700e+07
11 0 +1.899996228e+07 +1.899996228e+07 +1.899994578e+07 +1.899994578e+07
12 0 +1.471343784e+07 +1.471343784e+07 +1.471342134e+07 +1.471342134e+07
20 0 +1.181284892e+07 +1.181284892e+07 +1.181283242e+07 +1.181283242e+07
29 0 +1.174734620e+07 +1.174734620e+07 +1.174732970e+07 +1.174732970e+07
34 0 +1.097381880e+07 +1.097381880e+07 +1.097380230e+07 +1.097380230e+07
42 0 +1.020437732e+07 +1.020437732e+07 +1.020436082e+07 +1.020436082e+07
56 0 +9.968241005e+06 +9.968241005e+06 +9.968224505e+06 +9.968224505e+06
67 0 +9.617331393e+06 +9.617331393e+06 +9.617314893e+06 +9.617314893e+06
84 0 +9.113203758e+06 +9.113203758e+06 +9.113187258e+06 +9.113187258e+06
92 0 +8.448536592e+06 +8.448536592e+06 +8.448520092e+06 +8.448520092e+06
104 0 +6.927814598e+06 +6.927814598e+06 +6.927798098e+06 +6.927798098e+06
120 0 +6.455028711e+06 +6.455028711e+06 +6.455012211e+06 +6.455012211e+06
144 0 +5.927503218e+06 +5.927503218e+06 +5.927486718e+06 +5.927486718e+06
222 0 +5.242031376e+06 +5.242031376e+06 +5.242014876e+06 +5.242014876e+06
532 0 +4.315186629e+06 +4.315186629e+06 +4.315170129e+06 +4.315170129e+06
606 0 +3.971237584e+06 +3.971237584e+06 +3.971221084e+06 +3.971221084e+06
645 0 +3.817898441e+06 +3.817898441e+06 +3.817881941e+06 +3.817881941e+06
648 0 +2.927478998e+06 +2.927478998e+06 +2.927462498e+06 +2.927462498e+06
673 0 +2.838645379e+06 +2.838645379e+06 +2.838628879e+06 +2.838628879e+06
678 0 +2.806216651e+06 +2.806216651e+06 +2.806200151e+06 +2.806200151e+06
683 0 +2.650825035e+06 +2.650825035e+06 +2.650808535e+06 +2.650808535e+06
721 0 +2.403847671e+06 +2.403847671e+06 +2.403831171e+06 +2.403831171e+06
727 0 +2.378556340e+06 +2.378556340e+06 +2.378539840e+06 +2.378539840e+06
730 0 +2.274392937e+06 +2.274392937e+06 +2.274376437e+06 +2.274376437e+06
743 0 +2.151957264e+06 +2.151957264e+06 +2.151940764e+06 +2.151940764e+06
751 0 +2.082652776e+06 +2.082652776e+06 +2.082636276e+06 +2.082636276e+06
895 0 +1.985378251e+06 +1.985378251e+06 +1.985361751e+06 +1.985361751e+06
% f evaluations | g evaluations | best noise-free fitness - Fopt | noise-free fitness - Fopt (1.000000000000e+03) | measured fitness | best measured fitness | x1 | x2...
1 0 +9.727123191e+06 +9.727123191e+06 +9.728123191e+06 +9.728123191e+06
2 0 +6.617407261e+06 +6.617407261e+06 +6.618407261e+06 +6.618407261e+06
8 0 +5.267734569e+06 +5.267734569e+06 +5.268734569e+06 +5.268734569e+06
17 0 +4.390763665e+06 +4.390763665e+06 +4.391763665e+06 +4.391763665e+06
45 0 +4.240103605e+06 +4.240103605e+06 +4.241103605e+06 +4.241103605e+06
51 0 +3.871540329e+06 +3.871540329e+06 +3.872540329e+06 +3.872540329e+06
83 0 +3.617929348e+06 +3.617929348e+06 +3.618929348e+06 +3.618929348e+06
94 0 +2.091840763e+06 +2.091840763e+06 +2.092840763e+06 +2.092840763e+06
% f evaluations | g evaluations | best noise-free fitness - Fopt | noise-free fitness - Fopt (-1.000000000000e+03) | measured fitness | best measured fitness | x1 | x2...
1 0 +8.948779582e+06 +8.948779582e+06 +8.947779582e+06 +8.947779582e+06
2 0 +5.519280582e+06 +5.519280582e+06 +5.518280582e+06 +5.518280582e+06
10 0 +5.271636323e+06 +5.271636323e+06 +5.270636323e+06 +5.270636323e+06
22 0 +3.590367886e+06 +3.590367886e+06 +3.589367886e+06 +3.589367886e+06
33 0 +3.033699476e+06 +3.033699476e+06 +3.032699476e+06 +3.032699476e+06
42 0 +2.905702173e+06 +2.905702173e+06 +2.904702173e+06 +2.904702173e+06
44 0 +2.679247498e+06 +2.679247498e+06 +2.678247498e+06 +2.678247498e+06
53 0 +2.142801009e+06 +2.142801009e+06 +2.141801009e+06 +2.141801009e+06
54 0 +1.664250800e+06 +1.664250800e+06 +1.663250800e+06 +1.663250800e+06
% f evaluations | g evaluations | best noise-free fitness - Fopt | noise-free fitness - Fopt (-1.527400000000e+02) | measured fitness | best measured fitness | x1 | x2...
1 0 +1.988194493e+07 +1.988194493e+07 +1.988179219e+07 +1.988179219e+07
3 0 +1.975871757e+07 +1.975871757e+07 +1.975856483e+07 +1.975856483e+07
5 0 +1.645843688e+07 +1.645843688e+07 +1.645828414e+07 +1.645828414e+07
27 0 +1.445107655e+07 +1.445107655e+07 +1.445092381e+07 +1.445092381e+07
35 0 +1.242946568e+07 +1.242946568e+07 +1.242931294e+07 +1.242931294e+07
55 0 +1.118568746e+07 +1.118568746e+07 +1.118553472e+07 +1.118553472e+07
63 0 +1.056030828e+07 +1.056030828e+07 +1.056015554e+07 +1.056015554e+07
74 0 +7.556093450e+06 +7.556093450e+06 +7.555940710e+06 +7.555940710e+06
75 0 +6.205829696e+06 +6.205829696e+06 +6.205676956e+06 +6.205676956e+06
78 0 +5.634756323e+06 +5.634756323e+06 +5.634603583e+06 +5.634603583e+06
126 0 +5.575554957e+06 +5.575554957e+06 +5.575402217e+06 +5.575402217e+06
132 0 +5.257682196e+06 +5.257682196e+06 +5.257529456e+06 +5.257529456e+06
133 0 +4.450002729e+06 +4.450002729e+06 +4.449849989e+06 +4.449849989e+06
137 0 +3.494744828e+06 +3.494744828e+06 +3.494592088e+06 +3.494592088e+06
151 0 +2.715910297e+06 +2.715910297e+06 +2.715757557e+06 +2.715757557e+06
202 0 +2.372743686e+06 +2.372743686e+06 +2.372590946e+06 +2.372590946e+06
209 0 +2.125513279e+06 +2.125513279e+06 +2.125360539e+06 +2.125360539e+06
217 0 +2.009312973e+06 +2.009312973e+06 +2.009160233e+06 +2.009160233e+06
238 0 +1.763837126e+06 +1.763837126e+06 +1.763684386e+06 +1.763684386e+06
261 0 +1.711635830e+06 +1.711635830e+06 +1.711483090e+06 +1.711483090e+06
265 0 +1.684062136e+06 +1.684062136e+06 +1.683909396e+06 +1.683909396e+06
266 0 +1.573169231e+06 +1.573169231e+06 +1.573016491e+06 +1.573016491e+06
268 0 +1.529361908e+06 +1.529361908e+06 +1.529209168e+06 +1.529209168e+06
273 0 +1.491651214e+06 +1.491651214e+06 +1.491498474e+06 +1.491498474e+06
292 0 +1.291146995e+06 +1.291146995e+06 +1.290994255e+06 +1.290994255e+06
310 0 +1.268849001e+06 +1.268849001e+06 +1.268696261e+06 +1.268696261e+06
319 0 +1.170949591e+06 +1.170949591e+06 +1.170796851e+06 +1.170796851e+06
322 0 +1.130612420e+06 +1.130612420e+06 +1.130459680e+06 +1.130459680e+06
325 0 +1.104997532e+06 +1.104997532e+06 +1.104844792e+06 +1.104844792e+06
342 0 +1.088551233e+06 +1.088551233e+06 +1.088398493e+06 +1.088398493e+06
344 0 +9.944470926e+05 +9.944470926e+05 +9.942943526e+05 +9.942943526e+05
355 0 +9.320506972e+05 +9.320506972e+05 +9.318979572e+05 +9.318979572e+05
374 0 +8.484906663e+05 +8.484906663e+05 +8.483379263e+05 +8.483379263e+05
424 0 +8.151407329e+05 +8.151407329e+05 +8.149879929e+05 +8.149879929e+05
434 0 +7.827138440e+05 +7.827138440e+05 +7.825611040e+05 +7.825611040e+05
435 0 +7.224354706e+05 +7.224354706e+05 +7.222827306e+05 +7.222827306e+05
559 0 +7.013408056e+05 +7.013408056e+05 +7.011880656e+05 +7.011880656e+05
563 0 +6.854079205e+05 +6.854079205e+05 +6.852551805e+05 +6.852551805e+05
608 0 +6.644054563e+05 +6.644054563e+05 +6.642527163e+05 +6.642527163e+05
612 0 +6.279839145e+05 +6.279839145e+05 +6.278311745e+05 +6.278311745e+05
622 0 +6.037152186e+05 +6.037152186e+05 +6.035624786e+05 +6.035624786e+05
634 0 +5.681889091e+05 +5.681889091e+05 +5.680361691e+05 +5.680361691e+05
646 0 +5.587501884e+05 +5.587501884e+05 +5.585974484e+05 +5.585974484e+05
653 0 +5.251038857e+05 +5.251038857e+05 +5.249511457e+05 +5.249511457e+05
674 0 +5.220200103e+05 +5.220200103e+05 +5.218672703e+05 +5.218672703e+05
710 0 +5.114985866e+05 +5.114985866e+05 +5.113458466e+05 +5.113458466e+05
722 0 +4.927906011e+05 +4.927906011e+05 +4.926378611e+05 +4.926378611e+05
730 0 +4.892476022e+05 +4.892476022e+05 +4.890948622e+05 +4.890948622e+05
737 0 +4.759444394e+05 +4.759444394e+05 +4.757916994e+05 +4.757916994e+05
808 0 +4.453485996e+05 +4.453485996e+05 +4.451958596e+05 +4.451958596e+05
