% f evaluations | g evaluations | best noise-free fitness - Fopt | noise-free fitness - Fopt (1.491500000000e+02) | measured fitness | best measured fitness | x1 | x2...
1 0 +1.737629871e+04 +1.737629871e+04 +1.752544871e+04 +1.752544871e+04 +0.0000e+00 +0.0000e+00 +0.0000e+00 +0.0000e+00 +0.0000e+00 +0.0000e+00 +0.0000e+00 +0.0000e+00 +0.0000e+00 +0.0000e+00
17 0 +1.303750026e+04 +1.303750026e+04 +1.318665026e+04 +1.318665026e+04 -4.3115e-02 -1.3257e+00 -7.2331e-01 -8.9390e-01 -2.6212e-01 -2.8387e-01 +3.7174e-01 -1.6689e+00 +1.5026e-02 -5.1520e-01
57 0 +9.689319784e+03 +9.689319784e+03 +9.838469784e+03 +9.838469784e+03 -2.4578e+00 -1.0402e+00 -1.5807e+00 +1.6432e+00 -2.1539e+00 -3.6352e+00 +1.1729e+00 -1.2742e+00 +3.2957e-02 +3.6157e+00
60 0 +4.811712850e+03 +4.811712850e+03 +4.960862850e+03 +4.960862850e+03 -1.3488e+00 -2.6819e+00 -9.6647e-01 -1.6702e-01 -1.4168e+00 -1.7212e+00 -1.1786e+00 -2.1610e-01 +2.1804e-02 +3.1476e+00
63 0 +3.214350832e+03 +3.214350832e+03 +3.363500832e+03 +3.363500832e+03 -1.9652e+00 -8.5505e-01 +1.8344e-01 +1.8302e+00 -2.3692e+00 -2.2716e+00 -9.5065e-01 -1.4063e+00 +3.3236e-02 +5.5033e+00
94 0 +2.873532006e+03 +2.873532006e+03 +3.022682006e+03 +3.022682006e+03 -2.0927e+00 -2.0758e-01 -1.9096e-01 +7.8352e-01 -2.8525e+00 -2.9944e+00 -1.9670e-01 -1.6590e+00 +1.4503e-02 +4.6347e+00
192 0 +2.798054146e+03 +2.798054146e+03 +2.947204146e+03 +2.947204146e+03 -8.8930e-01 -1.7694e+00 +3.0709e-01 +2.5487e+00 -3.8565e+00 -2.5797e+00 -1.0687e+00 -2.8852e+00 +5.4657e-02 +4.3018e+00
196 0 +1.937366276e+03 +1.937366276e+03 +2.086516276e+03 +2.086516276e+03 -5.1246e-01 -2.3575e+00 -6.4567e-01 +2.4021e+00 -3.7387e+00 -3.0122e+00 -6.3245e-01 -5.5364e-01 +5.5624e-02 +3.0093e+00
210 0 +1.829017539e+03 +1.829017539e+03 +1.978167539e+03 +1.978167539e+03 -1.3846e-01 -1.3471e+00 +7.4366e-02 +2.4834e+00 -2.9078e+00 -3.1853e+00 -4.5085e-01 -3.9868e-01 +5.3388e-02 +2.9708e+00
215 0 +1.521084672e+03 +1.521084672e+03 +1.670234672e+03 +1.670234672e+03 -4.9877e-01 -2.2309e+00 -8.4816e-01 +2.3691e+00 -3.4785e+00 -2.4000e+00 -2.5993e-01 -1.1330e+00 +5.5024e-02 +2.0071e+00
217 0 +1.298755257e+03 +1.298755257e+03 +1.447905257e+03 +1.447905257e+03 -6.4337e-01 -7.7117e-01 -3.0950e-01 +1.7560e+00 -2.7637e+00 -3.0758e+00 -7.1901e-01 -1.2758e+00 +5.7246e-02 +3.3935e+00
236 0 +1.283478228e+03 +1.283478228e+03 +1.432628228e+03 +1.432628228e+03 -1.2048e+00 -1.4556e+00 +2.7349e-01 +1.8561e+00 -3.0799e+00 -2.8973e+00 -6.1323e-01 -1.8595e+00 +5.7529e-02 +3.0195e+00
243 0 +7.912378602e+02 +7.912378602e+02 +9.403878602e+02 +9.403878602e+02 -1.4195e+00 -1.4570e+00 -2.4520e-01 +1.6857e+00 -3.2904e+00 -2.6313e+00 -7.0793e-01 -1.1072e+00 +5.3454e-02 +2.8497e+00
258 0 +7.618981768e+02 +7.618981768e+02 +9.110481768e+02 +9.110481768e+02 -1.4282e+00 -2.2781e+00 -8.8185e-01 +1.7050e+00 -2.8667e+00 -1.9959e+00 -9.1537e-01 -1.0751e+00 +5.4459e-02 +2.4617e+00
264 0 +5.158149996e+02 +5.158149996e+02 +6.649649996e+02 +6.649649996e+02 -1.6847e+00 -1.8699e+00 +3.2442e-01 +1.8415e+00 -2.9784e+00 -2.5186e+00 -1.1055e+00 -1.4113e+00 +5.6142e-02 +1.5043e+00
273 0 +3.968837714e+02 +3.968837714e+02 +5.460337714e+02 +5.460337714e+02 -1.4490e+00 -1.4780e+00 -5.9960e-01 +1.7521e+00 -3.1860e+00 -3.1694e+00 -3.5768e-01 -8.6484e-01 +5.2632e-02 +7.4622e-01
288 0 +1.849896560e+02 +1.849896560e+02 +3.341396560e+02 +3.341396560e+02 -1.2307e+00 -1.8798e+00 -5.1081e-01 +1.1183e+00 -3.5951e+00 -3.1856e+00 -6.6476e-01 -9.7857e-01 +6.3201e-02 +9.6220e-01
322 0 +1.389026533e+02 +1.389026533e+02 +2.880526533e+02 +2.880526533e+02 -3.7710e-01 -1.0437e+00 -1.1859e+00 +5.2070e-01 -3.9334e+00 -2.2779e+00 -9.3129e-01 -1.1799e+00 +6.3790e-02 +5.6160e-02
330 0 +1.056462406e+02 +1.056462406e+02 +2.547962406e+02 +2.547962406e+02 -5.9977e-01 -1.0263e+00 -7.7546e-01 +6.7158e-01 -3.6031e+00 -2.6025e+00 -7.9907e-01 -1.0953e+00 +6.1170e-02 +6.0473e-01
351 0 +9.477365400e+01 +9.477365400e+01 +2.439236540e+02 +2.439236540e+02 -2.3630e-01 -9.0870e-01 -7.2833e-01 +7.2463e-01 -3.8372e+00 -1.9394e+00 -1.1330e+00 -1.3671e+00 +6.2266e-02 +1.4863e-01
818 0 +8.995261805e+01 +8.995261805e+01 +2.391026180e+02 +2.391026180e+02 -4.3092e-01 -8.4834e-01 -6.0344e-01 +7.5860e-01 -3.2367e+00 -1.5759e+00 -1.1506e+00 -1.0622e+00 +4.9461e-02 +3.6248e-01
833 0 +8.733028156e+01 +8.733028156e+01 +2.364802816e+02 +2.364802816e+02 -2.5008e-01 -8.1687e-01 -6.6329e-01 +8.2777e-01 -3.1360e+00 -1.6876e+00 -1.2510e+00 -1.3183e+00 +5.4282e-02 +4.4603e-01
838 0 +8.302839360e+01 +8.302839360e+01 +2.321783936e+02 +2.321783936e+02 -2.9967e-01 -9.2539e-01 -7.2484e-01 +8.3405e-01 -3.2906e+00 -1.7588e+00 -1.2793e+00 -1.2884e+00 +5.4144e-02 +6.1236e-01
988 0 +7.338232374e+01 +7.338232374e+01 +2.225323237e+02 +2.225323237e+02 -3.7314e-01 -8.4940e-01 -6.4801e-01 +8.4415e-01 -3.0592e+00 -1.3727e+00 -8.6969e-01 -1.0687e+00 +5.0829e-02 +3.0180e-01
% f evaluations | g evaluations | best noise-free fitness - Fopt | noise-free fitness - Fopt (-1.000000000000e+03) | measured fitness | best measured fitness | x1 | x2...
1 0 +3.907870576e+04 +3.907870576e+04 +3.807870576e+04 +3.807870576e+04 +0.0000e+00 +0.0000e+00 +0.0000e+00 +0.0000e+00 +0.0000e+00 +0.0000e+00 +0.0000e+00 +0.0000e+00 +0.0000e+00 +0.0000e+00
4 0 +3.131739445e+04 +3.131739445e+04 +3.031739445e+04 +3.031739445e+04 -4.4074e-01 +4.8873e-01 +2.0789e-02 -4.2814e-04 +3.3289e-01 +5.7541e-01 -1.7263e+00 +5.6170e-01 -2.5151e-02 -4.6532e-01
12 0 +2.758602823e+04 +2.758602823e+04 +2.658602823e+04 +2.658602823e+04 -3.3197e-01 +3.2174e-02 -1.0278e-01 -1.9042e-01 -1.9697e+00 -1.1674e-01 +2.2521e-01 -9.6181e-01 +3.5361e-02 -3.2706e-01
14 0 +1.932830716e+04 +1.932830716e+04 +1.832830716e+04 +1.832830716e+04 -8.0179e-01 -3.1502e-01 +4.8167e-02 +2.0381e-01 -1.2278e-01 +8.6307e-01 -7.2102e-01 -4.0992e-01 +8.9311e-02 +1.3301e+00
30 0 +1.571984639e+04 +1.571984639e+04 +1.471984639e+04 +1.471984639e+04 -1.8228e+00 +3.2671e-01 -3.9070e-02 -1.0873e+00 +3.5237e-01 -9.4432e-01 -2.1969e+00 -1.2416e+00 -1.1406e-01 +1.2491e+00
32 0 +1.520874252e+04 +1.520874252e+04 +1.420874252e+04 +1.420874252e+04 -1.3179e+00 +1.3886e+00 -7.7851e-02 -3.5709e+00 -4.4627e+00 -5.0786e-01 -4.9375e+00 -2.0899e+00 -1.0507e+00 -5.9715e+00
37 0 +1.106813687e+04 +1.106813687e+04 +1.006813687e+04 +1.006813687e+04 -2.9335e+00 -4.7219e-01 -1.7841e-02 -9.7229e-01 -5.2610e+00 +3.9536e-02 -5.9972e-01 -1.4303e+00 -9.2872e-01 -3.0243e+00
40 0 +1.017227915e+04 +1.017227915e+04 +9.172279146e+03 +9.172279146e+03 -1.7566e+00 +1.3107e-01 +5.7918e-02 -3.2717e+00 -2.7353e+00 -3.7977e+00 -4.7697e-01 -3.0762e-01 +1.7027e-01 +2.9414e+00
% f evaluations | g evaluations | best noise-free fitness - Fopt | noise-free fitness - Fopt (9.862000000000e+01) | measured fitness | best measured fitness | x1 | x2...
1 0 +4.199469811e+04 +4.199469811e+04 +4.209331811e+04 +4.209331811e+04 +0.0000e+00 +0.0000e+00 +0.0000e+00 +0.0000e+00 +0.0000e+00 +0.0000e+00 +0.0000e+00 +0.0000e+00 +0.0000e+00 +0.0000e+00
4 0 +3.216481583e+04 +3.216481583e+04 +3.226343583e+04 +3.226343583e+04 +7.8569e-01 +3.2443e-01 -3.4098e-02 +3.0441e-02 -4.3933e-01 +2.1923e-02 +5.2730e-01 -4.1012e-01 -1.8435e+00 -3.9125e-01
13 0 +2.683813949e+04 +2.683813949e+04 +2.693675949e+04 +2.693675949e+04 +4.6296e-01 -3.7624e+00 -7.9941e-02 -3.1403e-01 +6.0917e-01 +1.4718e-01 -3.5205e-02 -2.9221e-01 -9.3854e-01 -5.6153e-01
21 0 +2.027005253e+04 +2.027005253e+04 +2.036867253e+04 +2.036867253e+04 +1.2174e-01 -3.0958e+00 -1.4420e-01 -2.1892e-02 -1.0042e+00 -4.1302e-01 +6.9597e-02 -2.0521e+00 -1.3314e+00 -7.7888e-01
38 0 +1.246317027e+04 +1.246317027e+04 +1.256179027e+04 +1.256179027e+04 -2.0723e+00 -2.7690e+00 -1.5791e-01 -5.7548e-01 +2.7349e+00 +3.1590e+00 -1.3383e+00 -4.1061e+00 -7.5300e-01 +1.1687e+00
54 0 +4.980179013e+03 +4.980179013e+03 +5.078799013e+03 +5.078799013e+03 -2.4468e+00 -4.0219e+00 +2.8632e-01 -1.2839e+00 +9.1477e-01 +2.3499e+00 -2.0979e+00 -2.9733e+00 -5.2646e+00 +3.4442e+00
246 0 +4.162749067e+03 +4.162749067e+03 +4.261369067e+03 +4.261369067e+03 -2.4774e+00 -2.1209e+00 +7.3451e-01 -2.1424e+00 +2.4758e+00 +1.4061e+00 -2.7188e+00 -2.6429e+00 -1.2523e+00 +5.1982e+00
658 0 +3.995827364e+03 +3.995827364e+03 +4.094447364e+03 +4.094447364e+03 -1.0021e-01 -1.1375e+00 +1.2309e+00 -5.7032e+00 +1.2247e+00 +4.9652e-01 -2.2087e+00 -4.2165e+00 -3.0579e+00 -5.1060e-01
667 0 +3.696049464e+03 +3.696049464e+03 +3.794669464e+03 +3.794669464e+03 -1.3706e-01 -1.2911e+00 +1.2526e+00 -5.6529e+00 +1.1222e+00 +4.4048e-01 -2.2257e+00 -4.1829e+00 -3.0442e+00 -4.4767e-01
677 0 +3.621445855e+03 +3.621445855e+03 +3.720065855e+03 +3.720065855e+03 -1.5627e-01 -1.5637e+00 +1.2545e+00 -5.5767e+00 +1.6175e+00 +6.8966e-01 -2.2569e+00 -4.6821e+00 -3.3120e+00 -3.5102e-01
682 0 +3.281160431e+03 +3.281160431e+03 +3.379780431e+03 +3.379780431e+03 -1.0483e-01 -9.3336e-01 +1.2638e+00 -5.5490e+00 +1.4723e+00 +9.4252e-01 -2.1859e+00 -4.4945e+00 -3.4200e+00 -2.7870e-01
692 0 +2.731568745e+03 +2.731568745e+03 +2.830188745e+03 +2.830188745e+03 -3.0810e-01 -1.4614e+00 +1.2401e+00 -5.4350e+00 +1.0893e+00 +1.4294e+00 -1.4332e+00 -4.8586e+00 -3.1226e+00 -2.3511e-01
696 0 +2.683284871e+03 +2.683284871e+03 +2.781904871e+03 +2.781904871e+03 -2.5568e-01 -1.1536e+00 +1.2489e+00 -5.4249e+00 +1.4472e+00 +1.2745e+00 -2.7288e+00 -5.0771e+00 -2.9831e+00 -4.0232e-01
736 0 +2.011274642e+03 +2.011274642e+03 +2.109894642e+03 +2.109894642e+03 -1.0080e+00 -2.8027e+00 +1.2535e+00 -5.2319e+00 +1.2647e+00 +1.5774e+00 -2.2061e+00 -5.2706e+00 -3.0302e+00 -1.0954e+00
855 0 +1.909571122e+03 +1.909571122e+03 +2.008191122e+03 +2.008191122e+03 -1.1274e+00 -1.4705e+00 +1.1876e+00 -5.0098e+00 +3.4457e-03 -3.8813e-01 -2.0972e+00 -4.5398e+00 -1.9772e+00 +2.4005e+00
859 0 +1.815092468e+03 +1.815092468e+03 +1.913712468e+03 +1.913712468e+03 -1.1504e+00 -2.7824e+00 +1.1699e+00 -4.8971e+00 -1.7096e-01 +4.7389e-01 -2.4069e+00 -4.9904e+00 -2.7527e+00 +1.4809e+00
862 0 +1.524367115e+03 +1.524367115e+03 +1.622987115e+03 +1.622987115e+03 -1.7236e+00 -1.7818e+00 +1.1117e+00 -4.9461e+00 +4.8159e-01 +1.0679e-01 -1.1884e+00 -4.1278e+00 -2.7267e+00 +5.2092e-01
874 0 +1.342890611e+03 +1.342890611e+03 +1.441510611e+03 +1.441510611e+03 -1.1963e+00 -2.0992e+00 +1.1331e+00 -4.8829e+00 +9.8869e-02 +3.9873e-01 -3.0705e+00 -4.4343e+00 -2.3679e+00 +6.9382e-01
876 0 +1.045182213e+03 +1.045182213e+03 +1.143802213e+03 +1.143802213e+03 -1.4383e+00 -1.9304e+00 +1.1807e+00 -4.7865e+00 +1.7819e-01 +1.7110e+00 -1.9828e+00 -3.9495e+00 -2.5466e+00 +9.0491e-01
896 0 +7.513222735e+02 +7.513222735e+02 +8.499422735e+02 +8.499422735e+02 -1.4987e+00 -2.6074e+00 +1.1778e+00 -4.6309e+00 +2.7560e-01 +1.6299e+00 -1.8512e+00 -4.6798e+00 -2.7824e+00 +6.8833e-02
910 0 +6.117169584e+02 +6.117169584e+02 +7.103369584e+02 +7.103369584e+02 -1.3586e+00 -2.5829e+00 +1.2174e+00 -4.6077e+00 +6.7924e-01 +1.1617e+00 -2.8553e+00 -3.8834e+00 -2.5381e+00 +4.4117e-02
933 0 +5.036440064e+02 +5.036440064e+02 +6.022640064e+02 +6.022640064e+02 -1.8044e+00 -1.5921e+00 +1.2335e+00 -4.4383e+00 +2.2275e-01 +1.5900e+00 -2.0863e+00 -4.2091e+00 -2.8190e+00 -5.1831e-01
% f evaluations | g evaluations | best noise-free fitness - Fopt | noise-free fitness - Fopt (-4.715000000000e+01) | measured fitness | best measured fitness | x1 | x2...
1 0 +1.627277393e+04 +1.627277393e+04 +1.622562393e+04 +1.622562393e+04 +0.0000e+00 +0.0000e+00 +0.0000e+00 +0.0000e+00 +0.0000e+00 +0.0000e+00 +0.0000e+00 +0.0000e+00 +0.0000e+00 +0.0000e+00
2 0 +1.617507092e+04 +1.617507092e+04 +1.612792092e+04 +1.612792092e+04 +9.7024e-02 +5.4984e-01 -3.6574e-01 -2.2709e-01 +2.9571e-02 +7.0870e-01 +1.9050e-01 +5.3491e-02 +6.3020e-01 -1.0347e-01
6 0 +1.336860463e+04 +1.336860463e+04 +1.332145463e+04 +1.332145463e+04 +4.8028e-01 +9.0086e-02 +1.0972e+00 -7.4027e-01 -5.6368e-02 -4.7323e-01 -2.5177e-01 -2.2947e-01 +5.1715e-01 +1.5603e+00
19 0 +8.380860179e+03 +8.380860179e+03 +8.333710179e+03 +8.333710179e+03 -1.4649e+00 -7.9289e-01 -5.0949e-01 -6.6830e-01 +9.8053e-03 +4.8692e-02 -1.1774e-01 -2.2933e-01 +7.3496e-01 +3.9735e-01
22 0 +7.867888430e+03 +7.867888430e+03 +7.820738430e+03 +7.820738430e+03 -3.3246e+00 -1.2234e+00 -4.2923e-01 -1.5152e+00 +1.6615e-02 -9.4378e-01 -4.0401e-01 +2.1020e-02 -1.0583e+00 +1.5599e-01
30 0 +6.157903084e+03 +6.157903084e+03 +6.110753084e+03 +6.110753084e+03 -2.2889e-02 -5.5406e-01 +2.7269e-01 -1.5787e+00 +8.9946e-02 -3.8281e-02 -1.0531e-01 -1.6533e-01 +8.8829e-02 +7.7020e-01
% f evaluations | g evaluations | best noise-free fitness - Fopt | noise-free fitness - Fopt (3.752000000000e+01) | measured fitness | best measured fitness | x1 | x2...
1 0 +2.454046287e+04 +2.454046287e+04 +2.457798287e+04 +2.457798287e+04 +0.0000e+00 +0.0000e+00 +0.0000e+00 +0.0000e+00 +0.0000e+00 +0.0000e+00 +0.0000e+00 +0.0000e+00 +0.0000e+00 +0.0000e+00
4 0 +2.090575040e+04 +2.090575040e+04 +2.094327040e+04 +2.094327040e+04 -6.9592e-02 +4.6780e-03 +1.0003e-01 -1.0466e+00 -4.8275e-01 +1.8135e+00 -1.4092e-02 -1.3802e-02 -1.5157e-01 -1.1905e+00
7 0 +1.603633048e+04 +1.603633048e+04 +1.607385048e+04 +1.607385048e+04 -2.8000e-03 -2.3559e-01 +4.4654e-01 -3.7943e-01 -2.8360e-02 +1.3764e+00 +2.1453e-03 +6.7001e-01 -1.0365e+00 +2.4390e+00
43 0 +1.434460547e+04 +1.434460547e+04 +1.438212547e+04 +1.438212547e+04 +1.5641e-01 -1.6733e-01 +2.5651e-01 -1.8183e+00 +2.4933e-02 +1.8831e+00 +6.7077e-03 +3.1284e-01 -3.3670e-01 -5.6874e-01
53 0 +1.224113499e+04 +1.224113499e+04 +1.227865499e+04 +1.227865499e+04 -2.4330e-01 -2.4259e-01 +2.1640e-01 -2.1594e+00 +6.2371e-01 +1.0334e+00 +8.0692e-04 +3.0636e-01 -1.1175e-01 -7.0510e-01
61 0 +1.192036042e+04 +1.192036042e+04 +1.195788042e+04 +1.195788042e+04 -4.5180e-02 -2.9247e-01 +4.0244e-01 -1.7667e+00 +6.3925e-02 +1.5158e+00 +9.3130e-04 +3.0537e-01 +1.0362e-01 -5.9614e-01
66 0 +1.062397588e+04 +1.062397588e+04 +1.066149588e+04 +1.066149588e+04 -2.1392e-01 -3.6970e-01 +5.1747e-01 -1.8079e+00 +4.6667e-01 +1.0263e+00 +1.2836e-02 +3.3049e-01 -2.4541e-01 -9.4035e-01
75 0 +9.983374507e+03 +9.983374507e+03 +1.002089451e+04 +1.002089451e+04 +3.8199e-02 -3.7112e-01 +6.1094e-01 -2.2163e+00 +2.9952e-01 +1.8885e+00 +5.1792e-03 +3.5806e-01 +2.0272e-01 +3.7372e-01
83 0 +9.747557940e+03 +9.747557940e+03 +9.785077940e+03 +9.785077940e+03 +1.3401e-01 -3.5897e-01 +6.8150e-01 -1.9752e+00 +1.4038e-01 +1.5159e+00 +5.0779e-03 +7.0544e-01 -2.6793e-01 +6.0580e-01
86 0 +8.996884789e+03 +8.996884789e+03 +9.034404789e+03 +9.034404789e+03 +4.7832e-01 -4.7256e-01 +6.4627e-01 -2.4207e+00 +3.2116e-01 +8.6076e-01 +8.9420e-03 +4.0413e-01 +8.8537e-01 -2.3851e-01
88 0 +8.691786052e+03 +8.691786052e+03 +8.729306052e+03 +8.729306052e+03 -1.1141e-01 -3.4976e-01 +8.7029e-01 -2.2095e+00 +4.9659e-01 +1.4295e+00 +1.7129e-02 +5.6309e-01 +2.5438e-01 +2.7846e-01
106 0 +7.512675822e+03 +7.512675822e+03 +7.550195822e+03 +7.550195822e+03 -4.4899e-01 -4.2270e-01 +8.8974e-01 -2.2185e+00 +1.3454e+00 +1.4191e+00 +2.3743e-02 +3.6598e-01 +1.5668e+00 -4.2105e-01
112 0 +6.757599483e+03 +6.757599483e+03 +6.795119483e+03 +6.795119483e+03 +1.5803e-01 -4.8719e-01 +9.2502e-01 -3.2483e+00 +2.4544e+00 +1.1527e+00 +2.0506e-02 +7.8504e-01 +3.8973e-01 -9.1729e-01
131 0 +6.161030645e+03 +6.161030645e+03 +6.198550645e+03 +6.198550645e+03 -6.0174e-01 -4.5559e-01 +1.3657e+00 -3.1808e+00 +1.3491e+00 +1.0934e+00 +2.7311e-02 +1.0349e+00 +1.0318e+00 -7.9015e-01
135 0 +5.135491678e+03 +5.135491678e+03 +5.173011678e+03 +5.173011678e+03 +8.5936e-02 -4.4343e-01 +2.3275e+00 -3.7931e+00 +1.8277e+00 +1.7020e+00 +3.2078e-02 +1.2244e+00 +1.8749e+00 -3.5558e-01
151 0 +4.671430237e+03 +4.671430237e+03 +4.708950237e+03 +4.708950237e+03 -1.6049e-01 -4.3673e-01 +2.5333e+00 -2.7198e+00 +1.2015e+00 +2.0221e+00 +4.2054e-02 +1.3426e+00 +6.2889e-01 -3.2057e-01
% f evaluations | g evaluations | best noise-free fitness - Fopt | noise-free fitness - Fopt (6.740000000000e+00) | measured fitness | best measured fitness | x1 | x2...
1 0 +2.377435148e+04 +2.377435148e+04 +2.378109148e+04 +2.378109148e+04 +0.0000e+00 +0.0000e+00 +0.0000e+00 +0.0000e+00 +0.0000e+00 +0.0000e+00 +0.0000e+00 +0.0000e+00 +0.0000e+00 +0.0000e+00
8 0 +1.880980241e+04 +1.880980241e+04 +1.881654241e+04 +1.881654241e+04 -9.8907e-01 -1.0326e+00 -2.2908e+00 +2.5228e-01 -1.8410e-01 +4.7218e-01 +1.0724e-03 +2.9664e-02 -4.1937e-01 -4.0140e+00
13 0 +1.665773116e+04 +1.665773116e+04 +1.666447116e+04 +1.666447116e+04 +5.5124e-01 -7.2059e-01 -7.5803e-01 +2.8580e+00 -3.4866e-01 -7.8200e-01 -1.6607e-03 +1.4864e+00 -9.6377e-03 +4.4023e-01
32 0 +1.511631294e+04 +1.511631294e+04 +1.512305294e+04 +1.512305294e+04 +2.6338e+00 +1.1441e+00 -2.2571e+00 +2.6658e+00 -5.6391e-01 -3.9076e-01 -3.6932e-03 +9.7224e-01 -3.1467e-01 -2.8864e+00
41 0 +1.311336954e+04 +1.311336954e+04 +1.312010954e+04 +1.312010954e+04 +1.8613e+00 +1.8095e+00 -3.6579e+00 +3.0928e+00 -4.2893e-01 +3.2667e-01 -4.6419e-03 +1.7987e+00 -1.4620e-01 -1.6524e+00
48 0 +1.266224685e+04 +1.266224685e+04 +1.266898685e+04 +1.266898685e+04 +1.6899e+00 +1.3765e+00 -3.5975e+00 +3.0801e+00 -3.9628e-01 +4.8948e-01 -3.9075e-03 +1.6147e+00 -7.3117e-02 -1.2855e+00
70 0 +1.157673158e+04 +1.157673158e+04 +1.158347158e+04 +1.158347158e+04 +1.4434e+00 +2.4996e+00 -2.8659e+00 +2.8798e+00 -7.0639e-01 -2.0281e-01 -1.4925e-03 +1.9989e+00 -2.0059e-01 -3.2948e+00
71 0 +1.147977650e+04 +1.147977650e+04 +1.148651650e+04 +1.148651650e+04 +1.1262e+00 +1.3993e+00 -2.2300e+00 +3.2447e+00 -4.1939e-01 +5.2919e-01 -1.2341e-03 +1.6464e+00 -5.9848e-02 -2.3607e+00
81 0 +1.001481072e+04 +1.001481072e+04 +1.002155072e+04 +1.002155072e+04 +1.2399e+00 +1.7399e+00 -3.7188e+00 +3.2420e+00 -6.4617e-01 +6.6849e-01 -2.1758e-03 +2.1168e+00 -2.0979e-02 -3.0683e+00
118 0 +9.885147098e+03 +9.885147098e+03 +9.891887098e+03 +9.891887098e+03 +6.4607e-01 +1.6888e+00 -2.9631e+00 +1.4431e+00 -6.6342e-01 +9.3978e-01 -1.8496e-04 +2.0109e+00 +1.9727e-01 -1.4888e+00
124 0 +8.533665589e+03 +8.533665589e+03 +8.540405589e+03 +8.540405589e+03 +4.7662e-01 +1.3857e+00 -2.7141e+00 +1.9508e+00 -7.1469e-01 +9.9353e-01 -4.3818e-04 +1.5418e+00 +3.3395e-02 -2.6304e+00
143 0 +8.313495288e+03 +8.313495288e+03 +8.320235288e+03 +8.320235288e+03 +1.8352e-01 +1.3524e+00 -2.6168e+00 +2.2916e+00 -7.2148e-01 +8.8223e-01 +6.5275e-04 +2.0459e+00 +7.0523e-03 -2.5342e+00
153 0 +7.917103562e+03 +7.917103562e+03 +7.923843562e+03 +7.923843562e+03 +2.6785e-01 +1.0728e+00 -2.6430e+00 +2.1486e+00 -7.5462e-01 +9.9554e-01 +1.3000e-04 +1.8224e+00 +6.2604e-02 -2.1265e+00
156 0 +7.601718410e+03 +7.601718410e+03 +7.608458410e+03 +7.608458410e+03 +2.4887e-01 +1.7690e+00 -1.7469e+00 +2.0427e+00 -8.2802e-01 +7.2887e-01 +1.2007e-03 +1.8408e+00 -3.5370e-02 -2.5731e+00
162 0 +7.103491450e+03 +7.103491450e+03 +7.110231450e+03 +7.110231450e+03 +2.7449e-01 +1.3276e+00 -2.6414e+00 +2.6467e+00 -8.4884e-01 +1.1093e+00 +1.7388e-04 +1.7971e+00 +2.3622e-02 -1.9998e+00
173 0 +6.279741143e+03 +6.279741143e+03 +6.286481143e+03 +6.286481143e+03 +1.5123e-01 +1.2461e+00 -2.5661e+00 +2.7799e+00 -9.3798e-01 +5.4866e-01 +3.8636e-04 +1.7079e+00 +1.0828e-01 -2.1743e+00
183 0 +6.144278513e+03 +6.144278513e+03 +6.151018513e+03 +6.151018513e+03 +5.7483e-01 +1.3433e+00 -2.1654e+00 +2.7373e+00 -9.5551e-01 +7.8832e-01 +7.6872e-04 +1.5284e+00 +1.0338e-01 -2.1065e+00
184 0 +5.913107422e+03 +5.913107422e+03 +5.919847422e+03 +5.919847422e+03 +5.4662e-01 +1.2102e+00 -2.8672e+00 +2.6573e+00 -9.8670e-01 +9.0736e-01 +6.0035e-04 +1.6513e+00 +1.5903e-03 -2.3602e+00
188 0 +5.868436961e+03 +5.868436961e+03 +5.875176961e+03 +5.875176961e+03 +6.3546e-01 +1.2238e+00 -2.3009e+00 +2.9744e+00 -9.9076e-01 +6.0844e-01 +4.2370e-04 +1.6710e+00 +2.0912e-01 -2.5032e+00
203 0 +5.511278657e+03 +5.511278657e+03 +5.518018657e+03 +5.518018657e+03 -8.6873e-02 +1.1430e+00 -1.9896e+00 +2.6757e+00 -1.0763e+00 +7.8963e-01 +1.4586e-03 +1.7839e+00 +7.5614e-02 -1.3824e+00
205 0 +4.890780510e+03 +4.890780510e+03 +4.897520510e+03 +4.897520510e+03 +2.1720e-01 +8.4509e-01 -1.9450e+00 +2.6436e+00 -1.1497e+00 +7.7302e-01 +6.3433e-04 +1.6716e+00 +9.5390e-02 -2.4247e+00
238 0 +4.700804668e+03 +4.700804668e+03 +4.707544668e+03 +4.707544668e+03 -2.2791e-01 +1.7847e+00 -3.4628e-01 +2.7286e+00 -1.1988e+00 +4.5420e-01 +4.1702e-04 +1.5994e+00 +1.9290e-01 -1.9422e+00
249 0 +4.648334480e+03 +4.648334480e+03 +4.655074480e+03 +4.655074480e+03 -2.7451e-01 +1.1892e+00 -8.7418e-01 +3.1089e+00 -1.2226e+00 +5.6277e-01 +4.4370e-04 +1.5580e+00 +2.6476e-01 -1.9199e+00
254 0 +4.368904122e+03 +4.368904122e+03 +4.375644122e+03 +4.375644122e+03 -9.8353e-02 +1.2980e+00 -7.0802e-01 +2.8524e+00 -1.2372e+00 +7.6972e-01 +9.8493e-05 +1.6287e+00 +2.1393e-01 -1.8741e+00
284 0 +4.142083611e+03 +4.142083611e+03 +4.148823611e+03 +4.148823611e+03 -8.1039e-01 +1.4935e+00 -9.2572e-01 +2.6881e+00 -1.3222e+00 +6.4088e-01 +8.9709e-05 +1.2873e+00 +2.8372e-01 -2.4730e+00
292 0 +4.050413427e+03 +4.050413427e+03 +4.057153427e+03 +4.057153427e+03 -7.5643e-01 +1.3358e+00 -9.3463e-01 +1.8242e+00 -1.3774e+00 +6.3142e-01 +2.0496e-03 +1.9087e+00 +4.0148e-01 -1.9240e+00
312 0 +3.873910859e+03 +3.873910859e+03 +3.880650859e+03 +3.880650859e+03 -6.3656e-01 +1.5029e+00 -1.2986e+00 +2.6604e+00 -1.4417e+00 +4.2917e-01 +1.5747e-03 +2.0310e+00 +2.1033e-01 -3.3940e+00
342 0 +3.741235308e+03 +3.741235308e+03 +3.747975308e+03 +3.747975308e+03 +4.4440e-01 +1.2585e+00 -1.6866e+00 +1.6314e+00 -1.5308e+00 +5.8090e-01 +2.3633e-03 +1.7034e+00 +2.3774e-01 -3.5022e+00
369 0 +3.664034904e+03 +3.664034904e+03 +3.670774904e+03 +3.670774904e+03 +6.8622e-01 +1.4451e+00 -1.3725e+00 +1.4771e+00 -1.5524e+00 +5.3661e-01 +1.8006e-03 +1.6294e+00 +1.5211e-01 -3.0824e+00
390 0 +3.546757222e+03 +3.546757222e+03 +3.553497222e+03 +3.553497222e+03 +4.3377e-01 +9.8535e-01 -1.2504e+00 +1.7357e+00 -1.5706e+00 +5.5388e-01 +8.6237e-04 +1.8084e+00 +1.8295e-01 -3.4427e+00
395 0 +3.308629080e+03 +3.308629080e+03 +3.315369080e+03 +3.315369080e+03 +4.6047e-01 +1.0838e+00 -1.2891e+00 +2.0027e+00 -1.6310e+00 +4.8036e-01 -3.4810e-05 +1.8762e+00 +1.8019e-01 -3.3667e+00
410 0 +3.198507805e+03 +3.198507805e+03 +3.205247805e+03 +3.205247805e+03 +5.7290e-01 +9.1177e-01 -1.2900e+00 +2.3737e+00 -1.6323e+00 +4.9304e-01 -5.7414e-05 +1.8414e+00 +1.3931e-01 -3.4761e+00
414 0 +3.142415960e+03 +3.142415960e+03 +3.149155960e+03 +3.149155960e+03 +3.8702e-01 +8.9603e-01 -7.5415e-01 +2.1717e+00 -1.6729e+00 +6.6824e-01 -6.5946e-04 +1.7456e+00 +1.8276e-01 -3.4996e+00
424 0 +3.085903363e+03 +3.085903363e+03 +3.092643363e+03 +3.092643363e+03 +3.1240e-01 +8.2272e-01 -1.4561e+00 +2.6069e+00 -1.6884e+00 +7.3560e-01 -5.2886e-04 +1.7140e+00 +1.6888e-01 -3.5035e+00
453 0 +2.914304436e+03 +2.914304436e+03 +2.921044436e+03 +2.921044436e+03 +7.3609e-01 +1.1093e+00 -6.2497e-01 +2.7088e+00 -1.7790e+00 +7.1111e-01 -2.8111e-04 +2.0046e+00 +2.0813e-01 -3.3898e+00
470 0 +2.799627898e+03 +2.799627898e+03 +2.806367898e+03 +2.806367898e+03 +6.5055e-01 +1.0616e+00 -1.9954e+00 +2.2967e+00 -1.7972e+00 +5.8976e-01 -6.9408e-04 +1.7910e+00 +2.7159e-01 -3.0363e+00
477 0 +2.753956752e+03 +2.753956752e+03 +2.760696752e+03 +2.760696752e+03 +7.8409e-01 +1.3888e+00 -1.8479e+00 +2.6063e+00 -1.8775e+00 +5.8255e-01 -8.9605e-04 +1.8979e+00 +2.4279e-01 -2.2723e+00
492 0 +2.647678250e+03 +2.647678250e+03 +2.654418250e+03 +2.654418250e+03 +7.3126e-01 +1.3269e+00 -1.2008e+00 +2.1755e+00 -1.8536e+00 +4.9322e-01 -1.1395e-03 +1.7950e+00 +2.8947e-01 -2.4625e+00
493 0 +2.606894954e+03 +2.606894954e+03 +2.613634954e+03 +2.613634954e+03 +8.3687e-01 +1.3168e+00 -1.2230e+00 +2.0541e+00 -1.8871e+00 +5.5765e-01 -1.3398e-03 +1.8164e+00 +3.4086e-01 -2.5501e+00
511 0 +2.555671868e+03 +2.555671868e+03 +2.562411868e+03 +2.562411868e+03 +8.3138e-01 +1.4455e+00 -1.2165e+00 +2.2948e+00 -1.8859e+00 +5.0512e-01 -1.5798e-03 +1.8431e+00 +3.6599e-01 -2.2722e+00
516 0 +2.495485149e+03 +2.495485149e+03 +2.502225149e+03 +2.502225149e+03 +9.6262e-01 +1.4552e+00 -9.1760e-01 +2.4279e+00 -1.8796e+00 +5.2077e-01 -1.5879e-03 +1.7226e+00 +3.2359e-01 -2.4888e+00
565 0 +2.444374357e+03 +2.444374357e+03 +2.451114357e+03 +2.451114357e+03 +1.0814e+00 +1.7052e+00 -9.9572e-01 +2.3794e+00 -1.9833e+00 +6.6622e-01 -2.7792e-03 +1.6202e+00 +3.4792e-01 -2.3582e+00
596 0 +2.392681215e+03 +2.392681215e+03 +2.399421215e+03 +2.399421215e+03 +1.0622e+00 +1.7197e+00 -6.0357e-01 +2.4465e+00 -1.9756e+00 +4.2525e-01 -2.5385e-03 +1.6600e+00 +3.1853e-01 -1.9379e+00
644 0 +2.340268542e+03 +2.340268542e+03 +2.347008542e+03 +2.347008542e+03 +9.7282e-01 +1.5393e+00 -7.8449e-01 +2.3245e+00 -2.0316e+00 +5.5162e-01 -1.7449e-03 +1.7419e+00 +2.4833e-01 -2.4605e+00
792 0 +2.269723425e+03 +2.269723425e+03 +2.276463425e+03 +2.276463425e+03 +1.1448e+00 +1.3972e+00 -8.1144e-01 +2.4794e+00 -2.0839e+00 +5.2566e-01 -1.6667e-03 +1.7511e+00 +3.7573e-01 -1.9486e+00
829 0 +2.237953121e+03 +2.237953121e+03 +2.244693121e+03 +2.244693121e+03 +1.0073e+00 +1.4718e+00 -6.6928e-01 +2.5412e+00 -2.1423e+00 +5.6278e-01 -1.7537e-03 +1.7368e+00 +3.6276e-01 -1.9093e+00
911 0 +2.186479241e+03 +2.186479241e+03 +2.193219241e+03 +2.193219241e+03 +1.1817e+00 +1.6684e+00 -6.1484e-01 +2.4873e+00 -2.1439e+00 +4.1447e-01 -1.9264e-03 +1.7733e+00 +3.8302e-01 -2.2745e+00
% f evaluations | g evaluations | best noise-free fitness - Fopt | noise-free fitness - Fopt (-1.897900000000e+02) | measured fitness | best measured fitness | x1 | x2...
1 0 +7.922827911e+03 +7.922827911e+03 +7.733037911e+03 +7.733037911e+03 +0.0000e+00 +0.0000e+00 +0.0000e+00 +0.0000e+00 +0.0000e+00 +0.0000e+00 +0.0000e+00 +0.0000e+00 +0.0000e+00 +0.0000e+00
3 0 +7.690432717e+03 +7.690432717e+03 +7.500642717e+03 +7.500642717e+03 +1.1520e-02 +5.3149e-01 -6.8365e-01 -6.4763e-01 +9.9101e-01 -2.8560e-01 -7.3137e-02 -2.1960e-01 +5.6445e-01 +3.4354e-01
12 0 +4.465941556e+03 +4.465941556e+03 +4.276151556e+03 +4.276151556e+03 +4.4110e-02 +6.2155e-01 +5.6644e-01 -9.9792e-01 +1.3566e+00 -2.6892e-01 -2.0414e-01 +1.9389e-01 -5.4249e-01 -2.2287e-01
19 0 +3.886817893e+03 +3.886817893e+03 +3.697027893e+03 +3.697027893e+03 +3.4437e-02 +2.7785e-01 +2.5430e+00 -1.9631e+00 +9.9909e-01 +2.0546e-01 +2.0851e-01 +1.9614e-01 -3.4569e-01 +5.2342e-01
27 0 +3.299227873e+03 +3.299227873e+03 +3.109437873e+03 +3.109437873e+03 -4.6896e-02 +5.0766e-01 +1.8706e+00 -2.4566e-01 +7.7632e-01 +2.1062e-01 +3.9865e-01 +6.1390e-01 +1.5553e-03 +2.4740e-02
32 0 +3.129515726e+03 +3.129515726e+03 +2.939725726e+03 +2.939725726e+03 -3.3781e-01 +5.5435e-01 +1.0230e+00 -2.1208e+00 +2.2533e-01 +5.3269e-01 -8.9016e-02 +7.5012e-01 -9.8145e-01 +1.1786e-01
36 0 +2.715381278e+03 +2.715381278e+03 +2.525591278e+03 +2.525591278e+03 +7.7930e-02 +5.0177e-01 +2.6904e+00 -1.5585e+00 +1.3836e+00 +2.8371e-01 -3.9429e-02 +6.1438e-01 +7.1009e-02 -1.9435e-02
42 0 +2.342796809e+03 +2.342796809e+03 +2.153006809e+03 +2.153006809e+03 -5.8305e-01 +5.8117e-01 +2.3573e+00 -9.6210e-01 +1.2762e+00 +6.5883e-03 -2.3848e-01 +3.1256e-01 -1.9546e-01 -1.6924e-01
47 0 +1.438978309e+03 +1.438978309e+03 +1.249188309e+03 +1.249188309e+03 -5.3668e-01 +1.4377e-01 +2.0682e+00 -2.5291e+00 +1.0506e+00 +5.0817e-01 -5.2325e-02 +1.0244e+00 -9.7012e-02 -4.8846e-02
59 0 +1.374922162e+03 +1.374922162e+03 +1.185132162e+03 +1.185132162e+03 -1.3508e+00 +1.6691e-01 +2.0776e+00 -2.6431e+00 +1.7257e+00 -1.5505e-01 -3.7754e-01 +5.5425e-01 +1.4352e+00 +2.0423e-01
68 0 +7.544480396e+02 +7.544480396e+02 +5.646580396e+02 +5.646580396e+02 -1.6306e+00 +9.7726e-01 +7.8466e-01 -1.7064e+00 +1.7872e+00 -1.0222e-01 -5.8416e-02 +7.1967e-01 +1.5606e+00 +1.1328e-01
77 0 +6.078322393e+02 +6.078322393e+02 +4.180422393e+02 +4.180422393e+02 -1.5208e+00 +8.2939e-01 +2.0381e+00 -1.3901e+00 +1.7891e+00 -9.6433e-02 -1.1425e-01 +8.8622e-01 +1.6647e+00 +4.1805e-01
85 0 +5.081670345e+02 +5.081670345e+02 +3.183770345e+02 +3.183770345e+02 -1.4348e+00 +7.9487e-01 +1.9337e+00 -1.8910e+00 +1.5978e+00 +1.8759e-01 +7.4067e-01 +1.8259e+00 +1.1640e+00 +6.0146e-01
221 0 +4.947375169e+02 +4.947375169e+02 +3.049475169e+02 +3.049475169e+02 -1.2463e+00 +9.2607e-01 +2.5125e+00 -9.8693e-01 +2.2945e+00 +7.5362e-01 +1.2848e+00 +1.0774e+00 +2.7789e+00 +9.3254e-01
781 0 +2.534271231e+02 +2.534271231e+02 +6.363712308e+01 +6.363712308e+01 -8.0768e-01 +1.5301e+00 +2.3622e+00 -1.1238e+00 +1.3484e+00 -5.0777e-01 +7.5862e-01 +1.4784e+00 +2.0639e+00 -5.8583e-01
818 0 +1.796633121e+02 +1.796633121e+02 -1.012668788e+01 -1.012668788e+01 -1.6331e+00 +1.1794e+00 +2.0179e+00 -1.5333e+00 +1.0672e+00 -4.8378e-01 +8.6001e-01 +1.3741e+00 +1.2487e+00 -6.4475e-01
853 0 +1.696529215e+02 +1.696529215e+02 -2.013707849e+01 -2.013707849e+01 -1.4790e+00 +9.2517e-01 +1.4357e+00 -1.5498e+00 +1.6335e+00 -3.5242e-01 +6.0095e-01 +1.4444e+00 +1.6939e+00 -7.7105e-01
860 0 +1.646436246e+02 +1.646436246e+02 -2.514637541e+01 -2.514637541e+01 -1.6218e+00 +1.0504e+00 +1.5521e+00 -2.1009e+00 +1.2760e+00 -4.2255e-01 +3.4858e-01 +1.2862e+00 +1.9460e+00 -7.0758e-01
888 0 +1.529665315e+02 +1.529665315e+02 -3.682346850e+01 -3.682346850e+01 -1.6357e+00 +8.9938e-01 +1.5412e+00 -1.5639e+00 +1.6046e+00 -1.6215e-01 +5.2001e-01 +1.0126e+00 +1.8060e+00 -8.8081e-01
908 0 +1.377255968e+02 +1.377255968e+02 -5.206440322e+01 -5.206440322e+01 -1.3515e+00 +1.0878e+00 +1.7820e+00 -1.9662e+00 +1.4439e+00 -1.0880e-01 +3.5110e-01 +1.0358e+00 +1.9283e+00 -1.0999e+00
913 0 +1.243211902e+02 +1.243211902e+02 -6.546880976e+01 -6.546880976e+01 -1.5794e+00 +1.3263e+00 +1.0795e+00 -1.7858e+00 +1.3765e+00 -1.7040e-02 +6.6935e-01 +1.1032e+00 +1.6777e+00 -9.6317e-01
917 0 +1.083426971e+02 +1.083426971e+02 -8.144730290e+01 -8.144730290e+01 -1.6015e+00 +1.0015e+00 +1.5887e+00 -1.7565e+00 +1.4539e+00 +1.2466e-03 +4.7645e-01 +1.0303e+00 +1.8254e+00 -7.7135e-01
918 0 +7.573229488e+01 +7.573229488e+01 -1.140577051e+02 -1.140577051e+02 -1.5000e+00 +1.3498e+00 +1.2988e+00 -1.4958e+00 +1.2018e+00 -1.1578e-01 +5.5265e-01 +1.2775e+00 +1.5312e+00 -1.0819e+00
934 0 +6.067294918e+01 +6.067294918e+01 -1.291170508e+02 -1.291170508e+02 -1.4755e+00 +1.3397e+00 +1.5484e+00 -1.6407e+00 +1.0253e+00 -1.1171e-01 +4.1828e-01 +1.4266e+00 +1.4376e+00 -1.1198e+00
944 0 +4.764104443e+01 +4.764104443e+01 -1.421489556e+02 -1.421489556e+02 -1.5208e+00 +1.4096e+00 +1.6198e+00 -1.8213e+00 +9.8471e-01 -6.5985e-02 +4.1200e-01 +1.5331e+00 +1.2538e+00 -1.1527e+00
% f evaluations | g evaluations | best noise-free fitness - Fopt | noise-free fitness - Fopt (-2.774000000000e+01) | measured fitness | best measured fitness | x1 | x2...
1 0 +2.963792506e+04 +2.963792506e+04 +2.961018506e+04 +2.961018506e+04 +0.0000e+00 +0.0000e+00 +0.0000e+00 +0.0000e+00 +0.0000e+00 +0.0000e+00 +0.0000e+00 +0.0000e+00 +0.0000e+00 +0.0000e+00
2 0 +1.045294898e+04 +1.045294898e+04 +1.042520898e+04 +1.042520898e+04 +7.0693e-01 -1.8430e+00 -1.0139e+00 +4.8132e-02 +7.8046e-02 +8.2728e-01 -2.2761e+00 -5.6983e-02 -5.8966e-01 -4.3753e-02
183 0 +9.985821835e+03 +9.985821835e+03 +9.958081835e+03 +9.958081835e+03 +8.7372e-01 -2.4980e+00 -1.9319e+00 -7.3846e-01 +6.0164e-01 +8.6786e-01 -5.3201e-01 +1.2327e+00 -8.3372e-01 +1.0724e-01
189 0 +9.450769907e+03 +9.450769907e+03 +9.423029907e+03 +9.423029907e+03 +9.1820e-01 -3.1993e+00 -1.9357e+00 -6.6778e-01 +1.0990e+00 +2.5016e-01 -1.4079e+00 +1.1444e+00 -8.3155e-01 +6.3203e-02
190 0 +8.450647369e+03 +8.450647369e+03 +8.422907369e+03 +8.422907369e+03 +1.1316e+00 -2.2630e+00 -1.3917e+00 -5.4657e-01 -2.7036e-01 -2.9140e-01 -1.0616e+00 +1.0898e+00 -8.7626e-01 +7.1486e-02
309 0 +3.196471863e+03 +3.196471863e+03 +3.168731863e+03 +3.168731863e+03 -1.2850e-01 -1.3386e+00 -2.2789e+00 -4.3428e-01 -6.4078e-01 -1.1224e+00 -2.1009e+00 -1.7285e-01 -4.1682e+00 -1.9313e-01
407 0 +2.759985224e+03 +2.759985224e+03 +2.732245224e+03 +2.732245224e+03 +1.1244e+00 -1.9427e+00 -1.2402e+00 +3.7883e-02 -1.9650e+00 -2.7986e-01 -2.3880e+00 +1.2279e-01 -2.6059e+00 -1.2165e-01
526 0 +1.430761627e+03 +1.430761627e+03 +1.403021627e+03 +1.403021627e+03 +1.4743e+00 -3.1123e+00 -3.2558e+00 -1.8862e-01 -2.5709e-02 -1.1912e+00 -1.7911e+00 -5.1981e-01 -3.0961e+00 -3.2693e-02
532 0 +1.360865131e+03 +1.360865131e+03 +1.333125131e+03 +1.333125131e+03 +1.3795e-02 -4.0421e+00 -3.2914e+00 -6.1098e-01 -7.8438e-02 -1.7570e+00 -1.7541e+00 -6.7200e-02 -2.7690e+00 -1.0176e-01
546 0 +8.522438441e+02 +8.522438441e+02 +8.245038441e+02 +8.245038441e+02 -4.2957e-01 -3.4387e+00 -2.0782e+00 -4.8600e-01 +3.1444e-01 -1.6765e+00 -1.3736e-02 -1.5738e-01 -2.5690e+00 -2.8052e-01
584 0 +5.015705591e+02 +5.015705591e+02 +4.738305591e+02 +4.738305591e+02 -7.1108e-02 -2.9255e+00 -3.0865e+00 -4.9923e-01 -9.2161e-01 -7.9997e-01 +3.9856e-01 -3.8516e-01 -2.5769e+00 -1.5739e-01
604 0 +4.464397442e+02 +4.464397442e+02 +4.186997442e+02 +4.186997442e+02 +2.4504e-01 -2.9656e+00 -2.2096e+00 -3.1509e-01 -1.4231e-01 +4.3165e-01 +1.9790e-01 -3.7922e-01 -2.5172e+00 -1.4338e-01
607 0 +4.325165518e+02 +4.325165518e+02 +4.047765518e+02 +4.047765518e+02 -3.7371e-01 -3.2938e+00 -2.7909e+00 -6.8433e-01 -2.3126e-01 -4.7869e-01 +2.1104e-01 -2.1890e-01 -2.5725e+00 -1.6145e-01
609 0 +3.902237551e+02 +3.902237551e+02 +3.624837551e+02 +3.624837551e+02 -2.0137e-01 -3.1580e+00 -1.6965e+00 -3.5773e-01 +3.3026e-01 -4.3713e-01 +4.6129e-01 -3.7914e-01 -2.6905e+00 -1.2311e-01
613 0 +3.110275869e+02 +3.110275869e+02 +2.832875869e+02 +2.832875869e+02 -5.6013e-01 -3.2470e+00 -2.8172e+00 -5.0853e-01 -1.4140e-01 +4.8998e-02 +1.7522e-01 -3.4837e-01 -2.8040e+00 -1.5470e-01
% f evaluations | g evaluations | best noise-free fitness - Fopt | noise-free fitness - Fopt (6.930000000000e+00) | measured fitness | best measured fitness | x1 | x2...
1 0 +2.725965181e+04 +2.725965181e+04 +2.726658181e+04 +2.726658181e+04 +0.0000e+00 +0.0000e+00 +0.0000e+00 +0.0000e+00 +0.0000e+00 +0.0000e+00 +0.0000e+00 +0.0000e+00 +0.0000e+00 +0.0000e+00
6 0 +2.291764513e+04 +2.291764513e+04 +2.292457513e+04 +2.292457513e+04 +7.6083e-01 -1.0403e-01 -1.3261e+00 +1.9913e-01 -5.5141e-01 +3.0952e-01 -4.4821e-01 -4.1948e-01 -7.1374e-01 -2.6001e-03
7 0 +7.675443680e+03 +7.675443680e+03 +7.682373680e+03 +7.682373680e+03 -1.2710e+00 -9.4348e-01 -1.2199e+00 -1.6672e-01 +7.0211e-01 +1.3399e-01 -1.9073e+00 +1.9615e+00 +1.6652e-01 +2.0748e-02
11 0 +6.243686415e+03 +6.243686415e+03 +6.250616415e+03 +6.250616415e+03 -6.1911e-01 -6.2033e-01 -5.0423e-01 -5.8533e-03 +1.6693e-01 +4.8032e-01 -1.6394e+00 -6.7669e-01 -2.1020e+00 +1.8687e-02
19 0 +5.226556152e+03 +5.226556152e+03 +5.233486152e+03 +5.233486152e+03 -1.7360e+00 -1.4640e+00 -1.3311e+00 -5.2832e-01 +1.2472e+00 +7.0801e-01 -3.3721e+00 +1.3505e+00 -1.4232e-01 -1.4061e-03
37 0 +4.910531879e+03 +4.910531879e+03 +4.917461879e+03 +4.917461879e+03 +5.3700e-01 -3.2388e-01 +7.5783e-02 -7.4627e-01 +1.4828e+00 -2.6824e-01 -3.1416e+00 +4.0096e-01 -5.6716e-01 +6.5552e-02
44 0 +3.379520316e+03 +3.379520316e+03 +3.386450316e+03 +3.386450316e+03 -8.9241e-01 +3.7099e-01 -2.4227e-01 -3.5589e-01 +4.7563e-01 -8.9046e-01 -1.8521e+00 -3.0098e-01 -1.5112e+00 +6.5399e-02
71 0 +2.958660682e+03 +2.958660682e+03 +2.965590682e+03 +2.965590682e+03 -1.4847e+00 +1.7877e-01 -1.2491e+00 -3.6359e-01 +8.5544e-01 +3.8973e-01 -1.9661e+00 +1.0765e+00 -2.6327e+00 -6.1198e-02
73 0 +2.473450244e+03 +2.473450244e+03 +2.480380244e+03 +2.480380244e+03 -5.3609e-01 +2.3085e-02 -5.3121e-01 -2.8109e-01 +6.1678e-01 +6.4725e-01 -2.2781e+00 +4.7116e-01 -2.8028e+00 -3.3392e-02
77 0 +2.320125312e+03 +2.320125312e+03 +2.327055312e+03 +2.327055312e+03 -1.4087e+00 +6.6182e-01 -8.2413e-01 -2.9662e-01 +1.0753e+00 +6.5944e-01 -2.1619e+00 +7.5443e-01 -2.4120e+00 -5.8092e-02
83 0 +1.762759824e+03 +1.762759824e+03 +1.769689824e+03 +1.769689824e+03 -7.4050e-01 +1.7528e-02 -3.3904e-01 -4.5186e-01 +1.1766e+00 +5.9013e-01 -2.3158e+00 +1.5974e-01 -1.3766e+00 -1.2811e-02
120 0 +1.407787714e+03 +1.407787714e+03 +1.414717714e+03 +1.414717714e+03 -8.9192e-01 +7.5659e-02 -1.1839e+00 -5.3819e-01 +9.6633e-01 +8.8123e-01 -3.5482e+00 +7.8241e-01 -2.1990e+00 -1.1110e-02
124 0 +1.249327164e+03 +1.249327164e+03 +1.256257164e+03 +1.256257164e+03 -6.7423e-01 +9.7259e-02 -1.3132e+00 -5.4573e-01 +8.4682e-01 +1.2761e+00 -3.5422e+00 +5.8389e-01 -2.0444e+00 -3.9072e-02
126 0 +1.216188445e+03 +1.216188445e+03 +1.223118445e+03 +1.223118445e+03 -1.2448e+00 +1.3989e-01 -1.9394e+00 -6.8152e-01 +6.4698e-01 +9.9878e-01 -3.3780e+00 +9.5093e-01 -1.6090e+00 -1.3294e-02
127 0 +9.618317007e+02 +9.618317007e+02 +9.687617007e+02 +9.687617007e+02 -1.9958e+00 +7.9909e-02 -7.1828e-01 -5.4186e-01 +9.6233e-01 +9.1382e-01 -3.7868e+00 +2.3766e-01 -2.0047e+00 +1.6725e-02
175 0 +9.198514275e+02 +9.198514275e+02 +9.267814275e+02 +9.267814275e+02 -1.3705e+00 +4.5402e-01 -3.1199e+00 -5.8369e-01 +1.0021e+00 +8.5220e-01 -3.8918e+00 -1.9178e-01 -1.5766e+00 -4.3717e-03
177 0 +8.864760960e+02 +8.864760960e+02 +8.934060960e+02 +8.934060960e+02 -5.8949e-01 +5.7554e-01 -2.3985e+00 -7.2303e-01 +1.1059e+00 +8.2026e-01 -4.5676e+00 +5.3209e-01 -2.1414e+00 +6.1013e-03
184 0 +8.672140344e+02 +8.672140344e+02 +8.741440344e+02 +8.741440344e+02 -1.0012e+00 +6.5965e-01 -2.5290e+00 -6.4255e-01 +9.0462e-01 +6.7606e-01 -4.6212e+00 +4.6194e-02 -1.9983e+00 -6.2082e-03
192 0 +7.708471744e+02 +7.708471744e+02 +7.777771744e+02 +7.777771744e+02 -1.0711e+00 +4.1404e-01 -2.9971e+00 -6.5625e-01 +8.2789e-01 +7.3934e-01 -4.3187e+00 -2.5540e-02 -2.0897e+00 +2.4499e-03
211 0 +7.134204352e+02 +7.134204352e+02 +7.203504352e+02 +7.203504352e+02 -1.7107e+00 +1.1189e-01 -2.8972e+00 -7.8714e-01 +8.9917e-01 +5.3007e-01 -4.4112e+00 -3.0696e-01 -2.1509e+00 -1.5960e-02
532 0 +6.841376287e+02 +6.841376287e+02 +6.910676287e+02 +6.910676287e+02 -2.6069e+00 +1.8995e+00 -8.7704e-01 -3.0340e+00 +4.9767e-01 -7.7837e-03 -4.6346e+00 -3.3603e-01 -1.9389e+00 +4.9871e-02
546 0 +6.528777003e+02 +6.528777003e+02 +6.598077003e+02 +6.598077003e+02 -2.7826e+00 +1.9405e+00 -8.6941e-01 -3.0376e+00 +4.1830e-01 +1.4403e-03 -4.5491e+00 -3.1822e-01 -2.0526e+00 +5.2867e-02
565 0 +6.407762989e+02 +6.407762989e+02 +6.477062989e+02 +6.477062989e+02 -2.5980e+00 +1.9668e+00 -8.8855e-01 -2.9981e+00 +4.8594e-01 -1.8960e-02 -4.4742e+00 -2.8350e-01 -2.1284e+00 +5.4558e-02
568 0 +6.101857859e+02 +6.101857859e+02 +6.171157859e+02 +6.171157859e+02 -2.5911e+00 +1.9811e+00 -8.7521e-01 -3.0267e+00 +4.5555e-01 +2.9737e-02 -4.4477e+00 -1.9727e-01 -2.0368e+00 +5.1191e-02
597 0 +6.003628519e+02 +6.003628519e+02 +6.072928519e+02 +6.072928519e+02 -2.6222e+00 +1.9855e+00 -8.1706e-01 -3.0195e+00 +3.7962e-01 +3.7491e-02 -4.4455e+00 -2.2958e-01 -2.1247e+00 +5.2223e-02
616 0 +5.748025692e+02 +5.748025692e+02 +5.817325692e+02 +5.817325692e+02 -2.4637e+00 +1.9792e+00 -9.1698e-01 -3.0259e+00 +3.7038e-01 +5.5388e-02 -4.4217e+00 -2.5232e-01 -2.1517e+00 +5.3928e-02
631 0 +5.576078418e+02 +5.576078418e+02 +5.645378418e+02 +5.645378418e+02 -2.5918e+00 +1.9676e+00 -8.8162e-01 -3.0189e+00 +3.6881e-01 +7.1260e-02 -4.4581e+00 -2.1628e-01 -2.1905e+00 +5.2368e-02
654 0 +5.313902809e+02 +5.313902809e+02 +5.383202809e+02 +5.383202809e+02 -2.5955e+00 +1.9274e+00 -9.9971e-01 -3.0113e+00 +3.9797e-01 +5.7510e-02 -4.4807e+00 -1.8489e-01 -2.2138e+00 +5.0355e-02
668 0 +5.130788777e+02 +5.130788777e+02 +5.200088777e+02 +5.200088777e+02 -2.6996e+00 +1.9143e+00 -9.7328e-01 -3.0251e+00 +3.6151e-01 +5.6572e-02 -4.4362e+00 -2.2328e-01 -2.1975e+00 +5.1342e-02
674 0 +5.108865735e+02 +5.108865735e+02 +5.178165735e+02 +5.178165735e+02 -2.5515e+00 +1.9252e+00 -1.0517e+00 -3.0160e+00 +4.1702e-01 +3.7307e-02 -4.3520e+00 -2.3648e-01 -2.1952e+00 +4.9812e-02
677 0 +4.874586751e+02 +4.874586751e+02 +4.943886751e+02 +4.943886751e+02 -2.6279e+00 +1.8994e+00 -9.5430e-01 -3.0081e+00 +4.0379e-01 +6.6504e-02 -4.3897e+00 -1.4317e-01 -2.1654e+00 +4.9978e-02
683 0 +4.656148654e+02 +4.656148654e+02 +4.725448654e+02 +4.725448654e+02 -2.5668e+00 +1.8679e+00 -1.0351e+00 -3.0105e+00 +4.2728e-01 +6.5015e-02 -4.3809e+00 -1.8264e-01 -2.1541e+00 +4.7532e-02
704 0 +4.568391566e+02 +4.568391566e+02 +4.637691566e+02 +4.637691566e+02 -2.5795e+00 +1.8596e+00 -1.0125e+00 -2.9899e+00 +3.8964e-01 +4.8182e-02 -4.3629e+00 -2.6236e-01 -2.2569e+00 +5.0822e-02
713 0 +4.422229930e+02 +4.422229930e+02 +4.491529930e+02 +4.491529930e+02 -2.5770e+00 +1.8464e+00 -1.0565e+00 -2.9893e+00 +3.7798e-01 +4.7509e-02 -4.3552e+00 -2.6879e-01 -2.2588e+00 +4.9897e-02
725 0 +4.364800054e+02 +4.364800054e+02 +4.434100054e+02 +4.434100054e+02 -2.5958e+00 +1.8372e+00 -9.8636e-01 -2.9908e+00 +3.8965e-01 +6.2752e-02 -4.3461e+00 -2.6438e-01 -2.2511e+00 +5.1231e-02
732 0 +4.215443727e+02 +4.215443727e+02 +4.284743727e+02 +4.284743727e+02 -2.5092e+00 +1.8143e+00 -1.0425e+00 -2.9780e+00 +3.6855e-01 +5.0323e-02 -4.3541e+00 -2.7565e-01 -2.2418e+00 +5.0935e-02
742 0 +4.115863322e+02 +4.115863322e+02 +4.185163322e+02 +4.185163322e+02 -2.5301e+00 +1.8187e+00 -1.0538e+00 -2.9784e+00 +3.5835e-01 +5.1866e-02 -4.3268e+00 -2.5391e-01 -2.2070e+00 +4.8911e-02
748 0 +4.022958378e+02 +4.022958378e+02 +4.092258378e+02 +4.092258378e+02 -2.5552e+00 +1.8047e+00 -1.0133e+00 -2.9837e+00 +3.3784e-01 +6.2175e-02 -4.3356e+00 -2.6570e-01 -2.2307e+00 +4.9911e-02
752 0 +3.870821195e+02 +3.870821195e+02 +3.940121195e+02 +3.940121195e+02 -2.5744e+00 +1.7945e+00 -1.0605e+00 -2.9851e+00 +3.1562e-01 +6.5323e-02 -4.3296e+00 -2.6462e-01 -2.2524e+00 +4.9090e-02
762 0 +3.768937829e+02 +3.768937829e+02 +3.838237829e+02 +3.838237829e+02 -2.5402e+00 +1.7919e+00 -1.0051e+00 -2.9879e+00 +3.1809e-01 +8.4415e-02 -4.2845e+00 -3.5368e-01 -2.2899e+00 +4.8450e-02
767 0 +3.715246843e+02 +3.715246843e+02 +3.784546843e+02 +3.784546843e+02 -2.5468e+00 +1.7674e+00 -1.1090e+00 -2.9866e+00 +3.0121e-01 +7.0364e-02 -4.3380e+00 -3.0003e-01 -2.3038e+00 +4.7432e-02
785 0 +3.501188772e+02 +3.501188772e+02 +3.570488772e+02 +3.570488772e+02 -2.7734e+00 +1.7689e+00 -1.1124e+00 -2.9873e+00 +3.6207e-01 +9.1100e-02 -4.0432e+00 -3.2984e-01 -2.2277e+00 +4.2007e-02
790 0 +3.456004115e+02 +3.456004115e+02 +3.525304115e+02 +3.525304115e+02 -2.4626e+00 +1.7544e+00 -1.1124e+00 -2.9690e+00 +3.1292e-01 +6.8787e-02 -4.2470e+00 -3.2356e-01 -2.1583e+00 +4.6112e-02
792 0 +3.344195584e+02 +3.344195584e+02 +3.413495584e+02 +3.413495584e+02 -2.5827e+00 +1.7256e+00 -1.0052e+00 -2.9794e+00 +3.1229e-01 +6.9515e-02 -4.1647e+00 -4.4452e-01 -2.0473e+00 +4.7558e-02
793 0 +2.995612514e+02 +2.995612514e+02 +3.064912514e+02 +3.064912514e+02 -2.6147e+00 +1.7623e+00 -1.0871e+00 -2.9545e+00 +3.1043e-01 +1.3947e-01 -4.1174e+00 -2.5818e-01 -2.2349e+00 +4.4517e-02
800 0 +2.928246781e+02 +2.928246781e+02 +2.997546781e+02 +2.997546781e+02 -2.4112e+00 +1.6579e+00 -1.1319e+00 -2.9844e+00 +3.1503e-01 +1.0021e-01 -4.2071e+00 -3.4663e-01 -2.0658e+00 +4.0461e-02
804 0 +2.661247823e+02 +2.661247823e+02 +2.730547823e+02 +2.730547823e+02 -2.4447e+00 +1.6436e+00 -1.0430e+00 -2.9620e+00 +2.9721e-01 +1.4322e-01 -4.1718e+00 -2.5625e-01 -2.1527e+00 +3.9956e-02
805 0 +2.603181944e+02 +2.603181944e+02 +2.672481944e+02 +2.672481944e+02 -2.3854e+00 +1.6288e+00 -1.1753e+00 -2.9878e+00 +2.5754e-01 +1.0067e-01 -4.1371e+00 -3.7288e-01 -2.1827e+00 +3.9646e-02
823 0 +2.443062320e+02 +2.443062320e+02 +2.512362320e+02 +2.512362320e+02 -2.3035e+00 +1.6355e+00 -1.0625e+00 -2.9664e+00 +2.6289e-01 +1.7779e-01 -4.0508e+00 -1.9017e-01 -2.2042e+00 +3.8679e-02
843 0 +2.359469386e+02 +2.359469386e+02 +2.428769386e+02 +2.428769386e+02 -2.4576e+00 +1.6707e+00 -1.1915e+00 -2.9823e+00 +2.5001e-01 +1.5402e-01 -4.0278e+00 -3.8055e-01 -2.1830e+00 +3.8603e-02
844 0 +2.333917015e+02 +2.333917015e+02 +2.403217015e+02 +2.403217015e+02 -2.3754e+00 +1.6230e+00 -1.3360e+00 -2.9857e+00 +2.7017e-01 +1.6336e-01 -4.0591e+00 -2.3444e-01 -2.3031e+00 +3.7609e-02
855 0 +2.253787187e+02 +2.253787187e+02 +2.323087187e+02 +2.323087187e+02 -2.4775e+00 +1.6695e+00 -1.1312e+00 -2.9765e+00 +2.3897e-01 +1.8589e-01 -3.9935e+00 -3.2677e-01 -2.3111e+00 +4.0136e-02
856 0 +2.068103077e+02 +2.068103077e+02 +2.137403077e+02 +2.137403077e+02 -2.4470e+00 +1.6129e+00 -1.2088e+00 -2.9869e+00 +2.0015e-01 +1.6155e-01 -3.9924e+00 -2.7509e-01 -2.1889e+00 +4.3800e-02
866 0 +1.973782800e+02 +1.973782800e+02 +2.043082800e+02 +2.043082800e+02 -2.4661e+00 +1.6027e+00 -1.3148e+00 -2.9661e+00 +1.6134e-01 +1.4021e-01 -3.9458e+00 -4.0125e-01 -2.1377e+00 +3.4600e-02
869 0 +1.835370969e+02 +1.835370969e+02 +1.904670969e+02 +1.904670969e+02 -2.5452e+00 +1.6127e+00 -1.1778e+00 -2.9791e+00 +1.3139e-01 +2.3759e-01 -3.9681e+00 -3.2827e-01 -2.1486e+00 +3.8547e-02
872 0 +1.777296381e+02 +1.777296381e+02 +1.846596381e+02 +1.846596381e+02 -2.4740e+00 +1.5889e+00 -1.1553e+00 -2.9640e+00 +1.3775e-01 +1.9228e-01 -3.8843e+00 -3.2365e-01 -2.0883e+00 +3.3886e-02
873 0 +1.725076758e+02 +1.725076758e+02 +1.794376758e+02 +1.794376758e+02 -2.4970e+00 +1.5987e+00 -1.2885e+00 -2.9490e+00 +1.8684e-01 +2.2355e-01 -3.9009e+00 -3.1043e-01 -2.1060e+00 +3.5444e-02
885 0 +1.610698059e+02 +1.610698059e+02 +1.679998059e+02 +1.679998059e+02 -2.4395e+00 +1.5488e+00 -1.2793e+00 -2.9400e+00 +1.6799e-01 +2.0530e-01 -3.9351e+00 -3.4208e-01 -2.1581e+00 +3.5804e-02
887 0 +1.555757508e+02 +1.555757508e+02 +1.625057508e+02 +1.625057508e+02 -2.4542e+00 +1.5393e+00 -1.1984e+00 -2.9389e+00 +1.9151e-01 +2.0606e-01 -3.8341e+00 -5.0061e-01 -2.1177e+00 +3.6342e-02
892 0 +1.523926198e+02 +1.523926198e+02 +1.593226198e+02 +1.593226198e+02 -2.3232e+00 +1.5043e+00 -1.2265e+00 -2.9437e+00 +1.4227e-01 +1.9551e-01 -3.8733e+00 -4.8283e-01 -2.1178e+00 +3.4524e-02
900 0 +1.336752346e+02 +1.336752346e+02 +1.406052346e+02 +1.406052346e+02 -2.3930e+00 +1.5008e+00 -1.3918e+00 -2.9428e+00 +1.9992e-01 +2.5769e-01 -3.7867e+00 -4.0218e-01 -2.1641e+00 +3.2974e-02
903 0 +1.290870501e+02 +1.290870501e+02 +1.360170501e+02 +1.360170501e+02 -2.4130e+00 +1.4697e+00 -1.3641e+00 -2.9416e+00 +1.5957e-01 +2.3846e-01 -3.8334e+00 -4.4112e-01 -2.1238e+00 +3.5413e-02
913 0 +1.280123061e+02 +1.280123061e+02 +1.349423061e+02 +1.349423061e+02 -2.4373e+00 +1.4720e+00 -1.2122e+00 -2.9426e+00 +1.4154e-01 +2.6748e-01 -3.8267e+00 -4.2071e-01 -2.1268e+00 +3.2021e-02
915 0 +1.199337130e+02 +1.199337130e+02 +1.268637130e+02 +1.268637130e+02 -2.4117e+00 +1.4458e+00 -1.4185e+00 -2.9237e+00 +8.8662e-02 +2.4385e-01 -3.8321e+00 -4.8356e-01 -2.2710e+00 +3.5414e-02
923 0 +1.139099123e+02 +1.139099123e+02 +1.208399123e+02 +1.208399123e+02 -2.4436e+00 +1.4312e+00 -1.3116e+00 -2.9341e+00 +6.0239e-03 +2.8079e-01 -3.8413e+00 -3.6601e-01 -2.3069e+00 +4.1181e-02
932 0 +9.564413459e+01 +9.564413459e+01 +1.025741346e+02 +1.025741346e+02 -2.2993e+00 +1.3756e+00 -1.3239e+00 -2.9015e+00 -5.2366e-02 +2.4638e-01 -3.6575e+00 -3.9684e-01 -2.1747e+00 +3.5224e-02
947 0 +9.459949195e+01 +9.459949195e+01 +1.015294920e+02 +1.015294920e+02 -2.2967e+00 +1.3472e+00 -1.3214e+00 -2.8924e+00 -2.2132e-02 +2.4091e-01 -3.7373e+00 -4.9073e-01 -2.1708e+00 +3.7316e-02
949 0 +9.271277948e+01 +9.271277948e+01 +9.964277948e+01 +9.964277948e+01 -2.2924e+00 +1.3261e+00 -1.4836e+00 -2.9070e+00 -1.5342e-02 +2.3132e-01 -3.6812e+00 -4.1853e-01 -2.1155e+00 +3.9518e-02
951 0 +9.025955593e+01 +9.025955593e+01 +9.718955593e+01 +9.718955593e+01 -2.2873e+00 +1.3444e+00 -1.4466e+00 -2.8982e+00 +1.4989e-02 +2.6324e-01 -3.7220e+00 -3.8274e-01 -2.1375e+00 +3.6085e-02
955 0 +8.655238480e+01 +8.655238480e+01 +9.348238480e+01 +9.348238480e+01 -2.3535e+00 +1.2959e+00 -1.5096e+00 -2.9071e+00 -6.4524e-03 +2.7812e-01 -3.7329e+00 -3.8638e-01 -2.0845e+00 +4.0033e-02
972 0 +8.463931322e+01 +8.463931322e+01 +9.156931322e+01 +9.156931322e+01 -2.3582e+00 +1.2892e+00 -1.4992e+00 -2.9053e+00 -1.4181e-02 +2.7767e-01 -3.7132e+00 -3.4702e-01 -2.1220e+00 +3.6036e-02
974 0 +8.280157149e+01 +8.280157149e+01 +8.973157149e+01 +8.973157149e+01 -2.3096e+00 +1.2698e+00 -1.4887e+00 -2.9023e+00 -1.4962e-02 +2.7355e-01 -3.7218e+00 -3.4691e-01 -2.0776e+00 +3.6703e-02
% f evaluations | g evaluations | best noise-free fitness - Fopt | noise-free fitness - Fopt (-4.456000000000e+01) | measured fitness | best measured fitness | x1 | x2...
1 0 +3.579033187e+04 +3.579033187e+04 +3.574577187e+04 +3.574577187e+04 +0.0000e+00 +0.0000e+00 +0.0000e+00 +0.0000e+00 +0.0000e+00 +0.0000e+00 +0.0000e+00 +0.0000e+00 +0.0000e+00 +0.0000e+00
3 0 +3.825016840e+03 +3.825016840e+03 +3.780456840e+03 +3.780456840e+03 +2.7576e-02 -7.0641e-01 +2.1318e+00 -3.2590e+00 +1.1973e-01 -6.1025e-02 +2.2453e-01 +1.5018e-01 -3.4306e+00 -8.6099e-03
15 0 +2.169534378e+03 +2.169534378e+03 +2.124974378e+03 +2.124974378e+03 -3.5341e-01 -1.4993e+00 +6.5009e-01 -1.5474e+00 +2.8419e-01 +6.2976e-01 +8.0731e-01 +9.6846e-01 -4.0310e+00 +4.5588e-01
29 0 +1.352077412e+03 +1.352077412e+03 +1.307517412e+03 +1.307517412e+03 -2.8378e-02 -2.0373e+00 +4.6169e-01 -1.6689e-01 -5.9569e-02 +3.1838e-01 +1.3049e+00 +5.4480e-01 -2.8373e+00 +7.5722e-01
172 0 +1.179842996e+03 +1.179842996e+03 +1.135282996e+03 +1.135282996e+03 +7.2306e-01 -2.6932e+00 +1.0092e+00 -9.2390e-01 -2.2446e-03 +1.0495e+00 -1.0004e-01 +1.2878e+00 -2.4521e+00 +2.6359e+00
280 0 +8.265862036e+02 +8.265862036e+02 +7.820262036e+02 +7.820262036e+02 -9.5052e-01 -1.6997e+00 +6.4190e-01 -1.4354e+00 -1.6205e-01 +3.1076e-02 +1.6780e-01 +6.7763e-01 -2.3916e+00 +4.0808e+00
% f evaluations | g evaluations | best noise-free fitness - Fopt | noise-free fitness - Fopt (1.000000000000e+03) | measured fitness | best measured fitness | x1 | x2...
1 0 +4.457197851e+04 +4.457197851e+04 +4.557197851e+04 +4.557197851e+04 +0.0000e+00 +0.0000e+00 +0.0000e+00 +0.0000e+00 +0.0000e+00 +0.0000e+00 +0.0000e+00 +0.0000e+00 +0.0000e+00 +0.0000e+00
3 0 +3.553438903e+04 +3.553438903e+04 +3.653438903e+04 +3.653438903e+04 -1.5103e-01 +4.4086e-02 +1.4180e-01 +3.1729e-01 -6.5716e-01 -4.3211e-01 -3.4549e-01 -4.7609e-01 -1.9739e-01 +3.7118e-02
23 0 +2.807085543e+04 +2.807085543e+04 +2.907085543e+04 +2.907085543e+04 -2.6659e-01 +1.0712e-01 -1.2520e+00 -2.9904e-01 -1.0798e+00 -2.4297e+00 -4.0899e-01 -3.7545e-01 -2.4243e-02 +9.8709e-02
25 0 +2.600919817e+04 +2.600919817e+04 +2.700919817e+04 +2.700919817e+04 -4.4660e-01 -5.1808e-02 +5.0129e-01 -2.6748e+00 -4.3537e-01 -2.0451e+00 +2.6641e-02 -5.8415e-01 -3.6108e-02 -1.7449e-01
39 0 +2.509390478e+04 +2.509390478e+04 +2.609390478e+04 +2.609390478e+04 -3.1220e-01 +1.4922e-01 +5.3831e-01 -2.5126e+00 -2.1208e+00 -2.1065e+00 -1.7701e-01 +1.2238e-01 +6.2649e-01 +2.3956e-02
40 0 +1.975066999e+04 +1.975066999e+04 +2.075066999e+04 +2.075066999e+04 -1.3993e-01 -4.6957e-01 +3.0080e+00 -3.7126e+00 -1.3048e+00 -2.4915e+00 -3.4851e-01 -1.9426e+00 -1.1533e-01 -6.1945e-02
47 0 +1.882637563e+04 +1.882637563e+04 +1.982637563e+04 +1.982637563e+04 -6.0557e-01 +6.7609e-02 +3.5994e-01 -3.4263e+00 -2.9250e+00 +1.0697e+00 +1.5709e-01 -5.2816e-01 -1.1517e-01 +3.2440e-02
91 0 +9.165303621e+03 +9.165303621e+03 +1.016530362e+04 +1.016530362e+04 -4.8827e-01 -6.5245e-02 +1.6127e+00 -4.7571e+00 -2.3039e+00 -2.9975e+00 +1.5557e+00 -3.9669e-01 -7.4167e-01 +5.6436e-01
109 0 +8.908945623e+03 +8.908945623e+03 +9.908945623e+03 +9.908945623e+03 -5.5825e-01 +6.2937e-01 +2.6603e+00 -2.6471e+00 -3.1594e+00 -3.9758e+00 +1.4777e+00 -3.1934e+00 -1.2580e+00 +7.2801e-01
110 0 +8.131633029e+03 +8.131633029e+03 +9.131633029e+03 +9.131633029e+03 -6.3560e-01 +6.3911e-01 +2.3366e+00 -2.3109e+00 -2.8167e+00 -2.5166e+00 +1.2710e+00 -9.1945e-01 -2.3680e-01 +6.8405e-01
129 0 +7.933390276e+03 +7.933390276e+03 +8.933390276e+03 +8.933390276e+03 -9.3993e-01 +7.1265e-01 +2.3562e+00 -2.4147e+00 -3.1195e+00 -2.7181e+00 +1.5342e+00 -3.2870e+00 -1.0662e+00 +6.1506e-01
136 0 +6.909645273e+03 +6.909645273e+03 +7.909645273e+03 +7.909645273e+03 -1.0566e+00 +6.9727e-01 +2.1683e+00 -2.3694e+00 -3.5809e+00 -4.0434e+00 +1.6821e+00 -1.8195e+00 -8.5368e-01 +6.1287e-01
142 0 +6.566444335e+03 +6.566444335e+03 +7.566444335e+03 +7.566444335e+03 -7.9401e-01 +5.4347e-01 +2.8864e+00 -3.3924e+00 -4.0402e+00 -3.3402e+00 +1.4721e+00 -2.2520e+00 -1.3787e+00 +8.0398e-01
143 0 +5.292191355e+03 +5.292191355e+03 +6.292191355e+03 +6.292191355e+03 -1.4136e+00 +8.7538e-01 +2.6096e+00 -2.9557e+00 -3.9645e+00 -3.4659e+00 +1.1216e+00 -1.6794e+00 -5.6226e-01 +7.8353e-01
155 0 +4.620166244e+03 +4.620166244e+03 +5.620166244e+03 +5.620166244e+03 -1.4770e+00 +8.7983e-01 +2.2191e+00 -4.5237e+00 -4.3608e+00 -2.7512e+00 +4.8996e-01 -1.9458e+00 -1.3941e+00 +8.7985e-01
221 0 +3.387966587e+03 +3.387966587e+03 +4.387966587e+03 +4.387966587e+03 -1.9106e+00 +2.0230e-01 +4.9047e-01 -3.4000e+00 -4.3391e+00 -1.4164e+00 +5.6682e-01 -3.3841e+00 -7.5109e-01 +1.4412e+00
233 0 +2.782279326e+03 +2.782279326e+03 +3.782279326e+03 +3.782279326e+03 -1.8573e+00 +1.9274e-01 +3.3330e-02 -3.6032e+00 -3.3245e+00 -1.2628e+00 -5.5542e-01 -4.2177e+00 -9.6588e-01 +1.6189e+00
340 0 +2.138685601e+03 +2.138685601e+03 +3.138685601e+03 +3.138685601e+03 -1.4415e+00 -2.9774e-01 +1.4374e+00 -2.9387e+00 -3.1681e+00 -2.5852e+00 -2.4381e+00 -2.0547e+00 -1.4799e+00 +1.9987e+00
343 0 +2.137283589e+03 +2.137283589e+03 +3.137283589e+03 +3.137283589e+03 -1.3789e+00 -4.9694e-01 +1.1342e+00 -3.6777e+00 -3.8332e+00 -2.5877e+00 -2.1089e+00 -2.4214e+00 -1.5375e+00 +2.0846e+00
352 0 +1.964860945e+03 +1.964860945e+03 +2.964860945e+03 +2.964860945e+03 -1.3648e+00 -2.5149e-01 +1.6210e+00 -3.1718e+00 -3.2387e+00 -1.6292e+00 -1.7052e+00 -2.3614e+00 -1.6154e+00 +2.0477e+00
354 0 +1.911929140e+03 +1.911929140e+03 +2.911929140e+03 +2.911929140e+03 -1.4446e+00 -2.7508e-01 +1.6301e+00 -3.9160e+00 -3.2285e+00 -2.1047e+00 -2.0751e+00 -2.2736e+00 -1.5799e+00 +2.0459e+00
355 0 +1.778608592e+03 +1.778608592e+03 +2.778608592e+03 +2.778608592e+03 -1.5550e+00 -3.1011e-01 +1.4646e+00 -3.2978e+00 -3.0553e+00 -1.8745e+00 -1.8351e+00 -2.3987e+00 -1.6300e+00 +2.0169e+00
356 0 +1.630769981e+03 +1.630769981e+03 +2.630769981e+03 +2.630769981e+03 -1.4879e+00 -4.7597e-01 +1.6557e+00 -3.6097e+00 -3.2359e+00 -2.3336e+00 -2.0158e+00 -1.8154e+00 -1.6520e+00 +1.9476e+00
363 0 +1.435455453e+03 +1.435455453e+03 +2.435455453e+03 +2.435455453e+03 -1.6766e+00 -3.6964e-01 +2.0711e+00 -3.9898e+00 -3.1307e+00 -2.1113e+00 -1.9893e+00 -1.7622e+00 -1.5986e+00 +1.9771e+00
367 0 +1.395617215e+03 +1.395617215e+03 +2.395617215e+03 +2.395617215e+03 -1.6175e+00 -3.6951e-01 +1.7342e+00 -3.1508e+00 -3.3967e+00 -2.4187e+00 -1.8650e+00 -1.6248e+00 -1.6427e+00 +2.0221e+00
370 0 +1.373483299e+03 +1.373483299e+03 +2.373483299e+03 +2.373483299e+03 -1.5959e+00 -5.5734e-01 +1.8287e+00 -3.4839e+00 -3.1736e+00 -2.0973e+00 -1.8974e+00 -1.5925e+00 -1.6290e+00 +1.9797e+00
373 0 +1.240460730e+03 +1.240460730e+03 +2.240460730e+03 +2.240460730e+03 -1.6104e+00 -4.9140e-01 +1.9512e+00 -3.0791e+00 -3.3805e+00 -2.1470e+00 -2.1500e+00 -1.7944e+00 -1.5466e+00 +1.9925e+00
382 0 +1.226883559e+03 +1.226883559e+03 +2.226883559e+03 +2.226883559e+03 -1.6433e+00 -5.1332e-01 +2.0598e+00 -3.0372e+00 -3.4346e+00 -2.1428e+00 -1.9904e+00 -1.5012e+00 -1.6118e+00 +1.9856e+00
386 0 +1.134455318e+03 +1.134455318e+03 +2.134455318e+03 +2.134455318e+03 -1.6145e+00 -4.4167e-01 +1.6578e+00 -3.2883e+00 -3.1984e+00 -1.8720e+00 -2.0373e+00 -1.4557e+00 -1.4854e+00 +1.9669e+00
389 0 +1.024736317e+03 +1.024736317e+03 +2.024736317e+03 +2.024736317e+03 -1.6773e+00 -5.3120e-01 +1.6705e+00 -3.3377e+00 -3.3862e+00 -2.4243e+00 -2.1033e+00 -1.8461e+00 -1.3963e+00 +1.9945e+00
393 0 +9.406495789e+02 +9.406495789e+02 +1.940649579e+03 +1.940649579e+03 -1.7572e+00 -4.9589e-01 +1.8837e+00 -3.1872e+00 -3.4632e+00 -1.9094e+00 -2.0178e+00 -1.9682e+00 -1.4380e+00 +1.9702e+00
403 0 +8.185865429e+02 +8.185865429e+02 +1.818586543e+03 +1.818586543e+03 -1.7152e+00 -4.9711e-01 +1.6218e+00 -3.6317e+00 -3.4655e+00 -1.9033e+00 -2.0531e+00 -1.5969e+00 -1.3576e+00 +1.9602e+00
412 0 +7.353106543e+02 +7.353106543e+02 +1.735310654e+03 +1.735310654e+03 -1.7524e+00 -4.5886e-01 +1.8173e+00 -3.4455e+00 -3.4568e+00 -1.9976e+00 -1.9819e+00 -1.7408e+00 -1.3272e+00 +1.9753e+00
430 0 +6.667860826e+02 +6.667860826e+02 +1.666786083e+03 +1.666786083e+03 -1.7542e+00 -5.1920e-01 +1.9581e+00 -3.5326e+00 -3.4974e+00 -2.1181e+00 -1.9690e+00 -1.6547e+00 -1.2827e+00 +1.9772e+00
435 0 +6.216407746e+02 +6.216407746e+02 +1.621640775e+03 +1.621640775e+03 -1.8061e+00 -5.1781e-01 +1.5559e+00 -3.6684e+00 -3.4574e+00 -2.2158e+00 -2.0350e+00 -1.5813e+00 -1.2514e+00 +1.9823e+00
441 0 +5.910946648e+02 +5.910946648e+02 +1.591094665e+03 +1.591094665e+03 -1.7850e+00 -4.8530e-01 +1.7609e+00 -3.3708e+00 -3.4702e+00 -2.1587e+00 -2.0461e+00 -1.6827e+00 -1.2234e+00 +1.9782e+00
444 0 +5.527737913e+02 +5.527737913e+02 +1.552773791e+03 +1.552773791e+03 -1.8302e+00 -5.0307e-01 +1.8517e+00 -3.4273e+00 -3.4716e+00 -2.3150e+00 -1.9663e+00 -1.7021e+00 -1.2131e+00 +1.9831e+00
465 0 +5.320697792e+02 +5.320697792e+02 +1.532069779e+03 +1.532069779e+03 -1.7950e+00 -4.8575e-01 +1.6902e+00 -3.6652e+00 -3.6460e+00 -2.1508e+00 -2.0270e+00 -1.6144e+00 -1.1774e+00 +1.9553e+00
470 0 +5.080504633e+02 +5.080504633e+02 +1.508050463e+03 +1.508050463e+03 -1.8332e+00 -4.9867e-01 +1.6107e+00 -3.5141e+00 -3.6501e+00 -2.0107e+00 -1.9746e+00 -1.4420e+00 -1.2020e+00 +1.9887e+00
482 0 +4.970696266e+02 +4.970696266e+02 +1.497069627e+03 +1.497069627e+03 -1.8362e+00 -5.2025e-01 +1.9461e+00 -3.4164e+00 -3.5533e+00 -1.8782e+00 -1.9226e+00 -1.3712e+00 -1.1919e+00 +1.9713e+00
503 0 +4.136899712e+02 +4.136899712e+02 +1.413689971e+03 +1.413689971e+03 -1.8148e+00 -5.1471e-01 +1.8379e+00 -3.3435e+00 -3.5221e+00 -1.7780e+00 -1.9173e+00 -1.3818e+00 -1.0746e+00 +1.9869e+00
518 0 +3.841985978e+02 +3.841985978e+02 +1.384198598e+03 +1.384198598e+03 -1.8047e+00 -4.8890e-01 +1.5933e+00 -2.9801e+00 -3.3812e+00 -2.0718e+00 -1.9248e+00 -1.3495e+00 -9.8264e-01 +1.9970e+00
522 0 +3.526618124e+02 +3.526618124e+02 +1.352661812e+03 +1.352661812e+03 -2.1089e+00 -4.9173e-01 +1.4897e+00 -3.1583e+00 -3.4496e+00 -1.8921e+00 -2.0586e+00 -1.5649e+00 -9.7925e-01 +1.9511e+00
525 0 +2.603612731e+02 +2.603612731e+02 +1.260361273e+03 +1.260361273e+03 -2.1450e+00 -5.5305e-01 +1.9799e+00 -3.0911e+00 -3.7095e+00 -2.3343e+00 -1.9165e+00 -1.2423e+00 -9.9753e-01 +1.9837e+00
809 0 +2.507916908e+02 +2.507916908e+02 +1.250791691e+03 +1.250791691e+03 -1.9271e+00 -7.2946e-01 +1.8509e+00 -3.0822e+00 -3.5954e+00 -1.9380e+00 -1.5941e+00 -1.4765e+00 -9.3002e-01 +1.7374e+00
821 0 +2.142216726e+02 +2.142216726e+02 +1.214221673e+03 +1.214221673e+03 -2.0592e+00 -7.6671e-01 +1.4447e+00 -3.3902e+00 -3.7150e+00 -2.1458e+00 -1.8530e+00 -1.4093e+00 -1.0367e+00 +1.7446e+00
958 0 +2.055196633e+02 +2.055196633e+02 +1.205519663e+03 +1.205519663e+03 -2.1174e+00 -7.1009e-01 +2.0158e+00 -2.8318e+00 -3.7668e+00 -1.7844e+00 -1.6804e+00 -1.4724e+00 -9.6093e-01 +1.8655e+00
% f evaluations | g evaluations | best noise-free fitness - Fopt | noise-free fitness - Fopt (-6.797100000000e+02) | measured fitness | best measured fitness | x1 | x2...
1 0 +4.150386022e+04 +4.150386022e+04 +4.082415022e+04 +4.082415022e+04 +0.0000e+00 +0.0000e+00 +0.0000e+00 +0.0000e+00 +0.0000e+00 +0.0000e+00 +0.0000e+00 +0.0000e+00 +0.0000e+00 +0.0000e+00
4 0 +3.370655082e+04 +3.370655082e+04 +3.302684082e+04 +3.302684082e+04 -1.2379e+00 -1.5892e-01 +6.5987e-03 +3.4288e-01 -4.1532e-01 +4.0418e-01 -5.7150e-01 -1.0801e-01 -2.5306e-01 +8.8743e-01
18 0 +3.292935280e+04 +3.292935280e+04 +3.224964280e+04 +3.224964280e+04 +1.4155e+00 +9.2435e-02 -8.2250e-03 +1.5024e-01 +2.0669e-01 -3.1362e-01 +5.8655e-01 +8.2738e-01 -2.2774e-01 +1.5530e+00
21 0 +2.891600999e+04 +2.891600999e+04 +2.823629999e+04 +2.823629999e+04 +1.6410e+00 +2.5566e-01 -3.0326e-03 +4.6129e-02 -2.3370e-01 +5.8997e-01 +5.0791e-01 -1.0647e+00 -4.9713e-01 +2.3374e+00
30 0 +2.862388547e+04 +2.862388547e+04 +2.794417547e+04 +2.794417547e+04 +1.3842e+00 -6.1633e-02 -1.1142e-02 -6.8550e-02 -1.1179e-01 -5.8759e-02 +4.6193e-01 +1.0213e+00 -2.0084e-01 +2.3787e+00
43 0 +2.805450863e+04 +2.805450863e+04 +2.737479863e+04 +2.737479863e+04 +1.4716e+00 -6.9660e-02 -7.3344e-03 +6.7579e-02 +4.8108e-01 -1.0035e+00 +9.6247e-01 +1.1563e+00 -4.8732e-01 +8.5737e-01
44 0 +2.488576165e+04 +2.488576165e+04 +2.420605165e+04 +2.420605165e+04 +2.8868e+00 -1.2272e-01 -2.5798e-03 -1.0140e-01 +9.2861e-01 -6.0956e-01 +9.3009e-01 +1.0127e+00 -5.1126e-01 +2.4370e+00
56 0 +2.352633394e+04 +2.352633394e+04 +2.284662394e+04 +2.284662394e+04 +2.6475e+00 -1.2129e-01 -3.9689e-03 -6.1742e-01 +1.0888e+00 -8.0377e-01 +4.7362e-01 +4.3087e-01 -7.0267e-01 +1.3170e+00
57 0 +2.269307824e+04 +2.269307824e+04 +2.201336824e+04 +2.201336824e+04 +1.6342e+00 +3.9239e-02 -4.8219e-03 -1.7585e-01 +1.9164e-01 -5.0370e-01 +6.3854e-01 +1.3306e+00 -6.4764e-01 +2.6995e+00
60 0 +1.908411471e+04 +1.908411471e+04 +1.840440471e+04 +1.840440471e+04 +2.2669e+00 -7.9709e-02 -6.9904e-04 -2.0994e-01 -2.1419e-02 -6.7399e-01 +1.0517e+00 +1.7250e+00 -7.9288e-01 +3.3554e+00
76 0 +1.804349114e+04 +1.804349114e+04 +1.736378114e+04 +1.736378114e+04 +2.3550e+00 -7.6180e-02 -9.6897e-03 -3.2530e-01 +4.2038e-01 -4.3620e-01 +5.7333e-01 +8.1347e-01 -7.6536e-01 +4.2595e+00
82 0 +1.544275853e+04 +1.544275853e+04 +1.476304853e+04 +1.476304853e+04 +1.9831e+00 -3.5492e-02 -9.3071e-03 -5.2208e-01 +1.7839e-01 -3.9190e-01 +6.5202e-01 +1.3129e+00 -9.2201e-01 +5.7652e+00
100 0 +1.380278239e+04 +1.380278239e+04 +1.312307239e+04 +1.312307239e+04 +2.5048e+00 -2.6749e-01 -9.7240e-03 -5.0792e-01 +6.5740e-01 -3.8573e-01 +5.3398e-01 +1.4857e+00 -9.8852e-01 +4.2852e+00
110 0 +1.239419719e+04 +1.239419719e+04 +1.171448719e+04 +1.171448719e+04 +2.4339e+00 -2.9897e-01 -1.3006e-02 -2.0814e-01 +9.4734e-01 -3.5144e-01 +6.5505e-01 +1.3410e+00 -9.9937e-01 +5.7754e+00
123 0 +1.215949875e+04 +1.215949875e+04 +1.147978875e+04 +1.147978875e+04 +2.1883e+00 -2.6936e-01 -1.2674e-02 -4.4329e-01 +3.9543e-01 -9.1902e-02 +6.5332e-01 +1.2943e+00 -9.4025e-01 +5.8121e+00
128 0 +1.082848379e+04 +1.082848379e+04 +1.014877379e+04 +1.014877379e+04 +2.4027e+00 -3.7449e-01 -1.6447e-02 -4.2878e-01 +4.9578e-01 -1.9694e-01 +7.8888e-01 +1.5488e+00 -1.0494e+00 +6.1288e+00
133 0 +1.004952470e+04 +1.004952470e+04 +9.369814700e+03 +9.369814700e+03 +2.3020e+00 -4.1714e-01 -1.8476e-02 -4.0213e-01 +7.4100e-01 -2.7303e-01 +8.0147e-01 +1.6238e+00 -1.1022e+00 +5.8397e+00
136 0 +9.842618698e+03 +9.842618698e+03 +9.162908698e+03 +9.162908698e+03 +2.0981e+00 -4.4091e-01 -1.6292e-02 -4.9036e-01 +6.2498e-01 -3.5072e-01 +6.2658e-01 +1.6821e+00 -1.0135e+00 +5.6921e+00
147 0 +9.719524341e+03 +9.719524341e+03 +9.039814341e+03 +9.039814341e+03 +2.3203e+00 -4.7846e-01 -1.9644e-02 -4.3003e-01 +7.0637e-01 -2.7843e-01 +9.6623e-01 +1.6327e+00 -1.0006e+00 +5.9715e+00
162 0 +9.113218247e+03 +9.113218247e+03 +8.433508247e+03 +8.433508247e+03 +1.9141e+00 -4.6763e-01 -1.7855e-02 -4.7510e-01 +8.0359e-01 -5.2545e-01 +8.5879e-01 +1.9786e+00 -1.0242e+00 +6.1740e+00
165 0 +8.034113206e+03 +8.034113206e+03 +7.354403206e+03 +7.354403206e+03 +2.1570e+00 -5.6272e-01 -1.8185e-02 -4.3614e-01 +1.0655e+00 -3.9300e-01 +1.0191e+00 +1.6642e+00 -1.0395e+00 +7.2997e+00
181 0 +7.897366237e+03 +7.897366237e+03 +7.217656237e+03 +7.217656237e+03 +2.1138e+00 -5.9070e-01 -1.6728e-02 -4.0561e-01 +1.0118e+00 -5.1023e-01 +7.2866e-01 +1.6892e+00 -1.1334e+00 +7.1655e+00
183 0 +7.275359554e+03 +7.275359554e+03 +6.595649554e+03 +6.595649554e+03 +2.0552e+00 -6.5082e-01 -1.4906e-02 -3.7881e-01 +8.6430e-01 -3.9329e-01 +6.9212e-01 +1.6983e+00 -1.0435e+00 +7.8536e+00
193 0 +6.944816162e+03 +6.944816162e+03 +6.265106162e+03 +6.265106162e+03 +1.9068e+00 -6.7018e-01 -1.4710e-02 -4.0949e-01 +8.8900e-01 -3.6350e-01 +9.1822e-01 +1.4937e+00 -1.1088e+00 +7.3313e+00
199 0 +6.817515937e+03 +6.817515937e+03 +6.137805937e+03 +6.137805937e+03 +2.0409e+00 -6.7539e-01 -1.5146e-02 -4.3771e-01 +8.9263e-01 -3.4957e-01 +7.4434e-01 +1.8881e+00 -1.1189e+00 +7.5878e+00
205 0 +6.501748519e+03 +6.501748519e+03 +5.822038519e+03 +5.822038519e+03 +2.0853e+00 -7.2728e-01 -1.4288e-02 -3.9881e-01 +8.9824e-01 -3.0334e-01 +7.9435e-01 +1.8509e+00 -1.1022e+00 +7.7816e+00
214 0 +6.204860648e+03 +6.204860648e+03 +5.525150648e+03 +5.525150648e+03 +1.9960e+00 -7.5632e-01 -1.4379e-02 -4.0307e-01 +9.4874e-01 -3.7969e-01 +7.0493e-01 +2.0217e+00 -1.1400e+00 +7.9622e+00
230 0 +6.126317573e+03 +6.126317573e+03 +5.446607573e+03 +5.446607573e+03 +1.9506e+00 -7.5019e-01 -1.4467e-02 -4.4064e-01 +8.2792e-01 -3.1974e-01 +6.5626e-01 +2.0822e+00 -1.1619e+00 +7.6411e+00
243 0 +5.631169719e+03 +5.631169719e+03 +4.951459719e+03 +4.951459719e+03 +1.7444e+00 -7.9263e-01 -1.4066e-02 -5.0543e-01 +8.0745e-01 -2.9862e-01 +5.8493e-01 +2.1399e+00 -1.1184e+00 +7.5788e+00
261 0 +5.466482585e+03 +5.466482585e+03 +4.786772585e+03 +4.786772585e+03 +1.6831e+00 -8.1997e-01 -1.4428e-02 -5.2451e-01 +8.1992e-01 -3.4898e-01 +5.5999e-01 +2.1771e+00 -1.1322e+00 +7.6201e+00
262 0 +5.361494514e+03 +5.361494514e+03 +4.681784514e+03 +4.681784514e+03 +1.5522e+00 -8.2800e-01 -1.4425e-02 -5.1937e-01 +5.6765e-01 -1.9541e-01 +6.8982e-01 +2.1654e+00 -1.1539e+00 +7.2685e+00
274 0 +4.829052840e+03 +4.829052840e+03 +4.149342840e+03 +4.149342840e+03 +1.5011e+00 -9.0611e-01 -1.2437e-02 -6.4053e-01 +5.4972e-01 -2.8495e-01 +1.1288e+00 +1.9204e+00 -1.2073e+00 +7.8358e+00
296 0 +4.168860063e+03 +4.168860063e+03 +3.489150063e+03 +3.489150063e+03 +2.1910e+00 -1.4277e+00 -1.0863e-02 -1.5572e+00 +4.3913e-01 -2.8374e-01 +1.4576e+00 +2.8291e+00 -1.0108e+00 +6.7190e+00
303 0 +3.712206067e+03 +3.712206067e+03 +3.032496067e+03 +3.032496067e+03 -1.2832e-01 -1.3658e+00 -1.0215e-02 -7.6103e-01 -2.6701e-01 +1.4133e-01 +1.0831e+00 +2.4794e+00 -9.8974e-01 +7.6868e+00
320 0 +1.677449723e+03 +1.677449723e+03 +9.977397229e+02 +9.977397229e+02 -1.2792e-01 -1.6764e+00 -2.0608e-03 -2.0317e+00 +9.4069e-01 +8.5280e-01 -2.6390e-01 +2.1190e+00 -1.0861e+00 +7.8323e+00
376 0 +1.529203398e+03 +1.529203398e+03 +8.494933979e+02 +8.494933979e+02 -1.0337e+00 -1.8328e+00 -8.2822e-03 -7.5074e-01 +6.7077e-02 +1.1330e+00 +1.2589e+00 +3.1042e-01 -2.4701e+00 +3.6060e+00
393 0 +1.292735451e+03 +1.292735451e+03 +6.130254505e+02 +6.130254505e+02 -1.2542e-01 -1.8468e+00 -1.2071e-02 -9.6350e-01 +8.9249e-01 +4.3117e-01 +6.5488e-01 -2.8169e-01 -3.1048e+00 -6.0212e-02
403 0 +9.576145385e+02 +9.576145385e+02 +2.779045385e+02 +2.779045385e+02 -1.0305e+00 -2.0033e+00 -1.1189e-02 -1.1625e+00 +3.6141e-01 +4.7385e-01 +1.2524e+00 -4.7563e-01 -3.3544e+00 -7.8558e-01
408 0 +7.459763164e+02 +7.459763164e+02 +6.626631645e+01 +6.626631645e+01 +2.5558e-01 -2.0411e+00 -8.3684e-03 -1.7870e+00 +1.0437e+00 +8.1924e-01 +1.1277e+00 -4.1402e-01 -3.0734e+00 +1.2885e+00
424 0 +7.066799665e+02 +7.066799665e+02 +2.696996645e+01 +2.696996645e+01 +4.2303e-01 -2.2604e+00 -1.6262e-02 -1.3040e+00 -2.0260e-03 +1.1679e+00 +9.6019e-01 -4.6578e-01 -2.4464e+00 +2.6460e+00
428 0 +6.393463784e+02 +6.393463784e+02 -4.036362161e+01 -4.036362161e+01 -1.8497e-01 -2.4437e+00 -9.2304e-03 -1.1443e+00 +1.6362e+00 +6.1775e-01 +2.0038e+00 -5.5347e-01 -2.6483e+00 +2.4265e+00
435 0 +4.301035095e+02 +4.301035095e+02 -2.496064905e+02 -2.496064905e+02 -8.5994e-01 -2.5897e+00 -5.2264e-03 -1.0241e+00 +2.0084e+00 +1.0265e+00 +1.2533e+00 +1.5282e-02 -2.3713e+00 +2.0159e+00
436 0 +3.234258208e+02 +3.234258208e+02 -3.562841792e+02 -3.562841792e+02 +1.4705e-01 -2.6613e+00 -3.7740e-03 -8.7786e-01 +1.6190e+00 +1.2323e+00 +1.3657e+00 -6.5777e-01 -2.0940e+00 +3.2928e+00
481 0 +2.647552164e+02 +2.647552164e+02 -4.149547836e+02 -4.149547836e+02 +6.6732e-01 -2.6059e+00 -1.8459e-02 -7.4274e-01 +1.6787e+00 +1.8883e+00 +2.3402e+00 +9.6064e-01 -3.2323e+00 +5.1732e-01
798 0 +2.560700963e+02 +2.560700963e+02 -4.236399037e+02 -4.236399037e+02 -5.5464e-01 -2.7722e+00 +3.2512e-02 -2.2029e+00 +8.5367e-01 +1.0142e+00 +1.2556e+00 +3.6089e-02 -2.9991e+00 +4.4005e-01
809 0 +2.434217545e+02 +2.434217545e+02 -4.362882455e+02 -4.362882455e+02 +2.0954e-01 -2.8075e+00 +3.8725e-02 -2.2350e+00 +7.2931e-01 +9.9411e-01 +1.3190e+00 +6.9464e-02 -3.0605e+00 +8.2276e-01
824 0 +2.317781355e+02 +2.317781355e+02 -4.479318645e+02 -4.479318645e+02 +2.8908e-01 -2.8745e+00 +3.9635e-02 -2.2138e+00 +6.3205e-01 +8.5480e-01 +1.3797e+00 +2.8456e-01 -3.1110e+00 +9.4599e-01
827 0 +2.182163428e+02 +2.182163428e+02 -4.614936572e+02 -4.614936572e+02 +2.1259e-01 -2.8764e+00 +3.9702e-02 -2.1578e+00 +6.6179e-01 +9.3440e-01 +1.4263e+00 +6.2277e-02 -3.0859e+00 +1.0601e+00
831 0 +1.883800876e+02 +1.883800876e+02 -4.913299124e+02 -4.913299124e+02 +1.1950e-01 -2.8448e+00 +4.1325e-02 -2.1662e+00 +1.2182e+00 +7.9113e-01 +1.2919e+00 +2.6622e-02 -3.1324e+00 +9.4233e-01
832 0 +1.819028761e+02 +1.819028761e+02 -4.978071239e+02 -4.978071239e+02 +3.3686e-02 -2.9273e+00 +4.1472e-02 -2.1144e+00 +1.0581e+00 +8.2381e-01 +1.2920e+00 -6.5893e-02 -3.1581e+00 +1.1254e+00
833 0 +1.545363355e+02 +1.545363355e+02 -5.251736645e+02 -5.251736645e+02 +3.2263e-01 -2.9221e+00 +4.2075e-02 -2.0865e+00 +9.6530e-01 +6.8246e-01 +1.2672e+00 +2.0130e-02 -3.2130e+00 +7.7897e-01
844 0 +1.467506867e+02 +1.467506867e+02 -5.329593133e+02 -5.329593133e+02 +5.6455e-01 -2.8632e+00 +4.2324e-02 -2.0637e+00 +1.0386e+00 +7.6444e-01 +1.3307e+00 -1.9324e-02 -3.2047e+00 +6.0932e-01
867 0 +1.215185567e+02 +1.215185567e+02 -5.581914433e+02 -5.581914433e+02 +6.9510e-01 -3.0772e+00 +3.8745e-02 -1.9201e+00 +1.0191e+00 +8.3324e-01 +1.4751e+00 +2.2293e-01 -3.3834e+00 +8.6273e-01
881 0 +1.110608626e+02 +1.110608626e+02 -5.686491374e+02 -5.686491374e+02 +5.1697e-01 -3.0602e+00 +3.9344e-02 -1.8236e+00 +8.1688e-01 +9.7814e-01 +1.3631e+00 +4.5974e-01 -3.2058e+00 +4.7662e-01
882 0 +1.088329959e+02 +1.088329959e+02 -5.708770041e+02 -5.708770041e+02 +4.4715e-01 -3.0888e+00 +3.9208e-02 -1.7155e+00 +5.9464e-01 +8.4919e-01 +1.2189e+00 +2.4593e-01 -3.2328e+00 +6.6864e-01
891 0 +9.287409563e+01 +9.287409563e+01 -5.868359044e+02 -5.868359044e+02 +5.5081e-01 -3.0389e+00 +3.8773e-02 -1.6868e+00 +8.6677e-01 +8.7959e-01 +1.3964e+00 +4.1756e-01 -3.2645e+00 +7.6815e-01
905 0 +8.663095754e+01 +8.663095754e+01 -5.930790425e+02 -5.930790425e+02 +5.6559e-01 -2.9996e+00 +4.0518e-02 -1.5853e+00 +1.0209e+00 +8.5423e-01 +1.2717e+00 +3.9887e-01 -3.2459e+00 +5.7152e-01
915 0 +8.234258352e+01 +8.234258352e+01 -5.973674165e+02 -5.973674165e+02 +4.9361e-01 -2.9666e+00 +3.9845e-02 -1.5035e+00 +8.2907e-01 +8.6092e-01 +1.2754e+00 +2.1137e-01 -3.3393e+00 +4.5394e-01
% f evaluations | g evaluations | best noise-free fitness - Fopt | noise-free fitness - Fopt (1.000000000000e+03) | measured fitness | best measured fitness | x1 | x2...
1 0 +7.041719291e+03 +7.041719291e+03 +8.041719291e+03 +8.041719291e+03 +0.0000e+00 +0.0000e+00 +0.0000e+00 +0.0000e+00 +0.0000e+00 +0.0000e+00 +0.0000e+00 +0.0000e+00 +0.0000e+00 +0.0000e+00
8 0 +7.036701267e+03 +7.036701267e+03 +8.036701267e+03 +8.036701267e+03 -5.5342e-01 -2.0501e-01 -1.1891e+00 -8.9282e-01 -7.0759e-01 -4.5912e-01 +1.4502e+00 +1.5784e+00 +7.0692e-01 -7.9682e-01
18 0 +3.778056662e+03 +3.778056662e+03 +4.778056662e+03 +4.778056662e+03 -5.0851e-01 -6.4767e-01 -6.2542e-01 +4.5660e-01 -7.8020e-01 +1.7749e+00 +1.6882e+00 +1.7950e+00 -6.3872e-01 -6.2353e-01
26 0 +3.097641261e+03 +3.097641261e+03 +4.097641261e+03 +4.097641261e+03 -3.7230e-01 -1.6233e-01 -1.4001e+00 -4.8578e-02 -5.4717e-01 +9.8166e-01 +8.9598e-01 +7.6674e-01 +5.3508e-02 -4.7974e-01
72 0 +1.559318220e+03 +1.559318220e+03 +2.559318220e+03 +2.559318220e+03 -9.1298e-01 +1.3832e-01 -1.6281e+00 +1.1342e+00 -4.1370e-01 +1.2174e+00 +8.0365e-01 -1.6416e+00 -4.8074e-01 +7.2719e-01
96 0 +1.469277935e+03 +1.469277935e+03 +2.469277935e+03 +2.469277935e+03 -8.1620e-01 +4.5440e-01 -4.6443e-01 +1.4409e+00 -2.8097e-02 +2.0872e+00 -8.5630e-01 -8.6676e-01 -3.4853e-01 +1.2726e+00
101 0 +1.112415397e+03 +1.112415397e+03 +2.112415397e+03 +2.112415397e+03 -7.6143e-01 -2.5249e-01 -1.3890e+00 +2.2888e+00 +2.2547e-02 +2.1624e+00 +2.7070e-02 -6.9671e-01 -3.9942e-02 +1.4457e+00
102 0 +9.933799325e+02 +9.933799325e+02 +1.993379932e+03 +1.993379932e+03 -7.8798e-01 +2.8137e-01 -8.4173e-01 +2.0420e+00 +3.3023e-01 +2.9920e+00 +6.4696e-01 +5.2881e-01 -4.8173e-01 +1.3984e+00
104 0 +4.145868306e+02 +4.145868306e+02 +1.414586831e+03 +1.414586831e+03 -1.0837e+00 +1.8886e-01 -8.0851e-01 +1.6161e+00 -3.9069e-01 +1.8775e+00 +9.6201e-02 -7.4843e-01 -8.3779e-01 +8.9164e-01
112 0 +2.289318845e+02 +2.289318845e+02 +1.228931884e+03 +1.228931884e+03 -1.2099e+00 -9.6193e-02 -5.3326e-01 +1.8471e+00 -4.1506e-01 +1.7640e+00 +8.2007e-01 +5.0741e-01 -6.2206e-01 +1.4189e+00
122 0 +2.048354325e+02 +2.048354325e+02 +1.204835432e+03 +1.204835432e+03 -1.4797e+00 -1.1226e-01 -1.1770e+00 +1.4251e+00 -5.8573e-02 +2.2159e+00 +7.8540e-01 +2.6969e-02 -7.3211e-01 +1.0351e+00
% f evaluations | g evaluations | best noise-free fitness - Fopt | noise-free fitness - Fopt (1.007000000000e+01) | measured fitness | best measured fitness | x1 | x2...
1 0 +1.676624055e+04 +1.676624055e+04 +1.677631055e+04 +1.677631055e+04 +0.0000e+00 +0.0000e+00 +0.0000e+00 +0.0000e+00 +0.0000e+00 +0.0000e+00 +0.0000e+00 +0.0000e+00 +0.0000e+00 +0.0000e+00
10 0 +5.505237217e+03 +5.505237217e+03 +5.515307217e+03 +5.515307217e+03 +7.4246e-01 -6.5413e-01 +5.6405e-01 -2.8141e-01 +1.5469e+00 +5.8791e-01 -1.7942e-01 +9.7884e-01 -1.2471e+00 +9.1905e-01
25 0 +5.366971948e+03 +5.366971948e+03 +5.377041948e+03 +5.377041948e+03 +1.6490e-01 -7.9109e-01 +1.7308e+00 -1.2570e-01 -6.7243e-03 +1.2949e-01 -4.5714e-01 +3.4894e-01 -9.2425e-01 +6.0455e-01
30 0 +5.183076845e+03 +5.183076845e+03 +5.193146845e+03 +5.193146845e+03 -6.6267e-01 -2.5462e-01 -6.5512e-02 -2.5083e-01 -5.7046e-01 +8.9127e-01 -3.5608e-01 -1.0463e-01 -1.2212e+00 +8.0550e-01
45 0 +4.883313072e+03 +4.883313072e+03 +4.893383072e+03 +4.893383072e+03 -4.6655e-01 -3.7253e-01 +1.6541e+00 -4.3856e-01 +5.6627e-02 -1.4698e-02 -3.2399e-01 +4.9185e-01 -1.0654e+00 -1.7574e-02
52 0 +2.798422144e+03 +2.798422144e+03 +2.808492144e+03 +2.808492144e+03 -5.5650e-01 -4.2443e-01 +8.1772e-01 -4.1949e-01 -2.6316e-01 -2.9829e-01 -3.5637e-01 +1.7100e-01 -1.3742e+00 +5.9961e-01
66 0 +2.704559748e+03 +2.704559748e+03 +2.714629748e+03 +2.714629748e+03 -3.4014e-01 -3.5695e-01 +8.9059e-01 -3.4438e-01 -6.1946e-02 -5.9153e-02 -4.8489e-01 +2.9084e-01 -1.9357e+00 +5.3064e-01
67 0 +2.650118630e+03 +2.650118630e+03 +2.660188630e+03 +2.660188630e+03 -6.7183e-01 -5.5400e-01 -5.4706e-01 -6.7425e-01 -1.1429e-01 -3.1133e-01 -4.1366e-01 +3.9774e-01 -1.6729e+00 +8.5143e-01
68 0 +2.073048206e+03 +2.073048206e+03 +2.083118206e+03 +2.083118206e+03 -4.0138e-01 -6.2994e-01 +7.6942e-01 -4.4538e-01 +2.8255e-01 -1.2696e-02 -2.6733e-01 -1.7734e-01 -1.7501e+00 +6.3529e-01
118 0 +1.506761373e+03 +1.506761373e+03 +1.516831373e+03 +1.516831373e+03 -9.0542e-01 -1.5246e+00 -5.0723e-01 -1.3875e+00 +4.2723e-01 +1.3811e+00 -8.4612e-01 +6.3541e-01 -1.8762e+00 +2.9283e+00
151 0 +1.102542121e+03 +1.102542121e+03 +1.112612121e+03 +1.112612121e+03 +8.9736e-02 -1.9922e+00 -1.9254e+00 -1.3654e+00 +1.6170e-01 +8.1107e-01 -1.0591e+00 +6.2374e-01 -9.9899e-01 +3.1136e+00
154 0 +9.314986555e+02 +9.314986555e+02 +9.415686555e+02 +9.415686555e+02 +8.8984e-01 -1.5943e+00 +6.1502e-01 -1.6592e+00 -1.1530e+00 +5.4092e-01 -9.4810e-01 +7.9094e-01 -1.0300e+00 +3.1440e+00
221 0 +7.383206499e+02 +7.383206499e+02 +7.483906499e+02 +7.483906499e+02 +3.1081e-01 -1.6271e+00 -1.6801e+00 -1.4550e+00 -1.0889e+00 +5.5974e-01 -1.0988e+00 +2.9908e+00 -9.3217e-01 +3.2184e+00
225 0 +6.852135024e+02 +6.852135024e+02 +6.952835024e+02 +6.952835024e+02 +6.4474e-02 -1.8966e+00 -1.0129e+00 -1.4231e+00 -1.4869e+00 +7.3942e-01 -1.0478e+00 +3.0564e+00 -1.1360e+00 +2.6610e+00
228 0 +4.438769773e+02 +4.438769773e+02 +4.539469773e+02 +4.539469773e+02 -3.2897e-01 -1.7994e+00 -1.2523e+00 -1.4350e+00 -5.9542e-02 +7.7078e-01 -9.7001e-01 +2.8136e+00 -1.4256e+00 +2.8703e+00
240 0 +4.184167371e+02 +4.184167371e+02 +4.284867371e+02 +4.284867371e+02 -1.8277e-02 -1.5609e+00 -6.2888e-01 -1.4750e+00 -6.6069e-02 +2.3856e-01 -1.1019e+00 +2.7769e+00 -1.1702e+00 +3.0312e+00
249 0 +3.799189816e+02 +3.799189816e+02 +3.899889816e+02 +3.899889816e+02 -1.5143e-02 -1.6193e+00 -1.9952e-01 -1.4167e+00 -2.6485e-01 +4.2511e-01 -1.0312e+00 +2.8327e+00 -1.0529e+00 +2.8862e+00
260 0 +3.201269336e+02 +3.201269336e+02 +3.301969336e+02 +3.301969336e+02 +7.7178e-02 -1.6426e+00 -3.8151e-01 -1.4392e+00 -4.7894e-01 +3.7759e-01 -1.0257e+00 +2.8606e+00 -1.1886e+00 +2.7468e+00
267 0 +2.895240160e+02 +2.895240160e+02 +2.995940160e+02 +2.995940160e+02 +1.6728e-01 -1.6583e+00 +3.3625e-01 -1.5039e+00 -7.6110e-01 +2.9918e-01 -1.1660e+00 +3.0908e+00 -1.1789e+00 +2.9225e+00
280 0 +2.771186732e+02 +2.771186732e+02 +2.871886732e+02 +2.871886732e+02 +4.7110e-01 -1.7401e+00 +3.8700e-01 -1.5749e+00 -1.0605e+00 +4.9134e-01 -1.0077e+00 +2.7945e+00 -1.3116e+00 +2.8980e+00
281 0 +2.597612099e+02 +2.597612099e+02 +2.698312099e+02 +2.698312099e+02 +4.1949e-01 -1.4359e+00 +2.9449e-01 -1.5520e+00 -9.2977e-01 -2.2833e-02 -1.1808e+00 +2.9739e+00 -1.3588e+00 +2.9345e+00
639 0 +2.540664278e+02 +2.540664278e+02 +2.641364278e+02 +2.641364278e+02 +7.1299e-01 -1.2547e+00 +5.1952e-01 -1.4572e+00 -9.2418e-02 +6.0380e-01 -4.3758e-01 +2.3710e-01 -1.5073e+00 +1.8510e+00
806 0 +2.474637701e+02 +2.474637701e+02 +2.575337701e+02 +2.575337701e+02 +8.3634e-01 -1.2298e+00 +2.9475e-01 -1.5124e+00 -5.3707e-01 +6.0281e-01 -4.4184e-01 +2.8627e-01 -1.6836e+00 +1.6026e+00
854 0 +2.296696753e+02 +2.296696753e+02 +2.397396753e+02 +2.397396753e+02 +7.2216e-01 -1.2520e+00 +3.2087e-01 -1.4688e+00 -1.1653e-01 +5.3590e-01 -3.9680e-01 +3.2312e-01 -1.6828e+00 +1.5987e+00
863 0 +2.213860278e+02 +2.213860278e+02 +2.314560278e+02 +2.314560278e+02 +7.8421e-01 -1.2500e+00 +3.8082e-01 -1.4671e+00 -3.0932e-01 +6.0896e-01 -4.3407e-01 +3.0513e-01 -1.5731e+00 +1.6494e+00
871 0 +2.097760401e+02 +2.097760401e+02 +2.198460401e+02 +2.198460401e+02 +7.3293e-01 -1.2897e+00 +3.7430e-01 -1.4450e+00 -3.7168e-01 +5.0803e-01 -4.1682e-01 +2.6381e-01 -1.6128e+00 +1.6032e+00
998 0 +2.085550587e+02 +2.085550587e+02 +2.186250587e+02 +2.186250587e+02 +7.8580e-01 -1.2725e+00 +3.7456e-01 -1.4516e+00 -2.4956e-01 +6.5401e-01 -3.8116e-01 +2.5026e-01 -1.6051e+00 +1.6371e+00
% f evaluations | g evaluations | best noise-free fitness - Fopt | noise-free fitness - Fopt (-7.540000000000e+00) | measured fitness | best measured fitness | x1 | x2...
1 0 +1.617054449e+04 +1.617054449e+04 +1.616300449e+04 +1.616300449e+04 +0.0000e+00 +0.0000e+00 +0.0000e+00 +0.0000e+00 +0.0000e+00 +0.0000e+00 +0.0000e+00 +0.0000e+00 +0.0000e+00 +0.0000e+00
4 0 +1.519396535e+04 +1.519396535e+04 +1.518642535e+04 +1.518642535e+04 -2.5973e-02 -1.0464e+00 +6.5709e-02 -3.8337e-01 -4.1865e-01 -6.2242e-01 -1.0883e-01 -1.1277e-01 -2.2322e-01 -5.4088e-01
5 0 +1.452321397e+04 +1.452321397e+04 +1.451567397e+04 +1.451567397e+04 +6.0400e-01 -3.5812e-01 +1.1409e-01 -3.9455e-01 +2.9789e-01 +1.8259e+00 -1.0426e+00 -2.8634e-02 -1.5632e-02 -4.9737e-01
6 0 +1.294688799e+04 +1.294688799e+04 +1.293934799e+04 +1.293934799e+04 -2.9664e-02 +1.0794e+00 +1.7193e-01 -2.1299e-01 +3.1824e-01 -9.1787e-01 -2.7773e-01 -1.0468e-01 +7.3250e-02 -6.4935e-01
10 0 +1.164282204e+04 +1.164282204e+04 +1.163528204e+04 +1.163528204e+04 +2.5610e-03 -4.1565e-01 +4.7207e-02 -5.2882e-01 +6.6444e-02 +1.0057e-01 -1.7808e+00 -1.8972e-01 +4.8009e-01 -2.8654e-01
14 0 +1.139595739e+04 +1.139595739e+04 +1.138841739e+04 +1.138841739e+04 +4.1554e-02 -3.0066e-01 +4.4864e-03 -4.5897e-01 -7.0881e-02 -3.8187e-01 -5.2599e-01 -1.5624e-01 +5.0781e-01 -2.7310e-01
17 0 +7.813367295e+03 +7.813367295e+03 +7.805827295e+03 +7.805827295e+03 +1.1732e-01 +1.5559e+00 +1.4460e-01 -1.4151e+00 +2.7904e-01 -8.1600e-01 -2.4438e+00 -4.2866e-01 +3.9206e-01 +2.0260e-03
37 0 +5.685082383e+03 +5.685082383e+03 +5.677542383e+03 +5.677542383e+03 +6.1981e-01 +1.0063e+00 +1.8782e-01 -1.3506e+00 +7.1155e-02 +1.1493e+00 -1.9578e+00 -5.9869e-01 +4.5816e-01 +1.4317e-01
45 0 +5.069532531e+03 +5.069532531e+03 +5.061992531e+03 +5.061992531e+03 +5.5394e-01 +7.8652e-01 +3.0993e-01 -1.8532e+00 +2.1689e-01 +8.4823e-01 -2.3101e+00 -6.5353e-01 +6.8552e-01 -1.6871e-01
58 0 +4.789411592e+03 +4.789411592e+03 +4.781871592e+03 +4.781871592e+03 +6.8245e-01 +1.2250e+00 +3.0450e-01 -1.7367e+00 +2.9748e-01 +1.1952e+00 -1.8406e+00 -7.4075e-01 +4.2990e-01 -5.3490e-01
60 0 +4.530912323e+03 +4.530912323e+03 +4.523372323e+03 +4.523372323e+03 +4.2421e-01 +1.2035e+00 +3.1610e-01 -1.8572e+00 +2.1032e-01 +1.0155e+00 -2.0525e+00 -8.0666e-01 +5.6761e-01 -1.0779e+00
69 0 +3.524789724e+03 +3.524789724e+03 +3.517249724e+03 +3.517249724e+03 +8.4191e-01 +8.6408e-02 +3.3436e-01 -1.8858e+00 +3.8951e-01 +3.0162e-01 -2.2829e+00 -9.1303e-01 +5.1591e-01 -5.9832e-01
402 0 +3.351725912e+03 +3.351725912e+03 +3.344185912e+03 +3.344185912e+03 +1.4348e+00 +2.6417e-01 -2.5650e-01 -1.3362e+00 +1.3592e-02 -1.4802e-01 -3.7686e+00 -1.0188e+00 -2.7799e-01 -6.7691e-01
415 0 +3.192123075e+03 +3.192123075e+03 +3.184583075e+03 +3.184583075e+03 +1.4839e+00 +2.7108e-01 -2.3852e-01 -1.5650e+00 -2.6250e-02 +2.6158e-01 -3.8469e+00 -1.0409e+00 -1.7186e-01 -1.2210e+00
432 0 +3.130084462e+03 +3.130084462e+03 +3.122544462e+03 +3.122544462e+03 +1.6080e+00 -1.2589e-01 -4.1438e-01 -1.0214e+00 -3.9146e-01 +5.1011e-01 -2.3902e+00 -1.1559e+00 +7.2745e-02 -1.2792e+00
460 0 +2.604640803e+03 +2.604640803e+03 +2.597100803e+03 +2.597100803e+03 +1.1546e+00 +7.7457e-01 -4.9347e-01 -6.1606e-01 -3.8086e-01 -1.3497e-01 -7.6968e-01 -1.3910e+00 +3.6440e-01 -1.1687e+00
468 0 +2.442883461e+03 +2.442883461e+03 +2.435343461e+03 +2.435343461e+03 +2.8443e+00 +6.4152e-01 -4.1727e-01 -1.0584e+00 -1.0665e-01 +2.7551e-01 -1.8083e+00 -1.2980e+00 +1.7042e-01 -8.2751e-01
469 0 +2.024443479e+03 +2.024443479e+03 +2.016903479e+03 +2.016903479e+03 +2.0771e+00 +1.2041e+00 -3.0121e-01 -1.5487e+00 +9.3949e-02 +1.6021e-01 -2.6880e+00 -1.5890e+00 +6.0087e-01 -1.3350e+00
489 0 +1.408468680e+03 +1.408468680e+03 +1.400928680e+03 +1.400928680e+03 +2.1390e+00 +2.6959e-02 -5.0444e-01 -1.4317e+00 +3.6291e-02 +7.3706e-01 -5.7458e-01 -1.6200e+00 +1.3215e-01 -1.3719e+00
597 0 +1.159264470e+03 +1.159264470e+03 +1.151724470e+03 +1.151724470e+03 +1.2430e+00 +7.0578e-01 -2.3155e-01 -1.1952e+00 +4.3128e-01 +1.2247e+00 -3.5453e-01 -1.4630e+00 +2.6000e-01 -8.6883e-01
604 0 +1.085549593e+03 +1.085549593e+03 +1.078009593e+03 +1.078009593e+03 +1.3809e+00 +4.1880e-01 -1.7773e-01 -1.2069e+00 +4.4384e-01 +6.9935e-01 -8.2218e-01 -1.4889e+00 +2.5978e-01 -1.0610e+00
626 0 +1.061759019e+03 +1.061759019e+03 +1.054219019e+03 +1.054219019e+03 +1.2169e+00 +2.6348e-01 -1.3688e-01 -1.2825e+00 +4.8637e-01 +1.0379e+00 -7.6543e-01 -1.4485e+00 +1.2077e-01 -8.7673e-01
642 0 +1.030046358e+03 +1.030046358e+03 +1.022506358e+03 +1.022506358e+03 +1.2278e+00 +6.7444e-01 -1.4742e-01 -1.0945e+00 +4.6378e-01 +9.5032e-01 -8.9933e-01 -1.5097e+00 +2.0499e-01 -1.0771e+00
648 0 +9.781652535e+02 +9.781652535e+02 +9.706252535e+02 +9.706252535e+02 +1.2891e+00 +1.4301e-01 -1.3882e-01 -1.0604e+00 +4.3073e-01 +1.1866e+00 -8.2159e-01 -1.5247e+00 +2.5355e-01 -9.3876e-01
651 0 +9.508690305e+02 +9.508690305e+02 +9.433290305e+02 +9.433290305e+02 +1.2393e+00 +5.1083e-02 -1.4388e-01 -1.0784e+00 +3.9402e-01 +1.0091e+00 -5.1878e-01 -1.5237e+00 +1.9090e-01 -8.2231e-01
657 0 +9.079686942e+02 +9.079686942e+02 +9.004286942e+02 +9.004286942e+02 +1.2470e+00 +5.7664e-01 -1.2659e-01 -1.0553e+00 +3.8418e-01 +9.7484e-01 -9.0192e-01 -1.5365e+00 +2.2414e-01 -7.8242e-01
662 0 +8.699049590e+02 +8.699049590e+02 +8.623649590e+02 +8.623649590e+02 +1.2279e+00 +5.0319e-01 -1.4229e-01 -1.0536e+00 +4.3706e-01 +9.8833e-01 -8.2068e-01 -1.5391e+00 +2.0607e-01 -6.6559e-01
664 0 +8.485438598e+02 +8.485438598e+02 +8.410038598e+02 +8.410038598e+02 +1.2862e+00 +4.6065e-01 -1.0769e-01 -1.0465e+00 +3.8902e-01 +9.6797e-01 -8.6063e-01 -1.5571e+00 +2.8902e-01 -7.8117e-01
669 0 +8.201326687e+02 +8.201326687e+02 +8.125926687e+02 +8.125926687e+02 +1.3082e+00 +2.5642e-01 -1.0129e-01 -1.2015e+00 +4.3676e-01 +1.0451e+00 -7.8677e-01 -1.5418e+00 +2.5270e-01 -7.7640e-01
672 0 +7.853489599e+02 +7.853489599e+02 +7.778089599e+02 +7.778089599e+02 +1.2962e+00 +4.0545e-01 -1.0554e-01 -1.0578e+00 +3.9275e-01 +1.1836e+00 -5.6844e-01 -1.5673e+00 +2.0181e-01 -6.6134e-01
683 0 +7.580155441e+02 +7.580155441e+02 +7.504755441e+02 +7.504755441e+02 +1.3440e+00 +4.3823e-01 -9.6445e-02 -1.1960e+00 +3.9554e-01 +1.1004e+00 -7.3976e-01 -1.5561e+00 +1.9539e-01 -6.0337e-01
690 0 +7.275588304e+02 +7.275588304e+02 +7.200188304e+02 +7.200188304e+02 +1.3328e+00 +3.5019e-01 -1.0614e-01 -1.2130e+00 +3.9179e-01 +9.1104e-01 -7.5922e-01 -1.5789e+00 +1.8881e-01 -5.5143e-01
692 0 +6.854465513e+02 +6.854465513e+02 +6.779065513e+02 +6.779065513e+02 +1.3556e+00 +2.5914e-01 -1.0209e-01 -1.2871e+00 +3.7947e-01 +1.0151e+00 -6.1339e-01 -1.5914e+00 +2.2639e-01 -4.8825e-01
715 0 +6.517654524e+02 +6.517654524e+02 +6.442254524e+02 +6.442254524e+02 +1.3432e+00 +5.0249e-01 -9.8714e-02 -1.3214e+00 +3.6691e-01 +1.1832e+00 -5.6795e-01 -1.6124e+00 +2.6982e-01 -4.0170e-01
733 0 +6.212210704e+02 +6.212210704e+02 +6.136810704e+02 +6.136810704e+02 +1.3518e+00 +3.6472e-01 -7.4751e-02 -1.3419e+00 +3.2326e-01 +1.1001e+00 -7.4948e-01 -1.6192e+00 +2.3464e-01 -4.3030e-01
762 0 +5.903214630e+02 +5.903214630e+02 +5.827814630e+02 +5.827814630e+02 +1.4351e+00 +3.3961e-01 -7.6472e-02 -1.2879e+00 +3.0718e-01 +1.1912e+00 -7.1461e-01 -1.6417e+00 +2.8091e-01 -3.0398e-01
777 0 +5.846400434e+02 +5.846400434e+02 +5.771000434e+02 +5.771000434e+02 +1.4351e+00 +3.7699e-01 -8.4972e-02 -1.2638e+00 +3.2412e-01 +1.1318e+00 -6.8496e-01 -1.6395e+00 +2.9607e-01 -3.4923e-01
784 0 +5.680924217e+02 +5.680924217e+02 +5.605524217e+02 +5.605524217e+02 +1.4334e+00 +4.0424e-01 -6.5312e-02 -1.3802e+00 +3.2729e-01 +1.1285e+00 -6.2835e-01 -1.6422e+00 +2.9357e-01 -3.0561e-01
786 0 +5.439824894e+02 +5.439824894e+02 +5.364424894e+02 +5.364424894e+02 +1.4677e+00 +5.2815e-01 -8.2822e-02 -1.3349e+00 +3.2805e-01 +1.0425e+00 -6.9404e-01 -1.6633e+00 +2.9303e-01 -2.4689e-01
792 0 +5.317988523e+02 +5.317988523e+02 +5.242588523e+02 +5.242588523e+02 +1.4748e+00 +4.5864e-01 -7.3809e-02 -1.3596e+00 +3.3633e-01 +1.0951e+00 -6.3870e-01 -1.6664e+00 +3.0610e-01 -2.1981e-01
804 0 +5.233239444e+02 +5.233239444e+02 +5.157839444e+02 +5.157839444e+02 +1.4975e+00 +5.1074e-01 -6.8936e-02 -1.3079e+00 +3.3654e-01 +1.0446e+00 -6.3421e-01 -1.6698e+00 +3.1326e-01 -2.0504e-01
811 0 +5.060543991e+02 +5.060543991e+02 +4.985143991e+02 +4.985143991e+02 +1.4964e+00 +4.8675e-01 -8.1392e-02 -1.2848e+00 +3.4494e-01 +1.0548e+00 -6.7093e-01 -1.6868e+00 +2.8844e-01 -1.6864e-01
822 0 +4.998834529e+02 +4.998834529e+02 +4.923434529e+02 +4.923434529e+02 +1.4550e+00 +4.0795e-01 -6.6575e-02 -1.3416e+00 +3.7451e-01 +9.6610e-01 -6.5261e-01 -1.6902e+00 +2.9255e-01 -1.8146e-01
842 0 +4.873166322e+02 +4.873166322e+02 +4.797766322e+02 +4.797766322e+02 +1.5042e+00 +3.8585e-01 -7.5790e-02 -1.2956e+00 +3.7303e-01 +1.1136e+00 -6.9667e-01 -1.6990e+00 +3.1247e-01 -1.6092e-01
863 0 +4.779679219e+02 +4.779679219e+02 +4.704279219e+02 +4.704279219e+02 +1.5377e+00 +4.5958e-01 -7.5553e-02 -1.2330e+00 +3.7859e-01 +9.7375e-01 -7.0681e-01 -1.7101e+00 +3.0976e-01 -1.5910e-01
884 0 +4.620201396e+02 +4.620201396e+02 +4.544801396e+02 +4.544801396e+02 +1.5787e+00 +3.9736e-01 -6.9373e-02 -1.2341e+00 +3.5805e-01 +1.0178e+00 -7.8935e-01 -1.7175e+00 +3.2708e-01 -1.1844e-01
895 0 +4.505848852e+02 +4.505848852e+02 +4.430448852e+02 +4.430448852e+02 +1.5576e+00 +4.1189e-01 -7.0404e-02 -1.2978e+00 +3.5896e-01 +1.0761e+00 -7.2224e-01 -1.7288e+00 +3.2578e-01 -1.6831e-01
907 0 +4.450196160e+02 +4.450196160e+02 +4.374796160e+02 +4.374796160e+02 +1.5523e+00 +4.1373e-01 -7.0499e-02 -1.3081e+00 +3.6330e-01 +1.0020e+00 -6.7297e-01 -1.7335e+00 +3.2911e-01 -1.4341e-01
925 0 +4.358207570e+02 +4.358207570e+02 +4.282807570e+02 +4.282807570e+02 +1.5619e+00 +3.3560e-01 -6.6601e-02 -1.2653e+00 +3.6301e-01 +1.0223e+00 -7.3341e-01 -1.7374e+00 +3.3292e-01 -1.2525e-01
943 0 +4.241433454e+02 +4.241433454e+02 +4.166033454e+02 +4.166033454e+02 +1.5484e+00 +4.0278e-01 -6.4103e-02 -1.2884e+00 +3.6531e-01 +1.0104e+00 -6.9354e-01 -1.7478e+00 +3.1983e-01 -1.2119e-01
991 0 +4.144844406e+02 +4.144844406e+02 +4.069444406e+02 +4.069444406e+02 +1.5768e+00 +4.3127e-01 -5.4709e-02 -1.3046e+00 +3.6321e-01 +1.0449e+00 -7.5537e-01 -1.7562e+00 +3.1682e-01 -1.5198e-01
