% f evaluations | g evaluations | best noise-free fitness - Fopt | noise-free fitness - Fopt (-6.211100000000e+02) | measured fitness | best measured fitness | x1 | x2...
1 0 +4.523086186e+07 +4.523086186e+07 +4.523024075e+07 +4.523024075e+07 +0.0000e+00 +0.0000e+00 +0.0000e+00 +0.0000e+00 +0.0000e+00 +0.0000e+00 +0.0000e+00 +0.0000e+00 +0.0000e+00 +0.0000e+00
2 0 +3.562793083e+07 +3.562793083e+07 +3.562730972e+07 +3.562730972e+07 +1.0144e+00 +2.0023e+00 -1.7296e+00 -4.8760e-01 -7.6351e-01 +2.4304e-01 +2.7737e-01 -6.1165e-01 +3.2585e-02 +4.3325e-01
21 0 +3.156055938e+07 +3.156055938e+07 +3.155993827e+07 +3.155993827e+07 +5.6248e-01 +2.8595e+00 -1.1745e+00 -4.1889e-02 -5.5650e-01 +3.3095e-01 -1.3538e+00 -2.0155e+00 +3.6550e+00 +2.6798e-01
23 0 +2.763023300e+07 +2.763023300e+07 +2.762961189e+07 +2.762961189e+07 +6.1110e-01 +3.2188e+00 -3.8068e-01 -1.8300e-01 -6.3520e-01 +3.6162e-01 -6.1132e-01 +2.2476e-01 +3.4099e+00 +5.8785e-01
326 0 +2.315781969e+07 +2.315781969e+07 +2.315719858e+07 +2.315719858e+07 -3.4480e+00 +3.2832e+00 -3.5997e+00 -2.8727e+00 +2.1825e-01 +9.1967e-01 +1.2998e+00 -2.0956e+00 +3.4566e+00 +6.4835e-01
% f evaluations | g evaluations | best noise-free fitness - Fopt | noise-free fitness - Fopt (-2.548200000000e+02) | measured fitness | best measured fitness | x1 | x2...
1 0 +1.781801414e+08 +1.781801414e+08 +1.781798866e+08 +1.781798866e+08 +0.0000e+00 +0.0000e+00 +0.0000e+00 +0.0000e+00 +0.0000e+00 +0.0000e+00 +0.0000e+00 +0.0000e+00 +0.0000e+00 +0.0000e+00
3 0 +8.165821053e+07 +8.165821053e+07 +8.165795571e+07 +8.165795571e+07 +2.9210e-02 +1.1767e+00 +2.0015e-02 +5.7824e-02 +1.0326e+00 +2.5370e-02 -1.2198e-02 +3.8823e-01 +6.6710e-02 +5.8023e-01
12 0 +6.816758325e+07 +6.816758325e+07 +6.816732843e+07 +6.816732843e+07 +2.9620e-02 +3.7855e+00 -5.6305e-03 -3.5260e-01 +1.0240e+00 +1.1790e-01 +4.5050e-01 -4.6924e-01 +1.1032e+00 -7.3175e-01
13 0 +6.353006240e+07 +6.353006240e+07 +6.352980758e+07 +6.352980758e+07 +1.0177e-01 +4.0395e-01 -6.1956e-03 +8.9639e-01 +1.9230e+00 -6.6382e-02 -3.4214e-01 +1.0077e+00 +9.8281e-01 +2.0035e+00
15 0 +6.192931657e+07 +6.192931657e+07 +6.192906175e+07 +6.192906175e+07 -2.4921e-02 -4.2674e-02 -2.1909e-01 -6.7432e-01 +7.6769e-01 -7.0496e-03 -1.3222e-01 +2.3277e+00 +2.0522e-01 +1.7257e+00
19 0 +3.662978438e+07 +3.662978438e+07 +3.662952956e+07 +3.662952956e+07 +4.6852e-02 +3.1127e+00 -2.1338e-02 +2.9276e-01 +1.1412e+00 +8.4605e-02 +1.0204e+00 +1.6843e+00 +8.3056e-02 +2.6900e+00
39 0 +3.141314746e+07 +3.141314746e+07 +3.141289264e+07 +3.141289264e+07 -3.5213e-02 +3.5526e+00 +4.1248e-01 +6.1405e-01 -1.7639e-02 +5.5899e-01 -3.2046e-01 +3.5056e+00 +1.0808e+00 -7.2262e-01
% f evaluations | g evaluations | best noise-free fitness - Fopt | noise-free fitness - Fopt (5.661000000000e+01) | measured fitness | best measured fitness | x1 | x2...
1 0 +2.160529482e+08 +2.160529482e+08 +2.160530049e+08 +2.160530049e+08 +0.0000e+00 +0.0000e+00 +0.0000e+00 +0.0000e+00 +0.0000e+00 +0.0000e+00 +0.0000e+00 +0.0000e+00 +0.0000e+00 +0.0000e+00
4 0 +6.764573023e+07 +6.764573023e+07 +6.764578684e+07 +6.764578684e+07 -1.7038e-02 -2.3513e+00 -4.2687e-01 +7.0456e-01 -1.6983e-01 +1.1904e+00 -4.9627e-01 -1.7830e+00 -6.1654e-01 +1.2157e+00
12 0 +6.066890710e+07 +6.066890710e+07 +6.066896371e+07 +6.066896371e+07 -9.4423e-02 -3.1015e+00 -2.6788e-01 +8.5041e-01 -2.8321e-02 +4.0962e-01 -2.1372e-01 -2.2136e+00 +1.4389e+00 +1.5517e+00
16 0 +5.342377881e+07 +5.342377881e+07 +5.342383542e+07 +5.342383542e+07 -1.7088e-01 -3.6335e+00 -4.6396e-01 -1.2534e-01 -1.6145e-01 -6.1204e-01 +2.6296e-01 -2.3554e+00 -4.8710e-02 +2.3477e-01
33 0 +5.168189698e+07 +5.168189698e+07 +5.168195359e+07 +5.168195359e+07 +1.0725e-01 -1.6405e+00 -8.6985e-01 -5.4048e-01 +2.9000e-01 -1.0374e+00 +9.2291e-01 -2.7185e+00 +1.7804e+00 +1.2670e+00
44 0 +4.390849314e+07 +4.390849314e+07 +4.390854975e+07 +4.390854975e+07 +6.5007e-02 -1.8003e+00 -1.6276e+00 +1.3125e-01 +4.6287e-01 -1.1920e-01 +1.0328e+00 -2.3213e+00 -1.2944e+00 +2.7408e+00
64 0 +4.335421757e+07 +4.335421757e+07 +4.335427418e+07 +4.335427418e+07 +1.5181e-01 -3.4041e+00 -2.1548e+00 +2.5211e+00 +2.0393e-01 -1.6386e+00 +1.5101e+00 -1.7819e+00 -1.2138e+00 +3.1608e+00
162 0 +4.219492382e+07 +4.219492382e+07 +4.219498043e+07 +4.219498043e+07 -8.3947e-01 +8.5346e-01 -3.2793e+00 +2.3205e+00 +7.3618e-01 -3.6613e+00 +1.1762e+00 -2.9767e+00 -1.6031e+00 +3.6026e-01
% f evaluations | g evaluations | best noise-free fitness - Fopt | noise-free fitness - Fopt (-1.810000000000e+01) | measured fitness | best measured fitness | x1 | x2...
1 0 +1.051796638e+08 +1.051796638e+08 +1.051796457e+08 +1.051796457e+08 +0.0000e+00 +0.0000e+00 +0.0000e+00 +0.0000e+00 +0.0000e+00 +0.0000e+00 +0.0000e+00 +0.0000e+00 +0.0000e+00 +0.0000e+00
2 0 +6.098239187e+07 +6.098239187e+07 +6.098237377e+07 +6.098237377e+07 -4.1898e-01 -1.1322e-02 +1.5478e+00 +3.8904e-01 -6.2448e-01 +2.1055e-01 +4.1021e-03 +3.6181e-01 +2.7322e-01 +3.9710e-01
5 0 +3.566797199e+07 +3.566797199e+07 +3.566795389e+07 +3.566795389e+07 -1.4624e+00 -3.0204e-03 +5.1763e-01 +2.1711e-01 +4.9077e-01 +1.6812e+00 +3.0078e-01 -7.7402e-01 +9.6895e-01 +6.4060e-01
12 0 +2.432479141e+07 +2.432479141e+07 +2.432477331e+07 +2.432477331e+07 -2.0397e+00 +6.3012e-02 +2.0546e+00 +3.9805e-01 +8.1706e-01 +9.7834e-01 +5.4473e-01 -6.9887e-01 +4.1732e-01 +1.3799e+00
22 0 +2.007217450e+07 +2.007217450e+07 +2.007215640e+07 +2.007215640e+07 -2.8686e+00 +7.0266e-02 +1.6484e+00 +2.5045e+00 -4.0874e-01 +2.5378e+00 +4.6176e-01 -1.5793e+00 +1.8969e+00 +1.3285e+00
27 0 +1.832364276e+07 +1.832364276e+07 +1.832362466e+07 +1.832362466e+07 -9.7469e-01 +1.0630e-01 +3.9149e+00 +1.3866e+00 +1.6354e+00 +9.3430e-01 +3.6293e-01 -6.5085e-01 -2.4520e-01 +1.5649e+00
41 0 +1.715582698e+07 +1.715582698e+07 +1.715580888e+07 +1.715580888e+07 -5.6719e-01 +1.3920e-01 +1.2272e+00 +2.2470e+00 +3.1506e+00 -1.1845e+00 -5.0526e-02 -1.6685e+00 +1.6547e+00 +1.1090e+00
% f evaluations | g evaluations | best noise-free fitness - Fopt | noise-free fitness - Fopt (3.777000000000e+01) | measured fitness | best measured fitness | x1 | x2...
1 0 +5.387250641e+07 +5.387250641e+07 +5.387254418e+07 +5.387254418e+07 +0.0000e+00 +0.0000e+00 +0.0000e+00 +0.0000e+00 +0.0000e+00 +0.0000e+00 +0.0000e+00 +0.0000e+00 +0.0000e+00 +0.0000e+00
2 0 +5.004004770e+07 +5.004004770e+07 +5.004008547e+07 +5.004008547e+07 -8.6559e-04 +1.0702e-01 -6.4913e-01 +6.1011e-01 -5.4713e-01 -9.2467e-01 -8.7582e-02 +1.1670e+00 -1.4454e+00 +4.4185e-01
5 0 +4.265089067e+07 +4.265089067e+07 +4.265092844e+07 +4.265092844e+07 +5.6255e-01 +5.9877e-01 -2.1677e-01 -1.6157e+00 -3.1030e-01 -9.8554e-01 -1.7764e-01 +9.9970e-01 -5.0364e-01 -9.3543e-02
13 0 +3.998363625e+07 +3.998363625e+07 +3.998367402e+07 +3.998367402e+07 +2.4777e-01 +1.6058e+00 -6.0306e-01 -1.7826e+00 -1.7976e-01 -6.7475e-01 -5.6868e-01 +4.6802e+00 +8.1461e-01 -2.9357e-01
14 0 +3.578980528e+07 +3.578980528e+07 +3.578984305e+07 +3.578984305e+07 +4.2742e-01 +1.4161e+00 -1.3531e+00 -1.4646e+00 -4.8408e-02 -1.5683e+00 -1.7379e-01 +3.0608e+00 +5.5671e-01 -8.5967e-02
18 0 +2.847447107e+07 +2.847447107e+07 +2.847450884e+07 +2.847450884e+07 +9.0069e-01 +1.1400e+00 +6.0807e-01 -1.1075e+00 +2.0512e-01 -1.2929e+00 -2.5825e-01 +2.3719e+00 +5.0899e-01 -7.6308e-01
30 0 +2.601520624e+07 +2.601520624e+07 +2.601524401e+07 +2.601524401e+07 -5.0814e-02 +3.0610e+00 -1.2098e+00 -8.3178e-01 +1.6761e+00 -1.2323e+00 -5.2135e-02 +3.0988e+00 +3.0457e-01 -2.2998e+00
40 0 +2.014568467e+07 +2.014568467e+07 +2.014572244e+07 +2.014572244e+07 +2.2584e-01 +2.1118e+00 -1.3108e-01 -1.8652e+00 +2.3054e+00 -1.7884e+00 -1.8160e-01 +1.5811e+00 -6.9132e-01 -1.9812e+00
56 0 +1.962458846e+07 +1.962458846e+07 +1.962462623e+07 +1.962462623e+07 -6.7659e-02 +2.3076e+00 -1.4713e+00 -2.5216e-02 +2.9985e+00 -2.0819e+00 -1.2184e-01 +3.1076e+00 -1.3770e+00 -2.0669e+00
59 0 +1.794109043e+07 +1.794109043e+07 +1.794112820e+07 +1.794112820e+07 +4.2128e-01 +2.5631e+00 -9.7183e-01 -6.8546e-01 +2.3466e+00 -1.7867e+00 -2.8599e-01 +2.4246e+00 -1.0465e+00 -2.0734e+00
74 0 +1.430552562e+07 +1.430552562e+07 +1.430556339e+07 +1.430556339e+07 -1.7774e-01 +2.5300e+00 -4.1795e-01 -4.3328e-01 +8.8104e-01 -2.1619e+00 -2.5675e-01 +2.7136e+00 -2.5482e-02 -2.2753e+00
81 0 +1.210280110e+07 +1.210280110e+07 +1.210283887e+07 +1.210283887e+07 -2.4243e-01 +2.4220e+00 -5.3806e-01 -3.3028e-02 +1.2279e+00 -2.1630e+00 -3.2057e-01 +2.4899e+00 -9.7489e-01 -2.6934e+00
97 0 +1.004473404e+07 +1.004473404e+07 +1.004477181e+07 +1.004477181e+07 -9.2811e-01 +2.1771e+00 +3.8449e-01 -8.3257e-02 +8.6698e-01 -1.7076e+00 -5.4062e-01 +2.9990e+00 -1.0368e+00 -2.5476e+00
163 0 +9.685022862e+06 +9.685022862e+06 +9.685060632e+06 +9.685060632e+06 -8.0196e-01 +2.5897e+00 +6.6300e-01 -4.4023e-01 +1.6605e+00 -2.8215e+00 -2.5115e-01 +3.1117e+00 -4.4982e-01 -2.7622e+00
186 0 +7.836308239e+06 +7.836308239e+06 +7.836346009e+06 +7.836346009e+06 -1.3453e+00 +2.6763e+00 -5.5843e-01 -9.0461e-01 +2.0930e+00 -2.8298e+00 -6.1923e-01 +2.7448e+00 -6.7963e-01 -3.2771e+00
286 0 +6.928510362e+06 +6.928510362e+06 +6.928548132e+06 +6.928548132e+06 -1.5643e+00 +2.4008e+00 +1.3366e+00 +2.9288e-01 +2.3332e+00 -3.1572e+00 -7.4111e-01 +2.5877e+00 +1.1352e-02 -2.6173e+00
293 0 +6.060986941e+06 +6.060986941e+06 +6.061024711e+06 +6.061024711e+06 -1.5275e+00 +2.2973e+00 +8.3421e-01 +3.0304e-01 +2.5541e+00 -3.1320e+00 -8.0991e-01 +3.3281e+00 -6.0628e-01 -3.0090e+00
297 0 +5.825944322e+06 +5.825944322e+06 +5.825982092e+06 +5.825982092e+06 -1.6072e+00 +2.1699e+00 +9.7848e-01 +6.0339e-01 +2.2356e+00 -3.4376e+00 -8.4278e-01 +2.8945e+00 -2.0655e-01 -2.8566e+00
404 0 +4.962711252e+06 +4.962711252e+06 +4.962749022e+06 +4.962749022e+06 -8.6449e-01 +2.7289e+00 -6.5121e-02 -8.5768e-01 +2.3433e+00 -3.2415e+00 -1.2393e+00 +2.0950e+00 -6.7600e-01 -4.3089e+00
421 0 +4.717354412e+06 +4.717354412e+06 +4.717392182e+06 +4.717392182e+06 -7.0187e-01 +2.4891e+00 +5.1835e-02 -1.0508e+00 +2.0449e+00 -3.3701e+00 -1.2052e+00 +2.3672e+00 -7.7904e-01 -3.8760e+00
426 0 +4.519551237e+06 +4.519551237e+06 +4.519589007e+06 +4.519589007e+06 -8.0166e-01 +2.7130e+00 -1.8544e-02 -8.7050e-01 +2.5206e+00 -3.0532e+00 -1.2791e+00 +2.6671e+00 -1.1521e+00 -4.0075e+00
428 0 +4.385076742e+06 +4.385076742e+06 +4.385114512e+06 +4.385114512e+06 -7.9394e-01 +2.3632e+00 +1.9368e-01 -1.0684e+00 +2.1263e+00 -3.1271e+00 -1.1974e+00 +2.0239e+00 -1.1461e+00 -4.0494e+00
434 0 +4.204624413e+06 +4.204624413e+06 +4.204662183e+06 +4.204662183e+06 -8.2165e-01 +2.3383e+00 -4.2110e-02 -9.4568e-01 +2.1750e+00 -3.0275e+00 -1.2403e+00 +1.9482e+00 -1.0353e+00 -3.9023e+00
435 0 +4.123459743e+06 +4.123459743e+06 +4.123497513e+06 +4.123497513e+06 -9.9006e-01 +2.1687e+00 -4.1352e-02 -9.8884e-01 +2.5035e+00 -2.9176e+00 -1.2334e+00 +1.9562e+00 -1.2567e+00 -4.1107e+00
444 0 +3.715270326e+06 +3.715270326e+06 +3.715308096e+06 +3.715308096e+06 -8.8288e-01 +2.0087e+00 +2.9501e-01 -6.8639e-01 +2.0439e+00 -3.0764e+00 -1.2489e+00 +2.4733e+00 -1.3262e+00 -3.9530e+00
479 0 +3.563361008e+06 +3.563361008e+06 +3.563398778e+06 +3.563398778e+06 -1.0567e+00 +2.3371e+00 +1.4709e-01 -8.5667e-01 +1.8587e+00 -3.3129e+00 -1.2698e+00 +2.7247e+00 -7.1780e-01 -3.5528e+00
494 0 +3.421996475e+06 +3.421996475e+06 +3.422034245e+06 +3.422034245e+06 -1.0261e+00 +2.5059e+00 +5.7187e-01 -7.7606e-01 +2.0417e+00 -3.4723e+00 -1.2909e+00 +2.3617e+00 -6.3441e-01 -3.2455e+00
500 0 +3.332012337e+06 +3.332012337e+06 +3.332050107e+06 +3.332050107e+06 -1.0669e+00 +2.6422e+00 +2.5085e-01 -6.6395e-01 +1.5377e+00 -3.2573e+00 -1.2963e+00 +2.7777e+00 -9.9917e-01 -3.3880e+00
512 0 +3.116541855e+06 +3.116541855e+06 +3.116579625e+06 +3.116579625e+06 -1.1210e+00 +2.6005e+00 +2.3198e-01 -3.9266e-01 +1.5720e+00 -3.4122e+00 -1.2931e+00 +2.4852e+00 -1.3516e+00 -3.2186e+00
513 0 +2.945390615e+06 +2.945390615e+06 +2.945428385e+06 +2.945428385e+06 -1.1817e+00 +2.5401e+00 +5.0731e-01 -5.0976e-01 +1.7682e+00 -3.3840e+00 -1.2874e+00 +2.7658e+00 -8.5169e-01 -3.2612e+00
526 0 +2.850664115e+06 +2.850664115e+06 +2.850701885e+06 +2.850701885e+06 -1.0733e+00 +2.4949e+00 +6.2318e-01 -3.3756e-01 +1.9084e+00 -3.3133e+00 -1.2787e+00 +2.6954e+00 -9.3533e-01 -3.0234e+00
566 0 +2.812704959e+06 +2.812704959e+06 +2.812742729e+06 +2.812742729e+06 -1.1062e+00 +2.5702e+00 +3.8517e-01 -7.0486e-02 +1.5960e+00 -3.5918e+00 -1.3641e+00 +2.0949e+00 -8.0321e-01 -2.7149e+00
574 0 +2.454085590e+06 +2.454085590e+06 +2.454123360e+06 +2.454123360e+06 -1.2420e+00 +2.3026e+00 +8.7314e-02 -2.0302e-01 +1.6547e+00 -3.2368e+00 -1.3644e+00 +2.5161e+00 -9.9933e-01 -2.9871e+00
590 0 +2.371700287e+06 +2.371700287e+06 +2.371738057e+06 +2.371738057e+06 -1.2978e+00 +2.2608e+00 +1.7351e-02 -5.6346e-02 +1.6241e+00 -3.3954e+00 -1.3919e+00 +2.6214e+00 -6.4192e-01 -2.7212e+00
598 0 +2.321779541e+06 +2.321779541e+06 +2.321817311e+06 +2.321817311e+06 -1.3297e+00 +2.2416e+00 +9.5861e-02 -4.0788e-04 +1.5047e+00 -3.2972e+00 -1.3968e+00 +2.5385e+00 -7.2545e-01 -2.7792e+00
614 0 +2.283766640e+06 +2.283766640e+06 +2.283804410e+06 +2.283804410e+06 -1.3454e+00 +2.2249e+00 +2.1787e-02 -1.8611e-02 +1.4781e+00 -3.2712e+00 -1.4224e+00 +2.7024e+00 -7.2765e-01 -2.6712e+00
647 0 +2.207764928e+06 +2.207764928e+06 +2.207802698e+06 +2.207802698e+06 -1.3155e+00 +2.2100e+00 +8.0620e-02 -2.5182e-03 +1.6334e+00 -3.3845e+00 -1.4163e+00 +2.7564e+00 -6.7709e-01 -2.5698e+00
674 0 +2.163796847e+06 +2.163796847e+06 +2.163834617e+06 +2.163834617e+06 -1.3586e+00 +2.1931e+00 +1.9978e-01 -7.0261e-02 +1.4734e+00 -3.5346e+00 -1.4264e+00 +2.6433e+00 -6.7561e-01 -2.7091e+00
683 0 +2.069711072e+06 +2.069711072e+06 +2.069748842e+06 +2.069748842e+06 -1.2837e+00 +2.1529e+00 +2.8293e-01 -9.5435e-02 +1.5427e+00 -3.2314e+00 -1.4569e+00 +2.4716e+00 -7.3635e-01 -2.7577e+00
698 0 +1.961791788e+06 +1.961791788e+06 +1.961829558e+06 +1.961829558e+06 -1.3083e+00 +2.1978e+00 +2.6698e-01 -4.3465e-02 +1.7316e+00 -3.5208e+00 -1.4621e+00 +2.7415e+00 -7.5846e-01 -2.6641e+00
706 0 +1.945462793e+06 +1.945462793e+06 +1.945500563e+06 +1.945500563e+06 -1.3029e+00 +2.2157e+00 +2.6866e-01 +1.5800e-02 +1.8270e+00 -3.4405e+00 -1.4715e+00 +2.6706e+00 -7.5134e-01 -2.7228e+00
722 0 +1.895881779e+06 +1.895881779e+06 +1.895919549e+06 +1.895919549e+06 -1.3039e+00 +2.1792e+00 +3.6040e-01 +5.2463e-02 +1.6689e+00 -3.4639e+00 -1.4736e+00 +2.9200e+00 -7.7469e-01 -2.5837e+00
723 0 +1.861260360e+06 +1.861260360e+06 +1.861298130e+06 +1.861298130e+06 -1.2772e+00 +2.2268e+00 +3.7263e-01 +1.4828e-01 +1.7113e+00 -3.3719e+00 -1.4870e+00 +2.7041e+00 -8.8428e-01 -2.7274e+00
757 0 +1.794989304e+06 +1.794989304e+06 +1.795027074e+06 +1.795027074e+06 -1.3261e+00 +2.1092e+00 +5.1360e-01 +1.8867e-01 +1.5181e+00 -3.4989e+00 -1.5103e+00 +2.7738e+00 -8.6831e-01 -2.6216e+00
797 0 +1.746488775e+06 +1.746488775e+06 +1.746526545e+06 +1.746526545e+06 -1.3177e+00 +2.1493e+00 +3.8948e-01 +4.8671e-02 +1.5790e+00 -3.5582e+00 -1.5284e+00 +2.8669e+00 -7.0374e-01 -2.7296e+00
816 0 +1.671860934e+06 +1.671860934e+06 +1.671898704e+06 +1.671898704e+06 -1.3485e+00 +2.2863e+00 +5.8753e-01 +2.0829e-02 +1.5763e+00 -3.4749e+00 -1.5674e+00 +2.7930e+00 -7.5197e-01 -2.8171e+00
823 0 +1.644263618e+06 +1.644263618e+06 +1.644301388e+06 +1.644301388e+06 -1.2914e+00 +2.1434e+00 +5.5057e-01 +1.6002e-02 +1.5496e+00 -3.3495e+00 -1.5651e+00 +2.6592e+00 -8.5110e-01 -2.7927e+00
824 0 +1.595804001e+06 +1.595804001e+06 +1.595841771e+06 +1.595841771e+06 -1.2884e+00 +2.2297e+00 +4.4961e-01 +4.4505e-02 +1.4063e+00 -3.3986e+00 -1.6111e+00 +2.9417e+00 -8.3949e-01 -2.8662e+00
866 0 +1.528013968e+06 +1.528013968e+06 +1.528051738e+06 +1.528051738e+06 -1.1457e+00 +2.1383e+00 +3.9143e-01 +3.8746e-02 +1.6803e+00 -3.3930e+00 -1.6434e+00 +2.5841e+00 -9.7390e-01 -3.0562e+00
873 0 +1.509349085e+06 +1.509349085e+06 +1.509386855e+06 +1.509386855e+06 -1.1478e+00 +2.1713e+00 +3.3292e-01 -7.7204e-02 +1.5414e+00 -3.2867e+00 -1.6594e+00 +2.8169e+00 -1.0055e+00 -2.9624e+00
878 0 +1.453495991e+06 +1.453495991e+06 +1.453533761e+06 +1.453533761e+06 -1.1481e+00 +2.1448e+00 +4.3776e-01 -6.7943e-02 +1.5578e+00 -3.3528e+00 -1.6711e+00 +2.6172e+00 -8.5619e-01 -3.0296e+00
882 0 +1.440326880e+06 +1.440326880e+06 +1.440364650e+06 +1.440364650e+06 -1.1960e+00 +2.1425e+00 +4.7865e-01 -5.7141e-03 +1.5584e+00 -3.3062e+00 -1.6836e+00 +2.5751e+00 -7.4295e-01 -3.0102e+00
902 0 +1.408866063e+06 +1.408866063e+06 +1.408903833e+06 +1.408903833e+06 -1.2939e+00 +2.0654e+00 +5.0102e-01 -2.2556e-02 +1.7383e+00 -3.2922e+00 -1.6914e+00 +2.7888e+00 -7.0380e-01 -2.9509e+00
905 0 +1.371389730e+06 +1.371389730e+06 +1.371427500e+06 +1.371427500e+06 -1.2649e+00 +2.0710e+00 +5.0815e-01 +2.3443e-02 +1.6624e+00 -3.3181e+00 -1.7090e+00 +2.5511e+00 -7.2602e-01 -2.9944e+00
921 0 +1.347434134e+06 +1.347434134e+06 +1.347471904e+06 +1.347471904e+06 -1.2577e+00 +2.1651e+00 +5.6144e-01 -4.3889e-02 +1.6766e+00 -3.3028e+00 -1.7179e+00 +2.5161e+00 -7.4142e-01 -2.9407e+00
923 0 +1.302032318e+06 +1.302032318e+06 +1.302070088e+06 +1.302070088e+06 -1.2897e+00 +2.0785e+00 +5.8061e-01 +6.1808e-03 +1.6298e+00 -3.3154e+00 -1.7256e+00 +2.6504e+00 -7.5770e-01 -2.9182e+00
933 0 +1.267985680e+06 +1.267985680e+06 +1.268023450e+06 +1.268023450e+06 -1.2740e+00 +2.0640e+00 +6.1511e-01 -3.7176e-02 +1.7306e+00 -3.2907e+00 -1.7543e+00 +2.6040e+00 -7.9870e-01 -2.9628e+00
942 0 +1.232959131e+06 +1.232959131e+06 +1.232996901e+06 +1.232996901e+06 -1.2639e+00 +2.0551e+00 +5.1326e-01 -5.1603e-02 +1.7503e+00 -3.3881e+00 -1.7538e+00 +2.5277e+00 -8.7735e-01 -2.9732e+00
952 0 +1.185485959e+06 +1.185485959e+06 +1.185523729e+06 +1.185523729e+06 -1.2695e+00 +2.1554e+00 +4.2886e-01 -3.0819e-02 +1.7076e+00 -3.3859e+00 -1.7510e+00 +2.6609e+00 -1.0018e+00 -2.7582e+00
% f evaluations | g evaluations | best noise-free fitness - Fopt | noise-free fitness - Fopt (-6.325500000000e+02) | measured fitness | best measured fitness | x1 | x2...
1 0 +4.086390818e+07 +4.086390818e+07 +4.086327563e+07 +4.086327563e+07 +0.0000e+00 +0.0000e+00 +0.0000e+00 +0.0000e+00 +0.0000e+00 +0.0000e+00 +0.0000e+00 +0.0000e+00 +0.0000e+00 +0.0000e+00
4 0 +4.002406690e+07 +4.002406690e+07 +4.002343435e+07 +4.002343435e+07 -1.6535e+00 +1.2220e-01 +2.0326e-01 +7.3293e-02 +2.2584e-01 +1.6642e+00 +6.4038e-01 -1.9009e-01 -2.9617e-01 +2.4163e-01
10 0 +3.450164937e+07 +3.450164937e+07 +3.450101682e+07 +3.450101682e+07 -7.0329e-01 +4.5069e-01 +1.1101e+00 +3.8449e-01 +1.7877e-02 +4.8431e-01 +4.6138e-01 -4.4573e-01 +2.3165e-01 -5.9450e-01
16 0 +3.251567840e+07 +3.251567840e+07 +3.251504585e+07 +3.251504585e+07 -1.4143e-02 +1.2712e+00 +1.7675e-01 +1.5538e+00 -2.4939e-01 +1.7487e+00 +2.0868e-01 -1.8119e+00 +7.9826e-02 -3.3565e-01
17 0 +2.320578941e+07 +2.320578941e+07 +2.320515686e+07 +2.320515686e+07 -5.9023e-01 +3.6565e-01 +3.6808e-01 +2.4364e+00 +5.3262e-01 +2.0216e+00 -1.9717e-01 -3.8278e-01 +4.0490e-01 -6.6795e-01
21 0 +1.936764963e+07 +1.936764963e+07 +1.936701708e+07 +1.936701708e+07 +2.9352e-01 +5.1290e-01 +1.3893e-01 +2.0953e+00 -2.8147e-01 +1.9508e+00 +3.9771e-01 +4.2417e-01 +1.2032e-01 -2.0058e-01
33 0 +1.647706190e+07 +1.647706190e+07 +1.647642935e+07 +1.647642935e+07 +1.4453e+00 +3.3586e-01 -6.8413e-01 +1.8832e+00 -9.6218e-01 +3.9957e+00 -3.8202e-01 +5.3591e-01 -2.3028e-01 -8.4993e-01
34 0 +7.466164425e+06 +7.466164425e+06 +7.465531875e+06 +7.465531875e+06 -6.8017e-01 +4.2770e-01 +1.9221e+00 +2.9630e+00 -2.9168e-01 +5.1041e+00 -1.0498e+00 +8.4383e-01 +1.4459e-01 -8.5197e-01
52 0 +6.982413010e+06 +6.982413010e+06 +6.981780460e+06 +6.981780460e+06 +7.9815e-02 +7.0484e-01 +9.4011e-01 +1.9216e+00 -4.5795e-01 +3.8044e+00 -6.9957e-01 +5.4455e-01 +4.3417e-01 -3.3321e-01
97 0 +5.056167014e+06 +5.056167014e+06 +5.055534464e+06 +5.055534464e+06 +8.4198e-01 -2.0083e-02 +9.7102e-01 -1.6259e-01 -7.5526e-01 +2.8093e+00 -2.1192e+00 +1.4297e+00 -4.6527e-01 -5.4039e-01
108 0 +2.425452353e+06 +2.425452353e+06 +2.424819803e+06 +2.424819803e+06 +9.1212e-01 +3.7803e-01 +2.4099e+00 +1.4201e+00 -8.6643e-01 +1.8182e+00 -2.2467e+00 +1.0140e+00 +2.1036e-01 -9.5103e-01
% f evaluations | g evaluations | best noise-free fitness - Fopt | noise-free fitness - Fopt (-8.530000000000e+01) | measured fitness | best measured fitness | x1 | x2...
1 0 +1.553952282e+08 +1.553952282e+08 +1.553951429e+08 +1.553951429e+08 +0.0000e+00 +0.0000e+00 +0.0000e+00 +0.0000e+00 +0.0000e+00 +0.0000e+00 +0.0000e+00 +0.0000e+00 +0.0000e+00 +0.0000e+00
4 0 +7.605972355e+07 +7.605972355e+07 +7.605963825e+07 +7.605963825e+07 +9.7289e-01 +2.1361e+00 +2.8864e-01 +1.8209e+00 -7.3939e-01 +2.1938e-01 +1.7138e+00 +1.9255e-01 +5.3610e-01 +1.4317e-01
6 0 +3.504631881e+07 +3.504631881e+07 +3.504623351e+07 +3.504623351e+07 +1.0471e+00 -1.7335e+00 +8.2115e-01 -9.2374e-01 +1.3676e+00 +1.1046e+00 +4.4585e-01 -1.1706e+00 -4.5051e-01 -1.4689e-02
20 0 +2.477197596e+07 +2.477197596e+07 +2.477189066e+07 +2.477189066e+07 +6.9617e-01 -2.7655e+00 +1.7841e+00 +2.4128e-02 -1.6989e+00 -1.5019e-02 +3.5732e+00 -8.6500e-01 +3.6139e-01 +2.7065e-01
34 0 +2.162959190e+07 +2.162959190e+07 +2.162950660e+07 +2.162950660e+07 +8.4859e-02 +5.7636e-01 +1.5591e-01 -3.1216e+00 -1.5482e+00 +1.9378e+00 +1.5889e+00 +3.1034e-01 +1.2247e+00 +1.5925e-01
379 0 +1.989132579e+07 +1.989132579e+07 +1.989124049e+07 +1.989124049e+07 +1.8051e+00 -8.4686e-01 +2.3396e+00 -8.9849e-01 -1.9075e+00 +3.5974e+00 +2.4611e+00 -1.6301e+00 -1.6714e+00 +1.3717e+00
382 0 +1.895936584e+07 +1.895936584e+07 +1.895928054e+07 +1.895928054e+07 +1.6196e+00 -2.4252e-01 +2.0839e+00 -2.2296e-01 -1.9956e+00 +3.4841e+00 +2.8418e+00 -1.4534e+00 -1.7213e+00 +1.3793e+00
385 0 +1.848095323e+07 +1.848095323e+07 +1.848086793e+07 +1.848086793e+07 +2.0925e+00 -6.0288e-01 +1.7625e+00 -2.9390e-01 -2.2599e+00 +3.5875e+00 +2.7282e+00 -1.3286e+00 -1.8102e+00 +1.2484e+00
406 0 +1.718263042e+07 +1.718263042e+07 +1.718254512e+07 +1.718254512e+07 +2.4626e+00 -2.1079e-01 +2.0372e+00 -7.6599e-01 -2.5385e+00 +3.6988e+00 +2.5706e+00 -1.1753e+00 -1.4835e+00 +1.1356e+00
411 0 +1.609021155e+07 +1.609021155e+07 +1.609012625e+07 +1.609012625e+07 +1.6707e+00 -3.8011e-01 +2.6325e+00 -1.0413e+00 -2.4188e+00 +3.2481e+00 +2.5036e+00 -6.3843e-01 -1.6013e+00 +1.1677e+00
416 0 +1.559671167e+07 +1.559671167e+07 +1.559662637e+07 +1.559662637e+07 +2.3066e+00 -4.4421e-01 +1.9514e+00 -8.1806e-01 -2.7121e+00 +3.5562e+00 +2.4644e+00 -8.9667e-01 -1.4053e+00 +1.3589e+00
425 0 +1.484391024e+07 +1.484391024e+07 +1.484382494e+07 +1.484382494e+07 +2.2007e+00 -5.5202e-01 +2.0039e+00 -1.0725e+00 -2.6811e+00 +3.7114e+00 +2.6449e+00 -8.4637e-01 -1.2237e+00 +1.3463e+00
440 0 +1.398375286e+07 +1.398375286e+07 +1.398366756e+07 +1.398366756e+07 +1.8596e+00 -7.1045e-01 +2.0367e+00 -8.9431e-01 -2.8103e+00 +3.3390e+00 +3.1032e+00 -4.1609e-01 -1.3072e+00 +1.3714e+00
448 0 +1.295018804e+07 +1.295018804e+07 +1.295010274e+07 +1.295010274e+07 +1.8175e+00 -9.1492e-01 +1.7111e+00 -6.7528e-01 -3.1475e+00 +3.4413e+00 +2.9156e+00 -8.4263e-01 -1.4316e+00 +1.3242e+00
462 0 +1.267833144e+07 +1.267833144e+07 +1.267824614e+07 +1.267824614e+07 +2.0165e+00 -1.3521e+00 +1.1507e+00 -4.9202e-01 -2.8439e+00 +3.2214e+00 +2.7923e+00 -1.2526e+00 -1.3302e+00 +1.0172e+00
466 0 +1.240035985e+07 +1.240035985e+07 +1.240027455e+07 +1.240027455e+07 +2.1054e+00 -7.0752e-01 +1.1312e+00 -1.2850e+00 -3.1043e+00 +2.9329e+00 +2.7007e+00 -7.4839e-01 -1.3749e+00 +1.1503e+00
% f evaluations | g evaluations | best noise-free fitness - Fopt | noise-free fitness - Fopt (1.719500000000e+02) | measured fitness | best measured fitness | x1 | x2...
1 0 +1.691286664e+08 +1.691286664e+08 +1.691288383e+08 +1.691288383e+08 +0.0000e+00 +0.0000e+00 +0.0000e+00 +0.0000e+00 +0.0000e+00 +0.0000e+00 +0.0000e+00 +0.0000e+00 +0.0000e+00 +0.0000e+00
3 0 +1.641734363e+08 +1.641734363e+08 +1.641736082e+08 +1.641736082e+08 +9.1478e-01 -5.3591e-01 +3.8150e-01 +8.0696e-01 -1.0885e-01 +3.7608e-02 +8.0142e-01 -2.4199e-01 -9.3143e-01 +4.1601e-02
6 0 +8.883036616e+07 +8.883036616e+07 +8.883053811e+07 +8.883053811e+07 +2.2235e+00 -2.1119e-02 +8.6551e-02 -2.4597e-01 +9.5684e-02 -2.2627e-01 +8.1887e-01 -2.3086e-02 -8.6458e-01 +1.2849e-02
8 0 +8.489155111e+07 +8.489155111e+07 +8.489172306e+07 +8.489172306e+07 +1.4480e+00 +1.5203e-01 -1.0354e+00 -5.8919e-01 -3.6494e-02 +1.7296e-01 +9.9052e-02 -1.6528e-02 -4.5043e-01 -1.4508e-01
14 0 +5.261279601e+07 +5.261279601e+07 +5.261296796e+07 +5.261296796e+07 +3.2789e+00 +9.0221e-01 -2.4611e+00 -6.5508e-01 -4.4148e-01 -9.8735e-02 +7.0687e-01 +2.4984e-01 -7.1743e-01 -1.2613e-01
38 0 +5.023049089e+07 +5.023049089e+07 +5.023066284e+07 +5.023066284e+07 +3.3968e+00 +9.1986e-02 -1.6519e+00 -1.6927e+00 +1.1827e-02 +5.8117e-02 -8.9107e-01 +1.9800e-01 -7.2763e-01 -1.1954e-01
44 0 +4.776504417e+07 +4.776504417e+07 +4.776521612e+07 +4.776521612e+07 +3.9462e+00 +5.2114e-01 -1.9662e+00 -2.9858e+00 -2.8476e-01 +6.8626e-02 +3.1194e-01 +1.1399e-01 -1.3498e+00 -1.2659e-01
75 0 +4.569218953e+07 +4.569218953e+07 +4.569236148e+07 +4.569236148e+07 +3.8182e+00 +9.4758e-01 -3.7009e+00 -3.1354e+00 -8.4349e-01 +2.6597e-01 +1.5015e-03 +1.5478e-01 -4.9889e-01 -2.1447e-01
78 0 +4.004461267e+07 +4.004461267e+07 +4.004478462e+07 +4.004478462e+07 +2.4694e+00 +1.1082e+00 -3.7428e+00 -2.7731e+00 -8.0304e-01 +1.5451e-01 -2.2762e+00 +7.2210e-02 -1.2135e+00 -2.1251e-01
81 0 +3.584239947e+07 +3.584239947e+07 +3.584257142e+07 +3.584257142e+07 +3.8164e+00 +7.5081e-01 -2.7347e+00 -2.4113e+00 -3.8239e-01 +1.2242e-01 -1.8088e+00 +1.8033e-01 -1.9395e+00 -9.5846e-02
92 0 +3.275235242e+07 +3.275235242e+07 +3.275252437e+07 +3.275252437e+07 +2.5236e+00 +2.5441e+00 -1.2294e+00 -3.4440e+00 -8.1603e-01 +1.9199e-01 -1.3319e+00 -6.9868e-02 -1.6461e+00 -1.4100e-01
103 0 +3.218213427e+07 +3.218213427e+07 +3.218230622e+07 +3.218230622e+07 +3.3418e+00 +2.7353e+00 -4.1565e+00 -3.0606e+00 -1.2040e+00 +1.5774e-01 -2.1300e+00 +6.1146e-01 -1.5187e+00 -1.7031e-01
113 0 +2.838564239e+07 +2.838564239e+07 +2.838581434e+07 +2.838581434e+07 +3.4037e+00 +2.4253e+00 -2.4191e+00 -2.7477e+00 -1.6895e+00 +1.7886e-01 -3.5016e+00 +7.4675e-01 -2.5439e+00 -2.2206e-01
128 0 +2.539038641e+07 +2.539038641e+07 +2.539055836e+07 +2.539055836e+07 +3.6481e+00 +2.4808e+00 -2.0394e+00 -2.4756e+00 -1.5898e+00 +1.8990e-01 -2.8585e+00 -8.7012e-02 -2.8282e+00 -8.1231e-02
132 0 +2.195590800e+07 +2.195590800e+07 +2.195607995e+07 +2.195607995e+07 +4.0715e+00 +2.3847e+00 -2.7461e+00 -4.0786e+00 -9.1625e-01 +4.0121e-01 -3.8861e+00 -5.9995e-01 -1.8975e+00 -1.9009e-01
154 0 +2.108548274e+07 +2.108548274e+07 +2.108565469e+07 +2.108565469e+07 +4.6215e+00 +3.2491e+00 -2.8370e+00 -4.7153e+00 -7.8241e-01 +4.5913e-01 -5.0189e+00 -5.9396e-01 -3.8392e+00 -6.4075e-02
164 0 +1.872058928e+07 +1.872058928e+07 +1.872076123e+07 +1.872076123e+07 +4.1113e+00 +3.4704e+00 -1.7135e+00 -4.3975e+00 -1.1513e+00 +5.3506e-01 -4.1712e+00 -5.4581e-01 -2.7560e+00 -1.0440e-01
178 0 +1.854347948e+07 +1.854347948e+07 +1.854365143e+07 +1.854365143e+07 +4.7346e+00 +3.3016e+00 -2.1668e+00 -4.1432e+00 -8.1551e-01 +5.6017e-01 -4.5587e+00 -5.2705e-01 -3.1629e+00 -7.3626e-02
220 0 +1.514690751e+07 +1.514690751e+07 +1.514707946e+07 +1.514707946e+07 +4.7347e+00 +3.4964e+00 -3.0496e+00 -3.8792e+00 -1.6125e+00 +5.9104e-01 -4.4991e+00 -1.4533e+00 -3.1603e+00 -2.9596e-02
366 0 +1.510566129e+07 +1.510566129e+07 +1.510583324e+07 +1.510583324e+07 +4.6521e+00 +2.9714e+00 -3.1063e+00 -3.6006e+00 -1.9126e+00 +6.7421e-01 -4.1879e+00 -1.3494e+00 -2.5501e+00 +7.3166e-03
411 0 +1.440886002e+07 +1.440886002e+07 +1.440903197e+07 +1.440903197e+07 +4.1023e+00 +3.4225e+00 -2.7369e+00 -4.0571e+00 -1.8602e+00 +7.0587e-01 -4.2062e+00 -1.5080e+00 -2.5880e+00 +4.7845e-03
425 0 +1.401295680e+07 +1.401295680e+07 +1.401312875e+07 +1.401312875e+07 +4.7085e+00 +3.5235e+00 -2.6473e+00 -4.1707e+00 -1.7188e+00 +8.1518e-01 -4.5950e+00 -1.4679e+00 -3.2987e+00 -3.3713e-02
544 0 +1.378400439e+07 +1.378400439e+07 +1.378417634e+07 +1.378417634e+07 +5.5497e+00 +3.3373e+00 -3.2013e+00 -3.6259e+00 -2.2224e+00 +1.1295e+00 -4.8088e+00 -2.2058e+00 -3.7148e+00 +8.8819e-02
567 0 +1.259703423e+07 +1.259703423e+07 +1.259720618e+07 +1.259720618e+07 +4.5424e+00 +3.7430e+00 -3.7306e+00 -3.8059e+00 -2.3962e+00 +1.1483e+00 -4.7746e+00 -1.9098e+00 -4.0378e+00 +1.4732e-01
585 0 +1.140108956e+07 +1.140108956e+07 +1.140126151e+07 +1.140126151e+07 +3.5536e+00 +3.7633e+00 -2.7936e+00 -3.4004e+00 -2.1552e+00 +1.3355e+00 -4.5364e+00 -1.7756e+00 -3.2945e+00 +2.2032e-01
623 0 +8.293305463e+06 +8.293305463e+06 +8.293477413e+06 +8.293477413e+06 +3.4462e+00 +4.8115e+00 -2.9416e+00 -3.2213e+00 -2.5525e+00 +1.6296e+00 -5.9533e+00 -7.0700e-01 -3.5994e+00 +3.2794e-01
825 0 +6.603957978e+06 +6.603957978e+06 +6.604129928e+06 +6.604129928e+06 +4.8382e+00 +3.7925e+00 -2.9042e+00 -4.0787e+00 -3.4873e+00 +1.8925e+00 -6.6586e+00 -1.6860e+00 -3.4841e+00 +6.1306e-02
% f evaluations | g evaluations | best noise-free fitness - Fopt | noise-free fitness - Fopt (6.816000000000e+01) | measured fitness | best measured fitness | x1 | x2...
1 0 +1.243651037e+08 +1.243651037e+08 +1.243651718e+08 +1.243651718e+08 +0.0000e+00 +0.0000e+00 +0.0000e+00 +0.0000e+00 +0.0000e+00 +0.0000e+00 +0.0000e+00 +0.0000e+00 +0.0000e+00 +0.0000e+00
2 0 +7.949706910e+07 +7.949706910e+07 +7.949713726e+07 +7.949713726e+07 +1.4164e+00 +7.5341e-02 +2.6071e-01 -2.4889e-02 +4.2146e-02 -9.1603e-03 -1.7971e-01 +4.0895e-01 -9.4505e-01 +8.8385e-01
5 0 +6.166030049e+07 +6.166030049e+07 +6.166036865e+07 +6.166036865e+07 +2.8051e+00 +3.3846e-01 +2.8890e-03 -6.0928e-01 +5.6084e-01 +1.3427e+00 -1.0513e-01 +5.7066e-01 -8.3993e-02 +5.8005e-01
40 0 +5.601332807e+07 +5.601332807e+07 +5.601339623e+07 +5.601339623e+07 +1.5885e+00 -1.2664e-01 +1.8446e-01 +8.3888e-01 +2.5602e+00 -8.4399e-01 -2.7424e-02 +8.0594e-01 -1.3667e+00 -5.1986e-02
41 0 +5.128890317e+07 +5.128890317e+07 +5.128897133e+07 +5.128897133e+07 +4.0947e+00 +8.0181e-01 -4.6137e-01 -4.9409e-01 +2.5578e+00 -4.7401e-02 +5.9057e-01 +1.0821e+00 -1.2075e+00 -1.0150e+00
42 0 +4.302496524e+07 +4.302496524e+07 +4.302503340e+07 +4.302503340e+07 +1.1312e+00 +4.6408e-01 -2.1930e-01 +2.4703e+00 +1.6812e+00 -6.0032e-01 +3.2630e-01 +9.5762e-01 -1.3149e+00 +1.4797e+00
43 0 +3.828129667e+07 +3.828129667e+07 +3.828136483e+07 +3.828136483e+07 +3.5168e+00 +2.7639e-01 -9.9306e-01 +2.1253e+00 +3.6429e+00 +2.0540e-01 +1.1649e+00 +3.6801e+00 -2.5932e+00 -1.1395e+00
56 0 +3.277898622e+07 +3.277898622e+07 +3.277905438e+07 +3.277905438e+07 +7.3703e+00 +9.4962e-01 -6.8376e-01 +3.4309e+00 +3.0439e+00 +1.4368e+00 +1.3609e+00 +1.6911e+00 -2.9410e+00 +8.6917e-01
% f evaluations | g evaluations | best noise-free fitness - Fopt | noise-free fitness - Fopt (1.000000000000e+03) | measured fitness | best measured fitness | x1 | x2...
1 0 +8.088109425e+07 +8.088109425e+07 +8.088209425e+07 +8.088209425e+07 +0.0000e+00 +0.0000e+00 +0.0000e+00 +0.0000e+00 +0.0000e+00 +0.0000e+00 +0.0000e+00 +0.0000e+00 +0.0000e+00 +0.0000e+00
2 0 +6.524039167e+07 +6.524039167e+07 +6.524139167e+07 +6.524139167e+07 -2.4205e-02 -5.2662e-02 +1.8382e-01 -3.5575e-01 -3.8367e-02 -1.4642e-01 -1.6358e+00 +1.1269e-01 -3.8380e-01 +9.0730e-01
16 0 +6.187665396e+07 +6.187665396e+07 +6.187765396e+07 +6.187765396e+07 -2.4684e-01 -1.3748e-01 +8.0719e-01 +1.9607e-01 -1.8724e-02 +3.9838e-02 -1.2967e+00 +2.0670e-01 +9.7377e-02 +1.6843e+00
23 0 +5.902573858e+07 +5.902573858e+07 +5.902673858e+07 +5.902673858e+07 -2.3489e+00 -6.4388e-02 +7.7018e-01 +4.9335e-01 +2.5747e-03 +3.1359e-01 -1.8230e+00 +3.4777e-01 +1.0949e-01 +1.1393e+00
25 0 +5.255277338e+07 +5.255277338e+07 +5.255377338e+07 +5.255377338e+07 -1.0287e+00 +1.1568e-01 +1.2047e+00 +6.6060e-01 +3.4706e-02 +1.2817e-01 -1.5188e+00 -3.7637e-02 -5.9887e-01 +1.4007e+00
33 0 +4.788847728e+07 +4.788847728e+07 +4.788947728e+07 +4.788947728e+07 -3.4493e+00 +4.2589e-01 +1.7473e+00 +2.1108e-01 +5.0762e-04 -1.4583e-01 -1.7525e+00 +2.2714e-01 +4.1426e-01 +2.2010e+00
38 0 +4.696007446e+07 +4.696007446e+07 +4.696107446e+07 +4.696107446e+07 -2.9360e+00 +1.6036e-01 +1.4547e+00 +6.1425e-01 +2.6904e-03 -5.2266e-02 -1.9760e+00 +3.5889e-01 +2.4170e-01 +3.3375e+00
42 0 +4.564885681e+07 +4.564885681e+07 +4.564985681e+07 +4.564985681e+07 -5.0751e+00 +1.9862e-01 +2.4984e+00 +7.3826e-02 +1.3857e-02 -7.3269e-02 -1.2828e+00 +2.1227e-01 +2.2907e-01 +3.6938e+00
44 0 +4.428981955e+07 +4.428981955e+07 +4.429081955e+07 +4.429081955e+07 -4.4495e+00 +8.2694e-02 +4.5781e-01 +3.3555e-01 -4.1946e-03 -1.6321e-01 -2.1327e+00 +1.2304e-01 +1.0392e-01 +3.2948e+00
46 0 +4.293878989e+07 +4.293878989e+07 +4.293978989e+07 +4.293978989e+07 -2.2511e+00 -1.8181e-02 +1.7290e+00 +3.8863e-01 +1.5051e-02 -3.7656e-01 -1.6273e+00 +9.1470e-02 +1.8387e-01 +3.8278e+00
52 0 +3.975005615e+07 +3.975005615e+07 +3.975105615e+07 +3.975105615e+07 -3.0416e+00 -1.8641e-01 +3.9452e-01 -2.2142e-01 -3.6820e-02 -8.7646e-01 -2.5572e+00 +1.2990e-02 +5.3074e-02 +3.4409e+00
56 0 +3.853735051e+07 +3.853735051e+07 +3.853835051e+07 +3.853835051e+07 -4.8502e+00 -3.0715e-02 +8.3582e-01 +2.0149e-01 +7.9442e-03 -1.0032e+00 -2.2773e+00 -3.8990e-02 +1.6298e-01 +3.5036e+00
127 0 +3.563520033e+07 +3.563520033e+07 +3.563620033e+07 +3.563620033e+07 -4.5353e+00 +1.2196e+00 -1.9270e-01 -3.0961e+00 -4.3689e-04 -1.1842e+00 +1.8287e+00 -1.5428e+00 -2.1290e+00 +1.6803e+00
134 0 +3.386435656e+07 +3.386435656e+07 +3.386535656e+07 +3.386535656e+07 -7.8240e+00 +1.1860e+00 -1.9550e+00 -1.2026e+00 -2.7141e-02 -1.2120e+00 -4.0462e-01 -2.8157e+00 -1.4976e+00 +1.9638e+00
142 0 +2.286923707e+07 +2.286923707e+07 +2.287023707e+07 +2.287023707e+07 -1.0063e+00 +1.0399e+00 +1.4928e+00 -1.2422e+00 +2.4998e-02 -1.2128e+00 -3.4783e-01 -3.3596e+00 -2.6503e+00 +2.4961e+00
219 0 +1.773054586e+07 +1.773054586e+07 +1.773154586e+07 +1.773154586e+07 -1.3567e+00 +9.2926e-01 +4.2915e-01 -2.6251e-01 -1.1955e-01 -1.6386e+00 -2.0688e+00 -2.8979e+00 -1.2056e+00 +2.9502e+00
227 0 +1.552519951e+07 +1.552519951e+07 +1.552619951e+07 +1.552619951e+07 -6.5494e+00 +2.5678e-01 -4.2229e-01 +1.3350e-01 -1.0189e-01 -1.9305e+00 +1.9130e-01 -3.4136e+00 -7.1163e-01 +4.0350e+00
513 0 +1.171254089e+07 +1.171254089e+07 +1.171354089e+07 +1.171354089e+07 -3.1386e+00 +2.5676e+00 +1.3970e+00 +2.6912e-01 -6.9776e-02 -4.0313e+00 -2.7206e+00 -1.8569e+00 -1.9979e+00 +4.2905e+00
565 0 +1.117638292e+07 +1.117638292e+07 +1.117738292e+07 +1.117738292e+07 -4.5635e+00 +2.7581e+00 +2.0300e-02 +3.2145e-01 -1.0531e-01 -2.7559e+00 -1.3588e+00 -2.5570e+00 -2.2897e+00 +2.7655e+00
% f evaluations | g evaluations | best noise-free fitness - Fopt | noise-free fitness - Fopt (-6.837000000000e+01) | measured fitness | best measured fitness | x1 | x2...
1 0 +7.438393605e+07 +7.438393605e+07 +7.438386768e+07 +7.438386768e+07 +0.0000e+00 +0.0000e+00 +0.0000e+00 +0.0000e+00 +0.0000e+00 +0.0000e+00 +0.0000e+00 +0.0000e+00 +0.0000e+00 +0.0000e+00
6 0 +7.298411869e+07 +7.298411869e+07 +7.298405032e+07 +7.298405032e+07 +3.5105e-01 +1.3053e+00 +1.7524e-01 +7.1149e-01 -2.0825e-01 +2.4461e+00 -2.2532e-01 -3.8035e-01 +2.1914e-01 +7.8683e-01
7 0 +6.640379629e+07 +6.640379629e+07 +6.640372792e+07 +6.640372792e+07 +6.3780e-01 +8.2108e-01 +2.1780e-01 -5.4990e-01 +3.8140e-01 -9.9693e-01 +2.1623e-01 -2.1659e-01 +1.8022e-01 -2.8421e-01
56 0 +6.281683891e+07 +6.281683891e+07 +6.281677054e+07 +6.281677054e+07 +8.4855e-01 +9.9669e-01 -5.4206e-01 +1.0292e+00 +3.4789e-01 +5.4116e-01 -2.2592e-01 +4.3063e-01 +1.0965e+00 +1.0204e+00
63 0 +5.559865907e+07 +5.559865907e+07 +5.559859070e+07 +5.559859070e+07 +9.7673e-01 +1.5494e+00 -4.3444e-01 +1.8580e+00 +1.5719e-01 +1.7893e-01 -2.0630e-01 +2.5507e-01 +9.8498e-01 +1.3391e+00
65 0 +5.008567054e+07 +5.008567054e+07 +5.008560217e+07 +5.008560217e+07 +1.4951e+00 +1.4795e+00 -1.6654e-01 +1.5182e+00 +3.4862e-01 -5.1368e-01 -4.8084e-02 +3.2542e-01 +2.7267e-01 +1.8247e+00
73 0 +4.667245396e+07 +4.667245396e+07 +4.667238559e+07 +4.667238559e+07 +1.0415e+00 +1.9675e+00 -5.5716e-01 +1.8422e+00 +3.9821e-01 +2.4007e-01 +5.7357e-02 -3.6796e-01 +7.2301e-01 +1.6407e+00
82 0 +4.416656684e+07 +4.416656684e+07 +4.416649847e+07 +4.416649847e+07 +7.9114e-01 +2.0427e+00 -5.0506e-01 +1.5439e+00 +1.2927e-01 -1.5323e-01 +8.0059e-02 -6.7462e-01 +2.2112e-01 +1.3882e+00
93 0 +4.314309921e+07 +4.314309921e+07 +4.314303084e+07 +4.314303084e+07 +1.0018e+00 +2.1552e+00 -7.5495e-01 +9.9200e-01 +3.7467e-01 -7.5426e-02 +8.8358e-04 -3.9728e-01 +2.4739e-01 +1.3726e+00
94 0 +4.159777047e+07 +4.159777047e+07 +4.159770210e+07 +4.159770210e+07 +1.1727e+00 +1.7190e+00 -5.6772e-01 +1.7698e+00 +4.2497e-01 -9.3475e-01 -9.4773e-02 -2.6650e-01 +9.2594e-02 +1.4799e+00
112 0 +3.649875250e+07 +3.649875250e+07 +3.649868413e+07 +3.649868413e+07 +1.0621e+00 +2.5912e+00 -6.9877e-01 +9.5223e-01 +5.1552e-01 +9.4474e-03 +2.2382e-02 -5.0105e-01 -2.2954e-01 +9.6443e-01
123 0 +3.476167235e+07 +3.476167235e+07 +3.476160398e+07 +3.476160398e+07 +1.1165e+00 +2.3646e+00 -7.6134e-01 +1.2080e+00 +6.9019e-01 -1.0687e-01 -6.6441e-02 -6.6431e-01 -5.2884e-02 +9.7350e-01
136 0 +3.463688165e+07 +3.463688165e+07 +3.463681328e+07 +3.463681328e+07 +1.1342e+00 +2.4257e+00 -6.9491e-01 +1.2577e+00 +5.7381e-01 -2.4322e-01 -1.5253e-01 -7.6703e-01 -2.2574e-01 +1.0931e+00
138 0 +3.381640037e+07 +3.381640037e+07 +3.381633200e+07 +3.381633200e+07 +1.0915e+00 +2.4823e+00 -7.8913e-01 +1.5296e+00 +5.8442e-01 -4.4428e-02 -6.4719e-02 -1.1797e+00 -4.0639e-02 +9.3769e-01
148 0 +3.309851269e+07 +3.309851269e+07 +3.309844432e+07 +3.309844432e+07 +1.1494e+00 +2.6499e+00 -7.6554e-01 +1.2781e+00 +6.7801e-01 -3.8388e-01 -1.5716e-01 -6.9574e-01 -2.6717e-01 +1.0737e+00
150 0 +3.233646776e+07 +3.233646776e+07 +3.233639939e+07 +3.233639939e+07 +1.1273e+00 +2.3706e+00 -8.1749e-01 +1.6281e+00 +6.8829e-01 -7.1260e-01 -1.0865e-01 -9.5212e-01 -9.0392e-02 +9.9539e-01
154 0 +3.129152244e+07 +3.129152244e+07 +3.129145407e+07 +3.129145407e+07 +1.2678e+00 +2.5969e+00 -7.8364e-01 +1.3998e+00 +6.7063e-01 -8.1248e-01 -1.5578e-01 -8.9012e-01 -4.0183e-01 +1.0087e+00
155 0 +2.917934897e+07 +2.917934897e+07 +2.917928060e+07 +2.917928060e+07 +1.0988e+00 +2.2652e+00 -7.7918e-01 +1.6497e+00 +8.3068e-01 -5.7725e-01 -7.8609e-02 -1.0366e+00 -3.3131e-01 +8.3988e-01
163 0 +2.878834472e+07 +2.878834472e+07 +2.878827635e+07 +2.878827635e+07 +1.1558e+00 +2.5103e+00 -8.3346e-01 +1.5854e+00 +7.6592e-01 -7.1119e-01 -6.3505e-02 -9.1037e-01 -3.6254e-01 +7.2712e-01
164 0 +2.767268590e+07 +2.767268590e+07 +2.767261753e+07 +2.767261753e+07 +1.1294e+00 +2.6064e+00 -7.6645e-01 +1.9279e+00 +8.5965e-01 -7.0299e-01 -1.0854e-01 -1.0753e+00 -3.9917e-01 +8.3859e-01
184 0 +2.704900525e+07 +2.704900525e+07 +2.704893688e+07 +2.704893688e+07 +1.3171e+00 +3.0834e+00 -8.8889e-01 +1.8010e+00 +7.4727e-01 -6.6447e-02 -1.2047e-02 -8.8476e-01 -5.2747e-01 +5.5987e-01
192 0 +2.656213916e+07 +2.656213916e+07 +2.656207079e+07 +2.656207079e+07 +1.4543e+00 +2.8107e+00 -7.7910e-01 +1.6521e+00 +1.0245e+00 -4.9375e-01 -1.0638e-01 -7.2478e-01 -3.5728e-01 +8.7842e-01
197 0 +2.560357809e+07 +2.560357809e+07 +2.560350972e+07 +2.560350972e+07 +1.1727e+00 +2.4026e+00 -9.0133e-01 +1.7275e+00 +1.1086e+00 -9.1705e-01 +3.4028e-02 -6.6605e-01 -3.3391e-01 +4.8347e-01
207 0 +2.018278721e+07 +2.018278721e+07 +2.018271884e+07 +2.018271884e+07 +1.6045e+00 +3.0805e+00 -8.2892e-01 +1.8923e+00 +1.4976e+00 -8.3217e-01 -2.1484e-02 -1.1325e+00 -5.2783e-01 +5.2378e-01
% f evaluations | g evaluations | best noise-free fitness - Fopt | noise-free fitness - Fopt (-5.548000000000e+01) | measured fitness | best measured fitness | x1 | x2...
1 0 +2.818440221e+08 +2.818440221e+08 +2.818439666e+08 +2.818439666e+08 +0.0000e+00 +0.0000e+00 +0.0000e+00 +0.0000e+00 +0.0000e+00 +0.0000e+00 +0.0000e+00 +0.0000e+00 +0.0000e+00 +0.0000e+00
5 0 +2.137114577e+08 +2.137114577e+08 +2.137114023e+08 +2.137114023e+08 -1.0747e+00 -1.9892e-01 -3.1305e-01 +1.8861e-01 -2.2850e-01 +1.2644e+00 -3.0514e-02 -1.4000e+00 -2.0901e+00 -1.0687e-01
13 0 +1.893663863e+08 +1.893663863e+08 +1.893663308e+08 +1.893663308e+08 -2.4276e+00 +6.8705e-02 +8.8106e-02 -8.7385e-01 -6.9412e-01 +2.4255e+00 +2.1054e-01 +1.8209e-02 -1.3930e+00 -1.3505e-01
14 0 +9.578185111e+07 +9.578185111e+07 +9.578179563e+07 +9.578179563e+07 -2.4989e+00 -2.3803e-01 +8.6432e-01 +7.7371e-01 -7.4133e-03 +2.4151e-01 -4.1156e-01 -3.3494e-01 -5.1336e+00 -1.1293e-01
40 0 +8.866514976e+07 +8.866514976e+07 +8.866509428e+07 +8.866509428e+07 -3.7592e+00 -3.6335e-01 +2.9447e+00 +1.9606e+00 +5.2346e-01 +2.1283e+00 +8.4358e-01 +2.2378e+00 -6.7074e-01 -1.5568e-01
41 0 +8.351799032e+07 +8.351799032e+07 +8.351793484e+07 +8.351793484e+07 -5.3420e+00 +1.2424e-01 +1.7077e+00 +1.1162e+00 -3.5510e-01 +1.5070e+00 +6.0368e-02 -1.5726e+00 -5.4839e+00 -1.0025e-01
42 0 +8.079577490e+07 +8.079577490e+07 +8.079571942e+07 +8.079571942e+07 -3.8387e+00 -3.5863e-01 +2.0623e+00 +1.0760e+00 +5.6712e-01 +2.4379e+00 -5.8527e-02 -7.2661e-01 -3.4088e+00 -2.1144e-01
45 0 +6.175927101e+07 +6.175927101e+07 +6.175921553e+07 +6.175921553e+07 -4.1228e+00 -4.5694e-01 +2.6647e+00 +1.6167e+00 +9.3487e-02 +1.5585e+00 +7.1710e-02 +9.5407e-02 -6.2124e+00 -1.6474e-01
54 0 +5.661981626e+07 +5.661981626e+07 +5.661976078e+07 +5.661976078e+07 -4.5694e+00 -1.3920e-01 +4.5059e+00 +1.8667e+00 -7.0446e-01 +1.1211e+00 +8.6247e-02 +1.0990e+00 -5.9017e+00 -1.8662e-01
69 0 +4.708325063e+07 +4.708325063e+07 +4.708319515e+07 +4.708319515e+07 -5.2264e+00 -3.6026e-01 +1.9871e+00 +8.2988e-01 -3.8523e-01 -2.7649e-01 +4.1282e-01 -1.3731e+00 -3.4973e+00 -1.7177e-01
90 0 +4.598559763e+07 +4.598559763e+07 +4.598554215e+07 +4.598554215e+07 -4.3705e+00 +6.4227e-02 +5.2573e+00 +2.1697e+00 -2.0614e-01 -1.4888e-01 +1.1120e+00 -5.2050e-01 -5.7345e+00 -4.0016e-01
138 0 +3.762179034e+07 +3.762179034e+07 +3.762173486e+07 +3.762173486e+07 -6.0376e+00 +4.8201e-01 +2.6363e+00 +1.9279e-01 -1.2831e+00 +1.6966e+00 +3.1001e+00 +1.1380e+00 -4.2617e+00 -3.6601e-01
165 0 +2.474853399e+07 +2.474853399e+07 +2.474847851e+07 +2.474847851e+07 -4.8456e+00 -3.0776e-01 +2.7044e+00 +3.9317e+00 -2.1069e+00 -4.7629e-01 +6.4401e+00 +9.7086e-01 -4.0071e+00 -4.4049e-01
178 0 +2.278067702e+07 +2.278067702e+07 +2.278062154e+07 +2.278062154e+07 -6.3767e+00 -3.5537e-01 +4.9694e+00 +5.2059e+00 -1.7931e+00 -7.5008e-01 +4.4896e+00 -3.7155e+00 -6.0621e+00 -5.8165e-01
189 0 +4.392622042e+06 +4.392622042e+06 +4.392566562e+06 +4.392566562e+06 -6.7366e+00 -1.2432e+00 +4.8408e+00 +2.9344e+00 -1.5089e+00 -7.9378e-01 +4.5272e+00 -4.7440e-01 -4.7607e+00 -5.1380e-01
% f evaluations | g evaluations | best noise-free fitness - Fopt | noise-free fitness - Fopt (-5.349000000000e+01) | measured fitness | best measured fitness | x1 | x2...
1 0 +1.469469008e+07 +1.469469008e+07 +1.469463659e+07 +1.469463659e+07 +0.0000e+00 +0.0000e+00 +0.0000e+00 +0.0000e+00 +0.0000e+00 +0.0000e+00 +0.0000e+00 +0.0000e+00 +0.0000e+00 +0.0000e+00
7 0 +1.312806708e+07 +1.312806708e+07 +1.312801359e+07 +1.312801359e+07 +8.6827e-01 +3.1378e-01 -7.1407e-01 -3.0648e-02 +3.8364e-01 -2.7268e+00 -6.0618e-01 -1.9787e-01 -1.1409e+00 -5.7592e-03
14 0 +1.270914412e+07 +1.270914412e+07 +1.270909063e+07 +1.270909063e+07 +5.7929e-01 -2.5877e+00 -6.2178e-01 -1.0830e-01 +1.9837e-01 -4.4296e-01 -1.8477e+00 -7.0500e-01 +3.1260e-01 +2.0133e-02
23 0 +7.084513571e+06 +7.084513571e+06 +7.084460081e+06 +7.084460081e+06 +6.8554e-01 +1.4305e+00 -3.2299e+00 -1.7820e-01 +5.0924e-01 -2.2957e-01 -7.4521e-01 -4.4510e-01 -2.0620e+00 -2.2775e-01
% f evaluations | g evaluations | best noise-free fitness - Fopt | noise-free fitness - Fopt (1.172700000000e+02) | measured fitness | best measured fitness | x1 | x2...
1 0 +5.688134172e+07 +5.688134172e+07 +5.688145899e+07 +5.688145899e+07 +0.0000e+00 +0.0000e+00 +0.0000e+00 +0.0000e+00 +0.0000e+00 +0.0000e+00 +0.0000e+00 +0.0000e+00 +0.0000e+00 +0.0000e+00
6 0 +4.419368597e+07 +4.419368597e+07 +4.419380324e+07 +4.419380324e+07 +6.6625e-01 +3.2441e-01 -5.5362e-01 -1.0075e-01 -1.6773e-02 -8.1561e-01 +3.7882e-01 +1.8842e+00 -4.1042e-01 -4.2831e-02
14 0 +4.247309496e+07 +4.247309496e+07 +4.247321223e+07 +4.247321223e+07 +7.0858e-01 +4.8620e-01 -7.7751e-01 +1.3634e-01 -2.1998e-02 -1.1900e+00 +1.7005e-01 +9.7381e-01 -1.6124e-01 +8.5148e-03
19 0 +3.874144713e+07 +3.874144713e+07 +3.874156440e+07 +3.874156440e+07 +1.1579e+00 +2.1729e-01 -8.3618e-01 +3.1978e-02 -3.0001e-03 -3.1077e+00 +5.6238e-01 +6.8198e-01 +5.5638e-02 +2.4065e-02
22 0 +3.638205258e+07 +3.638205258e+07 +3.638216985e+07 +3.638216985e+07 +5.2335e-01 +4.6020e-01 -8.8166e-01 +9.8656e-02 -7.7192e-02 -1.6111e+00 +1.0308e+00 +6.1232e-01 -6.3821e-02 +1.1697e-01
30 0 +3.478851271e+07 +3.478851271e+07 +3.478862998e+07 +3.478862998e+07 +1.0764e+00 +8.1372e-01 -1.3389e+00 +1.5622e-01 -6.0854e-02 -8.6398e-01 +7.8530e-01 +1.2142e+00 +2.5608e-02 -8.0945e-02
32 0 +2.870805332e+07 +2.870805332e+07 +2.870817059e+07 +2.870817059e+07 +8.2448e-01 +8.9644e-01 -1.6972e+00 +1.0237e-01 -8.4956e-02 -2.5976e+00 +1.4317e+00 +9.3330e-01 +1.8075e-01 +1.4293e-01
47 0 +2.723567020e+07 +2.723567020e+07 +2.723578747e+07 +2.723578747e+07 +1.1757e+00 +5.1866e-01 -9.2176e-01 +1.0440e-01 -8.5522e-02 -2.2435e+00 +1.8364e+00 +1.1717e+00 +7.9431e-02 +2.0280e-01
55 0 +2.663510385e+07 +2.663510385e+07 +2.663522112e+07 +2.663522112e+07 +1.3620e+00 +9.9462e-01 -1.1380e+00 +9.1306e-02 -8.1499e-02 -1.0322e+00 +1.8790e+00 +1.0248e+00 +2.0555e-01 +2.1694e-01
77 0 +2.523339025e+07 +2.523339025e+07 +2.523350752e+07 +2.523350752e+07 +1.1930e+00 -1.9498e-01 -6.8554e-01 -7.0765e-02 -1.3799e-01 -2.8242e+00 +2.3314e+00 +1.2282e+00 +6.5870e-01 +1.3490e-01
82 0 +2.003151298e+07 +2.003151298e+07 +2.003163025e+07 +2.003163025e+07 +1.3609e+00 +8.0249e-01 -1.8139e+00 -2.8804e-01 -1.5023e-01 -3.0153e+00 +2.2069e+00 +2.2596e+00 +1.0240e+00 +1.8129e-01
92 0 +1.673168737e+07 +1.673168737e+07 +1.673180464e+07 +1.673180464e+07 +1.9474e+00 +2.8182e-01 -1.7650e+00 -2.8617e-01 -1.9870e-01 -2.5166e+00 +2.5646e+00 +2.8192e+00 +1.3401e+00 +1.7607e-01
113 0 +1.532406668e+07 +1.532406668e+07 +1.532418395e+07 +1.532418395e+07 +3.1231e+00 +3.8273e-01 -1.8247e+00 -2.7744e-01 -1.4093e-01 -2.4259e+00 +3.1286e+00 +2.1093e+00 +9.3250e-01 +3.5826e-01
118 0 +1.488475702e+07 +1.488475702e+07 +1.488487429e+07 +1.488487429e+07 +2.9102e+00 +1.1464e+00 -1.9183e+00 -2.2977e-01 -1.8385e-01 -2.0460e+00 +3.0583e+00 +1.4663e+00 +1.2283e+00 +2.5147e-01
122 0 +1.259229695e+07 +1.259229695e+07 +1.259241422e+07 +1.259241422e+07 +2.8821e+00 +4.5222e-01 -2.7896e+00 -4.5756e-01 -1.4014e-01 -2.5397e+00 +4.4061e+00 +1.7676e+00 +1.3740e+00 +3.1640e-01
132 0 +1.110815169e+07 +1.110815169e+07 +1.110826896e+07 +1.110826896e+07 +2.8496e+00 +3.5678e-01 -2.9363e+00 -4.5803e-01 -2.7264e-01 -2.2373e+00 +3.4646e+00 +2.0521e+00 +1.6463e+00 +4.6937e-01
154 0 +1.061702375e+07 +1.061702375e+07 +1.061714102e+07 +1.061714102e+07 +2.6500e+00 -1.4887e-02 -2.5947e+00 -4.8567e-01 -2.6774e-01 -2.7003e+00 +3.7375e+00 +1.4944e+00 +2.3583e+00 +3.4901e-01
174 0 +1.020556921e+07 +1.020556921e+07 +1.020568648e+07 +1.020568648e+07 +2.5846e+00 -2.3467e-01 -2.8509e+00 -1.7379e-01 -1.9372e-01 -2.7478e+00 +4.4027e+00 +3.4004e+00 +2.4526e+00 +4.4384e-01
329 0 +9.955927355e+06 +9.955927355e+06 +9.956044625e+06 +9.956044625e+06 +8.2187e-01 +1.2736e+00 -3.1781e+00 +7.5138e-03 -1.8879e-01 -2.6962e+00 +3.2118e+00 +2.4862e+00 +2.0697e+00 +4.4370e-01
336 0 +9.350959167e+06 +9.350959167e+06 +9.351076437e+06 +9.351076437e+06 +4.1574e-01 +1.1518e+00 -3.6611e+00 -8.1268e-02 -1.7040e-01 -2.7153e+00 +3.2799e+00 +2.9799e+00 +2.6103e+00 +4.7368e-01
340 0 +7.723245638e+06 +7.723245638e+06 +7.723362908e+06 +7.723362908e+06 +9.0076e-01 +6.7186e-01 -3.7201e+00 +7.3427e-02 -2.1245e-01 -2.3182e+00 +3.5420e+00 +2.7249e+00 +2.2055e+00 +4.3844e-01
374 0 +7.563232774e+06 +7.563232774e+06 +7.563350044e+06 +7.563350044e+06 +8.6821e-01 +5.7757e-01 -3.8344e+00 -1.8014e-02 -1.6037e-01 -2.3446e+00 +3.8417e+00 +2.8222e+00 +2.1642e+00 +5.1598e-01
386 0 +6.876985498e+06 +6.876985498e+06 +6.877102768e+06 +6.877102768e+06 +9.2888e-01 +6.5377e-01 -3.7210e+00 +2.2472e-02 -1.5961e-01 -2.4991e+00 +4.0208e+00 +2.9369e+00 +2.4948e+00 +4.4065e-01
517 0 +6.538763646e+06 +6.538763646e+06 +6.538880916e+06 +6.538880916e+06 +1.1063e+00 +7.2124e-01 -3.4932e+00 -8.6938e-02 -1.8395e-01 -2.5699e+00 +3.9830e+00 +2.4495e+00 +3.2270e+00 +4.9941e-01
532 0 +5.648938349e+06 +5.648938349e+06 +5.649055619e+06 +5.649055619e+06 +1.2943e+00 +2.0124e-01 -3.0970e+00 +7.9062e-02 -2.3507e-01 -2.0158e+00 +3.9431e+00 +2.2457e+00 +3.4186e+00 +6.2342e-01
746 0 +5.029372928e+06 +5.029372928e+06 +5.029490198e+06 +5.029490198e+06 +1.0513e+00 +5.2518e-02 -2.5670e+00 -2.2254e-01 -3.4433e-02 -2.4043e+00 +4.8144e+00 +2.5328e+00 +2.9748e+00 +1.5167e+00
949 0 +4.822214809e+06 +4.822214809e+06 +4.822332079e+06 +4.822332079e+06 +6.4818e-01 +3.8858e-01 -3.4940e+00 -1.1325e-01 -1.7632e-01 -2.4918e+00 +4.2614e+00 +2.7847e+00 +3.5084e+00 +1.4686e+00
969 0 +4.502274062e+06 +4.502274062e+06 +4.502391332e+06 +4.502391332e+06 +9.2829e-01 +3.7275e-01 -3.5588e+00 -7.1014e-04 -1.8686e-01 -2.0331e+00 +4.6112e+00 +2.5195e+00 +3.2994e+00 +1.5907e+00
% f evaluations | g evaluations | best noise-free fitness - Fopt | noise-free fitness - Fopt (7.789000000000e+01) | measured fitness | best measured fitness | x1 | x2...
1 0 +1.264328240e+08 +1.264328240e+08 +1.264329019e+08 +1.264329019e+08 +0.0000e+00 +0.0000e+00 +0.0000e+00 +0.0000e+00 +0.0000e+00 +0.0000e+00 +0.0000e+00 +0.0000e+00 +0.0000e+00 +0.0000e+00
3 0 +8.350937287e+07 +8.350937287e+07 +8.350945076e+07 +8.350945076e+07 +2.1480e-01 +3.7403e-02 +1.9584e+00 +1.4768e-01 -4.4638e-01 -6.2466e-02 +3.7088e-01 +1.1716e-01 +3.1855e-01 +5.6527e-01
4 0 +5.528250990e+07 +5.528250990e+07 +5.528258779e+07 +5.528258779e+07 +4.4344e-01 -8.3102e-03 +1.5204e+00 +1.2741e-01 -1.3701e+00 +2.3627e-02 +1.8888e-01 +4.0412e-01 +3.5666e+00 +4.6850e-01
10 0 +5.088863645e+07 +5.088863645e+07 +5.088871434e+07 +5.088871434e+07 -2.3783e-02 +3.7421e-02 +3.1272e+00 +1.1971e-01 +2.4127e-01 -2.4614e-02 +5.3243e-01 +7.1627e-02 +3.4498e+00 +3.9520e-01
13 0 +4.357756537e+07 +4.357756537e+07 +4.357764326e+07 +4.357764326e+07 +2.5852e-01 +7.6485e-02 +1.3314e+00 +1.4670e-02 +5.7531e-02 +2.8815e-01 -8.4451e-01 +1.2087e-01 +7.0916e+00 +3.7467e+00
