% f evaluations | g evaluations | best noise-free fitness - Fopt | noise-free fitness - Fopt (-6.211100000000e+02) | measured fitness | best measured fitness | x1 | x2...
1 0 +6.877353523e+06 +6.877353523e+06 +6.876732413e+06 +6.876732413e+06 +0.0000e+00 +0.0000e+00 +0.0000e+00
2 0 +1.506575434e+06 +1.506575434e+06 +1.505954324e+06 +1.505954324e+06 +1.2961e+00 +7.2506e-01 -4.0609e-01
29 0 +7.561566873e+05 +7.561566873e+05 +7.555355773e+05 +7.555355773e+05 +1.9249e+00 +1.2194e+00 +1.0473e-03
40 0 +1.422216265e+05 +1.422216265e+05 +1.416005165e+05 +1.416005165e+05 +8.3329e-01 +2.8112e+00 -6.2570e-02
109 0 +2.182698567e+04 +2.182698567e+04 +2.120587567e+04 +2.120587567e+04 -1.3259e+00 +4.3694e+00 +4.6209e-01
901 0 +1.814814395e+04 +1.814814395e+04 +1.752703395e+04 +1.752703395e+04 +1.5199e+01 -7.3920e+00 -7.1687e-01
911 0 +1.225959740e+04 +1.225959740e+04 +1.163848740e+04 +1.163848740e+04 +1.5240e+01 -7.4130e+00 -7.0268e-01
932 0 +1.202671383e+03 +1.202671383e+03 +5.815613829e+02 +5.815613829e+02 +1.5118e+01 -7.4210e+00 -6.6568e-01
948 0 +1.152959923e+03 +1.152959923e+03 +5.318499230e+02 +5.318499230e+02 +1.5094e+01 -7.4307e+00 -6.7430e-01
955 0 +1.018585223e+03 +1.018585223e+03 +3.974752231e+02 +3.974752231e+02 +1.5107e+01 -7.4098e+00 -6.7005e-01
967 0 +6.235116237e+02 +6.235116237e+02 +2.401623686e+00 +2.401623686e+00 +1.5102e+01 -7.4431e+00 -6.6661e-01
% f evaluations | g evaluations | best noise-free fitness - Fopt | noise-free fitness - Fopt (-2.548200000000e+02) | measured fitness | best measured fitness | x1 | x2...
1 0 +5.028150026e+07 +5.028150026e+07 +5.028124544e+07 +5.028124544e+07 +0.0000e+00 +0.0000e+00 +0.0000e+00
5 0 +4.724870091e+07 +4.724870091e+07 +4.724844609e+07 +4.724844609e+07 -5.7814e-02 -2.2231e-01 -1.3492e-01
9 0 +4.538465787e+07 +4.538465787e+07 +4.538440305e+07 +4.538440305e+07 +8.5802e-02 +9.9265e-02 +8.2909e-03
11 0 +7.492839409e+06 +7.492839409e+06 +7.492584589e+06 +7.492584589e+06 +5.6570e-02 -7.0861e-01 -1.4144e+00
17 0 +4.927229455e+06 +4.927229455e+06 +4.926974635e+06 +4.926974635e+06 +7.2007e-02 -1.5678e-01 -2.2083e+00
22 0 +4.284362748e+06 +4.284362748e+06 +4.284107928e+06 +4.284107928e+06 +1.4071e-01 -4.5294e-01 -2.3335e+00
36 0 +4.246154162e+06 +4.246154162e+06 +4.245899342e+06 +4.245899342e+06 +1.3291e-01 -4.7050e-01 -2.2998e+00
50 0 +3.851353512e+06 +3.851353512e+06 +3.851098692e+06 +3.851098692e+06 +1.1666e-01 -8.6331e-01 -2.0067e+00
55 0 +3.684680310e+06 +3.684680310e+06 +3.684425490e+06 +3.684425490e+06 +1.0804e-01 -1.0570e+00 -2.0214e+00
60 0 +3.614265651e+06 +3.614265651e+06 +3.614010831e+06 +3.614010831e+06 +1.3306e-01 -9.8714e-01 -2.4556e+00
68 0 +3.347469442e+06 +3.347469442e+06 +3.347214622e+06 +3.347214622e+06 +1.1047e-01 -1.2478e+00 -2.1083e+00
71 0 +3.277895555e+06 +3.277895555e+06 +3.277640735e+06 +3.277640735e+06 +1.0539e-01 -1.2148e+00 -2.3139e+00
72 0 +2.917401213e+06 +2.917401213e+06 +2.917146393e+06 +2.917146393e+06 +1.2503e-01 -1.4612e+00 -2.2663e+00
97 0 +2.377569813e+06 +2.377569813e+06 +2.377314993e+06 +2.377314993e+06 +1.7177e-01 -1.7920e+00 -2.3280e+00
112 0 +2.327652697e+06 +2.327652697e+06 +2.327397877e+06 +2.327397877e+06 +1.5344e-01 -1.9962e+00 -2.2462e+00
116 0 +2.103437794e+06 +2.103437794e+06 +2.103182974e+06 +2.103182974e+06 +1.4317e-01 -2.2931e+00 -2.6964e+00
127 0 +2.039898613e+06 +2.039898613e+06 +2.039643793e+06 +2.039643793e+06 +1.5908e-01 -2.1579e+00 -2.4703e+00
132 0 +1.970559769e+06 +1.970559769e+06 +1.970304949e+06 +1.970304949e+06 +1.4705e-01 -2.3376e+00 -2.6327e+00
136 0 +1.848461849e+06 +1.848461849e+06 +1.848207029e+06 +1.848207029e+06 +1.6054e-01 -2.4048e+00 -2.6152e+00
146 0 +1.764232677e+06 +1.764232677e+06 +1.763977857e+06 +1.763977857e+06 +1.5822e-01 -2.4556e+00 -2.4593e+00
158 0 +1.646940560e+06 +1.646940560e+06 +1.646685740e+06 +1.646685740e+06 +1.3206e-01 -2.7625e+00 -2.7413e+00
165 0 +1.614706069e+06 +1.614706069e+06 +1.614451249e+06 +1.614451249e+06 +2.3372e-01 -2.4005e+00 -2.3838e+00
167 0 +1.487956109e+06 +1.487956109e+06 +1.487701289e+06 +1.487701289e+06 +1.6733e-01 -2.7728e+00 -2.6557e+00
194 0 +1.398295293e+06 +1.398295293e+06 +1.398040473e+06 +1.398040473e+06 +1.8415e-01 -2.8051e+00 -2.6130e+00
197 0 +1.334416941e+06 +1.334416941e+06 +1.334162121e+06 +1.334162121e+06 +1.4914e-01 -2.9807e+00 -2.5879e+00
223 0 +1.158090647e+06 +1.158090647e+06 +1.157835827e+06 +1.157835827e+06 +1.7902e-01 -3.1170e+00 -2.6341e+00
235 0 +1.121188915e+06 +1.121188915e+06 +1.120934095e+06 +1.120934095e+06 +1.9689e-01 -3.2942e+00 -2.8430e+00
237 0 +9.701939046e+05 +9.701939046e+05 +9.699390846e+05 +9.699390846e+05 +1.9574e-01 -3.3290e+00 -2.6525e+00
240 0 +9.534999235e+05 +9.534999235e+05 +9.532451035e+05 +9.532451035e+05 +2.0387e-01 -3.3438e+00 -2.5953e+00
244 0 +9.053427314e+05 +9.053427314e+05 +9.050879114e+05 +9.050879114e+05 +2.1458e-01 -3.4726e+00 -2.5341e+00
245 0 +7.627399585e+05 +7.627399585e+05 +7.624851385e+05 +7.624851385e+05 +2.3234e-01 -3.6526e+00 -2.8327e+00
260 0 +5.724854899e+05 +5.724854899e+05 +5.722306699e+05 +5.722306699e+05 +1.7962e-01 -4.0441e+00 -2.8075e+00
282 0 +4.335991969e+05 +4.335991969e+05 +4.333443769e+05 +4.333443769e+05 +1.8828e-01 -4.3136e+00 -2.8049e+00
336 0 +2.991616070e+05 +2.991616070e+05 +2.989067870e+05 +2.989067870e+05 +2.1470e-01 -4.7052e+00 -3.0307e+00
353 0 +5.757007403e+04 +5.757007403e+04 +5.731525403e+04 +5.731525403e+04 +2.7602e-01 -5.6754e+00 -3.1689e+00
% f evaluations | g evaluations | best noise-free fitness - Fopt | noise-free fitness - Fopt (5.661000000000e+01) | measured fitness | best measured fitness | x1 | x2...
1 0 +2.847483922e+08 +2.847483922e+08 +2.847484488e+08 +2.847484488e+08 +0.0000e+00 +0.0000e+00 +0.0000e+00
3 0 +1.342518329e+08 +1.342518329e+08 +1.342518895e+08 +1.342518895e+08 -3.8882e-03 +3.8106e-01 -1.7137e+00
12 0 +1.050895654e+08 +1.050895654e+08 +1.050896221e+08 +1.050896221e+08 -5.5455e-03 -3.7960e-01 -1.2447e+00
19 0 +1.014822553e+08 +1.014822553e+08 +1.014823119e+08 +1.014823119e+08 -1.4898e-02 -1.2117e-01 -1.6317e+00
22 0 +7.709708765e+07 +7.709708765e+07 +7.709714426e+07 +7.709714426e+07 -1.6112e-02 +7.6791e-02 -8.0132e+00
26 0 +1.876841665e+07 +1.876841665e+07 +1.876847326e+07 +1.876847326e+07 -3.0147e-02 -2.7496e+00 -3.1376e+00
40 0 +1.749241389e+07 +1.749241389e+07 +1.749247050e+07 +1.749247050e+07 -1.5950e-01 -5.3595e+00 -1.0723e+01
191 0 +1.883076454e+06 +1.883076454e+06 +1.883133064e+06 +1.883133064e+06 -4.0019e-01 -5.8245e+00 -4.7034e+00
205 0 +4.881335803e+05 +4.881335803e+05 +4.881901903e+05 +4.881901903e+05 -3.9862e-01 -6.2133e+00 -6.5449e+00
292 0 +1.891566389e+05 +1.891566389e+05 +1.892132489e+05 +1.892132489e+05 +3.6884e-01 -6.4819e+00 -6.9731e+00
375 0 +9.023477248e+03 +9.023477248e+03 +9.080087248e+03 +9.080087248e+03 +2.3937e-01 -6.6665e+00 -6.7544e+00
413 0 +6.262912801e+03 +6.262912801e+03 +6.319522801e+03 +6.319522801e+03 +2.4793e-01 -6.6322e+00 -6.6578e+00
479 0 +1.630846663e+03 +1.630846663e+03 +1.687456663e+03 +1.687456663e+03 +2.5452e-01 -6.6258e+00 -6.7728e+00
492 0 +1.011360342e+02 +1.011360342e+02 +1.577460342e+02 +1.577460342e+02 +2.5616e-01 -6.6091e+00 -6.7225e+00
779 0 +9.886364856e+01 +9.886364856e+01 +1.554736486e+02 +1.554736486e+02 +2.5147e-01 -6.6084e+00 -6.7229e+00
838 0 +8.203681041e+01 +8.203681041e+01 +1.386468104e+02 +1.386468104e+02 +2.5114e-01 -6.6007e+00 -6.7203e+00
846 0 +8.012932681e+01 +8.012932681e+01 +1.367393268e+02 +1.367393268e+02 +2.5088e-01 -6.6016e+00 -6.7196e+00
886 0 +6.406852454e+01 +6.406852454e+01 +1.206785245e+02 +1.206785245e+02 +2.5186e-01 -6.6038e+00 -6.7259e+00
% f evaluations | g evaluations | best noise-free fitness - Fopt | noise-free fitness - Fopt (-1.810000000000e+01) | measured fitness | best measured fitness | x1 | x2...
1 0 +1.616251011e+07 +1.616251011e+07 +1.616249201e+07 +1.616249201e+07 +0.0000e+00 +0.0000e+00 +0.0000e+00
8 0 +1.128342551e+07 +1.128342551e+07 +1.128340741e+07 +1.128340741e+07 +1.3599e+00 +2.5254e-01 +4.7324e-01
14 0 +7.533614742e+06 +7.533614742e+06 +7.533596642e+06 +7.533596642e+06 +1.1350e+00 -4.7902e-01 +2.6683e+00
18 0 +8.129827582e+05 +8.129827582e+05 +8.129646582e+05 +8.129646582e+05 -4.7114e-01 +1.8730e-01 +2.0451e+00
31 0 +7.754444965e+05 +7.754444965e+05 +7.754263965e+05 +7.754263965e+05 -2.3727e+00 +7.7024e-01 +3.6656e+00
80 0 +5.273618158e+05 +5.273618158e+05 +5.273437158e+05 +5.273437158e+05 +1.1288e-02 +2.8588e-01 +2.2843e+00
112 0 +3.741064642e+05 +3.741064642e+05 +3.740883642e+05 +3.740883642e+05 +2.5441e+00 +1.7372e+00 +2.0325e+00
145 0 +3.422043445e+05 +3.422043445e+05 +3.421862445e+05 +3.421862445e+05 -2.4699e+00 +1.2210e-02 +4.2112e+00
222 0 +1.466404511e+05 +1.466404511e+05 +1.466223511e+05 +1.466223511e+05 -4.6424e+00 -1.7697e+00 +4.8789e+00
231 0 +9.260122679e+04 +9.260122679e+04 +9.258312679e+04 +9.258312679e+04 -5.5066e+00 -2.1705e+00 +4.9220e+00
255 0 +5.466637838e+04 +5.466637838e+04 +5.464827838e+04 +5.464827838e+04 -4.6841e+00 -1.4933e+00 +4.4022e+00
266 0 +3.655504868e+04 +3.655504868e+04 +3.653694868e+04 +3.653694868e+04 -4.7265e+00 -1.6125e+00 +4.5553e+00
445 0 +2.520449836e+04 +2.520449836e+04 +2.518639836e+04 +2.518639836e+04 -1.0561e+00 +2.5420e-01 +3.1042e+00
458 0 +1.978913021e+04 +1.978913021e+04 +1.977103021e+04 +1.977103021e+04 -1.6836e+00 +5.2940e-02 +3.4825e+00
503 0 +1.062364270e+03 +1.062364270e+03 +1.044264270e+03 +1.044264270e+03 -1.6068e+00 +2.3376e-01 +3.3028e+00
545 0 +5.640044185e+02 +5.640044185e+02 +5.459044185e+02 +5.459044185e+02 -1.9571e+00 +2.8472e-02 +3.4438e+00
559 0 +3.536418080e+02 +3.536418080e+02 +3.355418080e+02 +3.355418080e+02 -1.7628e+00 +1.1343e-01 +3.4056e+00
572 0 +4.734222274e+01 +4.734222274e+01 +2.924222274e+01 +2.924222274e+01 -1.7035e+00 +1.4252e-01 +3.3556e+00
615 0 +3.755730861e+00 +3.755730861e+00 -1.434426914e+01 -1.434426914e+01 -1.7099e+00 +1.4296e-01 +3.3637e+00
879 0 +1.926534801e+00 +1.926534801e+00 -1.617346520e+01 -1.617346520e+01 -1.6100e+00 +1.9700e-01 +3.3195e+00
954 0 +1.680438952e+00 +1.680438952e+00 -1.641956105e+01 -1.641956105e+01 -1.6085e+00 +1.9810e-01 +3.3193e+00
995 0 +1.493023074e+00 +1.493023074e+00 -1.660697693e+01 -1.660697693e+01 -1.6098e+00 +1.9665e-01 +3.3203e+00
1002 0 +1.456964399e+00 +1.456964399e+00 -1.664303560e+01 -1.664303560e+01 -1.6096e+00 +1.9686e-01 +3.3200e+00
% f evaluations | g evaluations | best noise-free fitness - Fopt | noise-free fitness - Fopt (3.777000000000e+01) | measured fitness | best measured fitness | x1 | x2...
1 0 +6.756700038e+06 +6.756700038e+06 +6.756737808e+06 +6.756737808e+06 +0.0000e+00 +0.0000e+00 +0.0000e+00
5 0 +2.141643877e+06 +2.141643877e+06 +2.141681647e+06 +2.141681647e+06 -1.4135e-01 +1.2355e+00 -5.5518e-01
22 0 +1.885793954e+06 +1.885793954e+06 +1.885831724e+06 +1.885831724e+06 -3.1023e-01 +1.0744e+00 -2.8182e-01
26 0 +6.835559468e+05 +6.835559468e+05 +6.835937168e+05 +6.835937168e+05 -3.6622e-01 +1.4617e+00 +2.3595e-01
30 0 +4.796003027e+05 +4.796003027e+05 +4.796380727e+05 +4.796380727e+05 -5.4550e-01 +1.4855e+00 +3.1668e-01
39 0 +3.798025491e+05 +3.798025491e+05 +3.798403191e+05 +3.798403191e+05 -4.7753e-01 +2.0683e+00 +9.4677e-01
71 0 +1.702932628e+05 +1.702932628e+05 +1.703310328e+05 +1.703310328e+05 -9.2476e-01 +1.8047e+00 +9.1782e-01
86 0 +1.183758299e+05 +1.183758299e+05 +1.184135999e+05 +1.184135999e+05 -8.6419e-02 +2.9411e+00 +3.8115e-01
111 0 +9.906968307e+04 +9.906968307e+04 +9.910745307e+04 +9.910745307e+04 +5.0690e-01 +3.0583e+00 -4.3538e-01
133 0 +3.261615034e+04 +3.261615034e+04 +3.265392034e+04 +3.265392034e+04 +2.8355e-01 +2.8518e+00 +7.3712e-02
141 0 +1.668157467e+04 +1.668157467e+04 +1.671934467e+04 +1.671934467e+04 +3.5336e-01 +3.2633e+00 -1.2372e-01
167 0 +3.576818954e+02 +3.576818954e+02 +3.954518954e+02 +3.954518954e+02 +2.6609e-01 +3.0084e+00 -5.1706e-02
692 0 +1.466552179e+02 +1.466552179e+02 +1.844252179e+02 +1.844252179e+02 -1.6249e+00 +1.5504e+00 +7.4847e-01
724 0 +4.006062211e+01 +4.006062211e+01 +7.783062211e+01 +7.783062211e+01 -1.6251e+00 +1.5375e+00 +7.4397e-01
766 0 +9.975583499e+00 +9.975583499e+00 +4.774558350e+01 +4.774558350e+01 -1.6228e+00 +1.5351e+00 +7.5307e-01
769 0 +5.061469762e+00 +5.061469762e+00 +4.283146976e+01 +4.283146976e+01 -1.6179e+00 +1.5417e+00 +7.4843e-01
884 0 +4.696526807e+00 +4.696526807e+00 +4.246652681e+01 +4.246652681e+01 -1.6221e+00 +1.5391e+00 +7.4863e-01
887 0 +3.812927566e+00 +3.812927566e+00 +4.158292757e+01 +4.158292757e+01 -1.6213e+00 +1.5389e+00 +7.4956e-01
890 0 +3.667153847e+00 +3.667153847e+00 +4.143715385e+01 +4.143715385e+01 -1.6220e+00 +1.5386e+00 +7.4930e-01
896 0 +1.701346799e+00 +1.701346799e+00 +3.947134680e+01 +3.947134680e+01 -1.6213e+00 +1.5381e+00 +7.4921e-01
922 0 +1.209101716e+00 +1.209101716e+00 +3.897910172e+01 +3.897910172e+01 -1.6208e+00 +1.5376e+00 +7.4931e-01
923 0 +7.250762510e-01 +7.250762510e-01 +3.849507625e+01 +3.849507625e+01 -1.6208e+00 +1.5372e+00 +7.4827e-01
926 0 +6.334588745e-01 +6.334588745e-01 +3.840345887e+01 +3.840345887e+01 -1.6209e+00 +1.5371e+00 +7.4862e-01
938 0 +6.155541341e-01 +6.155541341e-01 +3.838555413e+01 +3.838555413e+01 -1.6215e+00 +1.5370e+00 +7.4881e-01
950 0 +6.020201888e-01 +6.020201888e-01 +3.837202019e+01 +3.837202019e+01 -1.6214e+00 +1.5369e+00 +7.4890e-01
% f evaluations | g evaluations | best noise-free fitness - Fopt | noise-free fitness - Fopt (-6.325500000000e+02) | measured fitness | best measured fitness | x1 | x2...
1 0 +5.745015020e+06 +5.745015020e+06 +5.744382470e+06 +5.744382470e+06 +0.0000e+00 +0.0000e+00 +0.0000e+00
4 0 +3.440067872e+06 +3.440067872e+06 +3.439435322e+06 +3.439435322e+06 +4.2557e-01 +7.9957e-02 +4.4757e-01
5 0 +1.901573313e+06 +1.901573313e+06 +1.900940763e+06 +1.900940763e+06 +3.5032e-01 +1.4706e-01 +9.6400e-01
6 0 +1.773377265e+06 +1.773377265e+06 +1.772744715e+06 +1.772744715e+06 -7.1233e-02 +2.3844e-01 +1.0946e+00
12 0 +1.364869613e+06 +1.364869613e+06 +1.364237063e+06 +1.364237063e+06 +5.5984e-01 +1.8706e-01 +1.1267e+00
27 0 +1.344934560e+06 +1.344934560e+06 +1.344302010e+06 +1.344302010e+06 +1.3851e+00 +5.1080e-01 +3.1424e+00
28 0 +1.785132295e+05 +1.785132295e+05 +1.778806795e+05 +1.778806795e+05 +6.8508e-01 +3.5823e-01 +1.8801e+00
226 0 +2.561360950e+03 +2.561360950e+03 +1.928810950e+03 +1.928810950e+03 -1.7204e-01 +6.9868e-01 +2.4888e+00
398 0 +9.098316643e+02 +9.098316643e+02 +2.772816643e+02 +2.772816643e+02 -3.6555e-02 +6.3997e-01 +2.4030e+00
474 0 +5.441963148e+02 +5.441963148e+02 -8.835368524e+01 -8.835368524e+01 -1.5007e-01 +6.4502e-01 +2.4431e+00
554 0 +5.798896487e+01 +5.798896487e+01 -5.745610351e+02 -5.745610351e+02 -9.0908e-02 +6.6560e-01 +2.4201e+00
789 0 +1.273223495e+01 +1.273223495e+01 -6.198177650e+02 -6.198177650e+02 -1.4320e-01 +6.6565e-01 +2.4386e+00
850 0 +4.772430404e+00 +4.772430404e+00 -6.277775696e+02 -6.277775696e+02 -1.4581e-01 +6.7024e-01 +2.4418e+00
853 0 +3.998062944e+00 +3.998062944e+00 -6.285519371e+02 -6.285519371e+02 -1.4418e-01 +6.6769e-01 +2.4394e+00
855 0 +1.582246685e+00 +1.582246685e+00 -6.309677533e+02 -6.309677533e+02 -1.4425e-01 +6.6926e-01 +2.4411e+00
864 0 +6.217391991e-01 +6.217391991e-01 -6.319282608e+02 -6.319282608e+02 -1.4416e-01 +6.6851e-01 +2.4410e+00
971 0 +5.885380631e-01 +5.885380631e-01 -6.319614619e+02 -6.319614619e+02 -1.4454e-01 +6.6850e-01 +2.4412e+00
977 0 +5.579122474e-01 +5.579122474e-01 -6.319920878e+02 -6.319920878e+02 -1.4474e-01 +6.6823e-01 +2.4411e+00
1001 0 +5.420694580e-01 +5.420694580e-01 -6.320079305e+02 -6.320079305e+02 -1.4463e-01 +6.6826e-01 +2.4416e+00
% f evaluations | g evaluations | best noise-free fitness - Fopt | noise-free fitness - Fopt (-8.530000000000e+01) | measured fitness | best measured fitness | x1 | x2...
1 0 +6.839311758e+06 +6.839311758e+06 +6.839226458e+06 +6.839226458e+06 +0.0000e+00 +0.0000e+00 +0.0000e+00
2 0 +5.848574069e+06 +5.848574069e+06 +5.848488769e+06 +5.848488769e+06 -2.1670e-02 -2.0486e-01 +1.8698e-01
3 0 +5.281945649e+06 +5.281945649e+06 +5.281860349e+06 +5.281860349e+06 -3.2382e-04 +1.2609e+00 +8.5284e-01
4 0 +8.207222816e+05 +8.207222816e+05 +8.206369816e+05 +8.206369816e+05 -1.4409e-02 -1.0770e+00 +2.8651e+00
9 0 +8.831803283e+04 +8.831803283e+04 +8.823273283e+04 +8.823273283e+04 +7.4220e-03 -4.0562e-01 +2.3921e+00
38 0 +3.788940924e+04 +3.788940924e+04 +3.780410924e+04 +3.780410924e+04 -3.3922e-02 +3.4372e-02 +2.5772e+00
60 0 +9.571715822e+03 +9.571715822e+03 +9.486415822e+03 +9.486415822e+03 -2.0845e-02 -2.8115e-01 +2.6532e+00
68 0 +9.888812260e+02 +9.888812260e+02 +9.035812260e+02 +9.035812260e+02 -1.0652e-02 -1.6275e-01 +2.5877e+00
113 0 +5.691706995e+02 +5.691706995e+02 +4.838706995e+02 +4.838706995e+02 -9.7890e-03 -1.8133e-01 +2.6397e+00
141 0 +7.051734237e+01 +7.051734237e+01 -1.478265763e+01 -1.478265763e+01 -7.5417e-03 -1.6539e-01 +2.6187e+00
232 0 +6.806554611e+01 +6.806554611e+01 -1.723445389e+01 -1.723445389e+01 -1.0803e-02 -1.7661e-01 +2.6082e+00
302 0 +2.293260285e+01 +2.293260285e+01 -6.236739715e+01 -6.236739715e+01 -1.1158e-02 -1.7111e-01 +2.6141e+00
353 0 +1.263314960e+01 +1.263314960e+01 -7.266685040e+01 -7.266685040e+01 -1.2099e-02 -1.7183e-01 +2.6160e+00
381 0 +6.717265660e+00 +6.717265660e+00 -7.858273434e+01 -7.858273434e+01 -1.2231e-02 -1.7304e-01 +2.6173e+00
404 0 +3.726088470e+00 +3.726088470e+00 -8.157391153e+01 -8.157391153e+01 -1.2218e-02 -1.7612e-01 +2.6182e+00
412 0 +1.196139433e+00 +1.196139433e+00 -8.410386057e+01 -8.410386057e+01 -1.2137e-02 -1.7643e-01 +2.6169e+00
436 0 +1.098271705e+00 +1.098271705e+00 -8.420172829e+01 -8.420172829e+01 -1.2343e-02 -1.7589e-01 +2.6158e+00
455 0 +1.050211368e+00 +1.050211368e+00 -8.424978863e+01 -8.424978863e+01 -1.2341e-02 -1.7648e-01 +2.6166e+00
478 0 +1.043311149e+00 +1.043311149e+00 -8.425668885e+01 -8.425668885e+01 -1.2415e-02 -1.7595e-01 +2.6159e+00
495 0 +8.713827276e-01 +8.713827276e-01 -8.442861727e+01 -8.442861727e+01 -1.2388e-02 -1.7616e-01 +2.6161e+00
501 0 +7.457057114e-01 +7.457057114e-01 -8.455429429e+01 -8.455429429e+01 -1.2392e-02 -1.7600e-01 +2.6165e+00
629 0 +7.314767556e-01 +7.314767556e-01 -8.456852324e+01 -8.456852324e+01 -1.2332e-02 -1.7578e-01 +2.6165e+00
847 0 +7.234634897e-01 +7.234634897e-01 -8.457653651e+01 -8.457653651e+01 -1.2325e-02 -1.7583e-01 +2.6164e+00
% f evaluations | g evaluations | best noise-free fitness - Fopt | noise-free fitness - Fopt (1.719500000000e+02) | measured fitness | best measured fitness | x1 | x2...
1 0 +3.665452058e+07 +3.665452058e+07 +3.665469253e+07 +3.665469253e+07 +0.0000e+00 +0.0000e+00 +0.0000e+00
2 0 +3.324554816e+07 +3.324554816e+07 +3.324572011e+07 +3.324572011e+07 -4.1495e-01 -2.6717e-01 -1.2970e+00
8 0 +2.976639450e+07 +2.976639450e+07 +2.976656645e+07 +2.976656645e+07 +2.7263e-01 -4.1338e-01 -1.1678e+00
15 0 +2.324618350e+07 +2.324618350e+07 +2.324635545e+07 +2.324635545e+07 -4.6330e-01 +1.7113e+00 -8.8639e-01
20 0 +2.071845050e+07 +2.071845050e+07 +2.071862245e+07 +2.071862245e+07 +7.6069e-01 +1.2978e+00 -6.8960e-02
29 0 +1.815114284e+07 +1.815114284e+07 +1.815131479e+07 +1.815131479e+07 +2.6157e-01 +1.4441e+00 -1.0577e+00
33 0 +1.597735264e+07 +1.597735264e+07 +1.597752459e+07 +1.597752459e+07 +6.9809e-01 +1.5907e+00 -7.3865e-01
45 0 +1.518307748e+07 +1.518307748e+07 +1.518324943e+07 +1.518324943e+07 +6.1363e-01 +1.3057e+00 -1.4170e+00
47 0 +1.249701006e+07 +1.249701006e+07 +1.249718201e+07 +1.249718201e+07 +7.2744e-01 +1.4994e+00 -1.8784e+00
50 0 +1.221456532e+07 +1.221456532e+07 +1.221473727e+07 +1.221473727e+07 +9.0885e-01 +1.2950e+00 -1.9790e+00
55 0 +1.060623718e+07 +1.060623718e+07 +1.060640913e+07 +1.060640913e+07 +1.0392e+00 +1.4372e+00 -2.1956e+00
63 0 +1.028048155e+07 +1.028048155e+07 +1.028065350e+07 +1.028065350e+07 +1.4288e+00 +1.0911e+00 -2.3203e+00
77 0 +1.005153194e+07 +1.005153194e+07 +1.005170389e+07 +1.005170389e+07 +1.3613e+00 +1.1582e+00 -2.5917e+00
78 0 +9.588630991e+06 +9.588630991e+06 +9.588802941e+06 +9.588802941e+06 +1.5793e+00 +1.1230e+00 -2.2300e+00
81 0 +9.510409716e+06 +9.510409716e+06 +9.510581666e+06 +9.510581666e+06 +1.5220e+00 +1.1834e+00 -2.2614e+00
84 0 +9.116626345e+06 +9.116626345e+06 +9.116798295e+06 +9.116798295e+06 +1.5659e+00 +1.2469e+00 -2.1820e+00
85 0 +8.843293753e+06 +8.843293753e+06 +8.843465703e+06 +8.843465703e+06 +1.5191e+00 +1.3396e+00 -2.2405e+00
89 0 +6.354540005e+06 +6.354540005e+06 +6.354711955e+06 +6.354711955e+06 +2.2174e+00 +1.3414e+00 -2.3698e+00
93 0 +4.767009161e+06 +4.767009161e+06 +4.767181111e+06 +4.767181111e+06 +2.9691e+00 +1.3111e+00 -1.8926e+00
104 0 +1.567198233e+06 +1.567198233e+06 +1.567370183e+06 +1.567370183e+06 +3.5199e+00 +2.1057e+00 -2.2856e+00
113 0 +7.991495250e+05 +7.991495250e+05 +7.993214750e+05 +7.993214750e+05 +4.7618e+00 +2.7537e+00 -2.0354e+00
189 0 +3.521101806e+05 +3.521101806e+05 +3.522821306e+05 +3.522821306e+05 -1.2380e+00 +6.4893e+00 -1.0760e+01
210 0 +1.677254245e+05 +1.677254245e+05 +1.678973745e+05 +1.678973745e+05 +1.7470e-01 +5.9379e+00 -9.6537e+00
254 0 +2.273724242e+04 +2.273724242e+04 +2.290919242e+04 +2.290919242e+04 -1.7248e+00 +6.7114e+00 -1.2947e+01
806 0 +6.924297542e+03 +6.924297542e+03 +7.096247542e+03 +7.096247542e+03 +2.3757e+00 +4.1725e+00 -5.0486e+00
807 0 +2.358105694e+03 +2.358105694e+03 +2.530055694e+03 +2.530055694e+03 +2.0509e+00 +4.3420e+00 -5.4096e+00
835 0 +1.914145126e+03 +1.914145126e+03 +2.086095126e+03 +2.086095126e+03 +2.0577e+00 +4.3950e+00 -5.4464e+00
877 0 +1.465597361e+03 +1.465597361e+03 +1.637547361e+03 +1.637547361e+03 +2.0893e+00 +4.3481e+00 -5.5087e+00
881 0 +1.274654118e+03 +1.274654118e+03 +1.446604118e+03 +1.446604118e+03 +2.1020e+00 +4.3209e+00 -5.4518e+00
891 0 +2.057434891e+02 +2.057434891e+02 +3.776934891e+02 +3.776934891e+02 +2.0290e+00 +4.3716e+00 -5.5449e+00
902 0 +1.879421416e+02 +1.879421416e+02 +3.598921416e+02 +3.598921416e+02 +2.0289e+00 +4.3882e+00 -5.5287e+00
912 0 +1.198979905e+02 +1.198979905e+02 +2.918479905e+02 +2.918479905e+02 +2.0997e+00 +4.3573e+00 -5.4238e+00
940 0 +3.147888934e+01 +3.147888934e+01 +2.034288893e+02 +2.034288893e+02 +2.0235e+00 +4.3924e+00 -5.5725e+00
% f evaluations | g evaluations | best noise-free fitness - Fopt | noise-free fitness - Fopt (6.816000000000e+01) | measured fitness | best measured fitness | x1 | x2...
1 0 +1.962290270e+07 +1.962290270e+07 +1.962297086e+07 +1.962297086e+07 +0.0000e+00 +0.0000e+00 +0.0000e+00
2 0 +3.572639125e+06 +3.572639125e+06 +3.572707285e+06 +3.572707285e+06 -9.8201e-02 +3.9270e+00 -5.9176e-01
3 0 +2.172191065e+06 +2.172191065e+06 +2.172259225e+06 +2.172259225e+06 -5.7459e-01 +5.5328e+00 -1.5037e+00
29 0 +3.627269869e+05 +3.627269869e+05 +3.627951469e+05 +3.627951469e+05 +1.3590e+00 +4.4226e+00 +5.8268e-01
39 0 +2.294693500e+05 +2.294693500e+05 +2.295375100e+05 +2.295375100e+05 +1.4814e+00 +5.6214e+00 -1.1485e+00
40 0 +1.219531261e+05 +1.219531261e+05 +1.220212861e+05 +1.220212861e+05 +2.1165e+00 +4.5601e+00 +1.1092e-01
48 0 +1.323713026e+04 +1.323713026e+04 +1.330529026e+04 +1.330529026e+04 +1.6785e+00 +4.6225e+00 -1.9820e-01
108 0 +1.881051844e+03 +1.881051844e+03 +1.949211844e+03 +1.949211844e+03 +1.7793e+00 +4.4356e+00 +2.4244e-01
170 0 +1.529218343e+03 +1.529218343e+03 +1.597378343e+03 +1.597378343e+03 +1.7763e+00 +4.4382e+00 +1.4581e-01
310 0 +2.210093979e+02 +2.210093979e+02 +2.891693979e+02 +2.891693979e+02 +1.4639e+00 +4.9165e+00 -4.9934e-01
394 0 +1.652313884e+02 +1.652313884e+02 +2.333913884e+02 +2.333913884e+02 +1.4623e+00 +4.9020e+00 -4.7837e-01
404 0 +1.230804716e+02 +1.230804716e+02 +1.912404716e+02 +1.912404716e+02 +1.4628e+00 +4.9107e+00 -4.8859e-01
417 0 +1.008023094e+02 +1.008023094e+02 +1.689623094e+02 +1.689623094e+02 +1.4514e+00 +4.9401e+00 -5.0595e-01
431 0 +5.646569459e+01 +5.646569459e+01 +1.246256946e+02 +1.246256946e+02 +1.4395e+00 +4.9353e+00 -5.1758e-01
436 0 +2.772083146e+01 +2.772083146e+01 +9.588083146e+01 +9.588083146e+01 +1.4474e+00 +4.9397e+00 -5.2015e-01
438 0 +1.788282789e+01 +1.788282789e+01 +8.604282789e+01 +8.604282789e+01 +1.4439e+00 +4.9356e+00 -5.1285e-01
493 0 +1.357172566e+01 +1.357172566e+01 +8.173172566e+01 +8.173172566e+01 +1.4459e+00 +4.9397e+00 -5.1568e-01
542 0 +1.143065377e+01 +1.143065377e+01 +7.959065377e+01 +7.959065377e+01 +1.4472e+00 +4.9374e+00 -5.1360e-01
614 0 +1.102168517e+01 +1.102168517e+01 +7.918168517e+01 +7.918168517e+01 +1.4467e+00 +4.9376e+00 -5.1478e-01
785 0 +1.077192954e+01 +1.077192954e+01 +7.893192954e+01 +7.893192954e+01 +1.4445e+00 +4.9399e+00 -5.1866e-01
804 0 +1.052051400e+01 +1.052051400e+01 +7.868051400e+01 +7.868051400e+01 +1.4451e+00 +4.9381e+00 -5.1624e-01
835 0 +1.023617380e+01 +1.023617380e+01 +7.839617380e+01 +7.839617380e+01 +1.4463e+00 +4.9368e+00 -5.1364e-01
% f evaluations | g evaluations | best noise-free fitness - Fopt | noise-free fitness - Fopt (1.000000000000e+03) | measured fitness | best measured fitness | x1 | x2...
1 0 +1.909143400e+07 +1.909143400e+07 +1.909243400e+07 +1.909243400e+07 +0.0000e+00 +0.0000e+00 +0.0000e+00
3 0 +1.733830197e+07 +1.733830197e+07 +1.733930197e+07 +1.733930197e+07 +1.2782e-01 +1.2628e-02 +6.2006e-01
5 0 +1.596300044e+07 +1.596300044e+07 +1.596400044e+07 +1.596400044e+07 -2.0391e-01 +1.9163e-01 +2.7643e-01
8 0 +1.576649186e+07 +1.576649186e+07 +1.576749186e+07 +1.576749186e+07 -2.7882e-02 -1.8564e-02 +1.0122e+00
17 0 +1.472418022e+07 +1.472418022e+07 +1.472518022e+07 +1.472518022e+07 -2.2575e-01 +6.4229e-02 +8.6162e-01
20 0 +1.342599902e+07 +1.342599902e+07 +1.342699902e+07 +1.342699902e+07 -1.0482e+00 +1.6568e-01 +8.6783e-03
22 0 +1.218713705e+07 +1.218713705e+07 +1.218813705e+07 +1.218813705e+07 -4.7449e-01 +6.1020e-02 +1.9787e+00
26 0 +1.070417687e+07 +1.070417687e+07 +1.070517687e+07 +1.070517687e+07 -1.2366e+00 +1.7872e-01 +6.1799e-01
35 0 +9.476139106e+06 +9.476139106e+06 +9.477139106e+06 +9.477139106e+06 -1.6109e+00 +1.7474e-01 +5.4471e-01
43 0 +7.751928958e+06 +7.751928958e+06 +7.752928958e+06 +7.752928958e+06 -2.4191e+00 +1.0038e-01 +3.6228e-01
56 0 +7.179164033e+06 +7.179164033e+06 +7.180164033e+06 +7.180164033e+06 -1.8171e+00 +2.0799e-01 +1.4256e+00
59 0 +4.923790556e+06 +4.923790556e+06 +4.924790556e+06 +4.924790556e+06 -2.0960e+00 +5.2328e-01 +2.3737e+00
68 0 +4.726330373e+06 +4.726330373e+06 +4.727330373e+06 +4.727330373e+06 -3.2302e+00 +1.7236e-01 +2.8770e+00
79 0 +3.433284919e+06 +3.433284919e+06 +3.434284919e+06 +3.434284919e+06 -3.4396e+00 +3.1085e-02 +2.1140e+00
83 0 +1.834820833e+06 +1.834820833e+06 +1.835820833e+06 +1.835820833e+06 -4.0251e+00 -5.3587e-02 +1.9371e+00
112 0 +8.883887540e+05 +8.883887540e+05 +8.893887540e+05 +8.893887540e+05 -4.1529e+00 +2.6341e-01 +1.7597e+00
121 0 +5.142227719e+05 +5.142227719e+05 +5.152227719e+05 +5.152227719e+05 -4.4859e+00 +3.7956e-01 +1.7826e+00
127 0 +2.332429735e+03 +2.332429735e+03 +3.332429735e+03 +3.332429735e+03 -5.1014e+00 +4.7934e-01 +2.3317e+00
282 0 +2.009903262e+03 +2.009903262e+03 +3.009903262e+03 +3.009903262e+03 -4.8341e+00 +6.9049e-01 +2.2727e+00
290 0 +1.234529975e+03 +1.234529975e+03 +2.234529975e+03 +2.234529975e+03 -4.8097e+00 +6.9243e-01 +2.2399e+00
333 0 +9.121972339e+01 +9.121972339e+01 +1.091219723e+03 +1.091219723e+03 -4.9162e+00 +6.1342e-01 +2.2712e+00
706 0 +2.973180789e+01 +2.973180789e+01 +1.029731808e+03 +1.029731808e+03 -4.9241e+00 +6.1254e-01 +2.2785e+00
937 0 +2.888714764e+01 +2.888714764e+01 +1.028887148e+03 +1.028887148e+03 -4.9400e+00 +5.9748e-01 +2.2816e+00
% f evaluations | g evaluations | best noise-free fitness - Fopt | noise-free fitness - Fopt (-6.837000000000e+01) | measured fitness | best measured fitness | x1 | x2...
1 0 +2.096769592e+07 +2.096769592e+07 +2.096762755e+07 +2.096762755e+07 +0.0000e+00 +0.0000e+00 +0.0000e+00
3 0 +2.076805651e+07 +2.076805651e+07 +2.076798814e+07 +2.076798814e+07 +2.1178e-01 -2.3271e-01 -1.6602e+00
6 0 +1.308312062e+07 +1.308312062e+07 +1.308305225e+07 +1.308305225e+07 +2.4564e+00 +3.6110e-01 +1.2749e+00
7 0 +5.970350512e+06 +5.970350512e+06 +5.970282142e+06 +5.970282142e+06 +3.2998e+00 +6.2725e-01 +4.6566e-04
12 0 +3.769739738e+06 +3.769739738e+06 +3.769671368e+06 +3.769671368e+06 +3.9328e+00 +1.3600e+00 +1.4494e-01
33 0 +8.599654330e+05 +8.599654330e+05 +8.598970630e+05 +8.598970630e+05 +3.2083e+00 +3.9870e+00 -1.3826e+00
50 0 +1.641168053e+05 +1.641168053e+05 +1.640484353e+05 +1.640484353e+05 +4.4062e+00 +2.6185e+00 -1.4774e+00
57 0 +1.085863865e+05 +1.085863865e+05 +1.085180165e+05 +1.085180165e+05 +4.0501e+00 +2.1232e+00 -1.9658e+00
176 0 +3.445635469e+03 +3.445635469e+03 +3.377265469e+03 +3.377265469e+03 +2.8196e+00 +3.6089e+00 -5.6967e-01
287 0 +1.872415510e+03 +1.872415510e+03 +1.804045510e+03 +1.804045510e+03 +4.1751e+00 +2.2036e+00 -1.6647e+00
437 0 +3.880839161e+02 +3.880839161e+02 +3.197139161e+02 +3.197139161e+02 +4.7017e+00 +1.5708e+00 -2.3176e+00
488 0 +2.648717580e+02 +2.648717580e+02 +1.965017580e+02 +1.965017580e+02 +4.6405e+00 +1.6776e+00 -2.2006e+00
664 0 +7.657623697e+00 +7.657623697e+00 -6.071237630e+01 -6.071237630e+01 +4.3105e+00 +2.1246e+00 -1.7632e+00
818 0 +7.509889961e+00 +7.509889961e+00 -6.086011004e+01 -6.086011004e+01 +4.1679e+00 +2.2723e+00 -1.6344e+00
846 0 +4.139045113e+00 +4.139045113e+00 -6.423095489e+01 -6.423095489e+01 +4.1753e+00 +2.2670e+00 -1.6351e+00
903 0 +3.391958430e+00 +3.391958430e+00 -6.497804157e+01 -6.497804157e+01 +4.1821e+00 +2.2569e+00 -1.6421e+00
905 0 +4.108017255e-01 +4.108017255e-01 -6.795919827e+01 -6.795919827e+01 +4.1821e+00 +2.2578e+00 -1.6433e+00
975 0 +2.945618201e-01 +2.945618201e-01 -6.807543818e+01 -6.807543818e+01 +4.1838e+00 +2.2562e+00 -1.6450e+00
990 0 +2.784121927e-01 +2.784121927e-01 -6.809158781e+01 -6.809158781e+01 +4.1838e+00 +2.2564e+00 -1.6450e+00
% f evaluations | g evaluations | best noise-free fitness - Fopt | noise-free fitness - Fopt (-5.548000000000e+01) | measured fitness | best measured fitness | x1 | x2...
1 0 +3.825092798e+07 +3.825092798e+07 +3.825087250e+07 +3.825087250e+07 +0.0000e+00 +0.0000e+00 +0.0000e+00
2 0 +2.596604351e+07 +2.596604351e+07 +2.596598803e+07 +2.596598803e+07 -1.1622e+00 +1.8599e-01 -2.0383e-01
6 0 +2.253086380e+07 +2.253086380e+07 +2.253080832e+07 +2.253080832e+07 -1.2872e+00 -4.1345e-02 -7.3918e-02
9 0 +1.657176903e+07 +1.657176903e+07 +1.657171355e+07 +1.657171355e+07 -2.7199e+00 +1.2326e-01 -1.8087e-02
12 0 +1.521898395e+07 +1.521898395e+07 +1.521892847e+07 +1.521892847e+07 -3.2945e+00 +1.3604e-01 -1.2352e-01
16 0 +1.511950929e+07 +1.511950929e+07 +1.511945381e+07 +1.511945381e+07 -3.3325e+00 +7.3892e-02 -3.8916e-01
19 0 +1.409243614e+07 +1.409243614e+07 +1.409238066e+07 +1.409238066e+07 -2.9561e+00 -8.3062e-02 -1.4826e-01
26 0 +1.293629618e+07 +1.293629618e+07 +1.293624070e+07 +1.293624070e+07 -4.3092e+00 +1.0969e-01 +3.7283e-01
30 0 +1.131375510e+07 +1.131375510e+07 +1.131369962e+07 +1.131369962e+07 -4.2867e+00 -4.0799e-02 +6.6857e-01
92 0 +6.225419640e+06 +6.225419640e+06 +6.225364160e+06 +6.225364160e+06 -4.6741e+00 -1.9158e+00 -5.2220e-01
102 0 +1.578448856e+04 +1.578448856e+04 +1.572900856e+04 +1.572900856e+04 -7.2477e+00 -1.6617e+00 +4.5324e+00
250 0 +8.398983365e+03 +8.398983365e+03 +8.343503365e+03 +8.343503365e+03 -7.8849e+00 -1.4477e+00 +5.0116e+00
375 0 +3.473309204e+03 +3.473309204e+03 +3.417829204e+03 +3.417829204e+03 -7.6964e+00 -1.5090e+00 +4.8777e+00
396 0 +2.868004425e+03 +2.868004425e+03 +2.812524425e+03 +2.812524425e+03 -7.7369e+00 -1.5274e+00 +4.8719e+00
584 0 +2.806726318e+03 +2.806726318e+03 +2.751246318e+03 +2.751246318e+03 -7.7525e+00 -1.5169e+00 +4.8874e+00
592 0 +2.697864937e+03 +2.697864937e+03 +2.642384937e+03 +2.642384937e+03 -7.7384e+00 -1.5136e+00 +4.8896e+00
602 0 +2.569617862e+03 +2.569617862e+03 +2.514137862e+03 +2.514137862e+03 -7.7558e+00 -1.5142e+00 +4.8893e+00
608 0 +2.289875316e+03 +2.289875316e+03 +2.234395316e+03 +2.234395316e+03 -7.7595e+00 -1.5153e+00 +4.8835e+00
612 0 +1.529249063e+03 +1.529249063e+03 +1.473769063e+03 +1.473769063e+03 -7.7544e+00 -1.5116e+00 +4.8830e+00
626 0 +1.485974824e+03 +1.485974824e+03 +1.430494824e+03 +1.430494824e+03 -7.7590e+00 -1.5123e+00 +4.8787e+00
628 0 +1.089932379e+03 +1.089932379e+03 +1.034452379e+03 +1.034452379e+03 -7.7528e+00 -1.5105e+00 +4.8789e+00
633 0 +8.194735213e+02 +8.194735213e+02 +7.639935213e+02 +7.639935213e+02 -7.7535e+00 -1.5085e+00 +4.8779e+00
643 0 +7.661455632e+02 +7.661455632e+02 +7.106655632e+02 +7.106655632e+02 -7.7434e+00 -1.5082e+00 +4.8784e+00
659 0 +6.064829620e+02 +6.064829620e+02 +5.510029620e+02 +5.510029620e+02 -7.7402e+00 -1.5079e+00 +4.8761e+00
664 0 +5.931064605e+02 +5.931064605e+02 +5.376264605e+02 +5.376264605e+02 -7.7479e+00 -1.5082e+00 +4.8754e+00
668 0 +4.323459184e+02 +4.323459184e+02 +3.768659184e+02 +3.768659184e+02 -7.7505e+00 -1.5065e+00 +4.8735e+00
681 0 +4.080167222e+02 +4.080167222e+02 +3.525367222e+02 +3.525367222e+02 -7.7365e+00 -1.5063e+00 +4.8737e+00
685 0 +3.561741317e+02 +3.561741317e+02 +3.006941317e+02 +3.006941317e+02 -7.7388e+00 -1.5062e+00 +4.8733e+00
694 0 +2.336369193e+02 +2.336369193e+02 +1.781569193e+02 +1.781569193e+02 -7.7472e+00 -1.5043e+00 +4.8729e+00
731 0 +2.271749388e+02 +2.271749388e+02 +1.716949388e+02 +1.716949388e+02 -7.7424e+00 -1.5056e+00 +4.8712e+00
740 0 +2.064069741e+02 +2.064069741e+02 +1.509269741e+02 +1.509269741e+02 -7.7451e+00 -1.5048e+00 +4.8714e+00
743 0 +1.832976282e+02 +1.832976282e+02 +1.278176282e+02 +1.278176282e+02 -7.7385e+00 -1.5046e+00 +4.8707e+00
780 0 +1.544115306e+02 +1.544115306e+02 +9.893153059e+01 +9.893153059e+01 -7.7428e+00 -1.5048e+00 +4.8695e+00
781 0 +1.298548811e+02 +1.298548811e+02 +7.437488112e+01 +7.437488112e+01 -7.7415e+00 -1.5040e+00 +4.8699e+00
799 0 +1.092739126e+02 +1.092739126e+02 +5.379391258e+01 +5.379391258e+01 -7.7406e+00 -1.5038e+00 +4.8693e+00
802 0 +9.340775568e+01 +9.340775568e+01 +3.792775568e+01 +3.792775568e+01 -7.7383e+00 -1.5033e+00 +4.8687e+00
815 0 +8.731182868e+01 +8.731182868e+01 +3.183182868e+01 +3.183182868e+01 -7.7377e+00 -1.5033e+00 +4.8683e+00
823 0 +7.668616382e+01 +7.668616382e+01 +2.120616382e+01 +2.120616382e+01 -7.7410e+00 -1.5032e+00 +4.8683e+00
836 0 +7.419051783e+01 +7.419051783e+01 +1.871051783e+01 +1.871051783e+01 -7.7417e+00 -1.5030e+00 +4.8682e+00
854 0 +7.355450345e+01 +7.355450345e+01 +1.807450345e+01 +1.807450345e+01 -7.7413e+00 -1.5031e+00 +4.8681e+00
856 0 +6.959629666e+01 +6.959629666e+01 +1.411629666e+01 +1.411629666e+01 -7.7406e+00 -1.5029e+00 +4.8682e+00
869 0 +6.627393433e+01 +6.627393433e+01 +1.079393433e+01 +1.079393433e+01 -7.7406e+00 -1.5029e+00 +4.8679e+00
875 0 +6.518702023e+01 +6.518702023e+01 +9.707020231e+00 +9.707020231e+00 -7.7393e+00 -1.5028e+00 +4.8678e+00
876 0 +6.396457796e+01 +6.396457796e+01 +8.484577957e+00 +8.484577957e+00 -7.7407e+00 -1.5028e+00 +4.8679e+00
879 0 +6.265115725e+01 +6.265115725e+01 +7.171157249e+00 +7.171157249e+00 -7.7396e+00 -1.5029e+00 +4.8677e+00
890 0 +6.124753136e+01 +6.124753136e+01 +5.767531358e+00 +5.767531358e+00 -7.7394e+00 -1.5028e+00 +4.8676e+00
892 0 +5.999932486e+01 +5.999932486e+01 +4.519324859e+00 +4.519324859e+00 -7.7400e+00 -1.5028e+00 +4.8675e+00
902 0 +5.816674398e+01 +5.816674398e+01 +2.686743985e+00 +2.686743985e+00 -7.7397e+00 -1.5027e+00 +4.8675e+00
918 0 +5.724281566e+01 +5.724281566e+01 +1.762815662e+00 +1.762815662e+00 -7.7395e+00 -1.5027e+00 +4.8674e+00
934 0 +5.613407332e+01 +5.613407332e+01 +6.540733238e-01 +6.540733238e-01 -7.7404e+00 -1.5027e+00 +4.8673e+00
948 0 +5.488661265e+01 +5.488661265e+01 -5.933873461e-01 -5.933873461e-01 -7.7393e+00 -1.5026e+00 +4.8673e+00
954 0 +5.354495656e+01 +5.354495656e+01 -1.935043437e+00 -1.935043437e+00 -7.7401e+00 -1.5025e+00 +4.8673e+00
976 0 +5.160439466e+01 +5.160439466e+01 -3.875605340e+00 -3.875605340e+00 -7.7400e+00 -1.5026e+00 +4.8670e+00
982 0 +4.987096911e+01 +4.987096911e+01 -5.609030892e+00 -5.609030892e+00 -7.7404e+00 -1.5024e+00 +4.8669e+00
995 0 +4.491458971e+01 +4.491458971e+01 -1.056541029e+01 -1.056541029e+01 -7.7398e+00 -1.5022e+00 +4.8666e+00
% f evaluations | g evaluations | best noise-free fitness - Fopt | noise-free fitness - Fopt (-5.349000000000e+01) | measured fitness | best measured fitness | x1 | x2...
1 0 +6.188278457e+06 +6.188278457e+06 +6.188224967e+06 +6.188224967e+06 +0.0000e+00 +0.0000e+00 +0.0000e+00
2 0 +5.155403789e+06 +5.155403789e+06 +5.155350299e+06 +5.155350299e+06 +1.2923e+00 +2.4308e-03 -7.2375e-03
6 0 +4.625262280e+06 +4.625262280e+06 +4.625208790e+06 +4.625208790e+06 +6.2802e-01 +1.7063e-01 -1.3995e-03
16 0 +3.609684316e+06 +3.609684316e+06 +3.609630826e+06 +3.609630826e+06 +1.0840e+00 +3.5434e-01 -8.8391e-03
18 0 +3.085584998e+06 +3.085584998e+06 +3.085531508e+06 +3.085531508e+06 +7.6630e-01 +5.2782e-01 -5.9916e-03
25 0 +2.932948453e+06 +2.932948453e+06 +2.932894963e+06 +2.932894963e+06 +1.7145e+00 +8.2388e-01 -1.6924e-02
40 0 +2.381171543e+06 +2.381171543e+06 +2.381118053e+06 +2.381118053e+06 +1.0073e+00 +6.9715e-01 -1.5532e-02
42 0 +1.939641937e+06 +1.939641937e+06 +1.939588447e+06 +1.939588447e+06 +7.2573e-01 +8.8840e-01 -2.6683e-03
50 0 +1.597649885e+06 +1.597649885e+06 +1.597596395e+06 +1.597596395e+06 +7.2538e-01 +1.0082e+00 -7.7911e-03
53 0 +8.451489605e+05 +8.451489605e+05 +8.450954705e+05 +8.450954705e+05 +4.0169e-01 +1.5239e+00 -5.9894e-03
65 0 +6.847656858e+05 +6.847656858e+05 +6.847121958e+05 +6.847121958e+05 +2.6476e-01 +1.7880e+00 -1.1485e-02
66 0 +3.720410724e+05 +3.720410724e+05 +3.719875824e+05 +3.719875824e+05 +1.0935e+00 +2.0996e+00 -1.1661e-02
69 0 +2.370616785e+05 +2.370616785e+05 +2.370081885e+05 +2.370081885e+05 +6.9165e-01 +1.7321e+00 -1.1884e-02
75 0 +1.088540210e+05 +1.088540210e+05 +1.088005310e+05 +1.088005310e+05 +4.9452e-01 +2.0960e+00 +9.1417e-04
83 0 +6.080461181e+04 +6.080461181e+04 +6.075112181e+04 +6.075112181e+04 +6.9203e-01 +1.9492e+00 -4.1031e-05
84 0 +5.955649851e+04 +5.955649851e+04 +5.950300851e+04 +5.950300851e+04 +8.4784e-01 +1.9854e+00 -4.6789e-03
89 0 +3.860161259e+04 +3.860161259e+04 +3.854812259e+04 +3.854812259e+04 +5.7860e-01 +2.1160e+00 -3.9760e-03
97 0 +1.224259833e+04 +1.224259833e+04 +1.218910833e+04 +1.218910833e+04 +6.9962e-01 +2.2547e+00 +1.4503e-03
166 0 +8.045882820e+03 +8.045882820e+03 +7.992392820e+03 +7.992392820e+03 +6.8327e-01 +2.2569e+00 +4.2647e-02
311 0 +2.859201693e+03 +2.859201693e+03 +2.805711693e+03 +2.805711693e+03 +7.2524e-01 +2.1314e+00 +7.2297e-02
351 0 +1.709284827e+03 +1.709284827e+03 +1.655794827e+03 +1.655794827e+03 +6.8509e-01 +2.2149e+00 +7.0431e-02
400 0 +1.322789113e+03 +1.322789113e+03 +1.269299113e+03 +1.269299113e+03 +7.3403e-01 +2.1713e+00 +7.4758e-02
437 0 +4.990295970e+02 +4.990295970e+02 +4.455395970e+02 +4.455395970e+02 +7.2373e-01 +2.1776e+00 +7.4878e-02
748 0 +9.516031718e+01 +9.516031718e+01 +4.167031718e+01 +4.167031718e+01 +7.1629e-01 +2.1802e+00 +9.9461e-02
% f evaluations | g evaluations | best noise-free fitness - Fopt | noise-free fitness - Fopt (1.172700000000e+02) | measured fitness | best measured fitness | x1 | x2...
1 0 +7.761906680e+07 +7.761906680e+07 +7.761918407e+07 +7.761918407e+07 +0.0000e+00 +0.0000e+00 +0.0000e+00
3 0 +2.393618693e+07 +2.393618693e+07 +2.393630420e+07 +2.393630420e+07 +8.0667e-01 +2.0086e-01 -4.2641e-01
14 0 +7.740194671e+06 +7.740194671e+06 +7.740311941e+06 +7.740311941e+06 +1.7274e+00 +2.7456e-01 +8.3055e-02
16 0 +4.699782202e+06 +4.699782202e+06 +4.699899472e+06 +4.699899472e+06 +1.8978e+00 -6.6566e-01 -9.8667e-02
22 0 +3.006821429e+06 +3.006821429e+06 +3.006938699e+06 +3.006938699e+06 +3.6086e+00 -9.9810e-01 -1.7809e-01
23 0 +2.551421358e+06 +2.551421358e+06 +2.551538628e+06 +2.551538628e+06 +2.3198e+00 -2.6282e-01 +1.0803e-01
28 0 +9.520630644e+05 +9.520630644e+05 +9.521803344e+05 +9.521803344e+05 +2.8548e+00 +2.0791e-01 +5.6145e-01
39 0 +4.837202074e+05 +4.837202074e+05 +4.838374774e+05 +4.838374774e+05 +2.9908e+00 +5.8175e-01 +5.9001e-01
47 0 +6.644471685e+04 +6.644471685e+04 +6.656198685e+04 +6.656198685e+04 +3.5043e+00 +7.1147e-01 +3.5067e-01
74 0 +4.751347577e+04 +4.751347577e+04 +4.763074577e+04 +4.763074577e+04 +3.6898e+00 +1.1542e+00 +1.8664e+00
298 0 +3.612838457e+04 +3.612838457e+04 +3.624565457e+04 +3.624565457e+04 +3.1270e+00 -1.3067e-01 -4.0394e+00
305 0 +2.830315311e+04 +2.830315311e+04 +2.842042311e+04 +2.842042311e+04 +3.4201e+00 -1.4567e-01 -4.4115e+00
306 0 +5.237792038e+03 +5.237792038e+03 +5.355062038e+03 +5.355062038e+03 +3.3906e+00 -2.3860e-01 -4.3229e+00
350 0 +9.128704493e+02 +9.128704493e+02 +1.030140449e+03 +1.030140449e+03 +3.3637e+00 -3.2268e-01 -4.4255e+00
352 0 +3.208420935e+02 +3.208420935e+02 +4.381120935e+02 +4.381120935e+02 +3.3463e+00 -2.8216e-01 -4.3983e+00
376 0 +9.842439194e+01 +9.842439194e+01 +2.156943919e+02 +2.156943919e+02 +3.3558e+00 -2.9395e-01 -4.4025e+00
379 0 +3.212187092e+01 +3.212187092e+01 +1.493918709e+02 +1.493918709e+02 +3.3629e+00 -2.9064e-01 -4.4225e+00
501 0 +1.600176908e+01 +1.600176908e+01 +1.332717691e+02 +1.332717691e+02 +3.3880e+00 -3.0814e-01 -4.4969e+00
626 0 +1.031842257e+01 +1.031842257e+01 +1.275884226e+02 +1.275884226e+02 +3.3861e+00 -3.0867e-01 -4.4980e+00
793 0 +1.020985287e+01 +1.020985287e+01 +1.274798529e+02 +1.274798529e+02 +3.3866e+00 -3.0892e-01 -4.4991e+00
% f evaluations | g evaluations | best noise-free fitness - Fopt | noise-free fitness - Fopt (7.789000000000e+01) | measured fitness | best measured fitness | x1 | x2...
1 0 +2.139425777e+07 +2.139425777e+07 +2.139433566e+07 +2.139433566e+07 +0.0000e+00 +0.0000e+00 +0.0000e+00
2 0 +1.032979676e+07 +1.032979676e+07 +1.032987465e+07 +1.032987465e+07 -2.2428e-01 +1.0453e+00 -2.0600e-01
8 0 +7.757467467e+06 +7.757467467e+06 +7.757545357e+06 +7.757545357e+06 -4.8816e-01 +1.6805e+00 -2.3876e-01
14 0 +6.535546702e+06 +6.535546702e+06 +6.535624592e+06 +6.535624592e+06 -5.6438e-01 +1.9558e+00 -1.5735e-02
17 0 +1.721013144e+06 +1.721013144e+06 +1.721091034e+06 +1.721091034e+06 +6.2469e-01 +1.9338e+00 +1.2056e-01
26 0 +1.228866373e+06 +1.228866373e+06 +1.228944263e+06 +1.228944263e+06 +7.5307e-01 +3.1662e+00 +1.1411e+00
31 0 +1.060097499e+05 +1.060097499e+05 +1.060876399e+05 +1.060876399e+05 +1.9197e+00 +3.2900e+00 -1.8722e-01
70 0 +7.159549025e+04 +7.159549025e+04 +7.167338025e+04 +7.167338025e+04 +1.8349e+00 +2.5297e+00 +1.6082e-01
99 0 +7.295945524e+03 +7.295945524e+03 +7.373835524e+03 +7.373835524e+03 +1.5151e+00 +2.1403e+00 +1.5325e+00
256 0 +5.626289543e+03 +5.626289543e+03 +5.704179543e+03 +5.704179543e+03 +1.2945e+00 +1.6623e+00 +2.5203e+00
260 0 +5.092684695e+02 +5.092684695e+02 +5.871584695e+02 +5.871584695e+02 +1.3768e+00 +1.8731e+00 +2.3038e+00
273 0 +1.336825169e+02 +1.336825169e+02 +2.115725169e+02 +2.115725169e+02 +1.4356e+00 +2.0723e+00 +1.8490e+00
484 0 +1.235393701e+02 +1.235393701e+02 +2.014293701e+02 +2.014293701e+02 +1.0754e+00 +1.5059e+00 +3.1352e+00
486 0 +9.347025164e+00 +9.347025164e+00 +8.723702516e+01 +8.723702516e+01 +1.0860e+00 +1.5251e+00 +3.0988e+00
545 0 +7.323519092e+00 +7.323519092e+00 +8.521351909e+01 +8.521351909e+01 +1.0747e+00 +1.5134e+00 +3.1250e+00
551 0 +4.174019761e+00 +4.174019761e+00 +8.206401976e+01 +8.206401976e+01 +1.0784e+00 +1.5175e+00 +3.1153e+00
577 0 +3.883393380e+00 +3.883393380e+00 +8.177339338e+01 +8.177339338e+01 +1.0733e+00 +1.5124e+00 +3.1249e+00
578 0 +2.952388355e+00 +2.952388355e+00 +8.084238836e+01 +8.084238836e+01 +1.0714e+00 +1.5120e+00 +3.1283e+00
