% f evaluations | g evaluations | best noise-free fitness - Fopt | noise-free fitness - Fopt (-6.211100000000e+02) | measured fitness | best measured fitness | x1 | x2...
1 0 +3.275825074e+07 +3.275825074e+07 +3.275762963e+07 +3.275762963e+07 +0.0000e+00 +0.0000e+00 +0.0000e+00 +0.0000e+00 +0.0000e+00
2 0 +3.202422006e+07 +3.202422006e+07 +3.202359895e+07 +3.202359895e+07 -3.3495e-03 -4.6667e-02 +1.5256e-01 -1.7130e-01 +6.2228e-02
4 0 +2.737356803e+07 +2.737356803e+07 +2.737294692e+07 +2.737294692e+07 +3.3227e-02 +2.9094e-01 -1.7452e-01 -3.8017e-01 +1.6284e-01
5 0 +2.628702954e+07 +2.628702954e+07 +2.628640843e+07 +2.628640843e+07 -1.4091e-02 +6.3580e-01 +2.8580e-01 -2.3251e-01 -8.0135e-02
12 0 +1.641948730e+07 +1.641948730e+07 +1.641886619e+07 +1.641886619e+07 -1.9985e-02 +2.2410e+00 -3.9902e-01 -2.2329e-01 -3.4105e-02
21 0 +1.248120343e+07 +1.248120343e+07 +1.248058232e+07 +1.248058232e+07 -2.2922e-02 +4.4164e+00 +4.7017e-01 -4.5433e-01 -2.9180e-01
26 0 +1.138345719e+07 +1.138345719e+07 +1.138283608e+07 +1.138283608e+07 -1.8328e-02 +3.8548e+00 -5.7345e-01 -4.5431e-01 +4.1188e-02
33 0 +1.064521210e+07 +1.064521210e+07 +1.064459099e+07 +1.064459099e+07 -1.0703e-02 +5.1646e+00 -5.5663e-01 -6.2606e-01 -3.1773e-01
43 0 +9.057236864e+06 +9.057236864e+06 +9.056615754e+06 +9.056615754e+06 -3.0781e-02 +4.5281e+00 -5.7504e-01 -8.2405e-01 -8.8385e-02
58 0 +8.641301450e+06 +8.641301450e+06 +8.640680340e+06 +8.640680340e+06 -4.6818e-02 +4.4370e+00 -6.3505e-01 -8.7290e-01 -1.2292e-01
62 0 +7.561809326e+06 +7.561809326e+06 +7.561188216e+06 +7.561188216e+06 -3.4483e-02 +4.7195e+00 -4.4544e-01 -1.0970e+00 -3.1613e-01
66 0 +7.358874536e+06 +7.358874536e+06 +7.358253426e+06 +7.358253426e+06 -3.6146e-02 +5.1575e+00 -3.7808e-01 -1.3721e+00 -1.0869e-01
76 0 +5.771287115e+06 +5.771287115e+06 +5.770666005e+06 +5.770666005e+06 -5.1512e-02 +3.7381e+00 -5.7656e-01 -1.4716e+00 -2.5216e-01
174 0 +5.750853807e+06 +5.750853807e+06 +5.750232697e+06 +5.750232697e+06 +9.6889e-01 +3.9581e+00 -4.5229e+00 -2.4539e+00 -2.6308e+00
215 0 +5.235471498e+06 +5.235471498e+06 +5.234850388e+06 +5.234850388e+06 +9.6092e-01 +4.2333e+00 -3.8700e+00 -2.3430e+00 -3.0879e+00
234 0 +5.022073017e+06 +5.022073017e+06 +5.021451907e+06 +5.021451907e+06 +9.4643e-01 +4.6567e+00 -3.6940e+00 -2.2099e+00 -2.9860e+00
789 0 +3.544053023e+06 +3.544053023e+06 +3.543431913e+06 +3.543431913e+06 +1.2186e+00 +2.8415e+00 +5.5387e+00 -6.6751e+00 +3.3751e+00
% f evaluations | g evaluations | best noise-free fitness - Fopt | noise-free fitness - Fopt (-2.548200000000e+02) | measured fitness | best measured fitness | x1 | x2...
1 0 +1.522761725e+08 +1.522761725e+08 +1.522759177e+08 +1.522759177e+08 +0.0000e+00 +0.0000e+00 +0.0000e+00 +0.0000e+00 +0.0000e+00
2 0 +4.065440366e+07 +4.065440366e+07 +4.065414884e+07 +4.065414884e+07 +5.3756e-01 +2.1294e-01 -7.6952e-01 +4.5002e-01 -1.8202e+00
15 0 +3.040729279e+07 +3.040729279e+07 +3.040703797e+07 +3.040703797e+07 +3.3948e-01 +4.1840e-01 -2.3837e-01 -3.4247e+00 -1.9626e+00
25 0 +2.628901917e+07 +2.628901917e+07 +2.628876435e+07 +2.628876435e+07 +5.7988e-01 +2.7619e-01 +6.6030e-01 -2.2798e+00 -2.2558e+00
26 0 +2.568038954e+07 +2.568038954e+07 +2.568013472e+07 +2.568013472e+07 +3.2871e-01 +4.2068e-01 -1.2081e+00 -2.3943e+00 -2.2730e+00
36 0 +2.314125573e+07 +2.314125573e+07 +2.314100091e+07 +2.314100091e+07 +1.4180e-01 +5.4662e-01 +1.2348e-02 +2.4175e-01 -2.8284e+00
39 0 +2.038681857e+07 +2.038681857e+07 +2.038656375e+07 +2.038656375e+07 +4.6876e-01 +6.1144e-01 -4.2835e-01 -2.0668e+00 -2.5215e+00
41 0 +1.774141082e+07 +1.774141082e+07 +1.774115600e+07 +1.774115600e+07 +1.5245e-01 +6.0920e-01 -8.2752e-01 -1.3863e+00 -3.1886e+00
43 0 +1.711921251e+07 +1.711921251e+07 +1.711895769e+07 +1.711895769e+07 +5.6249e-01 +6.4049e-01 -6.6954e-01 -1.7823e+00 -2.9281e+00
44 0 +1.513667321e+07 +1.513667321e+07 +1.513641839e+07 +1.513641839e+07 +3.0966e-01 +4.3344e-01 -5.0959e-01 -6.4807e-01 -3.4606e+00
45 0 +1.448118720e+07 +1.448118720e+07 +1.448093238e+07 +1.448093238e+07 +5.3290e-01 +5.8621e-01 -6.5872e-01 -1.3295e+00 -3.4602e+00
53 0 +1.371553249e+07 +1.371553249e+07 +1.371527767e+07 +1.371527767e+07 +5.5893e-01 +4.6096e-01 -9.2272e-01 -5.8885e-01 -3.6183e+00
54 0 +1.206856039e+07 +1.206856039e+07 +1.206830557e+07 +1.206830557e+07 +4.1599e-01 +5.3655e-01 +6.4326e-01 -9.4730e-01 -3.9335e+00
58 0 +1.025130176e+07 +1.025130176e+07 +1.025104694e+07 +1.025104694e+07 +6.3947e-01 +7.9461e-01 +6.1177e-01 -1.0768e+00 -3.9051e+00
63 0 +1.020738902e+07 +1.020738902e+07 +1.020713420e+07 +1.020713420e+07 +4.8344e-01 +8.7913e-01 +1.1054e+00 +7.9184e-01 -3.9788e+00
65 0 +7.902178939e+06 +7.902178939e+06 +7.901924119e+06 +7.901924119e+06 +3.8792e-01 +7.4857e-01 +6.2621e-01 +6.5242e-01 -4.3765e+00
73 0 +6.895183548e+06 +6.895183548e+06 +6.894928728e+06 +6.894928728e+06 +8.2700e-01 +8.1152e-01 +6.4251e-01 -2.5898e-01 -4.3041e+00
77 0 +2.960078066e+06 +2.960078066e+06 +2.959823246e+06 +2.959823246e+06 +6.8462e-01 +9.7803e-01 +8.9872e-01 +1.3200e+00 -5.4640e+00
82 0 +2.704965850e+06 +2.704965850e+06 +2.704711030e+06 +2.704711030e+06 +1.0136e+00 +2.0449e+00 +5.4573e-01 +2.7680e-01 -4.0676e+00
182 0 +1.364519105e+06 +1.364519105e+06 +1.364264285e+06 +1.364264285e+06 +7.6650e-01 +2.3132e+00 +8.5995e-01 +2.3870e+00 -5.9345e+00
502 0 +1.187173616e+06 +1.187173616e+06 +1.186918796e+06 +1.186918796e+06 +5.2635e-01 +1.0130e+00 +1.4918e+00 +1.9570e+00 -7.1127e+00
504 0 +8.497456177e+05 +8.497456177e+05 +8.494907977e+05 +8.494907977e+05 +4.6212e-01 +1.2508e+00 +1.5964e+00 +2.5532e+00 -7.5131e+00
541 0 +7.150533127e+05 +7.150533127e+05 +7.147984927e+05 +7.147984927e+05 +5.2124e-01 +1.3255e+00 +9.0283e-01 +2.0548e+00 -7.0628e+00
552 0 +6.953355019e+05 +6.953355019e+05 +6.950806819e+05 +6.950806819e+05 +6.0778e-01 +1.3557e+00 +1.6907e+00 +2.4035e+00 -7.7578e+00
554 0 +6.408439280e+05 +6.408439280e+05 +6.405891080e+05 +6.405891080e+05 +4.9244e-01 +1.3718e+00 +1.2313e+00 +1.6293e+00 -6.9151e+00
564 0 +5.275248328e+05 +5.275248328e+05 +5.272700128e+05 +5.272700128e+05 +4.4445e-01 +1.4294e+00 +1.1771e+00 +1.4827e+00 -7.1848e+00
566 0 +3.137234748e+05 +3.137234748e+05 +3.134686548e+05 +3.134686548e+05 +4.6564e-01 +1.4405e+00 +1.0994e+00 +2.0173e+00 -7.5000e+00
581 0 +2.767992848e+05 +2.767992848e+05 +2.765444648e+05 +2.765444648e+05 +4.7966e-01 +1.5371e+00 +9.7609e-01 +2.0894e+00 -7.6527e+00
591 0 +1.438768667e+05 +1.438768667e+05 +1.436220467e+05 +1.436220467e+05 +4.2861e-01 +1.7038e+00 +1.1119e+00 +2.2544e+00 -7.6791e+00
644 0 +1.404110904e+05 +1.404110904e+05 +1.401562704e+05 +1.401562704e+05 +4.3722e-01 +1.6908e+00 +1.2957e+00 +1.9697e+00 -7.9582e+00
672 0 +1.242559179e+05 +1.242559179e+05 +1.240010979e+05 +1.240010979e+05 +3.8487e-01 +1.6071e+00 +1.2649e+00 +2.0106e+00 -7.8457e+00
677 0 +1.168420173e+05 +1.168420173e+05 +1.165871973e+05 +1.165871973e+05 +4.2067e-01 +1.6265e+00 +1.2197e+00 +2.0930e+00 -7.6940e+00
697 0 +6.779933521e+04 +6.779933521e+04 +6.754451521e+04 +6.754451521e+04 +3.6590e-01 +1.6826e+00 +1.2761e+00 +2.0626e+00 -7.7035e+00
717 0 +6.340490821e+04 +6.340490821e+04 +6.315008821e+04 +6.315008821e+04 +3.5575e-01 +1.7022e+00 +1.2097e+00 +2.1120e+00 -7.7554e+00
719 0 +5.852367717e+04 +5.852367717e+04 +5.826885717e+04 +5.826885717e+04 +3.7127e-01 +1.7113e+00 +1.2612e+00 +1.9921e+00 -7.6236e+00
724 0 +5.342143605e+04 +5.342143605e+04 +5.316661605e+04 +5.316661605e+04 +3.7344e-01 +1.7300e+00 +1.3033e+00 +1.9886e+00 -7.7055e+00
753 0 +5.070201298e+04 +5.070201298e+04 +5.044719298e+04 +5.044719298e+04 +3.8170e-01 +1.7363e+00 +1.2622e+00 +2.0854e+00 -7.6968e+00
758 0 +4.189113323e+04 +4.189113323e+04 +4.163631323e+04 +4.163631323e+04 +3.7403e-01 +1.7629e+00 +1.2525e+00 +2.0973e+00 -7.6649e+00
762 0 +4.088445496e+04 +4.088445496e+04 +4.062963496e+04 +4.062963496e+04 +3.7885e-01 +1.7631e+00 +1.2450e+00 +1.9837e+00 -7.6994e+00
771 0 +4.000961913e+04 +4.000961913e+04 +3.975479913e+04 +3.975479913e+04 +3.6914e-01 +1.7747e+00 +1.1935e+00 +2.0805e+00 -7.7129e+00
772 0 +3.106793078e+04 +3.106793078e+04 +3.081311078e+04 +3.081311078e+04 +3.7467e-01 +1.7899e+00 +1.2443e+00 +1.9650e+00 -7.6626e+00
784 0 +2.751415557e+04 +2.751415557e+04 +2.725933557e+04 +2.725933557e+04 +3.8119e-01 +1.7984e+00 +1.2400e+00 +2.0081e+00 -7.6564e+00
788 0 +2.207675274e+04 +2.207675274e+04 +2.182193274e+04 +2.182193274e+04 +3.7050e-01 +1.8188e+00 +1.2442e+00 +2.0568e+00 -7.6686e+00
795 0 +1.236481722e+04 +1.236481722e+04 +1.210999722e+04 +1.210999722e+04 +3.6221e-01 +1.8515e+00 +1.2463e+00 +1.9960e+00 -7.5871e+00
835 0 +7.120528622e+03 +7.120528622e+03 +6.865708622e+03 +6.865708622e+03 +2.3249e-01 +1.9064e+00 +1.3164e+00 +1.9962e+00 -7.6523e+00
% f evaluations | g evaluations | best noise-free fitness - Fopt | noise-free fitness - Fopt (5.661000000000e+01) | measured fitness | best measured fitness | x1 | x2...
1 0 +1.641714053e+08 +1.641714053e+08 +1.641714619e+08 +1.641714619e+08 +0.0000e+00 +0.0000e+00 +0.0000e+00 +0.0000e+00 +0.0000e+00
2 0 +3.987125616e+07 +3.987125616e+07 +3.987131277e+07 +3.987131277e+07 +2.6216e-01 -1.5594e+00 +1.0818e-02 -1.8812e-01 -1.8066e+00
3 0 +3.943611389e+07 +3.943611389e+07 +3.943617050e+07 +3.943617050e+07 +6.5433e-02 -1.3377e+00 +6.1608e-03 +2.8523e-01 -1.5766e+00
14 0 +2.439926243e+07 +2.439926243e+07 +2.439931904e+07 +2.439931904e+07 +4.1647e-01 -3.7466e+00 +2.5667e-04 +2.6998e-02 -8.7873e-01
15 0 +1.888973689e+07 +1.888973689e+07 +1.888979350e+07 +1.888979350e+07 -1.5915e-01 -5.3610e+00 -1.4065e-02 +1.7283e-01 -1.0263e+00
31 0 +1.854170883e+07 +1.854170883e+07 +1.854176544e+07 +1.854176544e+07 +1.6166e-01 -6.4610e+00 -3.7242e-02 +3.7494e-01 -9.6365e-01
38 0 +1.741453278e+07 +1.741453278e+07 +1.741458939e+07 +1.741458939e+07 +6.3396e-03 -6.8801e+00 -3.9825e-02 +3.2582e-01 +4.4365e-02
52 0 +1.712602839e+07 +1.712602839e+07 +1.712608500e+07 +1.712608500e+07 +8.5208e-02 -6.8526e+00 -8.1257e-02 +5.7573e-01 -7.9738e-01
53 0 +1.666583530e+07 +1.666583530e+07 +1.666589191e+07 +1.666589191e+07 +2.0895e-01 -7.4672e+00 -6.3905e-02 +5.9046e-01 -1.7955e-03
74 0 +1.603394427e+07 +1.603394427e+07 +1.603400088e+07 +1.603400088e+07 +1.3266e-02 -6.3752e+00 -1.0527e-01 +6.5715e-01 -2.4229e-01
83 0 +1.538200911e+07 +1.538200911e+07 +1.538206572e+07 +1.538206572e+07 -1.6723e-01 -7.4192e+00 -1.4271e-01 +6.2869e-01 +8.6387e-01
92 0 +1.497205599e+07 +1.497205599e+07 +1.497211260e+07 +1.497211260e+07 -2.4289e-01 -6.3500e+00 -1.5585e-01 +7.2692e-01 +2.4113e-01
118 0 +1.446966496e+07 +1.446966496e+07 +1.446972157e+07 +1.446972157e+07 -1.9466e-01 -7.4233e+00 -1.7323e-01 +7.7844e-01 +5.8499e-01
126 0 +1.415047795e+07 +1.415047795e+07 +1.415053456e+07 +1.415053456e+07 -1.9053e-01 -8.0653e+00 -1.9041e-01 +8.9693e-01 +9.3837e-01
130 0 +1.399873602e+07 +1.399873602e+07 +1.399879263e+07 +1.399879263e+07 -1.7711e-01 -7.3317e+00 -2.0953e-01 +1.1049e+00 +1.4505e+00
133 0 +1.344970291e+07 +1.344970291e+07 +1.344975952e+07 +1.344975952e+07 -1.8521e-01 -8.2740e+00 -2.1103e-01 +1.1196e+00 +1.2379e+00
142 0 +1.255144785e+07 +1.255144785e+07 +1.255150446e+07 +1.255150446e+07 -3.0346e-01 -7.1965e+00 -1.9356e-01 +1.3772e+00 +5.6282e-01
176 0 +1.218852999e+07 +1.218852999e+07 +1.218858660e+07 +1.218858660e+07 -3.9143e-01 -7.7824e+00 -2.1626e-01 +1.4339e+00 +7.0355e-01
192 0 +1.191493334e+07 +1.191493334e+07 +1.191498995e+07 +1.191498995e+07 -5.2396e-01 -6.7962e+00 -2.2173e-01 +1.5737e+00 +5.6009e-02
223 0 +1.174432164e+07 +1.174432164e+07 +1.174437825e+07 +1.174437825e+07 -4.6197e-01 -7.2971e+00 -2.2285e-01 +1.6213e+00 +2.3390e-01
322 0 +1.147816950e+07 +1.147816950e+07 +1.147822611e+07 +1.147822611e+07 -5.5005e-01 -7.3846e+00 -2.2474e-01 +1.7357e+00 +3.2816e-01
435 0 +1.120492577e+07 +1.120492577e+07 +1.120498238e+07 +1.120498238e+07 -5.6742e-01 -7.3650e+00 -2.3475e-01 +1.8689e+00 +4.3656e-01
554 0 +1.094055902e+07 +1.094055902e+07 +1.094061563e+07 +1.094061563e+07 -4.7720e-01 -7.5743e+00 -2.4609e-01 +2.0181e+00 +5.3256e-01
632 0 +1.070989756e+07 +1.070989756e+07 +1.070995417e+07 +1.070995417e+07 -4.9309e-01 -7.8285e+00 -2.5656e-01 +2.1431e+00 +7.1196e-01
744 0 +1.046946396e+07 +1.046946396e+07 +1.046952057e+07 +1.046952057e+07 -4.9069e-01 -8.0409e+00 -2.7330e-01 +2.2876e+00 +7.8691e-01
823 0 +1.023271621e+07 +1.023271621e+07 +1.023277282e+07 +1.023277282e+07 -4.7317e-01 -8.2281e+00 -2.8449e-01 +2.5258e+00 +9.0878e-01
916 0 +9.968588608e+06 +9.968588608e+06 +9.968645218e+06 +9.968645218e+06 -2.4073e-01 -8.1740e+00 -3.0973e-01 +2.6381e+00 +1.1796e+00
% f evaluations | g evaluations | best noise-free fitness - Fopt | noise-free fitness - Fopt (-1.810000000000e+01) | measured fitness | best measured fitness | x1 | x2...
1 0 +5.982210084e+07 +5.982210084e+07 +5.982208274e+07 +5.982208274e+07 +0.0000e+00 +0.0000e+00 +0.0000e+00 +0.0000e+00 +0.0000e+00
5 0 +2.027567421e+07 +2.027567421e+07 +2.027565611e+07 +2.027565611e+07 -1.3148e-02 +4.2368e-01 -2.8418e-01 +3.2546e+00 +3.8773e-01
12 0 +1.799186518e+07 +1.799186518e+07 +1.799184708e+07 +1.799184708e+07 +9.5590e-02 +1.2089e+00 -5.5565e-01 +2.8002e+00 +8.5582e-01
13 0 +1.340781433e+07 +1.340781433e+07 +1.340779623e+07 +1.340779623e+07 -4.3948e-02 +3.1241e-01 -5.1471e-01 +4.4029e+00 +1.4870e+00
15 0 +1.170218633e+07 +1.170218633e+07 +1.170216823e+07 +1.170216823e+07 +2.1966e-02 +8.7701e-01 +1.2091e+00 +2.8810e+00 -2.2723e-01
24 0 +1.008521440e+07 +1.008521440e+07 +1.008519630e+07 +1.008519630e+07 -1.4117e-01 -8.0217e-01 +1.3503e+00 +2.5859e+00 +2.6029e+00
29 0 +7.175090470e+06 +7.175090470e+06 +7.175072370e+06 +7.175072370e+06 -1.0526e-01 -7.5314e-01 +1.1016e+00 +3.0871e+00 +1.3190e+00
35 0 +5.330940713e+06 +5.330940713e+06 +5.330922613e+06 +5.330922613e+06 -1.3458e-01 -4.0235e-02 +9.8057e-01 +2.9878e+00 +1.3430e+00
72 0 +3.914203940e+06 +3.914203940e+06 +3.914185840e+06 +3.914185840e+06 -1.8178e-01 -6.6868e-01 +2.4898e+00 +4.7785e+00 +1.7001e+00
86 0 +3.287716984e+06 +3.287716984e+06 +3.287698884e+06 +3.287698884e+06 -1.6215e-01 -5.0025e-01 +2.5702e+00 +2.9622e+00 +9.0353e-01
97 0 +1.871770707e+06 +1.871770707e+06 +1.871752607e+06 +1.871752607e+06 -2.1747e-03 -5.4682e-01 +1.8981e+00 +4.1516e+00 +3.1563e+00
106 0 +1.854470767e+06 +1.854470767e+06 +1.854452667e+06 +1.854452667e+06 -1.7894e-01 -6.0541e-02 +3.7471e+00 +2.3480e+00 +2.0051e+00
111 0 +6.382398825e+05 +6.382398825e+05 +6.382217825e+05 +6.382217825e+05 -8.8839e-02 +2.7910e-01 +1.6088e+00 +4.5574e+00 +3.2592e+00
115 0 +4.196968379e+05 +4.196968379e+05 +4.196787379e+05 +4.196787379e+05 -2.3900e-01 +2.4850e-01 +1.1077e+00 +4.4851e+00 +2.7633e+00
145 0 +2.159729554e+05 +2.159729554e+05 +2.159548554e+05 +2.159548554e+05 -1.4584e-01 +6.2089e-01 +1.7347e+00 +3.7693e+00 +2.1417e+00
155 0 +1.407808887e+05 +1.407808887e+05 +1.407627887e+05 +1.407627887e+05 -2.3516e-01 +3.8588e-01 +1.7624e+00 +4.1807e+00 +2.7212e+00
221 0 +9.563267591e+04 +9.563267591e+04 +9.561457591e+04 +9.561457591e+04 -6.8533e-02 +3.9400e-01 +1.8323e+00 +3.9175e+00 +2.4438e+00
224 0 +3.187426388e+04 +3.187426388e+04 +3.185616388e+04 +3.185616388e+04 -8.2254e-02 +2.9026e-01 +1.8503e+00 +4.1825e+00 +2.4618e+00
234 0 +3.013042802e+04 +3.013042802e+04 +3.011232802e+04 +3.011232802e+04 -7.2753e-02 +2.9405e-01 +1.8072e+00 +4.2006e+00 +2.3263e+00
236 0 +2.483405573e+03 +2.483405573e+03 +2.465305573e+03 +2.465305573e+03 -5.9996e-02 +4.3565e-01 +1.7533e+00 +4.2770e+00 +2.4510e+00
262 0 +1.981257646e+03 +1.981257646e+03 +1.963157646e+03 +1.963157646e+03 -6.2633e-02 +4.3319e-01 +1.7429e+00 +4.2435e+00 +2.4405e+00
367 0 +1.936753172e+03 +1.936753172e+03 +1.918653172e+03 +1.918653172e+03 -5.9803e-02 +4.2653e-01 +1.6423e+00 +4.3285e+00 +2.4471e+00
384 0 +1.525007488e+03 +1.525007488e+03 +1.506907488e+03 +1.506907488e+03 -6.1259e-02 +4.3355e-01 +1.6572e+00 +4.3351e+00 +2.4479e+00
501 0 +1.456871503e+03 +1.456871503e+03 +1.438771503e+03 +1.438771503e+03 -6.6389e-02 +4.5634e-01 +1.7018e+00 +4.2588e+00 +2.4361e+00
513 0 +1.100755276e+03 +1.100755276e+03 +1.082655276e+03 +1.082655276e+03 -6.9847e-02 +4.4810e-01 +1.7120e+00 +4.3034e+00 +2.4417e+00
562 0 +9.328640178e+02 +9.328640178e+02 +9.147640178e+02 +9.147640178e+02 -6.8192e-02 +4.2070e-01 +1.7388e+00 +4.2667e+00 +2.4224e+00
572 0 +5.879881211e+02 +5.879881211e+02 +5.698881211e+02 +5.698881211e+02 -6.9850e-02 +4.3213e-01 +1.7335e+00 +4.2788e+00 +2.4269e+00
591 0 +4.030012726e+02 +4.030012726e+02 +3.849012726e+02 +3.849012726e+02 -6.9273e-02 +4.3151e-01 +1.7242e+00 +4.2652e+00 +2.4110e+00
592 0 +3.603529229e+02 +3.603529229e+02 +3.422529229e+02 +3.422529229e+02 -7.0276e-02 +4.3447e-01 +1.7264e+00 +4.2608e+00 +2.4186e+00
602 0 +2.811270837e+02 +2.811270837e+02 +2.630270837e+02 +2.630270837e+02 -6.9448e-02 +4.4144e-01 +1.7241e+00 +4.2775e+00 +2.4276e+00
610 0 +1.237748476e+02 +1.237748476e+02 +1.056748476e+02 +1.056748476e+02 -6.9233e-02 +4.4184e-01 +1.7260e+00 +4.2713e+00 +2.4124e+00
617 0 +1.172867885e+02 +1.172867885e+02 +9.918678848e+01 +9.918678848e+01 -6.8355e-02 +4.4388e-01 +1.7201e+00 +4.2690e+00 +2.4143e+00
643 0 +1.091245465e+02 +1.091245465e+02 +9.102454654e+01 +9.102454654e+01 -6.9737e-02 +4.4322e-01 +1.7292e+00 +4.2617e+00 +2.4077e+00
644 0 +5.689550812e+01 +5.689550812e+01 +3.879550812e+01 +3.879550812e+01 -7.0454e-02 +4.5013e-01 +1.7287e+00 +4.2646e+00 +2.4118e+00
671 0 +4.280198108e+01 +4.280198108e+01 +2.470198108e+01 +2.470198108e+01 -6.9989e-02 +4.4855e-01 +1.7308e+00 +4.2621e+00 +2.4149e+00
828 0 +4.076873383e+01 +4.076873383e+01 +2.266873383e+01 +2.266873383e+01 -6.9133e-02 +4.4933e-01 +1.7528e+00 +4.2495e+00 +2.4063e+00
830 0 +3.876566956e+01 +3.876566956e+01 +2.066566956e+01 +2.066566956e+01 -6.9104e-02 +4.4812e-01 +1.7522e+00 +4.2490e+00 +2.4048e+00
832 0 +3.710964235e+01 +3.710964235e+01 +1.900964235e+01 +1.900964235e+01 -6.8924e-02 +4.4727e-01 +1.7501e+00 +4.2485e+00 +2.4048e+00
850 0 +2.857353961e+01 +2.857353961e+01 +1.047353961e+01 +1.047353961e+01 -6.9226e-02 +4.4911e-01 +1.7510e+00 +4.2488e+00 +2.4051e+00
864 0 +2.345696538e+01 +2.345696538e+01 +5.356965380e+00 +5.356965380e+00 -6.9026e-02 +4.4918e-01 +1.7487e+00 +4.2531e+00 +2.4061e+00
872 0 +1.822252863e+01 +1.822252863e+01 +1.225286271e-01 +1.225286271e-01 -6.8820e-02 +4.5007e-01 +1.7482e+00 +4.2516e+00 +2.4060e+00
875 0 +1.696409407e+01 +1.696409407e+01 -1.135905926e+00 -1.135905926e+00 -6.9371e-02 +4.5024e-01 +1.7485e+00 +4.2510e+00 +2.4074e+00
890 0 +1.461933623e+01 +1.461933623e+01 -3.480663766e+00 -3.480663766e+00 -6.9075e-02 +4.5061e-01 +1.7474e+00 +4.2516e+00 +2.4074e+00
892 0 +1.245664324e+01 +1.245664324e+01 -5.643356756e+00 -5.643356756e+00 -6.8961e-02 +4.4847e-01 +1.7455e+00 +4.2551e+00 +2.4083e+00
893 0 +1.070226727e+01 +1.070226727e+01 -7.397732734e+00 -7.397732734e+00 -6.9063e-02 +4.4940e-01 +1.7459e+00 +4.2533e+00 +2.4084e+00
1000 0 +9.510957738e+00 +9.510957738e+00 -8.589042262e+00 -8.589042262e+00 -6.9006e-02 +4.4919e-01 +1.7445e+00 +4.2522e+00 +2.4067e+00
1002 0 +8.546516599e+00 +8.546516599e+00 -9.553483401e+00 -9.553483401e+00 -6.9133e-02 +4.5037e-01 +1.7450e+00 +4.2523e+00 +2.4068e+00
% f evaluations | g evaluations | best noise-free fitness - Fopt | noise-free fitness - Fopt (3.777000000000e+01) | measured fitness | best measured fitness | x1 | x2...
1 0 +5.916572692e+06 +5.916572692e+06 +5.916610462e+06 +5.916610462e+06 +0.0000e+00 +0.0000e+00 +0.0000e+00 +0.0000e+00 +0.0000e+00
3 0 +4.514120385e+06 +4.514120385e+06 +4.514158155e+06 +4.514158155e+06 +4.1652e-01 +1.3059e-01 +7.4198e-01 -1.3483e-01 -1.3131e-02
5 0 +2.128461681e+06 +2.128461681e+06 +2.128499451e+06 +2.128499451e+06 +6.0507e-01 +1.2175e+00 +1.2977e+00 +9.0250e-02 +1.5016e-02
8 0 +1.782691126e+06 +1.782691126e+06 +1.782728896e+06 +1.782728896e+06 +2.6659e-01 +8.5606e-01 +1.0390e+00 -7.7084e-01 -1.9638e-03
41 0 +6.241655729e+05 +6.241655729e+05 +6.242033429e+05 +6.242033429e+05 +3.2318e-01 +1.7601e+00 +1.2727e+00 -1.0087e+00 -6.6894e-04
53 0 +4.158383762e+05 +4.158383762e+05 +4.158761462e+05 +4.158761462e+05 +1.7801e-01 +1.5471e+00 +1.7020e+00 -7.9770e-01 +1.9843e-02
169 0 +4.062073220e+05 +4.062073220e+05 +4.062450920e+05 +4.062450920e+05 -6.3004e-02 +1.8526e+00 +1.5804e+00 -6.9182e-01 -2.0897e-02
179 0 +3.971568910e+05 +3.971568910e+05 +3.971946610e+05 +3.971946610e+05 -5.7365e-02 +1.8054e+00 +1.6483e+00 -7.0430e-01 -2.1173e-02
183 0 +3.792574727e+05 +3.792574727e+05 +3.792952427e+05 +3.792952427e+05 -6.5933e-02 +1.8058e+00 +1.7133e+00 -7.4765e-01 -2.1679e-02
195 0 +3.701594149e+05 +3.701594149e+05 +3.701971849e+05 +3.701971849e+05 -1.4109e-02 +1.8975e+00 +1.7614e+00 -7.6298e-01 -2.1650e-02
233 0 +3.630684591e+05 +3.630684591e+05 +3.631062291e+05 +3.631062291e+05 +7.0435e-02 +1.7965e+00 +1.7900e+00 -7.7368e-01 -1.9136e-02
245 0 +3.505744872e+05 +3.505744872e+05 +3.506122572e+05 +3.506122572e+05 +3.4183e-02 +1.8249e+00 +1.6942e+00 -8.0832e-01 -2.0915e-02
255 0 +3.423686581e+05 +3.423686581e+05 +3.424064281e+05 +3.424064281e+05 +5.5169e-02 +1.7657e+00 +1.7108e+00 -8.4093e-01 -2.0327e-02
269 0 +3.364739310e+05 +3.364739310e+05 +3.365117010e+05 +3.365117010e+05 +1.0512e-01 +1.7469e+00 +1.7515e+00 -8.5700e-01 -1.8539e-02
278 0 +3.216508002e+05 +3.216508002e+05 +3.216885702e+05 +3.216885702e+05 +4.0134e-02 +1.8490e+00 +1.8923e+00 -8.8810e-01 -1.8876e-02
313 0 +3.127054454e+05 +3.127054454e+05 +3.127432154e+05 +3.127432154e+05 -3.0648e-02 +1.7933e+00 +1.8121e+00 -9.2287e-01 -1.7754e-02
330 0 +3.014263431e+05 +3.014263431e+05 +3.014641131e+05 +3.014641131e+05 +4.1848e-02 +1.7354e+00 +1.7944e+00 -9.3650e-01 -1.8346e-02
333 0 +2.942555092e+05 +2.942555092e+05 +2.942932792e+05 +2.942932792e+05 +1.7472e-02 +1.7645e+00 +1.8354e+00 -9.4963e-01 -1.7698e-02
348 0 +2.812503151e+05 +2.812503151e+05 +2.812880851e+05 +2.812880851e+05 +1.7922e-02 +1.7703e+00 +1.8758e+00 -9.7783e-01 -1.6844e-02
404 0 +2.707904949e+05 +2.707904949e+05 +2.708282649e+05 +2.708282649e+05 +1.1240e-01 +1.7391e+00 +1.8981e+00 -9.8898e-01 -1.8627e-02
425 0 +2.681136179e+05 +2.681136179e+05 +2.681513879e+05 +2.681513879e+05 +1.1156e-01 +1.7467e+00 +1.9408e+00 -9.9419e-01 -1.7810e-02
434 0 +2.627545625e+05 +2.627545625e+05 +2.627923325e+05 +2.627923325e+05 +1.2856e-01 +1.7498e+00 +1.8964e+00 -1.0043e+00 -1.7859e-02
479 0 +2.567845930e+05 +2.567845930e+05 +2.568223630e+05 +2.568223630e+05 +1.4725e-01 +1.7380e+00 +1.9405e+00 -1.0156e+00 -1.7858e-02
578 0 +2.507356435e+05 +2.507356435e+05 +2.507734135e+05 +2.507734135e+05 +1.6531e-01 +1.7168e+00 +1.9472e+00 -1.0289e+00 -1.7764e-02
649 0 +2.454174850e+05 +2.454174850e+05 +2.454552550e+05 +2.454552550e+05 +1.6014e-01 +1.7403e+00 +1.9497e+00 -1.0386e+00 -1.7613e-02
693 0 +2.394629888e+05 +2.394629888e+05 +2.395007588e+05 +2.395007588e+05 +1.6663e-01 +1.7502e+00 +1.9419e+00 -1.0523e+00 -1.7688e-02
704 0 +2.341674058e+05 +2.341674058e+05 +2.342051758e+05 +2.342051758e+05 +1.7238e-01 +1.7621e+00 +1.9934e+00 -1.0641e+00 -1.7211e-02
739 0 +2.290170103e+05 +2.290170103e+05 +2.290547803e+05 +2.290547803e+05 +1.8161e-01 +1.7490e+00 +1.9761e+00 -1.0729e+00 -1.6934e-02
756 0 +2.219326169e+05 +2.219326169e+05 +2.219703869e+05 +2.219703869e+05 +1.7589e-01 +1.7413e+00 +1.9756e+00 -1.0883e+00 -1.7068e-02
869 0 +2.010738645e+05 +2.010738645e+05 +2.011116345e+05 +2.011116345e+05 +2.9012e-01 +1.7705e+00 +2.1219e+00 -1.1580e+00 -2.1846e-02
874 0 +1.924809322e+05 +1.924809322e+05 +1.925187022e+05 +1.925187022e+05 +2.6091e-01 +1.8007e+00 +1.9236e+00 -1.2123e+00 -1.8236e-02
887 0 +1.672413073e+05 +1.672413073e+05 +1.672790773e+05 +1.672790773e+05 +9.8410e-02 +1.7727e+00 +2.1536e+00 -1.3430e+00 -2.2136e-02
897 0 +1.393153810e+05 +1.393153810e+05 +1.393531510e+05 +1.393531510e+05 +2.9952e-01 +1.7290e+00 +2.3087e+00 -1.3483e+00 -2.7910e-02
959 0 +9.545563583e+04 +9.545563583e+04 +9.549340583e+04 +9.549340583e+04 +3.3034e-01 +1.6563e+00 +2.4487e+00 -1.5361e+00 -2.6186e-02
964 0 +8.995518570e+04 +8.995518570e+04 +8.999295570e+04 +8.999295570e+04 +4.7137e-01 +1.7030e+00 +2.1291e+00 -1.6044e+00 -2.2816e-02
973 0 +5.914125351e+04 +5.914125351e+04 +5.917902351e+04 +5.917902351e+04 +4.9973e-01 +1.5850e+00 +2.3897e+00 -1.5916e+00 -2.6140e-02
% f evaluations | g evaluations | best noise-free fitness - Fopt | noise-free fitness - Fopt (-6.325500000000e+02) | measured fitness | best measured fitness | x1 | x2...
1 0 +9.146247928e+06 +9.146247928e+06 +9.145615378e+06 +9.145615378e+06 +0.0000e+00 +0.0000e+00 +0.0000e+00 +0.0000e+00 +0.0000e+00
4 0 +2.033439018e+06 +2.033439018e+06 +2.032806468e+06 +2.032806468e+06 -7.6140e-02 +7.1765e-01 +1.6489e+00 +1.1005e+00 -1.6589e-02
67 0 +1.949510251e+06 +1.949510251e+06 +1.948877701e+06 +1.948877701e+06 +6.3423e-01 +6.3202e-01 +1.3646e+00 +1.2486e+00 -1.9183e-02
68 0 +1.709763560e+06 +1.709763560e+06 +1.709131010e+06 +1.709131010e+06 +5.2158e-01 +1.9894e-01 +2.6179e+00 +1.9777e+00 -5.6910e-03
79 0 +1.548151550e+06 +1.548151550e+06 +1.547519000e+06 +1.547519000e+06 +5.3346e-01 +1.4336e+00 +2.4282e+00 +1.0314e+00 -1.9460e-02
85 0 +1.296665245e+06 +1.296665245e+06 +1.296032695e+06 +1.296032695e+06 +2.4313e-01 +5.1820e-01 +2.3899e+00 +1.3140e+00 -1.5167e-02
774 0 +1.282022063e+06 +1.282022063e+06 +1.281389513e+06 +1.281389513e+06 +1.5669e+00 +1.3613e+00 +2.4459e+00 +6.8242e-01 +2.5729e-01
801 0 +1.209781178e+06 +1.209781178e+06 +1.209148628e+06 +1.209148628e+06 +1.6837e+00 +1.1390e+00 +2.4244e+00 +6.3058e-01 +2.5729e-01
805 0 +1.188836816e+06 +1.188836816e+06 +1.188204266e+06 +1.188204266e+06 +1.7376e+00 +1.0564e+00 +2.6425e+00 +7.5214e-01 +2.5582e-01
822 0 +1.090114638e+06 +1.090114638e+06 +1.089482088e+06 +1.089482088e+06 +1.8458e+00 +1.2855e+00 +2.6880e+00 +5.6970e-01 +2.5580e-01
843 0 +1.061941794e+06 +1.061941794e+06 +1.061309244e+06 +1.061309244e+06 +1.9520e+00 +1.4239e+00 +2.6333e+00 +5.0639e-01 +2.5507e-01
902 0 +1.037231131e+06 +1.037231131e+06 +1.036598581e+06 +1.036598581e+06 +2.0179e+00 +1.4806e+00 +2.7218e+00 +2.4139e-01 +2.5991e-01
907 0 +1.016022731e+06 +1.016022731e+06 +1.015390181e+06 +1.015390181e+06 +2.0164e+00 +1.3218e+00 +2.7310e+00 +3.4814e-01 +2.5876e-01
920 0 +9.923244405e+05 +9.923244405e+05 +9.916918905e+05 +9.916918905e+05 +2.0790e+00 +1.3423e+00 +2.7876e+00 +2.6753e-01 +2.5866e-01
975 0 +9.698317337e+05 +9.698317337e+05 +9.691991837e+05 +9.691991837e+05 +2.1087e+00 +1.3926e+00 +2.7555e+00 +3.1129e-01 +2.5672e-01
% f evaluations | g evaluations | best noise-free fitness - Fopt | noise-free fitness - Fopt (-8.530000000000e+01) | measured fitness | best measured fitness | x1 | x2...
1 0 +1.015752237e+07 +1.015752237e+07 +1.015743707e+07 +1.015743707e+07 +0.0000e+00 +0.0000e+00 +0.0000e+00 +0.0000e+00 +0.0000e+00
2 0 +9.512623493e+06 +9.512623493e+06 +9.512538193e+06 +9.512538193e+06 +1.0300e-01 -6.8858e-01 -1.6637e-01 +6.0010e-02 -1.9476e-01
3 0 +4.477025248e+06 +4.477025248e+06 +4.476939948e+06 +4.476939948e+06 -2.4033e-02 +1.3560e-01 +9.8596e-01 -3.6065e-02 -9.1926e-02
14 0 +3.929725977e+06 +3.929725977e+06 +3.929640677e+06 +3.929640677e+06 -3.9915e-01 +2.2067e-01 +8.4937e-01 -2.3369e-01 +4.0321e-01
20 0 +3.157846100e+06 +3.157846100e+06 +3.157760800e+06 +3.157760800e+06 -1.7322e-01 -7.5749e-01 +1.0519e+00 +7.4542e-02 -9.7718e-02
21 0 +3.054969656e+06 +3.054969656e+06 +3.054884356e+06 +3.054884356e+06 -1.1288e-01 -7.2569e-01 +1.0314e+00 -1.5694e-01 +8.1436e-02
23 0 +1.570522115e+06 +1.570522115e+06 +1.570436815e+06 +1.570436815e+06 -2.4514e-01 -7.6731e-01 +1.5906e+00 -8.6170e-02 -2.2306e-02
33 0 +1.134669546e+06 +1.134669546e+06 +1.134584246e+06 +1.134584246e+06 -5.8453e-01 -5.9410e-01 +1.6508e+00 -1.3448e-01 +9.5968e-02
38 0 +9.124966590e+05 +9.124966590e+05 +9.124113590e+05 +9.124113590e+05 -3.2439e-01 -2.9172e-01 +1.8408e+00 -1.5300e-01 -4.3331e-03
44 0 +7.761566669e+05 +7.761566669e+05 +7.760713669e+05 +7.760713669e+05 -5.1028e-01 -3.8029e-01 +1.7930e+00 -1.5765e-01 +1.7385e-01
57 0 +7.504802538e+05 +7.504802538e+05 +7.503949538e+05 +7.503949538e+05 -4.6614e-01 -1.0088e-01 +1.8276e+00 -2.2076e-01 +1.7822e-01
58 0 +6.815570109e+05 +6.815570109e+05 +6.814717109e+05 +6.814717109e+05 -4.3833e-01 -1.4154e-01 +1.8789e+00 -1.4174e-01 +2.1814e-01
61 0 +5.100497225e+05 +5.100497225e+05 +5.099644225e+05 +5.099644225e+05 -4.8432e-01 -6.1156e-01 +2.0644e+00 -1.4675e-01 +1.1430e-01
68 0 +5.009526195e+05 +5.009526195e+05 +5.008673195e+05 +5.008673195e+05 -3.0523e-01 -1.2176e-01 +2.0660e+00 -1.1479e-01 +3.7665e-01
69 0 +3.977274591e+05 +3.977274591e+05 +3.976421591e+05 +3.976421591e+05 -4.2497e-01 -1.2098e-01 +2.0837e+00 -1.3031e-01 +4.3494e-01
76 0 +1.373626952e+05 +1.373626952e+05 +1.372773952e+05 +1.372773952e+05 -4.1764e-01 -5.6094e-01 +2.5314e+00 -2.1268e-01 +6.5823e-01
81 0 +1.172328264e+05 +1.172328264e+05 +1.171475264e+05 +1.171475264e+05 -2.0596e-01 -6.7568e-01 +3.0285e+00 -6.0336e-02 +2.9946e-01
116 0 +6.982719531e+04 +6.982719531e+04 +6.974189531e+04 +6.974189531e+04 -7.5948e-01 -4.4452e-01 +2.9133e+00 -1.0203e-01 +4.9567e-01
123 0 +3.762806045e+04 +3.762806045e+04 +3.754276045e+04 +3.754276045e+04 -5.0237e-01 -3.7718e-01 +2.6696e+00 -1.8806e-01 +4.6633e-01
139 0 +2.101548518e+04 +2.101548518e+04 +2.093018518e+04 +2.093018518e+04 -7.9984e-01 -2.6339e-01 +2.6142e+00 -2.9014e-01 +3.6707e-01
167 0 +1.645697007e+04 +1.645697007e+04 +1.637167007e+04 +1.637167007e+04 -7.1422e-01 -4.9539e-01 +2.6356e+00 -1.9078e-01 +5.3152e-01
182 0 +7.422016038e+03 +7.422016038e+03 +7.336716038e+03 +7.336716038e+03 -6.8868e-01 -5.3067e-01 +2.7720e+00 -1.1406e-01 +3.7745e-01
353 0 +6.337445833e+03 +6.337445833e+03 +6.252145833e+03 +6.252145833e+03 -6.7190e-01 -4.7543e-01 +2.6957e+00 -1.6243e-01 +4.7790e-01
362 0 +6.221306122e+03 +6.221306122e+03 +6.136006122e+03 +6.136006122e+03 -6.9228e-01 -5.2647e-01 +2.7152e+00 -1.5846e-01 +4.5045e-01
366 0 +3.611128503e+03 +3.611128503e+03 +3.525828503e+03 +3.525828503e+03 -6.7938e-01 -4.6400e-01 +2.6916e+00 -1.5365e-01 +4.5090e-01
375 0 +2.085083226e+03 +2.085083226e+03 +1.999783226e+03 +1.999783226e+03 -6.6089e-01 -4.7797e-01 +2.7392e+00 -1.6026e-01 +4.0675e-01
385 0 +1.754919464e+03 +1.754919464e+03 +1.669619464e+03 +1.669619464e+03 -6.8025e-01 -4.5870e-01 +2.6988e+00 -1.6555e-01 +4.3068e-01
386 0 +1.705074613e+03 +1.705074613e+03 +1.619774613e+03 +1.619774613e+03 -6.3801e-01 -4.6396e-01 +2.7232e+00 -1.5776e-01 +4.0395e-01
394 0 +8.202737530e+02 +8.202737530e+02 +7.349737530e+02 +7.349737530e+02 -6.5640e-01 -5.0095e-01 +2.7251e+00 -1.6172e-01 +4.0392e-01
402 0 +3.713517878e+02 +3.713517878e+02 +2.860517878e+02 +2.860517878e+02 -6.3904e-01 -5.0986e-01 +2.7052e+00 -1.5824e-01 +4.0689e-01
413 0 +1.309855950e+02 +1.309855950e+02 +4.568559504e+01 +4.568559504e+01 -6.3775e-01 -4.9096e-01 +2.6974e+00 -1.6360e-01 +3.8985e-01
655 0 +1.067402044e+02 +1.067402044e+02 +2.144020445e+01 +2.144020445e+01 -6.4476e-01 -5.0502e-01 +2.7140e+00 -1.5027e-01 +3.8626e-01
766 0 +8.932292221e+01 +8.932292221e+01 +4.022922206e+00 +4.022922206e+00 -6.4415e-01 -4.9025e-01 +2.6918e+00 -1.6578e-01 +3.9389e-01
769 0 +6.612348117e+01 +6.612348117e+01 -1.917651883e+01 -1.917651883e+01 -6.4743e-01 -4.9675e-01 +2.7046e+00 -1.6581e-01 +3.8706e-01
800 0 +6.481505379e+01 +6.481505379e+01 -2.048494621e+01 -2.048494621e+01 -6.4325e-01 -4.9718e-01 +2.7059e+00 -1.6604e-01 +3.8999e-01
809 0 +6.276525565e+01 +6.276525565e+01 -2.253474435e+01 -2.253474435e+01 -6.4851e-01 -4.9684e-01 +2.7044e+00 -1.6908e-01 +3.9072e-01
884 0 +3.294942067e+01 +3.294942067e+01 -5.235057933e+01 -5.235057933e+01 -6.4037e-01 -4.9716e-01 +2.7003e+00 -1.6175e-01 +3.9005e-01
% f evaluations | g evaluations | best noise-free fitness - Fopt | noise-free fitness - Fopt (1.719500000000e+02) | measured fitness | best measured fitness | x1 | x2...
1 0 +2.487786894e+07 +2.487786894e+07 +2.487804089e+07 +2.487804089e+07 +0.0000e+00 +0.0000e+00 +0.0000e+00 +0.0000e+00 +0.0000e+00
4 0 +2.030297222e+07 +2.030297222e+07 +2.030314417e+07 +2.030314417e+07 +3.9537e-01 +1.4962e-01 +1.7025e-01 -7.7868e-01 +2.9134e-01
14 0 +1.224043449e+07 +1.224043449e+07 +1.224060644e+07 +1.224060644e+07 -1.1737e+00 +1.3191e+00 +7.7602e-02 -1.0879e+00 +4.8974e-01
15 0 +9.385363317e+06 +9.385363317e+06 +9.385535267e+06 +9.385535267e+06 -3.8954e-01 +1.9506e+00 -5.6326e-01 -4.8555e-01 +6.3149e-01
24 0 +6.041726300e+06 +6.041726300e+06 +6.041898250e+06 +6.041898250e+06 -6.8465e-02 +2.3544e+00 -2.2727e-01 -1.0968e+00 +1.2824e+00
29 0 +5.311440990e+06 +5.311440990e+06 +5.311612940e+06 +5.311612940e+06 -1.7187e-01 +2.7491e+00 +2.2892e-02 -1.3385e+00 +7.6490e-01
34 0 +3.025466699e+06 +3.025466699e+06 +3.025638649e+06 +3.025638649e+06 -8.7854e-01 +2.9176e+00 -5.2710e-01 -1.7792e+00 +3.9209e-01
37 0 +2.804319121e+06 +2.804319121e+06 +2.804491071e+06 +2.804491071e+06 -3.9310e-01 +2.6957e+00 -9.1488e-01 -1.8005e+00 +9.4583e-01
51 0 +2.310982194e+06 +2.310982194e+06 +2.311154144e+06 +2.311154144e+06 +4.0949e-01 +4.4162e+00 -8.1515e-01 -1.8223e+00 +8.1869e-01
67 0 +1.867653127e+06 +1.867653127e+06 +1.867825077e+06 +1.867825077e+06 +1.2961e+00 +3.5032e+00 -6.7335e-01 -2.3307e+00 +3.8779e-01
73 0 +1.696017836e+06 +1.696017836e+06 +1.696189786e+06 +1.696189786e+06 +9.8942e-01 +3.6187e+00 -7.6327e-01 -1.9488e+00 +8.9715e-01
82 0 +1.242559324e+06 +1.242559324e+06 +1.242731274e+06 +1.242731274e+06 +7.1712e-01 +3.2294e+00 -1.4200e+00 -2.0683e+00 +1.4938e-01
85 0 +7.499456043e+05 +7.499456043e+05 +7.501175543e+05 +7.501175543e+05 +1.1434e+00 +4.2726e+00 -1.9705e+00 -2.8126e+00 +4.2086e-01
86 0 +2.620238697e+05 +2.620238697e+05 +2.621958197e+05 +2.621958197e+05 +1.4203e+00 +3.2428e+00 -1.7796e+00 -2.4302e+00 +5.8472e-01
92 0 +2.390979780e+05 +2.390979780e+05 +2.392699280e+05 +2.392699280e+05 +1.2000e+00 +4.1054e+00 -2.1066e+00 -2.6242e+00 +8.0687e-01
120 0 +1.228679902e+05 +1.228679902e+05 +1.230399402e+05 +1.230399402e+05 +1.9096e+00 +3.5709e+00 -2.1116e+00 -2.9157e+00 +2.7119e-01
122 0 +6.782809244e+04 +6.782809244e+04 +6.800004244e+04 +6.800004244e+04 +1.5523e+00 +3.5185e+00 -1.9075e+00 -2.6259e+00 +3.7626e-01
163 0 +1.580079674e+04 +1.580079674e+04 +1.597274674e+04 +1.597274674e+04 +1.2673e+00 +3.6680e+00 -1.9114e+00 -2.4835e+00 +6.7015e-01
183 0 +4.584764149e+03 +4.584764149e+03 +4.756714149e+03 +4.756714149e+03 +1.4541e+00 +3.6197e+00 -2.0225e+00 -2.6387e+00 +5.7261e-01
295 0 +2.070882876e+03 +2.070882876e+03 +2.242832876e+03 +2.242832876e+03 +1.3712e+00 +3.6527e+00 -2.0122e+00 -2.5855e+00 +6.0331e-01
375 0 +1.878705994e+03 +1.878705994e+03 +2.050655994e+03 +2.050655994e+03 +1.3841e+00 +3.6787e+00 -1.9443e+00 -2.5970e+00 +6.2345e-01
377 0 +4.401119364e+02 +4.401119364e+02 +6.120619364e+02 +6.120619364e+02 +1.4164e+00 +3.6453e+00 -1.9751e+00 -2.5960e+00 +6.1558e-01
540 0 +3.465645837e+02 +3.465645837e+02 +5.185145837e+02 +5.185145837e+02 +1.3644e+00 +3.6616e+00 -1.9636e+00 -2.5882e+00 +6.2034e-01
567 0 +2.911980488e+02 +2.911980488e+02 +4.631480488e+02 +4.631480488e+02 +1.4091e+00 +3.6593e+00 -1.9959e+00 -2.5843e+00 +6.2163e-01
610 0 +1.828344490e+02 +1.828344490e+02 +3.547844490e+02 +3.547844490e+02 +1.4362e+00 +3.6489e+00 -1.9887e+00 -2.6075e+00 +6.0873e-01
731 0 +1.788979116e+02 +1.788979116e+02 +3.508479116e+02 +3.508479116e+02 +1.4623e+00 +3.6471e+00 -1.9970e+00 -2.6100e+00 +5.9374e-01
758 0 +1.597815398e+02 +1.597815398e+02 +3.317315398e+02 +3.317315398e+02 +1.4639e+00 +3.6381e+00 -2.0003e+00 -2.6031e+00 +6.0658e-01
818 0 +5.622263491e+01 +5.622263491e+01 +2.281726349e+02 +2.281726349e+02 +1.4924e+00 +3.6416e+00 -2.0170e+00 -2.6104e+00 +5.9325e-01
833 0 +4.301346006e+01 +4.301346006e+01 +2.149634601e+02 +2.149634601e+02 +1.5045e+00 +3.6375e+00 -2.0135e+00 -2.6070e+00 +5.9549e-01
849 0 +2.524239264e+01 +2.524239264e+01 +1.971923926e+02 +1.971923926e+02 +1.4959e+00 +3.6411e+00 -2.0148e+00 -2.6111e+00 +5.9483e-01
852 0 +2.135739785e+01 +2.135739785e+01 +1.933073979e+02 +1.933073979e+02 +1.4960e+00 +3.6390e+00 -2.0123e+00 -2.6098e+00 +5.9539e-01
869 0 +1.695487034e+01 +1.695487034e+01 +1.889048703e+02 +1.889048703e+02 +1.4959e+00 +3.6435e+00 -2.0136e+00 -2.6089e+00 +5.9655e-01
892 0 +1.004389250e+01 +1.004389250e+01 +1.819938925e+02 +1.819938925e+02 +1.4973e+00 +3.6426e+00 -2.0133e+00 -2.6093e+00 +5.9349e-01
911 0 +9.699858089e+00 +9.699858089e+00 +1.816498581e+02 +1.816498581e+02 +1.4966e+00 +3.6413e+00 -2.0109e+00 -2.6103e+00 +5.9282e-01
924 0 +9.497896415e+00 +9.497896415e+00 +1.814478964e+02 +1.814478964e+02 +1.5023e+00 +3.6396e+00 -2.0122e+00 -2.6108e+00 +5.9196e-01
931 0 +9.098478844e+00 +9.098478844e+00 +1.810484788e+02 +1.810484788e+02 +1.4992e+00 +3.6397e+00 -2.0120e+00 -2.6101e+00 +5.9292e-01
934 0 +8.467179953e+00 +8.467179953e+00 +1.804171800e+02 +1.804171800e+02 +1.5006e+00 +3.6410e+00 -2.0127e+00 -2.6110e+00 +5.9354e-01
940 0 +6.810319544e+00 +6.810319544e+00 +1.787603195e+02 +1.787603195e+02 +1.5027e+00 +3.6406e+00 -2.0124e+00 -2.6105e+00 +5.9264e-01
955 0 +5.731980064e+00 +5.731980064e+00 +1.776819801e+02 +1.776819801e+02 +1.5031e+00 +3.6403e+00 -2.0137e+00 -2.6099e+00 +5.9251e-01
% f evaluations | g evaluations | best noise-free fitness - Fopt | noise-free fitness - Fopt (6.816000000000e+01) | measured fitness | best measured fitness | x1 | x2...
1 0 +2.894445503e+08 +2.894445503e+08 +2.894446185e+08 +2.894446185e+08 +0.0000e+00 +0.0000e+00 +0.0000e+00 +0.0000e+00 +0.0000e+00
3 0 +2.784377000e+08 +2.784377000e+08 +2.784377682e+08 +2.784377682e+08 -2.8966e-01 -2.7651e-01 -1.3600e-01 +3.5810e-01 -1.2337e-02
4 0 +2.127159837e+08 +2.127159837e+08 +2.127160519e+08 +2.127160519e+08 +1.0494e+00 -9.3224e-01 -1.3224e-01 +1.5902e-01 -9.3391e-04
7 0 +1.902109965e+08 +1.902109965e+08 +1.902110646e+08 +1.902110646e+08 -2.3419e-01 +7.6852e-01 +4.7182e-01 +7.2089e-01 +7.4585e-03
14 0 +8.308768740e+07 +8.308768740e+07 +8.308775556e+07 +8.308775556e+07 -1.9634e-01 +2.5773e-01 +1.4954e+00 +2.8099e+00 +3.5753e-02
15 0 +4.692029498e+07 +4.692029498e+07 +4.692036314e+07 +4.692036314e+07 +1.6828e+00 -7.5210e-01 +7.1153e-01 +2.8760e+00 +1.2741e-02
24 0 +2.556842117e+07 +2.556842117e+07 +2.556848933e+07 +2.556848933e+07 +2.7268e+00 +4.2979e+00 +1.9891e+00 +1.7912e+00 +1.1762e-02
25 0 +1.311714085e+07 +1.311714085e+07 +1.311720901e+07 +1.311720901e+07 +4.5764e+00 +4.8141e+00 +6.4541e-01 +3.1140e+00 +4.5539e-02
157 0 +7.045511173e+06 +7.045511173e+06 +7.045579333e+06 +7.045579333e+06 +4.7368e+00 +1.2246e+00 +3.6162e+00 +4.9678e+00 -6.3853e-02
207 0 +5.613789728e+06 +5.613789728e+06 +5.613857888e+06 +5.613857888e+06 +6.6245e+00 +2.7771e+00 +2.6247e+00 +4.3401e+00 +1.5554e-01
213 0 +2.123189969e+06 +2.123189969e+06 +2.123258129e+06 +2.123258129e+06 +5.1872e+00 +1.7711e+00 +1.8571e+00 +4.2313e+00 +1.8132e-01
226 0 +1.376098155e+06 +1.376098155e+06 +1.376166315e+06 +1.376166315e+06 +5.2348e+00 +3.3194e+00 +1.8845e+00 +5.7466e+00 +2.3208e-01
238 0 +1.187418119e+06 +1.187418119e+06 +1.187486279e+06 +1.187486279e+06 +6.0326e+00 +2.4608e+00 +1.2132e+00 +5.2238e+00 +1.9661e-01
247 0 +1.028530842e+06 +1.028530842e+06 +1.028599002e+06 +1.028599002e+06 +4.9000e+00 +3.2095e+00 +1.1796e+00 +4.5426e+00 +1.9313e-01
261 0 +7.119852446e+05 +7.119852446e+05 +7.120534046e+05 +7.120534046e+05 +4.7779e+00 +3.1966e+00 +1.9104e+00 +5.2685e+00 +1.2217e-01
268 0 +6.326850026e+05 +6.326850026e+05 +6.327531626e+05 +6.327531626e+05 +5.6478e+00 +2.6429e+00 +1.1496e+00 +5.1127e+00 +1.3290e-01
274 0 +5.005496496e+05 +5.005496496e+05 +5.006178096e+05 +5.006178096e+05 +5.1874e+00 +2.3319e+00 +1.1355e+00 +4.7317e+00 +1.2001e-01
286 0 +2.202482876e+05 +2.202482876e+05 +2.203164476e+05 +2.203164476e+05 +4.9350e+00 +2.9903e+00 +1.3943e+00 +5.1441e+00 +1.2602e-01
291 0 +3.566874331e+04 +3.566874331e+04 +3.573690331e+04 +3.573690331e+04 +5.1551e+00 +2.4243e+00 +1.4401e+00 +5.1905e+00 +1.2849e-01
333 0 +2.605905985e+04 +2.605905985e+04 +2.612721985e+04 +2.612721985e+04 +5.2613e+00 +2.5622e+00 +1.3819e+00 +5.2293e+00 +1.2298e-01
369 0 +1.026923612e+04 +1.026923612e+04 +1.033739612e+04 +1.033739612e+04 +5.0145e+00 +2.5835e+00 +1.4733e+00 +5.1119e+00 +1.2526e-01
490 0 +9.047502282e+03 +9.047502282e+03 +9.115662282e+03 +9.115662282e+03 +5.1731e+00 +2.5340e+00 +1.4760e+00 +5.1867e+00 +1.2958e-01
726 0 +8.219740032e+03 +8.219740032e+03 +8.287900032e+03 +8.287900032e+03 +5.0401e+00 +2.5969e+00 +1.4183e+00 +5.1107e+00 +1.3527e-01
% f evaluations | g evaluations | best noise-free fitness - Fopt | noise-free fitness - Fopt (1.000000000000e+03) | measured fitness | best measured fitness | x1 | x2...
1 0 +5.742710637e+07 +5.742710637e+07 +5.742810637e+07 +5.742810637e+07 +0.0000e+00 +0.0000e+00 +0.0000e+00 +0.0000e+00 +0.0000e+00
2 0 +4.863379326e+07 +4.863379326e+07 +4.863479326e+07 +4.863479326e+07 +5.7185e-01 -9.5996e-03 +5.8315e-02 +1.7096e-02 -8.0427e-01
3 0 +4.677179116e+07 +4.677179116e+07 +4.677279116e+07 +4.677279116e+07 +1.2953e+00 +1.0750e-01 -1.3675e-01 +1.1341e-02 -6.7241e-01
8 0 +3.495943153e+07 +3.495943153e+07 +3.496043153e+07 +3.496043153e+07 -3.4957e-01 +6.7553e-01 +2.2325e-01 -1.5784e-01 +1.4502e-01
9 0 +2.726184785e+07 +2.726184785e+07 +2.726284785e+07 +2.726284785e+07 -2.6215e+00 +1.4110e+00 +3.7683e-01 -8.0164e-01 +4.8607e-01
11 0 +2.228744802e+07 +2.228744802e+07 +2.228844802e+07 +2.228844802e+07 -3.7235e-01 +1.5465e+00 -2.5414e-02 -5.0755e-01 -4.1224e-01
13 0 +1.743125254e+07 +1.743125254e+07 +1.743225254e+07 +1.743225254e+07 -1.0307e+00 +1.7512e+00 +2.3501e-01 -5.1228e-01 -3.6642e-01
14 0 +1.645936524e+07 +1.645936524e+07 +1.646036524e+07 +1.646036524e+07 +3.6226e-01 +2.8151e+00 +8.9212e-02 -8.5050e-01 -1.0066e+00
32 0 +1.584358775e+07 +1.584358775e+07 +1.584458775e+07 +1.584458775e+07 -8.5945e-01 +2.7754e+00 +2.0027e-01 -6.7109e-01 +1.6473e-01
35 0 +1.399213676e+07 +1.399213676e+07 +1.399313676e+07 +1.399313676e+07 -7.6244e-01 +3.0144e+00 +1.5734e-01 -5.6456e-01 -3.2947e-01
38 0 +1.276025753e+07 +1.276025753e+07 +1.276125753e+07 +1.276125753e+07 -3.7778e-01 +3.2631e+00 +2.8740e-01 -7.0125e-01 -8.4798e-01
41 0 +1.054080995e+07 +1.054080995e+07 +1.054180995e+07 +1.054180995e+07 -8.1692e-01 +3.1252e+00 +3.5200e-01 -3.5476e-01 -8.7216e-01
44 0 +9.312518772e+06 +9.312518772e+06 +9.313518772e+06 +9.313518772e+06 -1.2063e+00 +3.0725e+00 +3.2457e-01 -4.6388e-01 -9.7968e-01
51 0 +8.726403688e+06 +8.726403688e+06 +8.727403688e+06 +8.727403688e+06 -1.2183e+00 +3.2452e+00 +4.8025e-01 -5.1617e-01 -9.4555e-01
54 0 +8.643417899e+06 +8.643417899e+06 +8.644417899e+06 +8.644417899e+06 -1.1000e+00 +3.4440e+00 +5.2960e-01 -3.5603e-01 -9.9350e-01
55 0 +8.397743475e+06 +8.397743475e+06 +8.398743475e+06 +8.398743475e+06 -1.3382e+00 +3.3367e+00 +4.6573e-01 -4.7776e-01 -9.7159e-01
57 0 +7.992915861e+06 +7.992915861e+06 +7.993915861e+06 +7.993915861e+06 -1.0250e+00 +3.2902e+00 +5.0900e-01 -3.5916e-01 -1.2516e+00
61 0 +7.597961120e+06 +7.597961120e+06 +7.598961120e+06 +7.598961120e+06 -1.4821e+00 +3.3919e+00 +4.6230e-01 -3.5677e-01 -1.1110e+00
62 0 +6.931581294e+06 +6.931581294e+06 +6.932581294e+06 +6.932581294e+06 -1.2664e+00 +3.1745e+00 +5.6672e-01 -1.7469e-01 -1.3167e+00
68 0 +6.735495812e+06 +6.735495812e+06 +6.736495812e+06 +6.736495812e+06 -1.3736e+00 +3.3460e+00 +4.7119e-01 -3.9321e-01 -1.4821e+00
72 0 +5.563797763e+06 +5.563797763e+06 +5.564797763e+06 +5.564797763e+06 -1.4959e+00 +3.2812e+00 +7.0647e-01 -5.8501e-01 -1.5688e+00
93 0 +5.181184157e+06 +5.181184157e+06 +5.182184157e+06 +5.182184157e+06 -1.4593e+00 +3.8399e+00 +8.1765e-01 -6.2884e-01 -1.7998e+00
101 0 +4.728170120e+06 +4.728170120e+06 +4.729170120e+06 +4.729170120e+06 -2.0896e+00 +4.1486e+00 +8.1538e-01 -2.7466e-01 -1.8100e+00
103 0 +4.430759240e+06 +4.430759240e+06 +4.431759240e+06 +4.431759240e+06 -2.2252e+00 +4.2091e+00 +8.5188e-01 -1.8513e-01 -1.9212e+00
104 0 +4.255747730e+06 +4.255747730e+06 +4.256747730e+06 +4.256747730e+06 -2.0890e+00 +4.0322e+00 +8.3278e-01 -4.3385e-01 -1.9665e+00
110 0 +4.111482426e+06 +4.111482426e+06 +4.112482426e+06 +4.112482426e+06 -1.8017e+00 +4.0871e+00 +7.2326e-01 -4.2293e-01 -2.3669e+00
120 0 +2.025328974e+06 +2.025328974e+06 +2.026328974e+06 +2.026328974e+06 -2.2736e+00 +3.2821e+00 +1.0893e+00 -4.7831e-01 -2.7951e+00
126 0 +1.548537367e+06 +1.548537367e+06 +1.549537367e+06 +1.549537367e+06 -2.3736e+00 +3.4452e+00 +1.2955e+00 -3.8922e-01 -2.5578e+00
136 0 +1.432504019e+06 +1.432504019e+06 +1.433504019e+06 +1.433504019e+06 -2.5274e+00 +3.3090e+00 +1.4621e+00 -5.3384e-01 -2.2634e+00
140 0 +1.055869346e+06 +1.055869346e+06 +1.056869346e+06 +1.056869346e+06 -2.2618e+00 +3.7698e+00 +1.4411e+00 -3.4969e-02 -3.0606e+00
142 0 +5.751537065e+05 +5.751537065e+05 +5.761537065e+05 +5.761537065e+05 -1.7763e+00 +3.6815e+00 +1.5897e+00 +2.1289e-01 -3.3477e+00
157 0 +4.215012537e+05 +4.215012537e+05 +4.225012537e+05 +4.225012537e+05 -1.5710e+00 +3.3981e+00 +1.8232e+00 -3.7939e-01 -3.3447e+00
171 0 +3.926389717e+05 +3.926389717e+05 +3.936389717e+05 +3.936389717e+05 -1.9950e+00 +3.9018e+00 +2.1166e+00 -1.6828e-01 -3.1040e+00
178 0 +3.538083261e+05 +3.538083261e+05 +3.548083261e+05 +3.548083261e+05 -8.9197e-01 +3.7136e+00 +2.5406e+00 +2.8618e-01 -3.6765e+00
190 0 +2.233474906e+05 +2.233474906e+05 +2.243474906e+05 +2.243474906e+05 -4.3566e-01 +4.0799e+00 +2.5382e+00 -8.8283e-02 -4.5068e+00
380 0 +1.061688418e+05 +1.061688418e+05 +1.071688418e+05 +1.071688418e+05 -1.1773e+00 +3.9506e+00 +2.0503e+00 +3.3217e-02 -4.6402e+00
449 0 +3.089833760e+04 +3.089833760e+04 +3.189833760e+04 +3.189833760e+04 -9.5473e-01 +3.8102e+00 +2.2897e+00 -1.1061e-01 -4.1857e+00
500 0 +2.878832794e+04 +2.878832794e+04 +2.978832794e+04 +2.978832794e+04 -1.2172e+00 +3.7060e+00 +2.3455e+00 -5.8549e-02 -4.1642e+00
518 0 +2.147548155e+04 +2.147548155e+04 +2.247548155e+04 +2.247548155e+04 -1.1729e+00 +3.9334e+00 +2.2740e+00 +9.5388e-02 -4.3498e+00
526 0 +1.817690743e+04 +1.817690743e+04 +1.917690743e+04 +1.917690743e+04 -1.0762e+00 +3.7158e+00 +2.1794e+00 +8.8527e-02 -4.1041e+00
528 0 +2.913058962e+03 +2.913058962e+03 +3.913058962e+03 +3.913058962e+03 -1.2181e+00 +3.7876e+00 +2.2170e+00 -1.3301e-02 -4.1293e+00
588 0 +2.628590831e+03 +2.628590831e+03 +3.628590831e+03 +3.628590831e+03 -1.2337e+00 +3.8320e+00 +2.2091e+00 +4.1368e-02 -4.1092e+00
606 0 +1.420687900e+03 +1.420687900e+03 +2.420687900e+03 +2.420687900e+03 -1.2288e+00 +3.7519e+00 +2.2237e+00 +2.4618e-02 -3.9851e+00
633 0 +1.123559645e+03 +1.123559645e+03 +2.123559645e+03 +2.123559645e+03 -1.1942e+00 +3.7841e+00 +2.2376e+00 +2.5928e-02 -4.0379e+00
649 0 +9.417451545e+02 +9.417451545e+02 +1.941745155e+03 +1.941745155e+03 -1.2721e+00 +3.7239e+00 +2.2471e+00 +3.6605e-02 -4.0281e+00
668 0 +5.979260063e+02 +5.979260063e+02 +1.597926006e+03 +1.597926006e+03 -1.2593e+00 +3.7595e+00 +2.2469e+00 +4.1174e-02 -4.0577e+00
686 0 +2.963514488e+02 +2.963514488e+02 +1.296351449e+03 +1.296351449e+03 -1.2604e+00 +3.7574e+00 +2.2311e+00 +1.3702e-02 -4.0276e+00
695 0 +1.310232865e+02 +1.310232865e+02 +1.131023286e+03 +1.131023286e+03 -1.2410e+00 +3.7438e+00 +2.2421e+00 +2.3468e-02 -4.0276e+00
741 0 +1.232159553e+02 +1.232159553e+02 +1.123215955e+03 +1.123215955e+03 -1.2821e+00 +3.7408e+00 +2.2366e+00 +2.4606e-02 -3.9780e+00
793 0 +1.048642796e+02 +1.048642796e+02 +1.104864280e+03 +1.104864280e+03 -1.2210e+00 +3.7577e+00 +2.2348e+00 +2.3261e-02 -4.0476e+00
804 0 +9.743406726e+01 +9.743406726e+01 +1.097434067e+03 +1.097434067e+03 -1.2450e+00 +3.7625e+00 +2.2314e+00 +3.0709e-02 -4.0299e+00
814 0 +7.557620337e+01 +7.557620337e+01 +1.075576203e+03 +1.075576203e+03 -1.2393e+00 +3.7665e+00 +2.2333e+00 +3.5021e-02 -4.0455e+00
819 0 +5.589626159e+01 +5.589626159e+01 +1.055896262e+03 +1.055896262e+03 -1.2318e+00 +3.7650e+00 +2.2295e+00 +2.5173e-02 -4.0472e+00
% f evaluations | g evaluations | best noise-free fitness - Fopt | noise-free fitness - Fopt (-6.837000000000e+01) | measured fitness | best measured fitness | x1 | x2...
1 0 +6.475518586e+07 +6.475518586e+07 +6.475511749e+07 +6.475511749e+07 +0.0000e+00 +0.0000e+00 +0.0000e+00 +0.0000e+00 +0.0000e+00
4 0 +3.241801916e+07 +3.241801916e+07 +3.241795079e+07 +3.241795079e+07 -3.8774e-02 +2.9255e-01 -5.3124e-02 +4.1531e-01 +1.2364e+00
9 0 +1.323761717e+07 +1.323761717e+07 +1.323754880e+07 +1.323754880e+07 +1.0069e+00 +1.7626e-01 -8.9726e-02 +5.3464e-01 +1.4022e+00
12 0 +6.613148396e+06 +6.613148396e+06 +6.613080026e+06 +6.613080026e+06 +2.3525e+00 +2.6848e-01 -1.3307e-01 -3.9085e-01 +2.3003e+00
23 0 +5.711629923e+06 +5.711629923e+06 +5.711561553e+06 +5.711561553e+06 +2.9067e+00 +1.6488e+00 -4.6299e-01 -8.4346e-02 +3.6880e+00
33 0 +5.435529185e+06 +5.435529185e+06 +5.435460815e+06 +5.435460815e+06 +3.1232e+00 +1.6434e+00 -2.4285e-02 +5.4909e-01 +1.3524e+00
49 0 +3.724298944e+06 +3.724298944e+06 +3.724230574e+06 +3.724230574e+06 +4.3881e+00 +5.8435e-01 -9.6470e-01 +1.8246e+00 +3.1075e+00
62 0 +2.281990424e+06 +2.281990424e+06 +2.281922054e+06 +2.281922054e+06 +3.3715e+00 +1.5845e+00 -4.7928e-01 +6.7054e-01 +3.1590e+00
81 0 +2.171992931e+06 +2.171992931e+06 +2.171924561e+06 +2.171924561e+06 +3.4785e+00 +1.1254e+00 -5.2797e-01 +7.7621e-01 +2.3368e+00
99 0 +8.837831622e+05 +8.837831622e+05 +8.837147922e+05 +8.837147922e+05 +3.6670e+00 +1.5174e+00 -4.3370e-01 +1.9699e+00 +3.5459e+00
106 0 +8.696921374e+05 +8.696921374e+05 +8.696237674e+05 +8.696237674e+05 +3.2741e+00 +1.7531e+00 -7.3606e-01 +2.9827e+00 +3.4009e+00
125 0 +6.483942253e+05 +6.483942253e+05 +6.483258553e+05 +6.483258553e+05 +3.6123e+00 +3.0160e+00 -9.6805e-01 +1.9772e+00 +3.4243e+00
152 0 +5.130577280e+05 +5.130577280e+05 +5.129893580e+05 +5.129893580e+05 +3.7683e+00 +2.9035e+00 -1.1117e+00 +3.5453e+00 +3.5236e+00
195 0 +3.935131025e+05 +3.935131025e+05 +3.934447325e+05 +3.934447325e+05 +3.3231e+00 +2.8516e+00 -8.0312e-01 +3.0686e+00 +3.4467e+00
204 0 +3.569139461e+05 +3.569139461e+05 +3.568455761e+05 +3.568455761e+05 +3.9250e+00 +2.8618e+00 -5.9588e-01 +2.3555e+00 +3.1013e+00
227 0 +2.973391704e+05 +2.973391704e+05 +2.972708004e+05 +2.972708004e+05 +3.2912e+00 +2.6891e+00 -5.3322e-01 +2.2156e+00 +3.2616e+00
239 0 +1.547993970e+05 +1.547993970e+05 +1.547310270e+05 +1.547310270e+05 +3.6071e+00 +2.9203e+00 -1.0205e+00 +2.9616e+00 +3.8384e+00
768 0 +9.082762372e+04 +9.082762372e+04 +9.075925372e+04 +9.075925372e+04 +3.3877e+00 +2.3029e+00 -3.1953e-01 +2.2027e+00 +3.1631e+00
826 0 +7.668285528e+04 +7.668285528e+04 +7.661448528e+04 +7.661448528e+04 +3.8267e+00 +2.5693e+00 -7.5545e-01 +2.3062e+00 +3.1965e+00
850 0 +7.102513906e+04 +7.102513906e+04 +7.095676906e+04 +7.095676906e+04 +3.6144e+00 +2.3326e+00 -8.6840e-01 +2.3540e+00 +3.5342e+00
855 0 +4.084412835e+04 +4.084412835e+04 +4.077575835e+04 +4.077575835e+04 +3.7536e+00 +2.5323e+00 -8.2505e-01 +2.7399e+00 +3.5097e+00
858 0 +3.065030352e+04 +3.065030352e+04 +3.058193352e+04 +3.058193352e+04 +3.7571e+00 +2.3025e+00 -8.3056e-01 +2.5252e+00 +3.4527e+00
872 0 +1.854370813e+04 +1.854370813e+04 +1.847533813e+04 +1.847533813e+04 +3.7274e+00 +2.4311e+00 -8.7488e-01 +2.6946e+00 +3.4440e+00
% f evaluations | g evaluations | best noise-free fitness - Fopt | noise-free fitness - Fopt (-5.548000000000e+01) | measured fitness | best measured fitness | x1 | x2...
1 0 +3.995516711e+07 +3.995516711e+07 +3.995511163e+07 +3.995511163e+07 +0.0000e+00 +0.0000e+00 +0.0000e+00 +0.0000e+00 +0.0000e+00
3 0 +3.759737591e+07 +3.759737591e+07 +3.759732043e+07 +3.759732043e+07 -5.7819e-01 +2.4600e-01 -4.0682e-01 -2.8044e-01 +7.6739e-02
15 0 +3.621957545e+07 +3.621957545e+07 +3.621951997e+07 +3.621951997e+07 -1.5663e-01 -4.8180e-01 +2.3302e-01 +5.4557e-02 -9.5944e-02
29 0 +3.525958277e+07 +3.525958277e+07 +3.525952729e+07 +3.525952729e+07 -3.3076e-01 -5.9565e-01 +6.4478e-01 -3.2548e-01 -6.0048e-02
31 0 +3.339564008e+07 +3.339564008e+07 +3.339558460e+07 +3.339558460e+07 +2.0844e-01 -1.3437e+00 -2.8887e-02 +5.7300e-01 +7.3964e-02
32 0 +2.911298765e+07 +2.911298765e+07 +2.911293217e+07 +2.911293217e+07 -3.0220e-01 -1.1840e+00 +1.7171e+00 +9.7513e-01 +5.6449e-02
35 0 +2.846323379e+07 +2.846323379e+07 +2.846317831e+07 +2.846317831e+07 -3.9757e-01 -1.0704e+00 +5.6811e-01 +6.4595e-01 +9.7730e-02
42 0 +2.273088200e+07 +2.273088200e+07 +2.273082652e+07 +2.273082652e+07 -1.1579e+00 -1.4265e+00 +1.4672e+00 +7.5626e-01 -1.2467e-01
52 0 +2.065822599e+07 +2.065822599e+07 +2.065817051e+07 +2.065817051e+07 -1.7076e+00 -1.3266e+00 +7.9199e-01 -7.7114e-02 -9.0747e-02
62 0 +1.671090208e+07 +1.671090208e+07 +1.671084660e+07 +1.671084660e+07 -1.9072e+00 -1.4551e+00 +6.1931e-01 +7.3971e-01 +6.8443e-02
68 0 +1.457325644e+07 +1.457325644e+07 +1.457320096e+07 +1.457320096e+07 -2.4302e+00 -9.8671e-01 +1.4961e+00 +2.1393e-01 +2.1431e-01
69 0 +1.346137097e+07 +1.346137097e+07 +1.346131549e+07 +1.346131549e+07 -2.9634e+00 -9.7081e-01 +6.8132e-01 -2.2097e-01 +9.7896e-02
72 0 +1.061532775e+07 +1.061532775e+07 +1.061527227e+07 +1.061527227e+07 -3.5667e+00 -1.1825e+00 +9.9732e-01 -7.6020e-01 +3.3495e-01
81 0 +8.928623232e+06 +8.928623232e+06 +8.928567752e+06 +8.928567752e+06 -3.6317e+00 -1.6227e+00 +1.5680e-01 +1.1609e+00 +1.9669e-01
83 0 +7.639235749e+06 +7.639235749e+06 +7.639180269e+06 +7.639180269e+06 -3.9092e+00 -7.9941e-01 +1.3551e+00 +1.2541e+00 +6.2016e-01
91 0 +5.581561439e+06 +5.581561439e+06 +5.581505959e+06 +5.581505959e+06 -4.1090e+00 -2.0359e+00 +1.2775e+00 +8.8922e-01 -1.0130e-01
96 0 +5.038772506e+06 +5.038772506e+06 +5.038717026e+06 +5.038717026e+06 -4.7593e+00 -1.8400e+00 +3.0794e+00 +1.2157e+00 +5.6568e-01
100 0 +4.353166229e+06 +4.353166229e+06 +4.353110749e+06 +4.353110749e+06 -3.8005e+00 -2.0112e+00 +1.5687e+00 +1.1043e+00 +7.7563e-01
101 0 +2.350607022e+06 +2.350607022e+06 +2.350551542e+06 +2.350551542e+06 -5.2438e+00 -1.5582e+00 +1.6683e+00 +1.0701e+00 +3.3977e-01
147 0 +1.008077902e+06 +1.008077902e+06 +1.008022422e+06 +1.008022422e+06 -7.7483e+00 -1.4385e+00 +1.8030e+00 +9.7556e-01 +2.2200e-01
173 0 +5.497117616e+05 +5.497117616e+05 +5.496562816e+05 +5.496562816e+05 -7.6867e+00 -1.8012e+00 +2.2829e+00 -1.9843e-01 -6.7044e-02
203 0 +9.624151092e+04 +9.624151092e+04 +9.618603092e+04 +9.618603092e+04 -7.6148e+00 -1.8245e+00 +2.0057e+00 +1.3888e-01 -1.2765e-01
256 0 +7.150472439e+04 +7.150472439e+04 +7.144924439e+04 +7.144924439e+04 -7.6371e+00 -1.4749e+00 +2.0217e+00 +1.2836e-01 -4.0983e-01
259 0 +5.075815671e+03 +5.075815671e+03 +5.020335671e+03 +5.020335671e+03 -7.5368e+00 -1.6964e+00 +1.9191e+00 +3.7525e-01 -3.4610e-01
753 0 +3.015624427e+03 +3.015624427e+03 +2.960144427e+03 +2.960144427e+03 -8.8848e+00 -1.0351e+00 +2.2041e+00 +2.8697e-01 -1.6575e+00
820 0 +2.171947778e+03 +2.171947778e+03 +2.116467778e+03 +2.116467778e+03 -9.0215e+00 -9.9650e-01 +2.2313e+00 +3.1631e-01 -1.6936e+00
822 0 +1.827918238e+03 +1.827918238e+03 +1.772438238e+03 +1.772438238e+03 -9.0202e+00 -1.0133e+00 +2.2287e+00 +3.0607e-01 -1.6885e+00
834 0 +9.405650607e+02 +9.405650607e+02 +8.850850607e+02 +8.850850607e+02 -9.0002e+00 -1.0150e+00 +2.2225e+00 +2.8967e-01 -1.7041e+00
863 0 +4.053310279e+02 +4.053310279e+02 +3.498510279e+02 +3.498510279e+02 -8.9811e+00 -1.0282e+00 +2.2279e+00 +3.2503e-01 -1.6988e+00
888 0 +2.044503483e+02 +2.044503483e+02 +1.489703483e+02 +1.489703483e+02 -8.9802e+00 -1.0162e+00 +2.2226e+00 +3.1613e-01 -1.6987e+00
905 0 +1.899016550e+02 +1.899016550e+02 +1.344216550e+02 +1.344216550e+02 -8.9798e+00 -1.0254e+00 +2.2217e+00 +3.0729e-01 -1.6941e+00
912 0 +1.733150060e+02 +1.733150060e+02 +1.178350060e+02 +1.178350060e+02 -8.9696e+00 -1.0213e+00 +2.2105e+00 +3.1869e-01 -1.6961e+00
915 0 +1.407544087e+02 +1.407544087e+02 +8.527440867e+01 +8.527440867e+01 -8.9777e+00 -1.0308e+00 +2.2093e+00 +3.1629e-01 -1.6981e+00
939 0 +1.106800632e+02 +1.106800632e+02 +5.520006319e+01 +5.520006319e+01 -8.9731e+00 -1.0272e+00 +2.2214e+00 +3.1321e-01 -1.6944e+00
945 0 +8.558773696e+01 +8.558773696e+01 +3.010773696e+01 +3.010773696e+01 -8.9739e+00 -1.0263e+00 +2.2115e+00 +3.1485e-01 -1.6953e+00
980 0 +7.977692572e+01 +7.977692572e+01 +2.429692572e+01 +2.429692572e+01 -8.9773e+00 -1.0239e+00 +2.2154e+00 +3.1166e-01 -1.6970e+00
983 0 +7.282864327e+01 +7.282864327e+01 +1.734864327e+01 +1.734864327e+01 -8.9715e+00 -1.0275e+00 +2.2118e+00 +3.1384e-01 -1.6957e+00
1000 0 +7.174663729e+01 +7.174663729e+01 +1.626663729e+01 +1.626663729e+01 -8.9699e+00 -1.0297e+00 +2.2127e+00 +3.1442e-01 -1.6957e+00
1002 0 +7.065339679e+01 +7.065339679e+01 +1.517339679e+01 +1.517339679e+01 -8.9718e+00 -1.0300e+00 +2.2130e+00 +3.1417e-01 -1.6953e+00
% f evaluations | g evaluations | best noise-free fitness - Fopt | noise-free fitness - Fopt (-5.349000000000e+01) | measured fitness | best measured fitness | x1 | x2...
1 0 +1.620367076e+07 +1.620367076e+07 +1.620361727e+07 +1.620361727e+07 +0.0000e+00 +0.0000e+00 +0.0000e+00 +0.0000e+00 +0.0000e+00
7 0 +1.498932965e+07 +1.498932965e+07 +1.498927616e+07 +1.498927616e+07 +1.0258e+00 +2.8083e-02 +3.7240e-01 -1.5376e-01 +1.4548e+00
9 0 +5.569491461e+06 +5.569491461e+06 +5.569437971e+06 +5.569437971e+06 +1.1042e+00 -8.3797e-03 -6.1382e-01 -1.7605e+00 +5.1561e-01
16 0 +2.750205632e+06 +2.750205632e+06 +2.750152142e+06 +2.750152142e+06 +7.7770e-01 -6.6168e-02 -9.6408e-01 -1.9224e+00 +1.3955e+00
24 0 +2.422139227e+06 +2.422139227e+06 +2.422085737e+06 +2.422085737e+06 +5.7935e-01 -6.6980e-02 -1.0139e+00 -2.3017e+00 +1.7022e+00
38 0 +1.986286363e+06 +1.986286363e+06 +1.986232873e+06 +1.986232873e+06 +8.1261e-02 -3.8372e-02 -1.2770e+00 -2.0062e+00 +1.9476e+00
42 0 +1.918767564e+06 +1.918767564e+06 +1.918714074e+06 +1.918714074e+06 +5.4428e-01 -2.9719e-02 -1.4841e+00 -1.9462e+00 +2.2257e+00
65 0 +1.714775284e+06 +1.714775284e+06 +1.714721794e+06 +1.714721794e+06 +4.1789e-01 -5.0670e-02 -1.9083e+00 -1.8852e+00 +1.7422e+00
85 0 +1.193951068e+06 +1.193951068e+06 +1.193897578e+06 +1.193897578e+06 -1.2702e-01 -5.7292e-02 -2.9944e+00 -6.3245e-01 +1.1221e+00
120 0 +1.081393511e+06 +1.081393511e+06 +1.081340021e+06 +1.081340021e+06 -2.0965e-01 -3.5873e-03 -2.7452e+00 -9.0751e-01 +1.1376e+00
123 0 +9.465903764e+05 +9.465903764e+05 +9.465368864e+05 +9.465368864e+05 -2.3949e-02 +8.0150e-03 -3.0623e+00 -9.3691e-01 +7.1525e-01
128 0 +8.815474675e+05 +8.815474675e+05 +8.814939775e+05 +8.814939775e+05 -4.9408e-01 -2.0971e-03 -3.2265e+00 -9.1445e-01 +8.6437e-01
153 0 +8.312079573e+05 +8.312079573e+05 +8.311544673e+05 +8.311544673e+05 -3.8766e-01 +9.0042e-03 -3.2627e+00 -9.0109e-01 +7.9179e-01
185 0 +7.716209955e+05 +7.716209955e+05 +7.715675055e+05 +7.715675055e+05 -5.6585e-01 +2.4520e-03 -3.3493e+00 -5.7116e-01 +7.4272e-01
189 0 +7.276875588e+05 +7.276875588e+05 +7.276340688e+05 +7.276340688e+05 -5.3874e-01 +9.6081e-03 -3.2437e+00 -5.9454e-01 +4.8129e-01
206 0 +6.854983588e+05 +6.854983588e+05 +6.854448688e+05 +6.854448688e+05 -5.5298e-01 +1.9228e-02 -3.4372e+00 -6.2738e-01 +6.0817e-01
218 0 +6.470746743e+05 +6.470746743e+05 +6.470211843e+05 +6.470211843e+05 -6.5106e-01 +1.3953e-02 -3.4159e+00 -3.5729e-01 +4.2037e-01
229 0 +5.142905403e+05 +5.142905403e+05 +5.142370503e+05 +5.142370503e+05 -1.1001e+00 +2.0128e-02 -3.7499e+00 -2.1117e-01 +1.9983e-01
237 0 +4.679746992e+05 +4.679746992e+05 +4.679212092e+05 +4.679212092e+05 -8.7922e-01 +1.4426e-02 -4.2784e+00 +7.1174e-02 -8.2622e-02
260 0 +2.589488525e+05 +2.589488525e+05 +2.588953625e+05 +2.588953625e+05 -1.6763e+00 +4.3053e-02 -4.5087e+00 +3.6068e-01 -3.1058e-01
330 0 +1.399336069e+05 +1.399336069e+05 +1.398801169e+05 +1.398801169e+05 -2.1551e+00 +2.4466e-02 -5.2997e+00 +8.5395e-01 -1.1991e+00
563 0 +1.379624746e+05 +1.379624746e+05 +1.379089846e+05 +1.379089846e+05 -2.1280e+00 -1.3886e-02 -5.3763e+00 +9.9685e-01 -1.1003e+00
592 0 +1.294380129e+05 +1.294380129e+05 +1.293845229e+05 +1.293845229e+05 -2.2203e+00 -7.8813e-03 -5.4114e+00 +9.7641e-01 -1.1379e+00
593 0 +1.212014221e+05 +1.212014221e+05 +1.211479321e+05 +1.211479321e+05 -2.1339e+00 -9.7571e-03 -5.5417e+00 +1.0607e+00 -1.1792e+00
602 0 +1.139766075e+05 +1.139766075e+05 +1.139231175e+05 +1.139231175e+05 -2.1724e+00 -7.0807e-03 -5.4835e+00 +1.0573e+00 -1.1906e+00
621 0 +1.109369873e+05 +1.109369873e+05 +1.108834973e+05 +1.108834973e+05 -2.1932e+00 -6.6803e-03 -5.5730e+00 +1.0817e+00 -1.1802e+00
623 0 +1.084038164e+05 +1.084038164e+05 +1.083503264e+05 +1.083503264e+05 -2.2594e+00 -4.7834e-03 -5.5912e+00 +1.0224e+00 -1.2126e+00
624 0 +1.042727887e+05 +1.042727887e+05 +1.042192987e+05 +1.042192987e+05 -2.2450e+00 -4.1345e-03 -5.5473e+00 +1.1256e+00 -1.1906e+00
634 0 +1.010205327e+05 +1.010205327e+05 +1.009670427e+05 +1.009670427e+05 -2.2401e+00 -4.7025e-03 -5.5346e+00 +1.0910e+00 -1.2236e+00
644 0 +9.961285805e+04 +9.961285805e+04 +9.955936805e+04 +9.955936805e+04 -2.2740e+00 -3.9238e-03 -5.5545e+00 +1.0970e+00 -1.2141e+00
662 0 +9.635490530e+04 +9.635490530e+04 +9.630141530e+04 +9.630141530e+04 -2.2717e+00 -4.7668e-03 -5.5464e+00 +1.1016e+00 -1.2531e+00
663 0 +9.504817283e+04 +9.504817283e+04 +9.499468283e+04 +9.499468283e+04 -2.2680e+00 -3.5537e-03 -5.5461e+00 +1.1103e+00 -1.2581e+00
675 0 +9.177115789e+04 +9.177115789e+04 +9.171766789e+04 +9.171766789e+04 -2.2782e+00 -3.4266e-03 -5.5526e+00 +1.1279e+00 -1.2973e+00
694 0 +8.340030619e+04 +8.340030619e+04 +8.334681619e+04 +8.334681619e+04 -2.3524e+00 -4.6990e-03 -5.6175e+00 +1.1368e+00 -1.3936e+00
784 0 +7.823963596e+04 +7.823963596e+04 +7.818614596e+04 +7.818614596e+04 -2.4255e+00 -1.0693e-02 -5.7669e+00 +1.1460e+00 -1.4552e+00
798 0 +6.123383103e+04 +6.123383103e+04 +6.118034103e+04 +6.118034103e+04 -2.3925e+00 -7.1907e-03 -5.7760e+00 +1.2412e+00 -1.4547e+00
801 0 +5.361700536e+04 +5.361700536e+04 +5.356351536e+04 +5.356351536e+04 -2.4441e+00 -3.3078e-03 -5.9263e+00 +1.3561e+00 -1.4308e+00
819 0 +3.490824269e+04 +3.490824269e+04 +3.485475269e+04 +3.485475269e+04 -2.5462e+00 -4.0665e-03 -5.9200e+00 +1.3961e+00 -1.5004e+00
885 0 +1.821396692e+04 +1.821396692e+04 +1.816047692e+04 +1.816047692e+04 -2.8170e+00 +3.2008e-03 -6.3898e+00 +1.6981e+00 -1.7327e+00
887 0 +1.647917656e+04 +1.647917656e+04 +1.642568656e+04 +1.642568656e+04 -2.8013e+00 +1.0387e-02 -6.0889e+00 +1.6634e+00 -1.6779e+00
907 0 +8.949312417e+03 +8.949312417e+03 +8.895822417e+03 +8.895822417e+03 -2.9377e+00 +9.1167e-03 -6.4208e+00 +1.8032e+00 -1.7620e+00
% f evaluations | g evaluations | best noise-free fitness - Fopt | noise-free fitness - Fopt (1.172700000000e+02) | measured fitness | best measured fitness | x1 | x2...
1 0 +6.310209862e+07 +6.310209862e+07 +6.310221589e+07 +6.310221589e+07 +0.0000e+00 +0.0000e+00 +0.0000e+00 +0.0000e+00 +0.0000e+00
2 0 +4.099631378e+07 +4.099631378e+07 +4.099643105e+07 +4.099643105e+07 -6.2454e-02 -3.0881e-01 +1.6287e-02 -1.7130e-01 -1.3868e+00
4 0 +3.340196987e+07 +3.340196987e+07 +3.340208714e+07 +3.340208714e+07 +1.8386e-01 +2.5007e-02 -6.8196e-01 +1.8156e-01 -6.2764e-01
9 0 +1.975661859e+07 +1.975661859e+07 +1.975673586e+07 +1.975673586e+07 +4.0076e-01 -8.3411e-02 +3.4889e-01 +1.1117e-01 -1.2653e+00
14 0 +1.309864829e+07 +1.309864829e+07 +1.309876556e+07 +1.309876556e+07 +9.2580e-01 +4.6469e-01 +3.6583e-01 -7.5179e-01 -3.1434e+00
18 0 +1.105228796e+07 +1.105228796e+07 +1.105240523e+07 +1.105240523e+07 +6.0489e-01 -3.9512e-01 -6.3136e-01 +8.2095e-01 -8.5877e-01
21 0 +9.807729423e+06 +9.807729423e+06 +9.807846693e+06 +9.807846693e+06 +9.0689e-01 +1.7544e-01 -6.0469e-01 -1.0614e-01 -3.9680e+00
25 0 +3.877295516e+06 +3.877295516e+06 +3.877412786e+06 +3.877412786e+06 +1.1228e+00 -6.8315e-02 -6.0415e-01 +2.0920e+00 -3.4020e+00
32 0 +3.774744074e+06 +3.774744074e+06 +3.774861344e+06 +3.774861344e+06 +7.8083e-01 +1.5471e+00 -6.5465e-04 +1.4033e+00 -2.3961e+00
41 0 +2.162344559e+06 +2.162344559e+06 +2.162461829e+06 +2.162461829e+06 +1.2460e+00 -2.9869e-01 +4.2807e-01 +1.9854e+00 -3.3322e+00
44 0 +8.206282916e+05 +8.206282916e+05 +8.207455616e+05 +8.207455616e+05 +1.5850e+00 +2.6848e-03 +1.7329e+00 +1.9516e+00 -2.9250e+00
687 0 +7.323849105e+05 +7.323849105e+05 +7.325021805e+05 +7.325021805e+05 -1.1364e+01 +4.5396e+00 +3.7207e+01 +1.5352e+01 -2.8705e+01
688 0 +3.166176472e+05 +3.166176472e+05 +3.167349172e+05 +3.167349172e+05 -1.1702e+01 +4.0954e+00 +3.7695e+01 +1.5588e+01 -2.9033e+01
718 0 +2.997684723e+05 +2.997684723e+05 +2.998857423e+05 +2.998857423e+05 -1.1207e+01 +3.7368e+00 +3.8039e+01 +1.5123e+01 -2.9465e+01
731 0 +2.929023435e+05 +2.929023435e+05 +2.930196135e+05 +2.930196135e+05 -1.1116e+01 +3.8317e+00 +3.8106e+01 +1.5706e+01 -3.0041e+01
733 0 +2.084841481e+05 +2.084841481e+05 +2.086014181e+05 +2.086014181e+05 -1.1232e+01 +4.1213e+00 +3.8216e+01 +1.5585e+01 -2.9864e+01
735 0 +7.506127146e+04 +7.506127146e+04 +7.517854146e+04 +7.517854146e+04 -1.1292e+01 +3.7264e+00 +3.8074e+01 +1.5710e+01 -2.9774e+01
762 0 +6.965831552e+04 +6.965831552e+04 +6.977558552e+04 +6.977558552e+04 -1.1440e+01 +3.9369e+00 +3.8158e+01 +1.5772e+01 -2.9939e+01
772 0 +2.337052506e+04 +2.337052506e+04 +2.348779506e+04 +2.348779506e+04 -1.1432e+01 +3.8732e+00 +3.8183e+01 +1.5698e+01 -2.9806e+01
810 0 +1.043094726e+04 +1.043094726e+04 +1.054821726e+04 +1.054821726e+04 -1.1448e+01 +3.8805e+00 +3.8136e+01 +1.5688e+01 -2.9579e+01
824 0 +9.805119853e+03 +9.805119853e+03 +9.922389853e+03 +9.922389853e+03 -1.1521e+01 +3.8798e+00 +3.8244e+01 +1.5690e+01 -2.9797e+01
843 0 +9.031303808e+03 +9.031303808e+03 +9.148573808e+03 +9.148573808e+03 -1.1493e+01 +3.8464e+00 +3.8214e+01 +1.5776e+01 -2.9772e+01
860 0 +7.813806428e+03 +7.813806428e+03 +7.931076428e+03 +7.931076428e+03 -1.1454e+01 +3.8626e+00 +3.8188e+01 +1.5681e+01 -2.9683e+01
869 0 +7.073065564e+03 +7.073065564e+03 +7.190335564e+03 +7.190335564e+03 -1.1453e+01 +3.8400e+00 +3.8149e+01 +1.5672e+01 -2.9692e+01
875 0 +5.323084565e+03 +5.323084565e+03 +5.440354565e+03 +5.440354565e+03 -1.1442e+01 +3.8704e+00 +3.8050e+01 +1.5680e+01 -2.9599e+01
894 0 +4.402653149e+03 +4.402653149e+03 +4.519923149e+03 +4.519923149e+03 -1.1472e+01 +3.8215e+00 +3.8139e+01 +1.5674e+01 -2.9654e+01
908 0 +3.564743500e+03 +3.564743500e+03 +3.682013500e+03 +3.682013500e+03 -1.1465e+01 +3.8435e+00 +3.8102e+01 +1.5670e+01 -2.9628e+01
958 0 +3.327170926e+03 +3.327170926e+03 +3.444440926e+03 +3.444440926e+03 -1.1509e+01 +3.8341e+00 +3.8107e+01 +1.5694e+01 -2.9629e+01
% f evaluations | g evaluations | best noise-free fitness - Fopt | noise-free fitness - Fopt (7.789000000000e+01) | measured fitness | best measured fitness | x1 | x2...
1 0 +2.123259065e+07 +2.123259065e+07 +2.123266854e+07 +2.123266854e+07 +0.0000e+00 +0.0000e+00 +0.0000e+00 +0.0000e+00 +0.0000e+00
6 0 +1.727914603e+07 +1.727914603e+07 +1.727922392e+07 +1.727922392e+07 -5.6247e-01 +1.7670e-01 +1.1414e+00 -1.1959e-02 -1.1404e-01
12 0 +1.401759755e+07 +1.401759755e+07 +1.401767544e+07 +1.401767544e+07 -4.8608e-01 +3.0395e-02 +2.1467e+00 +1.3150e-03 -7.5352e-02
16 0 +1.322717942e+07 +1.322717942e+07 +1.322725731e+07 +1.322725731e+07 -4.2952e-02 +5.6982e-01 +1.4527e+00 -3.9263e-02 -3.2848e-01
20 0 +1.289865198e+07 +1.289865198e+07 +1.289872987e+07 +1.289872987e+07 -2.8162e-01 -4.5703e-02 +2.3035e+00 -5.9495e-02 -2.1156e-01
21 0 +1.032983712e+07 +1.032983712e+07 +1.032991501e+07 +1.032991501e+07 -7.7183e-02 +6.3251e-01 +3.1090e+00 -2.4996e-02 +8.2150e-03
35 0 +1.011964901e+07 +1.011964901e+07 +1.011972690e+07 +1.011972690e+07 +7.0043e-02 +4.5671e-01 +2.8044e+00 -6.2269e-02 -1.6300e-01
37 0 +7.927593685e+06 +7.927593685e+06 +7.927671575e+06 +7.927671575e+06 -5.2985e-01 +7.4960e-01 +3.5487e+00 -3.8682e-02 -6.5467e-01
40 0 +7.380005589e+06 +7.380005589e+06 +7.380083479e+06 +7.380083479e+06 -3.2870e-01 +7.1940e-01 +3.6062e+00 -6.3216e-02 -6.5899e-01
43 0 +5.989403511e+06 +5.989403511e+06 +5.989481401e+06 +5.989481401e+06 -4.0419e-02 +1.0353e+00 +3.9621e+00 -7.2518e-03 -7.3910e-01
45 0 +5.833915894e+06 +5.833915894e+06 +5.833993784e+06 +5.833993784e+06 -1.9824e-01 +9.7673e-01 +4.4590e+00 -7.2880e-02 -7.8084e-01
51 0 +5.052662411e+06 +5.052662411e+06 +5.052740301e+06 +5.052740301e+06 +6.9440e-02 +6.9439e-01 +4.5651e+00 -6.1989e-02 -7.7267e-01
52 0 +4.470965525e+06 +4.470965525e+06 +4.471043415e+06 +4.471043415e+06 +1.3284e-01 +6.3043e-01 +4.9373e+00 -7.8086e-02 -8.2429e-01
62 0 +2.638411645e+06 +2.638411645e+06 +2.638489535e+06 +2.638489535e+06 +2.7350e-01 -1.6351e-02 +6.3672e+00 -5.9837e-02 -9.9033e-01
139 0 +2.412335221e+06 +2.412335221e+06 +2.412413111e+06 +2.412413111e+06 +4.4370e-01 -5.4395e-01 +6.4502e+00 -9.9404e-02 -1.1112e+00
149 0 +2.369593877e+06 +2.369593877e+06 +2.369671767e+06 +2.369671767e+06 +5.5037e-01 -4.6664e-01 +6.6893e+00 -1.2700e-01 -1.2768e+00
178 0 +2.229406634e+06 +2.229406634e+06 +2.229484524e+06 +2.229484524e+06 +4.9237e-01 -4.6918e-01 +6.5383e+00 -5.1389e-02 -1.1101e+00
182 0 +1.793732844e+06 +1.793732844e+06 +1.793810734e+06 +1.793810734e+06 +4.2268e-01 -5.5146e-01 +6.9746e+00 -3.6019e-02 -1.1837e+00
189 0 +1.527599828e+06 +1.527599828e+06 +1.527677718e+06 +1.527677718e+06 +1.9934e-01 -9.6303e-01 +7.4358e+00 -1.6893e-02 -1.1621e+00
195 0 +1.476515212e+06 +1.476515212e+06 +1.476593102e+06 +1.476593102e+06 +2.3277e-01 -6.3658e-01 +7.3523e+00 -1.9568e-02 -1.2579e+00
208 0 +1.244022291e+06 +1.244022291e+06 +1.244100181e+06 +1.244100181e+06 +1.3579e-01 -5.8015e-01 +7.1515e+00 -1.5654e-02 -1.3728e+00
216 0 +8.904564777e+05 +8.904564777e+05 +8.905343677e+05 +8.905343677e+05 -2.1975e-02 -7.0546e-01 +7.4565e+00 -2.0189e-02 -1.5520e+00
227 0 +5.761664232e+05 +5.761664232e+05 +5.762443132e+05 +5.762443132e+05 -2.5589e-02 -9.0323e-01 +7.9287e+00 +1.5131e-02 -1.7567e+00
284 0 +5.509197108e+05 +5.509197108e+05 +5.509976008e+05 +5.509976008e+05 -5.1303e-02 -1.4642e+00 +7.9368e+00 +1.7805e-02 -1.6238e+00
311 0 +5.141470684e+05 +5.141470684e+05 +5.142249584e+05 +5.142249584e+05 -3.1685e-01 -1.6859e+00 +8.2627e+00 +2.8080e-02 -1.7009e+00
331 0 +3.713138488e+05 +3.713138488e+05 +3.713917388e+05 +3.713917388e+05 -2.2926e-01 -1.8770e+00 +8.4668e+00 +4.7921e-02 -1.7528e+00
333 0 +2.696982348e+05 +2.696982348e+05 +2.697761248e+05 +2.697761248e+05 -6.2797e-01 -1.6827e+00 +8.6969e+00 +4.7821e-02 -2.1045e+00
334 0 +1.151230833e+05 +1.151230833e+05 +1.152009733e+05 +1.152009733e+05 -3.7239e-01 -2.0918e+00 +9.0479e+00 +2.3626e-02 -2.1575e+00
386 0 +1.007279606e+05 +1.007279606e+05 +1.008058506e+05 +1.008058506e+05 -2.2470e-01 -1.7586e+00 +8.8065e+00 -2.8990e-03 -2.0207e+00
402 0 +8.169114197e+04 +8.169114197e+04 +8.176903197e+04 +8.176903197e+04 -2.4627e-01 -2.1227e+00 +9.4487e+00 +6.2123e-02 -2.1883e+00
417 0 +7.132956130e+04 +7.132956130e+04 +7.140745130e+04 +7.140745130e+04 -3.2422e-01 -2.0123e+00 +8.9245e+00 +8.8499e-02 -2.0348e+00
425 0 +1.961991294e+04 +1.961991294e+04 +1.969780294e+04 +1.969780294e+04 -3.9734e-01 -1.9618e+00 +9.1880e+00 +1.0178e-01 -2.1513e+00
432 0 +1.597987414e+04 +1.597987414e+04 +1.605776414e+04 +1.605776414e+04 -3.5050e-01 -1.7953e+00 +9.0665e+00 +1.1176e-01 -2.1866e+00
456 0 +1.389611014e+04 +1.389611014e+04 +1.397400014e+04 +1.397400014e+04 -3.2338e-01 -1.9309e+00 +9.1942e+00 +1.2548e-01 -2.1854e+00
603 0 +4.667396075e+03 +4.667396075e+03 +4.745286075e+03 +4.745286075e+03 -3.2132e-01 -1.9247e+00 +9.0466e+00 +1.2768e-01 -2.1525e+00
