% f evaluations | g evaluations | best noise-free fitness - Fopt | noise-free fitness - Fopt (-5.235000000000e+01) | measured fitness | best measured fitness | x1 | x2...
1 0 +7.774068784e+01 +7.774068784e+01 +2.539068784e+01 +2.539068784e+01 +0.0000e+00 +0.0000e+00 +0.0000e+00 +0.0000e+00 +0.0000e+00 +0.0000e+00 +0.0000e+00 +0.0000e+00 +0.0000e+00 +0.0000e+00
5 0 +5.976991808e+01 +5.976991808e+01 +7.419918081e+00 +7.419918081e+00 +4.7035e-01 -9.5950e-01 +2.0409e-01 -4.6988e-01 +3.7942e+00 -5.6700e-01 -4.5574e-01 -2.3145e+00 +2.6419e-01 -7.0023e-01
6 0 +5.259494159e+01 +5.259494159e+01 +2.449415904e-01 +2.449415904e-01 +1.6867e+00 +3.4556e-01 -5.5416e-01 +1.8447e+00 -2.0999e+00 +1.9012e+00 -2.1720e+00 -2.5928e+00 -2.4519e-02 +7.6666e-02
7 0 +4.208026525e+01 +4.208026525e+01 -1.026973475e+01 -1.026973475e+01 +1.9824e+00 -6.9195e-01 -2.4977e-01 -7.6247e-01 -2.6336e+00 +6.8779e-01 -9.0116e-01 +9.3805e-01 +8.1607e-03 -1.4164e+00
10 0 +1.803233138e+01 +1.803233138e+01 -3.431766862e+01 -3.431766862e+01 -9.8661e-01 -5.2325e-01 +7.1510e-01 -1.0926e+00 -1.0864e+00 +1.1190e+00 -2.9074e+00 +3.5486e+00 +9.5588e-02 -1.3206e+00
15 0 +1.187907225e+01 +1.187907225e+01 -4.047092775e+01 -4.047092775e+01 +3.3343e+00 -3.5196e-01 -3.5071e-01 +3.8286e-01 -2.6354e-01 +1.1944e+00 -4.7253e+00 +2.2930e+00 -1.3753e-01 -1.6383e+00
51 0 +1.125720037e+01 +1.125720037e+01 -4.109279963e+01 -4.109279963e+01 +1.4245e+00 -2.0406e+00 -1.2803e+00 -2.3641e+00 +1.9705e+00 +2.5454e+00 -3.5581e+00 -2.9347e+00 +7.2527e-02 -2.4134e+00
56 0 +1.086571252e+01 +1.086571252e+01 -4.148428748e+01 -4.148428748e+01 +1.3774e-01 -1.9081e+00 -7.1341e-01 -5.3666e-01 +5.7941e-01 +2.1502e+00 -3.3281e+00 -5.2236e-01 +1.3600e-01 -2.4994e+00
74 0 +1.041584662e+01 +1.041584662e+01 -4.193415338e+01 -4.193415338e+01 +2.5549e-01 -1.8787e+00 +3.5190e-03 -4.9490e-01 +1.7674e+00 +2.5064e+00 -4.4138e+00 -1.5897e+00 +3.9486e-02 -1.9767e+00
86 0 +1.000243591e+01 +1.000243591e+01 -4.234756409e+01 -4.234756409e+01 +2.3054e-01 -1.9538e+00 +1.4514e-01 -1.4096e+00 +2.2851e+00 +2.9196e+00 -4.1277e+00 -3.6899e-01 +8.7361e-02 -2.4622e+00
94 0 +9.494364553e+00 +9.494364553e+00 -4.285563545e+01 -4.285563545e+01 +3.9440e-01 -2.3791e+00 +4.2697e-02 -2.2005e+00 +1.6024e+00 +3.2543e+00 -4.9917e+00 -2.0989e-01 +1.0412e-01 -2.8165e+00
101 0 +8.715939529e+00 +8.715939529e+00 -4.363406047e+01 -4.363406047e+01 +2.5378e-01 -1.8050e+00 +1.2438e-01 -7.9926e-01 +1.2701e+00 +3.2981e+00 -3.8340e+00 +3.8928e-01 +1.3194e-01 -2.0929e+00
103 0 +7.929445088e+00 +7.929445088e+00 -4.442055491e+01 -4.442055491e+01 +4.7885e-01 -2.0716e+00 +2.4352e-01 -1.2530e+00 +1.6401e+00 +3.1126e+00 -3.8461e+00 +2.3053e-02 +1.6866e-01 -1.6945e+00
127 0 +7.461989326e+00 +7.461989326e+00 -4.488801067e+01 -4.488801067e+01 +8.4023e-01 -2.0248e+00 -3.7963e-02 -1.3832e+00 +9.6264e-01 +3.0642e+00 -3.0849e+00 -6.2614e-01 +1.7180e-01 -2.5885e+00
163 0 +7.402271181e+00 +7.402271181e+00 -4.494772882e+01 -4.494772882e+01 +5.5384e-01 -2.0260e+00 +2.0165e-01 -1.3271e+00 +5.0807e-01 +3.4143e+00 -2.9680e+00 -1.3336e+00 +1.5379e-01 -2.7416e+00
167 0 +7.144426924e+00 +7.144426924e+00 -4.520557308e+01 -4.520557308e+01 +1.1547e+00 -1.9850e+00 +2.2321e-01 -1.1373e+00 +5.7131e-01 +3.2125e+00 -3.2782e+00 -7.3677e-01 +1.7053e-01 -2.9912e+00
177 0 +6.607566443e+00 +6.607566443e+00 -4.574243356e+01 -4.574243356e+01 +1.1618e+00 -1.9354e+00 +1.8473e-01 -1.3081e+00 +4.7337e-01 +3.4385e+00 -3.2679e+00 -7.5433e-01 +1.7657e-01 -2.6561e+00
182 0 +6.475746592e+00 +6.475746592e+00 -4.587425341e+01 -4.587425341e+01 +1.4028e+00 -1.9188e+00 +1.9226e-01 -1.3365e+00 +5.8579e-01 +3.4206e+00 -3.1565e+00 -4.7080e-01 +1.6133e-01 -2.4043e+00
188 0 +6.329114439e+00 +6.329114439e+00 -4.602088556e+01 -4.602088556e+01 +9.8449e-01 -1.9653e+00 +2.3542e-01 -1.4486e+00 +4.4724e-01 +3.3127e+00 -3.3781e+00 -4.9722e-01 +1.5921e-01 -2.3467e+00
219 0 +6.085820820e+00 +6.085820820e+00 -4.626417918e+01 -4.626417918e+01 +8.0771e-01 -1.9400e+00 +3.0512e-01 -1.7860e+00 +2.7133e-01 +3.3203e+00 -3.3741e+00 -4.1164e-01 +1.6819e-01 -2.4049e+00
264 0 +5.913027167e+00 +5.913027167e+00 -4.643697283e+01 -4.643697283e+01 +6.6184e-01 -2.2148e+00 +4.8045e-01 -2.3530e+00 +4.7826e-01 +3.4721e+00 -3.9561e+00 +4.2477e-01 +1.6144e-01 -1.8432e+00
276 0 +5.794346108e+00 +5.794346108e+00 -4.655565389e+01 -4.655565389e+01 +7.7151e-01 -1.9738e+00 +4.9597e-01 -2.3128e+00 +9.0856e-01 +3.8819e+00 -4.0902e+00 -8.9273e-02 +1.4560e-01 -1.7102e+00
278 0 +5.729935545e+00 +5.729935545e+00 -4.662006445e+01 -4.662006445e+01 +8.9126e-01 -2.0191e+00 +5.3120e-01 -2.3087e+00 +5.2827e-01 +3.7140e+00 -3.7169e+00 +2.2603e-01 +9.9036e-02 -1.8280e+00
280 0 +5.358664120e+00 +5.358664120e+00 -4.699133588e+01 -4.699133588e+01 +9.3689e-01 -2.0547e+00 +7.0310e-01 -1.9808e+00 +7.1211e-01 +3.4379e+00 -3.7914e+00 +2.9163e-01 +1.9047e-01 -1.4654e+00
284 0 +4.941614311e+00 +4.941614311e+00 -4.740838569e+01 -4.740838569e+01 +1.1839e+00 -1.6676e+00 +8.3486e-01 -2.7888e+00 -2.8057e-01 +2.8595e+00 -4.5117e+00 -1.3998e-01 +2.1618e-01 -1.6139e+00
320 0 +4.896548470e+00 +4.896548470e+00 -4.745345153e+01 -4.745345153e+01 +1.8599e+00 -1.1860e+00 +1.1910e+00 -2.4519e+00 +1.3272e-01 +3.8981e+00 -3.7267e+00 -1.3059e+00 +2.3499e-01 -2.0112e+00
352 0 +4.741883245e+00 +4.741883245e+00 -4.760811675e+01 -4.760811675e+01 +7.0659e-01 -1.5870e+00 +1.4208e+00 -3.3234e+00 +7.7970e-02 +4.0257e+00 -4.3545e+00 -1.3110e+00 +1.8028e-01 -1.7230e+00
358 0 +4.587786573e+00 +4.587786573e+00 -4.776221343e+01 -4.776221343e+01 +6.6863e-01 -1.5686e+00 +1.5448e+00 -3.6205e+00 +1.2882e-01 +4.0920e+00 -3.9682e+00 -1.0526e+00 +2.2139e-01 -1.4856e+00
359 0 +4.546506778e+00 +4.546506778e+00 -4.780349322e+01 -4.780349322e+01 +8.7967e-01 -1.4935e+00 +1.7798e+00 -3.5377e+00 +1.6138e-02 +3.6639e+00 -3.8290e+00 -7.7287e-01 +1.9899e-01 -1.6061e+00
377 0 +4.400480500e+00 +4.400480500e+00 -4.794951950e+01 -4.794951950e+01 +1.0025e+00 -1.7340e+00 +1.3433e+00 -3.2910e+00 +4.1289e-01 +3.7781e+00 -4.5775e+00 +1.7470e-01 +1.7870e-01 -1.3876e+00
389 0 +4.073800306e+00 +4.073800306e+00 -4.827619969e+01 -4.827619969e+01 +7.2060e-01 -1.7838e+00 +1.5700e+00 -3.1875e+00 +5.0128e-01 +3.8098e+00 -4.0621e+00 -1.5590e-01 +1.8488e-01 -1.4024e+00
407 0 +3.978062167e+00 +3.978062167e+00 -4.837193783e+01 -4.837193783e+01 +9.4401e-01 -1.7802e+00 +1.9812e+00 -2.9724e+00 -2.0919e-01 +3.3369e+00 -3.8267e+00 +2.0513e-01 +1.9426e-01 -2.0155e+00
429 0 +3.793887913e+00 +3.793887913e+00 -4.855611209e+01 -4.855611209e+01 +8.4707e-01 -1.7388e+00 +2.2959e+00 -3.2504e+00 -1.5237e+00 +4.0247e+00 -4.0510e+00 +6.4927e-01 +2.8078e-01 -1.1465e+00
441 0 +3.576785169e+00 +3.576785169e+00 -4.877321483e+01 -4.877321483e+01 -4.0094e-02 -1.8750e+00 +2.0282e+00 -3.6046e+00 -1.6474e+00 +3.9083e+00 -4.2721e+00 +3.4352e-01 +3.2217e-01 -1.2662e+00
446 0 +3.405341589e+00 +3.405341589e+00 -4.894465841e+01 -4.894465841e+01 -2.6411e-01 -1.6504e+00 +1.8161e+00 -3.2577e+00 -1.0662e+00 +3.6221e+00 -4.0212e+00 +3.3081e-02 +3.3388e-01 -1.5443e+00
452 0 +3.244788335e+00 +3.244788335e+00 -4.910521166e+01 -4.910521166e+01 -4.0679e-01 -1.3998e+00 +1.8051e+00 -3.0621e+00 -8.8679e-01 +3.8009e+00 -4.1216e+00 -1.5215e-01 +3.4626e-01 -1.3576e+00
645 0 +3.217030617e+00 +3.217030617e+00 -4.913296938e+01 -4.913296938e+01 -2.7774e-01 -2.3061e+00 +2.2753e+00 -2.9037e+00 -5.5779e-01 +3.3809e+00 -4.2325e+00 +1.6944e-01 +3.5397e-01 -1.7180e+00
% f evaluations | g evaluations | best noise-free fitness - Fopt | noise-free fitness - Fopt (-1.795400000000e+02) | measured fitness | best measured fitness | x1 | x2...
1 0 +7.941703082e+01 +7.941703082e+01 -1.001229692e+02 -1.001229692e+02 +0.0000e+00 +0.0000e+00 +0.0000e+00 +0.0000e+00 +0.0000e+00 +0.0000e+00 +0.0000e+00 +0.0000e+00 +0.0000e+00 +0.0000e+00
2 0 +5.271780661e+01 +5.271780661e+01 -1.268221934e+02 -1.268221934e+02 +9.3907e-01 +3.0278e-01 -2.8915e-01 +5.9437e-01 +7.4038e-03 -5.6976e-01 -1.6647e-01 +1.2273e+00 +8.5255e-01 +9.1436e-02
13 0 +4.082806756e+01 +4.082806756e+01 -1.387119324e+02 -1.387119324e+02 -2.0861e+00 -1.1725e+00 -1.3796e+00 -6.3269e-01 -9.2094e-03 -4.9328e-01 -2.6628e-01 +1.5120e+00 +3.5352e-01 +1.0918e+00
24 0 +2.788463499e+01 +2.788463499e+01 -1.516553650e+02 -1.516553650e+02 -1.4913e+00 -8.5355e-01 -1.1122e-01 -3.2291e-01 -1.3126e-02 -4.1503e-01 +6.9171e-02 +1.8543e+00 +1.5431e+00 +1.4301e+00
42 0 +1.958983418e+01 +1.958983418e+01 -1.599501658e+02 -1.599501658e+02 -1.6482e+00 -6.0606e-01 -5.4021e-01 +4.4127e-01 -3.5722e-02 -1.0686e+00 +5.1554e-01 +2.7297e+00 +2.0086e+00 +2.3241e+00
50 0 +1.700715612e+01 +1.700715612e+01 -1.625328439e+02 -1.625328439e+02 -1.4221e+00 +2.4599e-01 -2.4255e+00 +5.3056e-02 +2.9286e-04 -1.6713e+00 +2.8383e-01 +3.1602e+00 +4.2386e-01 +2.4541e+00
72 0 +1.474934301e+01 +1.474934301e+01 -1.647906570e+02 -1.647906570e+02 -1.2373e+00 -1.8210e-01 -1.2836e+00 +3.5207e+00 +1.7531e-02 -7.3941e-01 +4.4232e-01 +4.9688e+00 +3.5509e+00 +1.6446e+00
73 0 +1.377372661e+01 +1.377372661e+01 -1.657662734e+02 -1.657662734e+02 -1.7139e+00 +6.1355e-01 -3.6893e+00 +1.9046e+00 -1.2339e-02 -1.9107e+00 +1.4154e+00 +3.8626e+00 +1.2523e+00 +1.1096e+00
91 0 +1.244582915e+01 +1.244582915e+01 -1.670941708e+02 -1.670941708e+02 -2.0912e+00 +8.3866e-02 -3.2063e+00 +1.0496e+00 -1.4036e-02 +9.3024e-01 -6.5000e-02 +4.4996e+00 +1.2458e+00 +2.3991e+00
100 0 +1.031490941e+01 +1.031490941e+01 -1.692250906e+02 -1.692250906e+02 -3.3091e-01 +1.7572e-01 -3.5579e-01 +3.2024e+00 +1.8737e-02 -5.3873e-01 +4.4597e-01 +3.5326e+00 +2.1216e+00 +1.5608e+00
108 0 +8.512600107e+00 +8.512600107e+00 -1.710273999e+02 -1.710273999e+02 +2.5009e-02 -8.1134e-02 -3.8483e+00 +4.3859e+00 +3.6207e-04 -1.4313e+00 +3.4976e-01 +3.8881e+00 +1.6333e+00 +2.4385e+00
286 0 +7.915533391e+00 +7.915533391e+00 -1.716244666e+02 -1.716244666e+02 +2.5055e+00 +6.4174e-02 -1.3794e+00 +2.3597e+00 -1.5240e-01 -7.2336e-01 +1.1366e+00 +5.1538e+00 -2.5517e-01 +5.7377e-01
307 0 +7.693436145e+00 +7.693436145e+00 -1.718465639e+02 -1.718465639e+02 -4.4809e-01 -1.4302e-01 -4.2920e+00 +3.7312e+00 -1.7947e-01 +1.5185e+00 +1.4197e+00 +6.6346e+00 -1.8141e+00 +2.0954e+00
318 0 +7.380400244e+00 +7.380400244e+00 -1.721595998e+02 -1.721595998e+02 +2.4593e+00 -8.4798e-02 -3.1797e+00 +2.9972e+00 -1.9027e-01 +2.6575e-01 +1.0543e+00 +6.9660e+00 +1.4655e-01 +3.1940e+00
337 0 +6.573061404e+00 +6.573061404e+00 -1.729669386e+02 -1.729669386e+02 +2.2526e-01 -5.0555e-01 -1.7470e+00 +3.3211e+00 -2.1053e-01 +6.5082e-01 +1.4333e+00 +6.1737e+00 -4.4536e-01 +2.0251e+00
366 0 +6.419132245e+00 +6.419132245e+00 -1.731208678e+02 -1.731208678e+02 +1.1609e+00 +6.3282e-01 -3.7656e+00 +1.7106e+00 -2.2534e-01 +2.0989e-01 +1.4319e+00 +6.2012e+00 -1.3932e+00 +2.6599e+00
407 0 +6.278797033e+00 +6.278797033e+00 -1.732612030e+02 -1.732612030e+02 -2.4113e-01 +7.3018e-01 -4.3230e+00 +3.1303e+00 -1.2172e-01 -1.0404e+00 +1.2815e+00 +6.0476e+00 -1.3847e+00 +3.2281e+00
419 0 +5.634812263e+00 +5.634812263e+00 -1.739051877e+02 -1.739051877e+02 +1.1691e+00 +3.8304e-01 -2.4818e+00 +4.0214e+00 -1.3146e-01 -1.4370e-01 +1.6026e+00 +5.3414e+00 -1.0702e+00 +3.4560e+00
438 0 +5.547742627e+00 +5.547742627e+00 -1.739922574e+02 -1.739922574e+02 +1.3420e+00 -5.1642e-02 -3.7170e+00 +2.8277e+00 -7.5010e-02 -2.0241e+00 +1.3671e+00 +5.2810e+00 -8.3322e-01 +3.8239e+00
471 0 +5.483716833e+00 +5.483716833e+00 -1.740562832e+02 -1.740562832e+02 +1.0729e+00 +1.6376e-01 -2.4203e+00 +3.4503e+00 -7.2767e-02 -4.0927e-01 +1.3723e+00 +4.5160e+00 -1.6789e+00 +2.4748e+00
629 0 +5.342201142e+00 +5.342201142e+00 -1.741977989e+02 -1.741977989e+02 +7.0758e-01 +1.6639e-01 -2.8503e+00 +2.6553e+00 -9.4064e-02 -9.4357e-01 +6.9867e-01 +4.8148e+00 -3.5854e-01 +2.3762e+00
790 0 +5.189978687e+00 +5.189978687e+00 -1.743500213e+02 -1.743500213e+02 +1.0687e+00 +5.0837e-02 -3.6037e+00 +3.1862e+00 -1.0588e-01 -7.5997e-01 +9.6017e-01 +4.3010e+00 +1.4141e-01 +3.2998e+00
796 0 +5.018857564e+00 +5.018857564e+00 -1.745211424e+02 -1.745211424e+02 +9.2639e-01 -1.0776e-01 -3.3840e+00 +2.9171e+00 -1.0440e-01 -5.7262e-01 +9.9458e-01 +4.4659e+00 +4.2055e-01 +3.1367e+00
805 0 +4.966129449e+00 +4.966129449e+00 -1.745738706e+02 -1.745738706e+02 +6.6693e-01 -2.2265e-02 -3.4321e+00 +3.4772e+00 -1.0583e-01 -8.2164e-01 +1.0132e+00 +4.4985e+00 +1.4358e-01 +3.0112e+00
902 0 +4.879344770e+00 +4.879344770e+00 -1.746606552e+02 -1.746606552e+02 +6.9442e-01 +4.8812e-01 -3.0488e+00 +3.4982e+00 -1.0018e-01 -9.3218e-01 +1.2630e+00 +4.5543e+00 +2.9539e-01 +2.3468e+00
% f evaluations | g evaluations | best noise-free fitness - Fopt | noise-free fitness - Fopt (7.731000000000e+01) | measured fitness | best measured fitness | x1 | x2...
1 0 +2.208590858e+01 +2.208590858e+01 +9.939590858e+01 +9.939590858e+01 +0.0000e+00 +0.0000e+00 +0.0000e+00 +0.0000e+00 +0.0000e+00 +0.0000e+00 +0.0000e+00 +0.0000e+00 +0.0000e+00 +0.0000e+00
2 0 +1.520053840e+01 +1.520053840e+01 +9.251053840e+01 +9.251053840e+01 +3.0898e-01 -1.4774e-01 -1.8834e-01 -2.4951e-02 -7.1149e-01 +3.8297e-01 +2.0792e-02 -1.3292e+00 -5.3782e-02 +1.6641e-02
4 0 +1.490402281e+01 +1.490402281e+01 +9.221402281e+01 +9.221402281e+01 -1.4052e-01 +2.3559e-01 -1.0977e-01 +3.6112e-01 -7.1595e-02 -3.2713e+00 +4.6863e-02 -1.6908e-01 -4.8790e-01 +2.0500e-02
5 0 +1.358082759e+01 +1.358082759e+01 +9.089082759e+01 +9.089082759e+01 +2.3178e-01 -1.1587e-01 +6.9579e-03 +2.3858e-01 +3.8659e-01 -1.8998e+00 +5.6101e-02 -6.8404e-01 +8.5896e-01 -1.9333e-02
12 0 +1.260855325e+01 +1.260855325e+01 +8.991855325e+01 +8.991855325e+01 +5.2718e-02 +2.6788e-01 +1.0627e-01 +7.1585e-02 -1.5251e-01 -3.2956e+00 +3.4854e-02 -5.9160e-01 -4.2608e-01 +1.8015e-03
15 0 +1.231876257e+01 +1.231876257e+01 +8.962876257e+01 +8.962876257e+01 +1.6227e-01 +1.5367e-01 -2.1847e-01 -6.3554e-02 +3.4091e-01 -3.9050e+00 +7.4486e-02 -1.0109e+00 -2.4967e-01 +1.4335e-02
25 0 +1.155066273e+01 +1.155066273e+01 +8.886066273e+01 +8.886066273e+01 +1.4618e-01 +1.3088e-01 +1.1497e-01 -4.2159e-01 -2.8741e-01 -4.0265e+00 +3.2919e-02 -1.6378e+00 -8.8601e-01 +4.4706e-04
28 0 +9.369630462e+00 +9.369630462e+00 +8.667963046e+01 +8.667963046e+01 +1.0092e-01 +2.1207e-01 +1.1015e-01 -4.7901e-01 -2.8041e-01 -2.1703e+00 +2.6541e-02 -1.5496e+00 -1.5975e-01 +6.3802e-03
34 0 +9.158150766e+00 +9.158150766e+00 +8.646815077e+01 +8.646815077e+01 +1.6160e-01 +6.4644e-02 +1.6019e-01 -2.8481e-01 -7.3717e-01 -2.4203e+00 +3.9950e-02 -1.3189e+00 -7.5817e-02 -2.4270e-02
38 0 +8.985347170e+00 +8.985347170e+00 +8.629534717e+01 +8.629534717e+01 +2.1222e-02 +2.5005e-01 +1.8294e-01 -7.3717e-01 -8.6768e-02 -2.5579e+00 +1.8322e-02 -1.0471e+00 +2.0927e-01 +8.2327e-03
49 0 +8.912144952e+00 +8.912144952e+00 +8.622214495e+01 +8.622214495e+01 +2.5591e-01 +1.4487e-01 +8.7796e-02 -3.8997e-01 -6.6863e-01 -2.1650e+00 +1.9738e-02 -2.0986e+00 -1.2992e-01 -1.7972e-02
50 0 +8.648467188e+00 +8.648467188e+00 +8.595846719e+01 +8.595846719e+01 +1.0350e-01 +2.6506e-01 +3.2192e-01 -8.8660e-01 -2.9979e-01 -2.3424e+00 +3.9367e-02 -1.9738e+00 +3.9914e-01 -1.4276e-02
57 0 +8.344756447e+00 +8.344756447e+00 +8.565475645e+01 +8.565475645e+01 +1.8593e-02 +2.3978e-01 +2.3117e-01 -8.9089e-01 -5.7421e-01 -2.9499e+00 +2.8653e-02 -1.9196e+00 +4.3327e-01 -3.1692e-02
59 0 +8.066770203e+00 +8.066770203e+00 +8.537677020e+01 +8.537677020e+01 +2.7929e-01 +1.4042e-01 +2.6330e-01 -6.7007e-01 -8.6947e-01 -2.5376e+00 +4.3399e-03 -1.9111e+00 +3.3371e-01 -3.6769e-02
70 0 +7.620694518e+00 +7.620694518e+00 +8.493069452e+01 +8.493069452e+01 +5.7928e-01 +3.1842e-01 +3.5763e-01 -7.1614e-01 -7.8953e-01 -2.2569e+00 +5.0003e-02 -1.3477e+00 +4.5633e-01 +1.2326e-02
76 0 +7.263736811e+00 +7.263736811e+00 +8.457373681e+01 +8.457373681e+01 +4.9752e-01 +2.3201e-01 +3.1574e-01 -9.6199e-01 -1.0896e+00 -2.5307e+00 +6.3183e-02 -1.5786e+00 +5.2005e-01 +1.8450e-03
84 0 +7.131810291e+00 +7.131810291e+00 +8.444181029e+01 +8.444181029e+01 +9.0402e-01 +2.6881e-01 +4.4666e-01 -1.1171e+00 -1.1181e+00 -2.4452e+00 +8.2237e-02 -1.8028e+00 +4.7067e-01 +1.8918e-02
105 0 +6.916374925e+00 +6.916374925e+00 +8.422637492e+01 +8.422637492e+01 +7.3723e-01 +1.7116e-01 +2.4000e-01 -1.0387e+00 -6.7155e-01 -2.5638e+00 +8.6880e-02 -1.5096e+00 +7.8364e-01 +1.1093e-02
126 0 +6.721121576e+00 +6.721121576e+00 +8.403112158e+01 +8.403112158e+01 +8.5709e-01 +1.3933e-01 +3.8707e-01 -1.3002e+00 -7.2071e-01 -2.4631e+00 +7.8033e-02 -1.5274e+00 +9.0671e-01 +2.6845e-02
130 0 +6.597595470e+00 +6.597595470e+00 +8.390759547e+01 +8.390759547e+01 +8.3736e-01 +1.8039e-01 +3.1680e-01 -1.5479e+00 -6.2425e-01 -2.8744e+00 +6.3623e-02 -7.8274e-01 +1.1095e+00 +4.1048e-02
139 0 +6.430824591e+00 +6.430824591e+00 +8.374082459e+01 +8.374082459e+01 +8.7345e-01 +1.7127e-01 +3.6273e-01 -1.7522e+00 -3.1650e-01 -2.9945e+00 +7.2403e-02 -8.2851e-01 +1.5226e+00 +3.9253e-02
144 0 +6.109650487e+00 +6.109650487e+00 +8.341965049e+01 +8.341965049e+01 +1.1598e+00 +1.0641e-01 +2.3592e-01 -1.5416e+00 -1.7472e-01 -2.7884e+00 +8.3488e-02 -9.7827e-01 +1.4011e+00 +8.4901e-02
227 0 +5.952536000e+00 +5.952536000e+00 +8.326253600e+01 +8.326253600e+01 +8.2959e-01 +6.7094e-02 -8.7977e-02 -1.7786e+00 -5.4543e-01 -3.0437e+00 +7.5969e-02 -1.0380e+00 +2.0055e+00 +1.1350e-01
233 0 +5.772022680e+00 +5.772022680e+00 +8.308202268e+01 +8.308202268e+01 +9.4303e-01 +8.3554e-02 -5.8047e-02 -2.0411e+00 -6.6050e-01 -2.2897e+00 +7.3350e-02 -9.0745e-01 +1.7261e+00 +1.1348e-01
247 0 +5.681109830e+00 +5.681109830e+00 +8.299110983e+01 +8.299110983e+01 +8.9415e-01 +5.0415e-02 -2.6856e-01 -2.0854e+00 -5.9779e-01 -2.3416e+00 +9.6670e-02 -9.0852e-01 +1.9517e+00 +1.0819e-01
272 0 +5.615158930e+00 +5.615158930e+00 +8.292515893e+01 +8.292515893e+01 +8.6153e-01 -1.6934e-02 -3.2114e-01 -2.1026e+00 -2.7645e-01 -2.3879e+00 +6.7703e-02 -9.4702e-01 +1.7367e+00 +1.1637e-01
283 0 +5.424149799e+00 +5.424149799e+00 +8.273414980e+01 +8.273414980e+01 +1.1930e+00 -3.9981e-02 -2.9687e-01 -2.0755e+00 -5.6831e-01 -2.8098e+00 +6.6819e-02 -8.3045e-01 +1.8605e+00 +1.2669e-01
295 0 +5.302968004e+00 +5.302968004e+00 +8.261296800e+01 +8.261296800e+01 +1.4005e+00 -6.4745e-02 -4.0573e-01 -1.7986e+00 -2.5219e-01 -3.0480e+00 +6.5861e-02 -6.7280e-01 +2.0584e+00 +1.4414e-01
304 0 +5.213988700e+00 +5.213988700e+00 +8.252398870e+01 +8.252398870e+01 +1.4649e+00 -8.8590e-03 -5.2817e-01 -1.8534e+00 -2.9063e-01 -3.1337e+00 +5.4631e-02 -4.1041e-01 +1.5158e+00 +1.4018e-01
351 0 +5.102921797e+00 +5.102921797e+00 +8.241292180e+01 +8.241292180e+01 +1.5431e+00 -5.2953e-02 -5.0283e-01 -2.0362e+00 -2.1475e-01 -2.8271e+00 +6.6300e-02 -3.8944e-01 +1.6760e+00 +1.3742e-01
522 0 +5.005652017e+00 +5.005652017e+00 +8.231565202e+01 +8.231565202e+01 +1.4141e+00 -1.6294e-01 -6.3334e-01 -2.1267e+00 -3.1699e-01 -2.8935e+00 +8.8529e-02 -3.5445e-01 +1.8895e+00 +1.4208e-01
738 0 +4.896081928e+00 +4.896081928e+00 +8.220608193e+01 +8.220608193e+01 +1.4420e+00 -1.2756e-01 -6.9253e-01 -2.2478e+00 -3.0375e-01 -2.8153e+00 +9.0766e-02 -4.3889e-01 +1.7960e+00 +1.6234e-01
870 0 +4.780287134e+00 +4.780287134e+00 +8.209028713e+01 +8.209028713e+01 +1.3659e+00 +2.7666e-02 -8.8512e-01 -2.1967e+00 -2.2143e-01 -2.4603e+00 +9.0322e-02 -1.0463e+00 +1.9384e+00 +2.4447e-01
% f evaluations | g evaluations | best noise-free fitness - Fopt | noise-free fitness - Fopt (3.992000000000e+01) | measured fitness | best measured fitness | x1 | x2...
1 0 +3.181434307e+01 +3.181434307e+01 +7.173434307e+01 +7.173434307e+01 +0.0000e+00 +0.0000e+00 +0.0000e+00 +0.0000e+00 +0.0000e+00 +0.0000e+00 +0.0000e+00 +0.0000e+00 +0.0000e+00 +0.0000e+00
2 0 +1.734817655e+01 +1.734817655e+01 +5.726817655e+01 +5.726817655e+01 -6.1594e-01 +5.4778e-01 +5.7111e+00 -7.6003e-01 +2.3257e-01 +1.4972e+00 -4.2735e-01 -3.1270e-01 -1.2208e-01 +1.1639e-01
12 0 +1.606589940e+01 +1.606589940e+01 +5.598589940e+01 +5.598589940e+01 +1.4682e-02 -8.0672e-02 +2.3833e+00 -1.5117e-01 -6.6065e-01 +2.0960e+00 -3.0490e-01 +6.8644e-03 -7.6582e-02 +4.0871e-01
15 0 +1.360407992e+01 +1.360407992e+01 +5.352407992e+01 +5.352407992e+01 -1.2054e+00 -8.1109e-02 +3.9303e+00 -8.1935e-01 -1.4361e+00 +1.1218e+00 +3.1211e-01 -5.5290e-01 -3.6994e-01 -3.4410e-01
19 0 +1.310028521e+01 +1.310028521e+01 +5.302028521e+01 +5.302028521e+01 +2.3433e+00 -4.4315e-01 +2.4319e+00 -6.5960e-01 -1.4224e+00 -9.1645e-01 -4.0207e-01 -7.5004e-01 +1.8996e-01 +1.6355e+00
24 0 +1.019371814e+01 +1.019371814e+01 +5.011371814e+01 +5.011371814e+01 +1.5830e+00 -2.9560e-01 +3.4985e+00 -1.5485e+00 -1.0253e+00 +1.3036e+00 +4.8871e-01 -4.5164e-01 -1.2535e-01 +3.0901e-01
37 0 +9.458980648e+00 +9.458980648e+00 +4.937898065e+01 +4.937898065e+01 +1.7598e+00 -1.8803e+00 +4.4912e+00 -1.1751e+00 -1.2965e+00 +1.5572e+00 +8.2913e-01 -2.6906e-01 -4.1633e-01 +6.5988e-01
39 0 +8.202252068e+00 +8.202252068e+00 +4.812225207e+01 +4.812225207e+01 +1.2318e+00 -9.5092e-01 +3.7141e+00 -1.1365e+00 -1.4253e+00 +9.7871e-01 +1.0313e+00 -1.2129e-01 -3.6243e-01 +8.3318e-01
103 0 +7.645082579e+00 +7.645082579e+00 +4.756508258e+01 +4.756508258e+01 +5.3499e-01 -1.3291e+00 +3.8174e+00 -1.0040e+00 -1.9493e+00 +1.9867e+00 +2.0797e-01 +3.4629e-01 -4.7492e-01 +2.2448e+00
139 0 +7.570262050e+00 +7.570262050e+00 +4.749026205e+01 +4.749026205e+01 +7.7125e-01 -1.9741e+00 +3.7172e+00 -8.5150e-01 -1.7184e+00 +1.1037e+00 +4.0023e-01 -2.2326e-01 -4.3634e-01 +1.9065e+00
142 0 +7.293602197e+00 +7.293602197e+00 +4.721360220e+01 +4.721360220e+01 +9.2228e-01 -1.0235e+00 +4.1958e+00 -6.0229e-01 -1.8054e+00 +5.1889e-01 +4.2591e-01 -3.1142e-01 -5.4102e-01 +2.1227e+00
162 0 +7.124465343e+00 +7.124465343e+00 +4.704446534e+01 +4.704446534e+01 +8.3890e-01 -1.4828e+00 +4.3994e+00 -8.0662e-01 -1.5944e+00 +3.9987e-01 +5.2838e-01 -2.1354e-01 -5.6844e-01 +2.4882e+00
172 0 +6.792646007e+00 +6.792646007e+00 +4.671264601e+01 +4.671264601e+01 +1.2024e+00 -1.1818e+00 +4.5753e+00 -9.4455e-01 -1.7539e+00 +1.7214e-01 +6.1004e-01 -2.2893e-01 -5.3284e-01 +2.5841e+00
184 0 +6.709636366e+00 +6.709636366e+00 +4.662963637e+01 +4.662963637e+01 +1.2961e+00 -1.0705e+00 +4.4903e+00 -8.7944e-01 -1.8578e+00 +1.3542e-01 +6.3805e-01 -3.4184e-01 -5.3359e-01 +2.6766e+00
197 0 +6.529433729e+00 +6.529433729e+00 +4.644943373e+01 +4.644943373e+01 +1.4113e+00 -9.4138e-01 +4.5019e+00 -8.4731e-01 -1.8080e+00 +3.1246e-01 +7.1691e-01 -3.7213e-01 -5.2465e-01 +2.7943e+00
214 0 +6.120360816e+00 +6.120360816e+00 +4.604036082e+01 +4.604036082e+01 +7.7337e-01 -1.1296e+00 +4.2235e+00 -1.0853e+00 -2.1171e+00 +4.0093e-01 +6.7416e-01 -3.5144e-01 -4.2471e-01 +2.9734e+00
222 0 +5.985671540e+00 +5.985671540e+00 +4.590567154e+01 +4.590567154e+01 +8.4012e-01 -1.0609e+00 +4.0594e+00 -1.1452e+00 -2.2001e+00 +1.1822e+00 +6.9280e-01 -7.8013e-02 -3.5987e-01 +2.9548e+00
229 0 +5.804220820e+00 +5.804220820e+00 +4.572422082e+01 +4.572422082e+01 +8.8927e-01 -8.7385e-01 +3.6396e+00 -1.2223e+00 -1.9815e+00 +3.8585e-01 +6.7287e-01 -2.2371e-01 -3.9561e-01 +3.0087e+00
232 0 +5.695397604e+00 +5.695397604e+00 +4.561539760e+01 +4.561539760e+01 +7.9521e-01 -9.3247e-01 +3.7937e+00 -1.2191e+00 -2.3951e+00 +2.0027e-01 +1.0451e+00 -2.8663e-01 -3.8015e-01 +2.7404e+00
246 0 +5.553230525e+00 +5.553230525e+00 +4.547323052e+01 +4.547323052e+01 +1.1490e+00 -1.2205e+00 +3.6731e+00 -1.3149e+00 -2.3250e+00 +1.1297e+00 +9.1754e-01 -3.9500e-01 -4.2604e-01 +2.5670e+00
267 0 +5.306971298e+00 +5.306971298e+00 +4.522697130e+01 +4.522697130e+01 +2.3072e+00 -4.7698e-01 +2.9717e+00 -1.3281e+00 -2.4208e+00 +1.3008e+00 +1.0455e+00 -2.8054e-01 -4.1759e-01 +2.7908e+00
482 0 +5.016696842e+00 +5.016696842e+00 +4.493669684e+01 +4.493669684e+01 +1.3017e+00 -1.5823e+00 +3.2213e+00 -1.5735e+00 -2.2514e+00 +1.6724e+00 +5.1880e-01 -1.1741e+00 +4.1745e-01 +3.8321e+00
497 0 +4.353184125e+00 +4.353184125e+00 +4.427318412e+01 +4.427318412e+01 +1.4420e+00 -1.2579e+00 +2.9710e+00 -1.5188e+00 -1.8773e+00 +1.0283e+00 +8.2535e-01 -1.4184e+00 +6.6269e-01 +4.1420e+00
518 0 +4.179259039e+00 +4.179259039e+00 +4.409925904e+01 +4.409925904e+01 +1.1652e+00 -1.0292e+00 +2.1807e+00 -1.8483e+00 -1.5508e+00 +1.0828e+00 +1.0927e+00 -1.4464e+00 +8.1440e-01 +3.8342e+00
521 0 +4.041121298e+00 +4.041121298e+00 +4.396112130e+01 +4.396112130e+01 +2.1593e+00 -7.5747e-01 +3.3125e+00 -1.7464e+00 -2.0392e+00 +5.9439e-01 +8.1533e-01 -1.1893e+00 +7.1142e-01 +3.3476e+00
530 0 +3.764002269e+00 +3.764002269e+00 +4.368400227e+01 +4.368400227e+01 +2.8268e+00 -8.6821e-01 +3.9183e+00 -1.9140e+00 -1.6112e+00 +2.8226e+00 +1.4485e+00 -1.5138e+00 +8.9963e-01 +2.7457e+00
559 0 +3.565124244e+00 +3.565124244e+00 +4.348512424e+01 +4.348512424e+01 +3.3383e+00 -4.6512e-01 +2.8440e+00 -2.3800e+00 -1.4982e+00 +7.4860e-01 +1.0559e+00 -1.1629e+00 +9.2248e-01 +4.1258e+00
636 0 +2.677933191e+00 +2.677933191e+00 +4.259793319e+01 +4.259793319e+01 +4.6037e+00 -1.4969e+00 +3.2929e+00 -1.6309e+00 -7.8122e-01 +1.4022e+00 +1.3058e+00 -4.5663e-01 +1.9625e+00 +2.9719e+00
652 0 +2.504356243e+00 +2.504356243e+00 +4.242435624e+01 +4.242435624e+01 +3.4216e+00 -1.4099e+00 +3.1388e+00 -2.0135e+00 -1.2684e+00 +9.9547e-01 +1.0208e+00 -9.8854e-01 +1.6844e+00 +3.8921e+00
654 0 +1.895339769e+00 +1.895339769e+00 +4.181533977e+01 +4.181533977e+01 +3.2275e+00 -1.3861e+00 +2.8979e+00 -2.1298e+00 -1.3719e+00 +1.6870e+00 +1.2009e+00 -7.5218e-01 +1.6681e+00 +3.2521e+00
% f evaluations | g evaluations | best noise-free fitness - Fopt | noise-free fitness - Fopt (-5.661000000000e+01) | measured fitness | best measured fitness | x1 | x2...
1 0 +6.971858804e+01 +6.971858804e+01 +1.310858804e+01 +1.310858804e+01 +0.0000e+00 +0.0000e+00 +0.0000e+00 +0.0000e+00 +0.0000e+00 +0.0000e+00 +0.0000e+00 +0.0000e+00 +0.0000e+00 +0.0000e+00
4 0 +6.802112802e+01 +6.802112802e+01 +1.141112802e+01 +1.141112802e+01 +2.8325e-01 -1.6036e+00 +7.0138e-01 +1.7816e-01 -9.8341e-01 +2.4784e-02 -4.6259e-01 -7.6477e-01 +2.4321e+00 +1.1305e+00
7 0 +4.618032561e+01 +4.618032561e+01 -1.042967439e+01 -1.042967439e+01 -2.6229e-01 +3.1672e-01 -6.4366e-02 -2.0011e+00 -9.4339e-01 -8.0906e-02 -9.4573e-02 -3.7640e-01 -1.3458e+00 -3.6849e-02
12 0 +4.051699911e+01 +4.051699911e+01 -1.609300089e+01 -1.609300089e+01 -3.4183e-01 -1.4745e+00 +1.5469e+00 +1.0530e+00 -6.2677e-01 -3.7733e-01 +3.3872e-01 -1.3906e+00 -2.4546e+00 +3.6695e+00
35 0 +2.522860991e+01 +2.522860991e+01 -3.138139009e+01 -3.138139009e+01 -3.7067e-01 -7.2630e-01 +5.0258e+00 +2.3545e-01 -2.1854e+00 -1.8639e-03 +9.2860e-01 -1.9676e+00 -4.3560e+00 -5.6460e-01
82 0 +2.081724427e+01 +2.081724427e+01 -3.579275573e+01 -3.579275573e+01 +1.4580e+00 +1.7726e+00 +1.2270e+00 +2.3903e+00 -1.6223e+00 +3.0580e-01 +1.1473e+00 -1.2013e+00 -6.9316e+00 -6.8125e-01
88 0 +1.291106017e+01 +1.291106017e+01 -4.369893983e+01 -4.369893983e+01 +1.3213e+00 +1.8787e+00 +2.8950e+00 +3.3787e-01 -1.2255e+00 +3.7881e-01 +1.7748e+00 -1.5792e+00 -7.2553e+00 -5.2528e-01
99 0 +1.279180487e+01 +1.279180487e+01 -4.381819513e+01 -4.381819513e+01 +1.5703e+00 +1.3747e+00 +2.4590e+00 -3.5487e-01 -1.3492e+00 +7.9192e-01 +1.3559e+00 -1.3629e+00 -7.3334e+00 +2.8192e-01
106 0 +1.245730589e+01 +1.245730589e+01 -4.415269411e+01 -4.415269411e+01 +1.6878e+00 +1.8299e+00 +3.0617e+00 +3.1721e-01 -1.1933e+00 +6.7717e-01 +1.5440e+00 -1.6409e+00 -6.3826e+00 +1.0531e+00
124 0 +1.050493732e+01 +1.050493732e+01 -4.610506268e+01 -4.610506268e+01 +1.5561e+00 +2.2845e+00 +3.3030e+00 +6.6749e-01 -1.2900e+00 +1.1949e+00 +1.9233e+00 -1.4172e+00 -5.4705e+00 +4.1405e-01
135 0 +7.286842670e+00 +7.286842670e+00 -4.932315733e+01 -4.932315733e+01 +1.5779e+00 +3.1602e+00 +3.3078e+00 -8.1954e-01 -1.7635e+00 +1.4981e+00 +2.2500e+00 -1.4072e+00 -5.7110e+00 +1.2809e-01
142 0 +4.308569586e+00 +4.308569586e+00 -5.230143041e+01 -5.230143041e+01 +1.6821e+00 +2.8461e+00 +3.0203e+00 -1.2566e+00 -2.0557e+00 +1.5777e+00 +2.4985e+00 -1.4737e+00 -4.7345e+00 -8.3891e-01
152 0 +3.160974038e+00 +3.160974038e+00 -5.344902596e+01 -5.344902596e+01 +1.7220e+00 +2.7054e+00 +3.8403e+00 -2.4717e+00 -2.7479e+00 +1.4103e+00 +2.1533e+00 -1.6300e+00 -4.6254e+00 -6.3118e-02
386 0 +2.922692368e+00 +2.922692368e+00 -5.368730763e+01 -5.368730763e+01 +1.0979e+00 +2.3675e+00 +2.9061e+00 -2.5966e+00 -4.0202e+00 +4.8542e-01 +2.5412e+00 -2.7962e+00 -2.7640e+00 -2.9081e-01
394 0 +1.880388224e+00 +1.880388224e+00 -5.472961178e+01 -5.472961178e+01 +1.2038e+00 +3.3229e+00 +2.9144e+00 -3.1999e+00 -3.4489e+00 +7.0296e-01 +2.6197e+00 -3.1260e+00 -3.7915e+00 -1.6165e+00
424 0 +1.616498882e+00 +1.616498882e+00 -5.499350112e+01 -5.499350112e+01 +1.3334e+00 +3.7834e+00 +2.9749e+00 -4.4289e+00 -3.1208e+00 +1.1300e+00 +2.3317e+00 -2.5923e+00 -3.3534e+00 -9.4119e-01
537 0 +1.537228534e+00 +1.537228534e+00 -5.507277147e+01 -5.507277147e+01 +1.6979e+00 +2.6591e+00 +2.1517e+00 -3.8141e+00 -2.4208e+00 +1.4514e+00 +2.3762e+00 -2.7054e+00 -2.6804e+00 -1.0546e+00
544 0 +1.346654609e+00 +1.346654609e+00 -5.526334539e+01 -5.526334539e+01 +1.8911e+00 +2.2038e+00 +3.2107e+00 -2.1595e+00 -2.3459e+00 +1.7976e+00 +2.3494e+00 -2.8908e+00 -3.5489e+00 -2.1750e-01
574 0 +1.016038514e+00 +1.016038514e+00 -5.559396149e+01 -5.559396149e+01 +2.1735e+00 +2.4151e+00 +2.8954e+00 -3.9197e+00 -3.3776e+00 +2.4851e+00 +2.1254e+00 -3.6403e+00 -3.2890e+00 -7.4415e-01
582 0 +5.448048143e-01 +5.448048143e-01 -5.606519519e+01 -5.606519519e+01 +1.8966e+00 +2.6751e+00 +3.1189e+00 -3.2068e+00 -3.0436e+00 +2.3091e+00 +2.1617e+00 -3.7183e+00 -4.0530e+00 -6.5151e-01
% f evaluations | g evaluations | best noise-free fitness - Fopt | noise-free fitness - Fopt (3.270000000000e+01) | measured fitness | best measured fitness | x1 | x2...
1 0 +4.459868798e+01 +4.459868798e+01 +7.729868798e+01 +7.729868798e+01 +0.0000e+00 +0.0000e+00 +0.0000e+00 +0.0000e+00 +0.0000e+00 +0.0000e+00 +0.0000e+00 +0.0000e+00 +0.0000e+00 +0.0000e+00
2 0 +4.276462239e+01 +4.276462239e+01 +7.546462239e+01 +7.546462239e+01 -1.9091e-02 -8.8767e-01 +1.3311e+00 -6.4796e-02 -6.5943e-01 +2.7439e-02 +2.4492e-01 +2.4488e-01 -4.9828e-03 -8.1564e-01
5 0 +2.401427040e+01 +2.401427040e+01 +5.671427040e+01 +5.671427040e+01 -1.7584e+00 +1.2399e-01 -2.2979e-01 +3.8627e-02 +2.2085e-02 -5.1529e-01 -6.1754e-01 -8.0564e-02 -2.4075e-02 +6.0022e-01
11 0 +1.807783858e+01 +1.807783858e+01 +5.077783858e+01 +5.077783858e+01 -1.3315e+00 -8.4013e-02 +1.4166e+00 -8.3003e-03 +8.7858e-01 -5.3957e-02 -4.6502e-01 +3.2669e-01 -5.7375e-03 +2.1707e-01
18 0 +1.701966568e+01 +1.701966568e+01 +4.971966568e+01 +4.971966568e+01 -2.1667e+00 +2.6864e-02 +4.0260e-01 +4.0263e-03 +6.5672e-01 -2.3275e-01 -1.6021e+00 -8.8162e-02 -1.8590e-02 +4.5562e-01
22 0 +1.546189169e+01 +1.546189169e+01 +4.816189169e+01 +4.816189169e+01 -3.4884e+00 -1.2732e+00 -1.2920e-01 +7.1573e-02 +1.1601e+00 -8.6883e-01 -8.8600e-01 -2.3368e-01 -2.9040e-02 +7.0599e-01
34 0 +1.466895007e+01 +1.466895007e+01 +4.736895007e+01 +4.736895007e+01 -2.4789e+00 -5.1951e-01 +3.2160e+00 +3.8186e-02 +2.3019e+00 -1.8974e+00 -3.4588e+00 -3.2790e-01 -6.6224e-02 +1.7492e+00
51 0 +1.274871170e+01 +1.274871170e+01 +4.544871170e+01 +4.544871170e+01 -3.6397e+00 -3.2825e-01 +2.9012e+00 +6.7456e-02 +1.4766e+00 -3.0294e+00 -2.0458e+00 -6.0315e-01 -7.1224e-02 +1.9231e+00
66 0 +1.077695628e+01 +1.077695628e+01 +4.347695628e+01 +4.347695628e+01 -1.6068e+00 -4.8999e-01 +1.6489e+00 +3.5530e-02 +1.2443e+00 -3.3098e+00 -2.5303e+00 -7.2013e-01 -2.2943e-02 +4.3050e+00
69 0 +1.008951260e+01 +1.008951260e+01 +4.278951260e+01 +4.278951260e+01 -3.2325e+00 -8.5947e-01 +1.3139e+00 +1.2302e-01 +1.9840e+00 -2.9002e+00 -2.0876e+00 -4.8896e-01 -6.4182e-02 +4.1419e+00
132 0 +9.834000172e+00 +9.834000172e+00 +4.253400017e+01 +4.253400017e+01 -4.4897e+00 +8.1481e-01 +7.8556e-03 -1.9838e-01 +1.1508e+00 -3.7024e+00 +3.9155e-01 -2.5685e-01 +2.0749e-02 +2.0722e+00
135 0 +9.698948750e+00 +9.698948750e+00 +4.239894875e+01 +4.239894875e+01 -5.3859e+00 +1.0916e+00 +2.5189e+00 -2.4356e-01 +1.1527e+00 -2.0991e+00 +8.4564e-01 -1.3997e-01 -2.7877e-02 +4.0242e+00
166 0 +9.418852617e+00 +9.418852617e+00 +4.211885262e+01 +4.211885262e+01 -4.0609e+00 -1.7192e-01 +1.4508e+00 -1.1130e-01 +6.5793e-02 -4.0450e+00 +9.4354e-01 -4.7604e-01 -2.6970e-02 +3.1128e+00
177 0 +9.325654705e+00 +9.325654705e+00 +4.202565471e+01 +4.202565471e+01 -3.5060e+00 -1.8362e-01 +2.1602e-01 +4.3517e-02 +7.4562e-01 -3.8824e+00 -2.1029e+00 -6.7000e-01 -5.2324e-02 +3.9211e+00
181 0 +8.005251360e+00 +8.005251360e+00 +4.070525136e+01 +4.070525136e+01 -3.6938e+00 -1.0434e-01 +5.8781e-01 -3.2717e-02 -8.2370e-02 -3.9242e+00 -7.2255e-01 -4.6627e-01 -1.5393e-02 +3.0018e+00
285 0 +7.741794931e+00 +7.741794931e+00 +4.044179493e+01 +4.044179493e+01 -3.0064e+00 -1.1864e-01 +8.0775e-01 -8.5258e-03 -1.5895e-02 -4.2294e+00 -1.0832e+00 -4.0689e-01 -3.2354e-04 +3.5776e+00
% f evaluations | g evaluations | best noise-free fitness - Fopt | noise-free fitness - Fopt (-3.943000000000e+01) | measured fitness | best measured fitness | x1 | x2...
1 0 +1.724337959e+01 +1.724337959e+01 -2.218662041e+01 -2.218662041e+01 +0.0000e+00 +0.0000e+00 +0.0000e+00 +0.0000e+00 +0.0000e+00 +0.0000e+00 +0.0000e+00 +0.0000e+00 +0.0000e+00 +0.0000e+00
2 0 +1.710766765e+01 +1.710766765e+01 -2.232233235e+01 -2.232233235e+01 +7.5098e-02 +4.4161e-01 -2.0294e-01 +2.4552e-01 +1.7891e-01 +8.2414e-02 +3.3298e-01 -1.2739e-01 +3.2521e-01 +1.5497e-01
4 0 +1.482439650e+01 +1.482439650e+01 -2.460560350e+01 -2.460560350e+01 -4.0453e-01 +7.7750e-01 +2.7499e-01 +3.5726e-01 -1.2899e-01 +1.7907e-01 -6.2102e-02 +2.3885e-01 +4.2821e-02 +2.1728e-01
5 0 +1.439725095e+01 +1.439725095e+01 -2.503274905e+01 -2.503274905e+01 -2.5377e-01 +1.1546e+00 +1.3040e-01 +1.2228e-01 -4.9695e-01 -5.6728e-02 +2.8957e-01 +4.8199e-02 +1.9007e-02 -2.4333e-01
6 0 +1.317134709e+01 +1.317134709e+01 -2.625865291e+01 -2.625865291e+01 -4.8728e-03 +8.5093e-01 +1.1105e-01 +1.0832e+00 +2.9502e-01 -2.6968e-01 +8.1527e-01 -7.6577e-02 -1.1502e-01 -4.2355e-02
20 0 +1.155433268e+01 +1.155433268e+01 -2.787566732e+01 -2.787566732e+01 -1.9367e-01 +1.7686e+00 +2.1389e-01 +3.1118e-01 -2.0149e-01 +1.1063e-01 +3.7990e-02 -6.2244e-04 +4.8253e-02 -5.7708e-01
26 0 +1.124998613e+01 +1.124998613e+01 -2.818001387e+01 -2.818001387e+01 +7.0758e-02 +1.8675e+00 -9.8705e-02 +2.5572e-01 +8.0403e-02 +1.6715e-01 -4.8638e-01 -1.4945e-01 +9.5655e-02 -3.5082e-01
27 0 +1.073839590e+01 +1.073839590e+01 -2.869160410e+01 -2.869160410e+01 -3.3275e-01 +1.9673e+00 +2.5640e-01 +4.6368e-01 +4.7626e-02 -2.8682e-01 -1.0913e-01 -1.5485e-01 +9.0839e-02 -9.1506e-01
28 0 +1.060127301e+01 +1.060127301e+01 -2.882872699e+01 -2.882872699e+01 -3.6913e-01 +3.7864e+00 +4.1770e-01 +3.5883e-01 -3.7698e-01 -1.2176e-01 +7.2985e-01 +1.8008e-01 -1.1323e-02 -5.2250e-01
29 0 +9.984651598e+00 +9.984651598e+00 -2.944534840e+01 -2.944534840e+01 -2.8353e-01 +2.6404e+00 +2.5279e-01 +3.7219e-01 -1.4469e-01 +6.7738e-02 -2.8725e-01 -1.8520e-02 +1.2386e-01 -2.6232e-01
39 0 +9.069761543e+00 +9.069761543e+00 -3.036023846e+01 -3.036023846e+01 -1.8497e-01 +3.6473e+00 +6.2527e-01 +6.9657e-01 +4.3076e-02 -1.4770e-01 +1.2135e-01 +9.3981e-02 -1.9598e-01 +2.4372e-01
45 0 +6.669162902e+00 +6.669162902e+00 -3.276083710e+01 -3.276083710e+01 +6.3645e-01 +3.0086e+00 +1.0089e+00 +1.5854e+00 -7.1835e-01 -2.4665e-01 -1.4324e+00 +5.1571e-01 -7.1206e-01 -3.2629e-01
56 0 +6.161568717e+00 +6.161568717e+00 -3.326843128e+01 -3.326843128e+01 +2.5435e+00 +2.9106e+00 +1.4711e+00 +1.7312e+00 +6.2958e-01 +3.4618e-01 -8.2089e-01 +2.4385e-01 +5.3123e-01 +1.0777e+00
% f evaluations | g evaluations | best noise-free fitness - Fopt | noise-free fitness - Fopt (4.197200000000e+02) | measured fitness | best measured fitness | x1 | x2...
1 0 +2.853150653e+01 +2.853150653e+01 +4.482515065e+02 +4.482515065e+02 +0.0000e+00 +0.0000e+00 +0.0000e+00 +0.0000e+00 +0.0000e+00 +0.0000e+00 +0.0000e+00 +0.0000e+00 +0.0000e+00 +0.0000e+00
2 0 +1.355517229e+01 +1.355517229e+01 +4.332751723e+02 +4.332751723e+02 +8.5887e-01 +2.4909e+00 -3.2735e-01 +6.1362e-01 -2.6275e-01 -4.6651e-01 +9.3665e-02 +1.7858e-01 -2.2025e-01 -3.9015e-03
15 0 +1.260618419e+01 +1.260618419e+01 +4.323261842e+02 +4.323261842e+02 +4.1784e-01 +1.4891e+00 -2.4224e-01 +1.0675e+00 -7.6085e-02 -1.5515e+00 +3.6271e-01 +7.9760e-01 -4.0506e-01 +3.5808e-02
24 0 +1.096725366e+01 +1.096725366e+01 +4.306872537e+02 +4.306872537e+02 +5.8443e-01 +1.6416e+00 +1.7580e-01 +2.6389e+00 +6.6970e-01 -1.5062e+00 +2.0307e-01 +4.3495e-01 +4.5333e-01 -1.3155e-01
32 0 +9.287914306e+00 +9.287914306e+00 +4.290079143e+02 +4.290079143e+02 +6.6986e-01 +2.6134e+00 +6.8449e-02 +2.3878e+00 +9.1678e-01 -1.7295e+00 +1.8920e-01 +1.9300e-01 +2.6954e-01 -6.1293e-02
44 0 +9.029029480e+00 +9.029029480e+00 +4.287490295e+02 +4.287490295e+02 +3.7163e-01 +2.2607e+00 +7.2973e-02 +3.1058e+00 +1.1181e+00 -1.2566e+00 -2.8366e-03 +1.2263e+00 +6.1653e-01 +9.2528e-02
278 0 +8.255860280e+00 +8.255860280e+00 +4.279758603e+02 +4.279758603e+02 +5.3092e-01 +3.1497e+00 -5.4747e-01 +2.4004e+00 +4.4008e+00 -1.8551e+00 -1.6825e+00 +6.9519e-01 -2.8179e+00 +2.3424e-01
284 0 +7.756231295e+00 +7.756231295e+00 +4.274762313e+02 +4.274762313e+02 +4.0024e-01 +2.8463e+00 -2.7869e-01 +1.8001e+00 +3.8314e+00 -1.6108e+00 -1.5343e+00 -3.9102e-01 -3.3441e+00 +3.6466e-01
292 0 +6.937396305e+00 +6.937396305e+00 +4.266573963e+02 +4.266573963e+02 +5.2730e-01 +3.2081e+00 -2.9919e-01 +2.5613e+00 +4.5913e+00 -1.4430e+00 -1.4454e+00 -4.8822e-01 -2.8714e+00 +4.2262e-01
298 0 +6.839563797e+00 +6.839563797e+00 +4.265595638e+02 +4.265595638e+02 +3.7959e-01 +2.7758e+00 -3.4249e-01 +2.3562e+00 +3.8416e+00 -1.7781e+00 -1.6788e+00 -5.9198e-01 -3.2135e+00 +4.0269e-01
329 0 +6.459910924e+00 +6.459910924e+00 +4.261799109e+02 +4.261799109e+02 +5.9205e-01 +3.0418e+00 -7.5133e-01 +2.8332e+00 +3.3957e+00 -2.3178e+00 -1.6328e+00 -4.7568e-01 -2.7619e+00 +4.2197e-01
359 0 +6.422182735e+00 +6.422182735e+00 +4.261421827e+02 +4.261421827e+02 +5.1037e-01 +2.7824e+00 -5.6346e-01 +2.7656e+00 +3.8614e+00 -2.6530e+00 -1.5145e+00 -2.6441e-01 -2.6933e+00 +5.9015e-01
378 0 +6.091622065e+00 +6.091622065e+00 +4.258116221e+02 +4.258116221e+02 +5.7998e-01 +3.1705e+00 -6.4987e-01 +2.4903e+00 +3.5700e+00 -2.1651e+00 -1.5133e+00 -6.9793e-01 -2.6711e+00 +5.7426e-01
385 0 +5.898993083e+00 +5.898993083e+00 +4.256189931e+02 +4.256189931e+02 +6.2269e-01 +2.8084e+00 -7.1329e-01 +3.2185e+00 +3.2807e+00 -2.1168e+00 -1.3459e+00 -6.1409e-01 -2.6897e+00 +6.1271e-01
420 0 +5.824339983e+00 +5.824339983e+00 +4.255443400e+02 +4.255443400e+02 +2.5251e-01 +2.2446e+00 -1.1920e+00 +2.8936e+00 +3.5440e+00 -2.5258e+00 -1.2637e+00 -4.5595e-01 -2.5603e+00 +4.8164e-01
427 0 +5.642745152e+00 +5.642745152e+00 +4.253627452e+02 +4.253627452e+02 +1.8668e-01 +2.0510e+00 -1.1272e+00 +2.8184e+00 +3.6499e+00 -2.3309e+00 -1.4254e+00 -5.4270e-01 -2.3016e+00 +5.5085e-01
429 0 +5.142038403e+00 +5.142038403e+00 +4.248620384e+02 +4.248620384e+02 -2.2011e-01 +3.3057e+00 -1.0822e+00 +3.0284e+00 +3.4541e+00 -2.0131e+00 -1.3584e+00 -3.0794e-01 -2.2770e+00 +4.9454e-01
434 0 +5.124193455e+00 +5.124193455e+00 +4.248441935e+02 +4.248441935e+02 -5.7871e-01 +2.1794e+00 -9.4286e-01 +3.1279e+00 +3.2850e+00 -2.0446e+00 -1.4031e+00 -4.7223e-01 -2.1435e+00 +5.4050e-01
444 0 +4.953284328e+00 +4.953284328e+00 +4.246732843e+02 +4.246732843e+02 -4.9894e-01 +2.9291e+00 -9.7154e-01 +3.1806e+00 +3.1645e+00 -2.1322e+00 -1.4400e+00 -2.6358e-01 -2.2333e+00 +4.7724e-01
445 0 +4.765069419e+00 +4.765069419e+00 +4.244850694e+02 +4.244850694e+02 -6.5594e-01 +3.1154e+00 -1.0756e+00 +3.0599e+00 +3.5599e+00 -1.9790e+00 -1.3889e+00 -2.8168e-01 -2.0891e+00 +5.3572e-01
483 0 +4.636147141e+00 +4.636147141e+00 +4.243561471e+02 +4.243561471e+02 -9.6415e-01 +3.1681e+00 -9.3379e-01 +3.2527e+00 +3.0884e+00 -2.1650e+00 -1.3934e+00 -2.5307e-01 -1.9799e+00 +4.9360e-01
506 0 +4.547888307e+00 +4.547888307e+00 +4.242678883e+02 +4.242678883e+02 -1.1331e+00 +3.0572e+00 -1.0560e+00 +3.1364e+00 +2.9817e+00 -2.1045e+00 -1.3853e+00 -2.8419e-01 -2.0429e+00 +5.1877e-01
531 0 +4.400467657e+00 +4.400467657e+00 +4.241204677e+02 +4.241204677e+02 -1.1295e+00 +3.0827e+00 -1.0081e+00 +3.2660e+00 +3.1333e+00 -2.1892e+00 -1.4004e+00 -4.9441e-01 -1.7604e+00 +5.4217e-01
561 0 +4.291075361e+00 +4.291075361e+00 +4.240110754e+02 +4.240110754e+02 -1.2148e+00 +2.9499e+00 -1.1632e+00 +3.1339e+00 +3.3205e+00 -2.5603e+00 -1.4008e+00 -5.6583e-01 -2.1043e+00 +5.7676e-01
566 0 +4.240589078e+00 +4.240589078e+00 +4.239605891e+02 +4.239605891e+02 -1.2887e+00 +3.0208e+00 -1.1533e+00 +3.1952e+00 +3.2908e+00 -2.4742e+00 -1.4068e+00 -5.4965e-01 -1.8667e+00 +5.7176e-01
595 0 +4.159769597e+00 +4.159769597e+00 +4.238797696e+02 +4.238797696e+02 -1.3184e+00 +3.0672e+00 -1.2453e+00 +3.2439e+00 +3.1741e+00 -2.3823e+00 -1.4736e+00 -3.7951e-01 -1.7612e+00 +5.9164e-01
644 0 +4.046241233e+00 +4.046241233e+00 +4.237662412e+02 +4.237662412e+02 -1.5612e+00 +3.0116e+00 -1.3119e+00 +3.2356e+00 +3.1049e+00 -2.6686e+00 -1.3878e+00 -4.5158e-01 -1.6935e+00 +5.9591e-01
657 0 +3.955042422e+00 +3.955042422e+00 +4.236750424e+02 +4.236750424e+02 -1.6601e+00 +2.8636e+00 -1.3431e+00 +3.2929e+00 +3.0437e+00 -2.4586e+00 -1.3573e+00 -5.0618e-01 -1.6143e+00 +6.4117e-01
702 0 +3.866760996e+00 +3.866760996e+00 +4.235867610e+02 +4.235867610e+02 -1.7383e+00 +3.0569e+00 -1.2821e+00 +3.3680e+00 +2.8921e+00 -2.7018e+00 -1.3616e+00 -2.3305e-01 -1.6671e+00 +6.9252e-01
746 0 +3.764275685e+00 +3.764275685e+00 +4.234842757e+02 +4.234842757e+02 -1.9892e+00 +2.7537e+00 -1.3702e+00 +3.4559e+00 +2.9093e+00 -2.8512e+00 -1.3208e+00 -5.0279e-01 -1.7666e+00 +7.2569e-01
789 0 +3.696667748e+00 +3.696667748e+00 +4.234166677e+02 +4.234166677e+02 -1.7624e+00 +2.7376e+00 -1.3469e+00 +3.2551e+00 +3.1744e+00 -2.7396e+00 -1.3092e+00 -5.4853e-01 -1.7794e+00 +7.6168e-01
823 0 +3.610775547e+00 +3.610775547e+00 +4.233307755e+02 +4.233307755e+02 -1.8189e+00 +2.7324e+00 -1.4488e+00 +3.0245e+00 +3.2316e+00 -2.8329e+00 -1.3938e+00 -3.2570e-01 -1.5054e+00 +7.9811e-01
883 0 +3.546252979e+00 +3.546252979e+00 +4.232662530e+02 +4.232662530e+02 -1.7614e+00 +2.8712e+00 -1.5048e+00 +3.2069e+00 +3.1217e+00 -2.7783e+00 -1.4183e+00 -3.5511e-01 -1.7204e+00 +8.3834e-01
938 0 +3.458204124e+00 +3.458204124e+00 +4.231782041e+02 +4.231782041e+02 -1.8781e+00 +2.8092e+00 -1.8063e+00 +3.3915e+00 +2.7993e+00 -2.8321e+00 -1.3107e+00 -3.4134e-01 -9.5393e-01 +8.8341e-01
985 0 +3.263908950e+00 +3.263908950e+00 +4.229839090e+02 +4.229839090e+02 -2.0054e+00 +2.8885e+00 -1.6601e+00 +3.5988e+00 +2.8303e+00 -2.7011e+00 -1.3234e+00 -2.2452e-01 -1.3362e+00 +9.5058e-01
% f evaluations | g evaluations | best noise-free fitness - Fopt | noise-free fitness - Fopt (7.640000000000e+00) | measured fitness | best measured fitness | x1 | x2...
1 0 +5.399521146e+01 +5.399521146e+01 +6.163521146e+01 +6.163521146e+01 +0.0000e+00 +0.0000e+00 +0.0000e+00 +0.0000e+00 +0.0000e+00 +0.0000e+00 +0.0000e+00 +0.0000e+00 +0.0000e+00 +0.0000e+00
4 0 +4.687988063e+01 +4.687988063e+01 +5.451988063e+01 +5.451988063e+01 -1.7787e-01 -1.3647e-01 -4.1336e-01 +3.5673e-01 +6.8844e-02 -1.9869e-01 -2.2480e+00 -1.4724e-01 +1.2305e-01 +7.6290e-01
5 0 +4.607763453e+01 +4.607763453e+01 +5.371763453e+01 +5.371763453e+01 +1.0282e-01 -9.4611e-02 -9.8340e-01 +1.0428e-01 +5.4978e-01 +6.6357e-02 -1.9140e-01 +7.1012e-02 +3.0837e-02 -4.6974e-01
8 0 +2.929355194e+01 +2.929355194e+01 +3.693355194e+01 +3.693355194e+01 +3.4051e-01 -1.4426e-01 +7.2016e-01 +6.0975e-02 +1.1777e+00 +2.9353e-02 -9.6070e-01 -8.4547e-02 -2.4383e-01 -1.0032e+00
12 0 +2.025225185e+01 +2.025225185e+01 +2.789225185e+01 +2.789225185e+01 +2.6126e-01 -2.9922e-01 +1.9343e-01 +8.8143e-01 +2.9802e+00 +1.8645e-01 -2.1556e+00 +7.7589e-03 +1.0648e-01 +1.9927e-02
29 0 +1.959044725e+01 +1.959044725e+01 +2.723044725e+01 +2.723044725e+01 +4.2449e-02 -2.6869e-01 -8.4818e-01 +8.3247e-02 +1.8230e+00 -3.0446e-02 -1.6867e+00 -7.6357e-02 -1.7134e+00 -8.6185e-02
35 0 +1.937715567e+01 +1.937715567e+01 +2.701715567e+01 +2.701715567e+01 -8.2457e-02 -4.4125e-02 -1.5021e+00 +3.4073e-01 +2.4892e+00 +6.5766e-02 -1.9524e+00 -3.4420e-01 -1.0002e+00 -7.2808e-01
39 0 +1.496925788e+01 +1.496925788e+01 +2.260925788e+01 +2.260925788e+01 +5.8298e-02 +2.2034e-01 +4.4930e-01 +1.2187e+00 +2.4016e+00 -1.4028e-01 -7.5289e-01 +7.5286e-03 -7.3739e-01 -1.1583e+00
46 0 +1.452942766e+01 +1.452942766e+01 +2.216942766e+01 +2.216942766e+01 -3.7335e-02 +7.9274e-02 +1.1577e+00 +3.6075e-01 +1.9008e+00 -8.5824e-02 -1.9646e+00 -2.0756e-01 -2.2665e+00 +5.7828e-01
48 0 +1.375064438e+01 +1.375064438e+01 +2.139064438e+01 +2.139064438e+01 +5.0864e-01 +7.0328e-02 -2.1824e-01 +1.3166e+00 +1.7055e+00 -3.1731e-02 -1.5900e+00 -9.9389e-02 -1.8184e+00 +6.2085e-01
52 0 +9.913728653e+00 +9.913728653e+00 +1.755372865e+01 +1.755372865e+01 +4.6044e-01 +8.8946e-02 +8.9028e-01 +2.9356e+00 +1.2254e+00 +1.7930e-01 -7.9117e-01 +1.2315e-01 -2.9394e+00 +1.5419e+00
69 0 +7.748956659e+00 +7.748956659e+00 +1.538895666e+01 +1.538895666e+01 +8.4564e-01 +1.0975e-01 +9.8825e-01 +4.2675e+00 +2.9334e+00 +4.1748e-01 +1.9819e-01 +3.3350e-02 -2.5103e+00 +5.7014e-01
333 0 +6.640990002e+00 +6.640990002e+00 +1.428099000e+01 +1.428099000e+01 +2.5256e+00 +3.2544e+00 +3.3903e+00 +5.5138e+00 +3.0309e+00 -6.9738e-01 -6.2663e-01 +5.5781e-01 -1.3948e+00 -3.3074e-02
355 0 +5.619463236e+00 +5.619463236e+00 +1.325946324e+01 +1.325946324e+01 +3.1710e+00 +3.4096e+00 +3.6455e+00 +4.9058e+00 +2.3437e+00 -8.8088e-01 +7.4642e-01 +6.8764e-01 -1.7380e+00 -3.0847e+00
383 0 +5.098733099e+00 +5.098733099e+00 +1.273873310e+01 +1.273873310e+01 +3.0961e+00 +3.1921e+00 +2.8522e+00 +4.0953e+00 +2.1620e+00 -6.6217e-01 +1.3755e+00 +9.0572e-01 -1.4428e+00 -2.3600e+00
396 0 +4.943327855e+00 +4.943327855e+00 +1.258332785e+01 +1.258332785e+01 +2.8766e+00 +3.4891e+00 +2.5170e+00 +4.4913e+00 +2.2205e+00 -6.3599e-01 +6.8811e-01 +8.1347e-01 -1.7259e+00 -2.5465e+00
468 0 +4.888160240e+00 +4.888160240e+00 +1.252816024e+01 +1.252816024e+01 +2.9737e+00 +3.4563e+00 +2.5406e+00 +4.2467e+00 +2.2887e+00 -6.1978e-01 +1.1208e+00 +6.8023e-01 -1.4369e+00 -2.6381e+00
509 0 +4.719687808e+00 +4.719687808e+00 +1.235968781e+01 +1.235968781e+01 +2.8925e+00 +3.5758e+00 +1.8398e+00 +4.7209e+00 +2.3782e+00 -4.6965e-01 +6.6151e-01 +7.0078e-01 -1.6804e+00 -2.1455e+00
578 0 +4.589178143e+00 +4.589178143e+00 +1.222917814e+01 +1.222917814e+01 +2.8818e+00 +3.4871e+00 +2.2473e+00 +4.2018e+00 +2.1975e+00 -2.8586e-01 +6.2041e-01 +6.7310e-01 -1.2048e+00 -1.5684e+00
582 0 +4.465844822e+00 +4.465844822e+00 +1.210584482e+01 +1.210584482e+01 +2.8256e+00 +3.4598e+00 +2.1729e+00 +4.2472e+00 +2.3573e+00 -2.9749e-01 +4.7344e-01 +6.2459e-01 -1.2287e+00 -1.9209e+00
629 0 +4.327151800e+00 +4.327151800e+00 +1.196715180e+01 +1.196715180e+01 +3.0367e+00 +3.4578e+00 +2.9702e+00 +4.6222e+00 +1.9174e+00 -1.9570e-01 +7.4420e-01 +4.6677e-01 -1.5149e+00 -2.7279e+00
634 0 +4.252764780e+00 +4.252764780e+00 +1.189276478e+01 +1.189276478e+01 +2.9180e+00 +3.4788e+00 +2.6229e+00 +4.6598e+00 +2.1531e+00 -1.7367e-01 +1.1952e+00 +4.7014e-01 -1.3360e+00 -2.5023e+00
641 0 +4.119397683e+00 +4.119397683e+00 +1.175939768e+01 +1.175939768e+01 +3.0446e+00 +3.4016e+00 +2.8880e+00 +4.4332e+00 +2.6801e+00 -2.0362e-01 +9.5406e-01 +4.0481e-01 -1.4352e+00 -1.8212e+00
642 0 +4.025394008e+00 +4.025394008e+00 +1.166539401e+01 +1.166539401e+01 +2.9377e+00 +3.3386e+00 +2.5057e+00 +4.7431e+00 +2.3424e+00 -1.8591e-01 +9.3211e-01 +4.1120e-01 -1.7964e+00 -2.3207e+00
652 0 +3.822094356e+00 +3.822094356e+00 +1.146209436e+01 +1.146209436e+01 +2.8983e+00 +3.3835e+00 +2.3915e+00 +4.3436e+00 +2.4560e+00 -7.1856e-02 +2.5317e-01 +4.8646e-01 -1.8261e+00 -2.2544e+00
964 0 +3.761713038e+00 +3.761713038e+00 +1.140171304e+01 +1.140171304e+01 +2.9875e+00 +2.8035e+00 +3.1113e+00 +4.7636e+00 +2.3090e+00 +3.6431e-02 +5.4298e-01 +3.0713e-01 -1.4950e+00 -1.9448e+00
% f evaluations | g evaluations | best noise-free fitness - Fopt | noise-free fitness - Fopt (-1.276800000000e+02) | measured fitness | best measured fitness | x1 | x2...
1 0 +4.227720082e+01 +4.227720082e+01 -8.540279918e+01 -8.540279918e+01 +0.0000e+00 +0.0000e+00 +0.0000e+00 +0.0000e+00 +0.0000e+00 +0.0000e+00 +0.0000e+00 +0.0000e+00 +0.0000e+00 +0.0000e+00
3 0 +4.156526527e+01 +4.156526527e+01 -8.611473473e+01 -8.611473473e+01 -6.9322e-01 +3.2957e-01 -5.1000e-01 -3.5175e-03 +9.3118e-01 +2.5195e-02 -2.1804e-01 -5.0290e-01 -7.7797e-02 -7.7390e-02
5 0 +3.522213273e+01 +3.522213273e+01 -9.245786727e+01 -9.245786727e+01 +8.8995e-01 -5.8193e-01 -2.3468e-01 +1.8819e-03 +1.6388e-01 -5.8568e-02 +4.5810e-01 -3.0909e-01 -1.3842e-01 -3.4797e-02
8 0 +1.899601154e+01 +1.899601154e+01 -1.086839885e+02 -1.086839885e+02 +4.2220e-01 +5.4836e-01 +4.4660e-02 +1.5893e-03 -2.6564e+00 +3.2608e-02 -1.8962e-01 -1.0861e+00 -2.2507e-01 -5.0317e-02
81 0 +1.811018983e+01 +1.811018983e+01 -1.095698102e+02 -1.095698102e+02 -5.7818e-01 +1.4604e+00 +2.3026e+00 -1.9424e-02 +6.5157e-01 -1.6974e-02 -1.8362e+00 -2.8938e+00 -2.4515e-01 -8.1801e-02
82 0 +1.551618694e+01 +1.551618694e+01 -1.121638131e+02 -1.121638131e+02 -3.0845e+00 +8.4863e-01 +3.7024e+00 -4.9968e-02 -2.4263e+00 -1.6402e-01 -1.7793e+00 -3.3107e+00 -2.6314e-01 -1.6392e-01
% f evaluations | g evaluations | best noise-free fitness - Fopt | noise-free fitness - Fopt (-3.650000000000e+01) | measured fitness | best measured fitness | x1 | x2...
1 0 +5.288803566e+01 +5.288803566e+01 +1.638803566e+01 +1.638803566e+01 +0.0000e+00 +0.0000e+00 +0.0000e+00 +0.0000e+00 +0.0000e+00 +0.0000e+00 +0.0000e+00 +0.0000e+00 +0.0000e+00 +0.0000e+00
2 0 +5.115680348e+01 +5.115680348e+01 +1.465680348e+01 +1.465680348e+01 +3.1561e-01 +2.2825e-02 +3.8106e-01 +1.6065e+00 -1.1767e+00 +7.0648e-02 -3.2425e-01 +2.3934e-01 -8.8678e-01 -1.1405e+00
3 0 +4.544746002e+01 +4.544746002e+01 +8.947460024e+00 +8.947460024e+00 +1.6262e-02 +2.6601e-02 +9.7428e-02 +8.7784e-01 +5.6026e-01 +4.0542e-01 +4.2732e-02 -1.0822e-01 +2.4604e+00 -5.9130e-01
5 0 +4.216854917e+01 +4.216854917e+01 +5.668549166e+00 +5.668549166e+00 +1.4776e-01 -6.0423e-02 +5.4286e-01 +1.1017e+00 +1.2293e+00 -3.1327e-01 -4.5693e-01 +1.7347e-01 -5.3827e-01 -9.1530e-01
6 0 +3.432215613e+01 +3.432215613e+01 -2.177843870e+00 -2.177843870e+00 -8.2997e-02 +1.4930e-01 +7.1086e-01 +6.7825e-01 +2.3433e-01 +4.5267e-02 +1.0650e-02 -2.6529e-01 -2.9413e+00 -2.4263e+00
15 0 +3.203541263e+01 +3.203541263e+01 -4.464587366e+00 -4.464587366e+00 +2.3238e-01 +7.4136e-02 -3.1370e-01 +5.8105e-01 +6.9244e-01 +2.5375e-01 +1.9140e-02 +1.5359e-03 +1.0786e-01 -3.4807e+00
22 0 +2.867690643e+01 +2.867690643e+01 -7.823093572e+00 -7.823093572e+00 +4.5457e-01 -3.8641e-02 +1.7023e+00 +1.7453e+00 +7.7713e-01 -3.7981e-01 +6.0838e-01 +2.6046e-01 -2.9778e+00 -3.5902e+00
24 0 +2.775528860e+01 +2.775528860e+01 -8.744711397e+00 -8.744711397e+00 -7.2166e-02 -1.7274e-03 -2.0396e-01 +1.4708e+00 -1.4675e-01 +1.8180e-01 +7.4335e-01 +1.2567e-01 -3.2025e+00 -4.2231e+00
32 0 +2.212771338e+01 +2.212771338e+01 -1.437228662e+01 -1.437228662e+01 +3.6414e-01 +1.0171e-01 +1.0914e+00 +1.4424e+00 -3.2831e-01 +4.0502e-01 +8.7211e-01 +2.7939e-01 -2.9563e+00 -3.5108e+00
51 0 +2.116148800e+01 +2.116148800e+01 -1.533851200e+01 -1.533851200e+01 +2.0858e-01 +6.9524e-02 +1.1315e+00 +9.2786e-01 +6.9571e-01 +1.5873e+00 +6.1630e-01 +6.9659e-01 -2.1841e+00 -1.6011e-02
58 0 +1.235434523e+01 +1.235434523e+01 -2.414565477e+01 -2.414565477e+01 -7.7748e-01 +9.6730e-02 +2.2608e+00 +1.4733e+00 +5.7773e-01 +1.8725e+00 +7.1726e-01 +5.7638e-01 +1.8719e-02 -3.3325e+00
155 0 +8.287284736e+00 +8.287284736e+00 -2.821271526e+01 -2.821271526e+01 -9.3898e-01 +6.2767e-02 +3.1247e+00 +3.2506e+00 +9.4438e-01 +3.8785e+00 +8.8213e-01 +1.1949e+00 -8.9556e-01 -4.1891e+00
% f evaluations | g evaluations | best noise-free fitness - Fopt | noise-free fitness - Fopt (1.728700000000e+02) | measured fitness | best measured fitness | x1 | x2...
1 0 +3.552715071e+01 +3.552715071e+01 +2.083971507e+02 +2.083971507e+02 +0.0000e+00 +0.0000e+00 +0.0000e+00 +0.0000e+00 +0.0000e+00 +0.0000e+00 +0.0000e+00 +0.0000e+00 +0.0000e+00 +0.0000e+00
3 0 +2.452464026e+01 +2.452464026e+01 +1.973946403e+02 +1.973946403e+02 -3.7893e-01 -2.1013e-01 +1.2349e+00 -1.4944e+00 +2.0692e+00 -7.6514e-02 +1.6203e-01 +6.4125e-01 -2.5348e-01 +1.6822e-01
14 0 +2.298784167e+01 +2.298784167e+01 +1.958578417e+02 +1.958578417e+02 +1.7323e-03 -2.0441e-01 +9.2051e-01 +1.5016e-01 +1.6508e+00 -1.0098e-01 -1.5083e-02 +8.6538e-02 +6.6067e-02 -4.2282e-01
19 0 +2.255824360e+01 +2.255824360e+01 +1.954282436e+02 +1.954282436e+02 +4.0718e-01 -4.7932e-01 +1.0633e+00 -1.7337e+00 +2.0458e+00 -8.1582e-02 +8.2900e-02 -1.0811e-02 +8.2770e-02 +3.5838e-01
27 0 +1.811422540e+01 +1.811422540e+01 +1.909842254e+02 +1.909842254e+02 -2.1758e-01 -3.0220e-01 +2.2271e+00 -2.4022e+00 +5.8909e-01 +3.7628e-03 +1.4932e-01 -4.9291e-01 +1.9105e-01 -1.0790e-01
46 0 +1.597068269e+01 +1.597068269e+01 +1.888406827e+02 +1.888406827e+02 +4.9113e-01 +1.4180e-01 +1.7441e+00 -2.4403e+00 +5.3961e-01 -1.4758e-02 +1.8820e-01 +5.5466e-03 +3.3396e-02 -6.9000e-01
56 0 +1.571692767e+01 +1.571692767e+01 +1.885869277e+02 +1.885869277e+02 +4.1983e-01 -1.5839e-01 +1.6549e+00 -1.6791e+00 +2.7485e-01 -1.4460e-01 +2.0628e-01 -2.7639e-01 +9.2583e-02 -6.7548e-01
62 0 +1.521777824e+01 +1.521777824e+01 +1.880877782e+02 +1.880877782e+02 +3.6497e-01 -4.9591e-01 +1.3491e+00 -1.4085e+00 +9.7789e-01 +1.0826e-01 +1.7003e-02 -5.4941e-01 +1.1673e-02 -8.0376e-01
69 0 +1.291779942e+01 +1.291779942e+01 +1.857877994e+02 +1.857877994e+02 +6.1547e-01 +5.8625e-01 +1.7220e+00 -3.3798e+00 -1.3834e-01 +5.0083e-03 +6.8056e-01 -7.9474e-01 -2.9622e-02 -1.2875e+00
79 0 +9.948733208e+00 +9.948733208e+00 +1.828187332e+02 +1.828187332e+02 +9.1234e-01 +4.1020e-01 +1.2086e+00 -2.2217e+00 +1.5809e+00 -6.8278e-02 +1.1437e+00 -1.6726e-01 +2.7453e-01 -1.9357e+00
231 0 +9.627795345e+00 +9.627795345e+00 +1.824977953e+02 +1.824977953e+02 +1.1414e+00 -2.0689e-01 +4.9443e-01 -1.9887e+00 +8.2135e-01 -1.4499e-01 +6.9928e-01 -5.2640e-01 +8.9488e-01 -2.1547e+00
278 0 +9.534574827e+00 +9.534574827e+00 +1.824045748e+02 +1.824045748e+02 +1.2046e+00 -7.5801e-01 +3.0513e-01 -1.1257e+00 +1.2001e+00 -1.2202e-01 +7.0142e-01 -1.0283e+00 +9.6737e-01 -2.6825e+00
312 0 +9.181123897e+00 +9.181123897e+00 +1.820511239e+02 +1.820511239e+02 +1.3097e+00 -4.8472e-01 +1.8621e-01 -2.1246e+00 +8.3421e-01 -1.8723e-01 +7.5604e-01 -8.8567e-01 +9.1438e-01 -2.5377e+00
323 0 +8.994161168e+00 +8.994161168e+00 +1.818641612e+02 +1.818641612e+02 +1.2181e+00 -6.6930e-01 +3.1514e-01 -2.1166e+00 +3.6726e-01 -3.0176e-01 +7.2570e-01 -8.9018e-01 +8.6109e-01 -2.4583e+00
347 0 +8.680595203e+00 +8.680595203e+00 +1.815505952e+02 +1.815505952e+02 +1.5797e+00 -3.5525e-01 -1.8192e-01 -8.3929e-01 +8.5763e-02 -3.9700e-01 +7.3437e-01 -1.1847e+00 +9.1864e-01 -1.9987e+00
410 0 +8.340959601e+00 +8.340959601e+00 +1.812109596e+02 +1.812109596e+02 +1.4323e+00 -5.7252e-01 +2.5638e-01 -1.2423e+00 +5.3127e-01 -3.6186e-01 +7.3205e-01 -1.0786e+00 +9.6412e-01 -2.4649e+00
418 0 +8.310670239e+00 +8.310670239e+00 +1.811806702e+02 +1.811806702e+02 +1.4264e+00 -5.3283e-01 +4.4739e-01 -1.0141e+00 +6.3418e-01 -3.9004e-01 +7.8040e-01 -1.0398e+00 +9.7830e-01 -2.3204e+00
464 0 +8.102343852e+00 +8.102343852e+00 +1.809723439e+02 +1.809723439e+02 +1.5488e+00 -6.8294e-01 +5.2945e-01 -1.0300e+00 +7.6660e-01 -4.2256e-01 +8.9418e-01 -1.0054e+00 +9.5777e-01 -2.3769e+00
514 0 +7.899305897e+00 +7.899305897e+00 +1.807693059e+02 +1.807693059e+02 +1.6121e+00 -7.2369e-01 +7.5438e-01 -1.4498e+00 +2.7269e-01 -4.8971e-01 +9.3992e-01 -9.8696e-01 +8.8000e-01 -2.3922e+00
543 0 +7.642556572e+00 +7.642556572e+00 +1.805125566e+02 +1.805125566e+02 +1.8350e+00 -7.4378e-01 +8.8636e-01 -1.1108e+00 +3.5995e-01 -4.4869e-01 +9.7564e-01 -8.5245e-01 +8.0676e-01 -2.5387e+00
578 0 +7.559527867e+00 +7.559527867e+00 +1.804295279e+02 +1.804295279e+02 +1.8132e+00 -8.6177e-01 +5.6349e-01 -1.3150e+00 +3.5278e-01 -4.8673e-01 +9.7168e-01 -8.7548e-01 +7.6899e-01 -2.5777e+00
588 0 +7.309875473e+00 +7.309875473e+00 +1.801798755e+02 +1.801798755e+02 +1.8119e+00 -7.9654e-01 +7.4535e-01 -9.1726e-01 +6.9423e-01 -5.2188e-01 +9.8192e-01 -8.9407e-01 +7.8347e-01 -2.6165e+00
619 0 +7.156582889e+00 +7.156582889e+00 +1.800265829e+02 +1.800265829e+02 +1.8297e+00 -8.2674e-01 +8.3704e-01 -7.6537e-01 +6.4286e-01 -5.7317e-01 +9.9582e-01 -8.8365e-01 +7.8236e-01 -2.6423e+00
637 0 +7.034389145e+00 +7.034389145e+00 +1.799043891e+02 +1.799043891e+02 +1.8467e+00 -8.2428e-01 +1.1470e+00 -8.9597e-01 +1.0242e+00 -5.8615e-01 +9.8112e-01 -8.6080e-01 +7.6544e-01 -2.8106e+00
664 0 +6.895373659e+00 +6.895373659e+00 +1.797653737e+02 +1.797653737e+02 +1.8843e+00 -7.7534e-01 +7.1232e-01 -5.7391e-01 +8.2898e-01 -6.2072e-01 +9.6244e-01 -8.8401e-01 +7.3552e-01 -2.6883e+00
672 0 +6.746690123e+00 +6.746690123e+00 +1.796166901e+02 +1.796166901e+02 +1.9897e+00 -6.3865e-01 +1.3703e+00 -1.0468e+00 +3.9840e-01 -6.3179e-01 +9.8934e-01 -9.5027e-01 +7.1067e-01 -2.7260e+00
744 0 +6.595421331e+00 +6.595421331e+00 +1.794654213e+02 +1.794654213e+02 +1.9736e+00 -7.3075e-01 +1.0071e+00 +2.1474e-01 +8.9289e-01 -7.7178e-01 +1.0750e+00 -8.9292e-01 +7.5934e-01 -3.0216e+00
753 0 +6.258537917e+00 +6.258537917e+00 +1.791285379e+02 +1.791285379e+02 +1.8909e+00 -7.6940e-01 +1.2425e+00 -5.6165e-01 +1.2136e+00 -8.4137e-01 +1.1018e+00 -8.3855e-01 +7.1173e-01 -2.8796e+00
755 0 +6.118462214e+00 +6.118462214e+00 +1.789884622e+02 +1.789884622e+02 +2.0061e+00 -6.0326e-01 +1.0443e+00 -6.7348e-01 +8.1103e-01 -8.0818e-01 +9.2449e-01 -7.6389e-01 +7.0302e-01 -2.8716e+00
802 0 +5.945190034e+00 +5.945190034e+00 +1.788151900e+02 +1.788151900e+02 +1.9587e+00 -6.5791e-01 +1.1563e+00 -8.8148e-01 +8.0792e-01 -9.5705e-01 +1.1932e+00 -5.1762e-01 +6.8156e-01 -2.9443e+00
889 0 +5.843732158e+00 +5.843732158e+00 +1.787137322e+02 +1.787137322e+02 +2.1622e+00 -6.8723e-01 +1.8565e+00 -3.3858e-01 +7.4025e-01 -1.3742e+00 +1.0911e+00 -8.6680e-01 +9.4735e-01 -2.1876e+00
953 0 +5.638915241e+00 +5.638915241e+00 +1.785089152e+02 +1.785089152e+02 +2.4796e+00 -6.6197e-01 +2.3586e+00 -1.4796e-01 +4.6101e-01 -1.1913e+00 +1.1034e+00 -5.7754e-01 +8.6111e-01 -2.8009e+00
% f evaluations | g evaluations | best noise-free fitness - Fopt | noise-free fitness - Fopt (1.577200000000e+02) | measured fitness | best measured fitness | x1 | x2...
1 0 +1.384976228e+02 +1.384976228e+02 +2.962176228e+02 +2.962176228e+02 +0.0000e+00 +0.0000e+00 +0.0000e+00 +0.0000e+00 +0.0000e+00 +0.0000e+00 +0.0000e+00 +0.0000e+00 +0.0000e+00 +0.0000e+00
2 0 +1.278619141e+02 +1.278619141e+02 +2.855819141e+02 +2.855819141e+02 +1.8844e+00 -3.1232e-01 +4.4132e-01 -2.0534e-01 +1.1558e+00 -6.1719e-02 -4.8536e-02 +1.9747e-01 +2.4903e+00 -3.3141e-01
4 0 +7.041054032e+01 +7.041054032e+01 +2.281305403e+02 +2.281305403e+02 +6.1856e-01 -1.0777e+00 +7.1351e-01 -4.4447e-02 +2.4569e+00 +6.1080e-01 -4.0388e-02 +4.1298e-02 -5.5155e-01 -5.1534e-01
8 0 +5.976284197e+01 +5.976284197e+01 +2.174828420e+02 +2.174828420e+02 -1.8931e+00 +2.9900e-01 +3.5019e-01 +1.0542e-01 +1.0507e-02 +2.3000e+00 +1.1414e-01 -1.1551e-01 -1.7352e+00 -5.8157e-01
12 0 +5.104136659e+01 +5.104136659e+01 +2.087613666e+02 +2.087613666e+02 -4.0666e-01 -6.5233e-01 +8.7658e-01 +1.2628e-01 +6.4613e-01 +2.3893e+00 +8.6754e-03 +1.9570e-01 -8.0393e-01 -8.5851e-01
13 0 +4.413271802e+01 +4.413271802e+01 +2.018527180e+02 +2.018527180e+02 +3.0814e-01 -3.7862e+00 +5.6243e-01 +2.4035e-02 +1.3109e+00 +3.1767e+00 +1.2528e-01 +1.4052e-01 -2.6421e+00 -8.3794e-01
14 0 +3.479894981e+01 +3.479894981e+01 +1.925189498e+02 +1.925189498e+02 -7.9806e-01 -1.4414e+00 +4.3315e-01 +1.4715e-01 +9.0666e-01 +2.6386e+00 +1.5636e-01 -2.4405e-01 -2.9732e-01 -1.1907e+00
16 0 +2.083717056e+01 +2.083717056e+01 +1.785571706e+02 +1.785571706e+02 -1.5961e+00 -2.2177e-01 +2.4250e-01 -1.3692e-01 +3.1484e+00 +4.7385e+00 +3.0599e-01 -2.8229e-01 -1.1840e+00 -7.7448e-01
21 0 +1.939640947e+01 +1.939640947e+01 +1.771164095e+02 +1.771164095e+02 -2.5243e+00 +6.8819e-02 +1.7058e+00 +8.7541e-02 +1.3684e+00 +2.8514e+00 +7.2101e-02 -1.5904e-01 -1.6853e+00 -3.7475e-01
29 0 +1.420972008e+01 +1.420972008e+01 +1.719297201e+02 +1.719297201e+02 -2.5377e+00 -5.0568e-01 +1.1925e+00 -3.8910e-02 +3.9102e+00 +3.3463e+00 +1.3190e-01 -3.4464e-01 -1.0647e+00 -3.3028e-01
32 0 +1.262478096e+01 +1.262478096e+01 +1.703447810e+02 +1.703447810e+02 -7.2962e+00 -3.9605e+00 +7.4928e-01 -3.0923e-01 +4.1824e-01 +3.1169e+00 +1.8036e-01 -5.6799e-01 -3.6179e+00 +4.1008e-01
35 0 +1.175297189e+01 +1.175297189e+01 +1.694729719e+02 +1.694729719e+02 -4.3213e+00 -2.0020e+00 +9.2936e-01 +1.7845e-02 +1.0811e+00 +4.4098e+00 +2.7457e-01 +3.5714e-01 -4.0343e+00 +1.5598e-01
50 0 +9.752629562e+00 +9.752629562e+00 +1.674726296e+02 +1.674726296e+02 -4.0555e+00 -2.8442e+00 +1.7702e+00 +2.7818e-01 +1.9113e+00 +5.2938e+00 +2.9500e-01 +2.4561e-01 -3.1446e+00 -6.7864e-01
53 0 +7.848399799e+00 +7.848399799e+00 +1.655683998e+02 +1.655683998e+02 -5.1769e+00 -2.2544e+00 +3.2828e+00 -6.5779e-01 +7.6929e-01 +4.2423e+00 +3.6350e-01 -6.0966e-01 -2.1440e+00 +9.2687e-01
65 0 +7.086984558e+00 +7.086984558e+00 +1.648069846e+02 +1.648069846e+02 -6.0673e+00 -2.2270e+00 +2.7258e+00 -1.2164e-01 +2.4051e+00 +2.5000e+00 +6.2163e-01 -1.1066e+00 -1.6735e+00 +1.2211e+00
302 0 +6.929818452e+00 +6.929818452e+00 +1.646498185e+02 +1.646498185e+02 -4.0294e+00 -2.4895e+00 +2.5749e+00 -6.1168e-01 +2.2970e+00 +1.9876e+00 +1.0136e+00 -1.5003e+00 -2.0826e+00 +3.0980e+00
305 0 +6.264285245e+00 +6.264285245e+00 +1.639842852e+02 +1.639842852e+02 -3.6919e+00 -2.1317e+00 +3.0072e+00 -5.1063e-01 +2.8373e+00 +1.7905e+00 +9.5263e-01 -1.6304e+00 -1.8435e+00 +2.5779e+00
317 0 +6.039447143e+00 +6.039447143e+00 +1.637594471e+02 +1.637594471e+02 -4.1782e+00 -2.7929e+00 +2.9391e+00 -4.9029e-01 +2.8828e+00 +1.5927e+00 +9.4939e-01 -1.5529e+00 -1.8686e+00 +2.6308e+00
319 0 +5.751529985e+00 +5.751529985e+00 +1.634715300e+02 +1.634715300e+02 -4.7533e+00 -2.6535e+00 +2.9117e+00 -4.2828e-01 +2.3102e+00 +1.8975e+00 +9.8664e-01 -1.4937e+00 -1.7711e+00 +2.3992e+00
324 0 +5.512475835e+00 +5.512475835e+00 +1.632324758e+02 +1.632324758e+02 -4.2338e+00 -3.2955e+00 +2.9733e+00 -5.3533e-01 +2.3191e+00 +2.0661e+00 +9.8207e-01 -1.4673e+00 -1.8162e+00 +1.9676e+00
326 0 +5.368884078e+00 +5.368884078e+00 +1.630888841e+02 +1.630888841e+02 -4.7807e+00 -2.2923e+00 +3.0418e+00 -3.8887e-01 +2.4429e+00 +2.1139e+00 +1.0229e+00 -1.4748e+00 -2.1416e+00 +2.0265e+00
342 0 +4.926824602e+00 +4.926824602e+00 +1.626468246e+02 +1.626468246e+02 -4.3740e+00 -2.5509e+00 +3.2689e+00 -5.9980e-01 +1.8530e+00 +1.5697e+00 +1.0043e+00 -1.5073e+00 -2.0075e+00 +1.9198e+00
344 0 +4.857036058e+00 +4.857036058e+00 +1.625770361e+02 +1.625770361e+02 -4.6994e+00 -2.6157e+00 +3.2967e+00 -4.4957e-01 +1.9659e+00 +1.4948e+00 +9.8409e-01 -1.5653e+00 -2.1640e+00 +1.9026e+00
363 0 +4.600999789e+00 +4.600999789e+00 +1.623209998e+02 +1.623209998e+02 -4.6982e+00 -2.1746e+00 +3.5120e+00 -4.8144e-01 +1.6010e+00 +1.4695e+00 +9.6944e-01 -1.6079e+00 -2.3318e+00 +1.7531e+00
374 0 +4.418388489e+00 +4.418388489e+00 +1.621383885e+02 +1.621383885e+02 -3.9073e+00 -2.4089e+00 +3.4338e+00 -4.4191e-01 +1.9310e+00 +1.1008e+00 +9.6668e-01 -1.6089e+00 -2.7053e+00 +1.3110e+00
399 0 +4.359433751e+00 +4.359433751e+00 +1.620794338e+02 +1.620794338e+02 -3.8354e+00 -2.3239e+00 +3.5556e+00 -1.7213e-01 +1.6674e+00 +1.4940e+00 +1.0314e+00 -1.6620e+00 -2.2417e+00 +1.3345e+00
417 0 +4.124217896e+00 +4.124217896e+00 +1.618442179e+02 +1.618442179e+02 -3.5354e+00 -2.2512e+00 +3.5468e+00 -1.9756e-01 +2.0491e+00 +1.6647e+00 +1.0166e+00 -1.6704e+00 -2.6131e+00 +1.0314e+00
436 0 +4.068084659e+00 +4.068084659e+00 +1.617880847e+02 +1.617880847e+02 -3.8206e+00 -2.1772e+00 +3.4142e+00 -2.2376e-01 +1.8578e+00 +1.7542e+00 +1.0221e+00 -1.7627e+00 -2.5773e+00 +1.2648e+00
444 0 +3.950725220e+00 +3.950725220e+00 +1.616707252e+02 +1.616707252e+02 -3.8479e+00 -2.2482e+00 +3.4870e+00 -2.1962e-01 +2.0563e+00 +1.6902e+00 +1.0161e+00 -1.8352e+00 -2.6925e+00 +1.1756e+00
483 0 +3.875404249e+00 +3.875404249e+00 +1.615954042e+02 +1.615954042e+02 -4.5978e+00 -2.0636e+00 +3.7166e+00 -1.0719e-01 +1.7319e+00 +1.4667e+00 +1.0266e+00 -1.8249e+00 -2.9413e+00 +1.2975e+00
509 0 +3.704339399e+00 +3.704339399e+00 +1.614243394e+02 +1.614243394e+02 -4.2512e+00 -2.2515e+00 +3.6049e+00 -1.4067e-01 +1.7052e+00 +1.5798e+00 +1.0383e+00 -1.8361e+00 -3.1056e+00 +1.3154e+00
521 0 +3.536295342e+00 +3.536295342e+00 +1.612562953e+02 +1.612562953e+02 -3.7267e+00 -2.1372e+00 +3.7671e+00 -5.2519e-02 +1.8229e+00 +1.4737e+00 +1.0544e+00 -1.8212e+00 -3.1996e+00 +1.2351e+00
547 0 +3.451177279e+00 +3.451177279e+00 +1.611711773e+02 +1.611711773e+02 -3.8763e+00 -2.0381e+00 +3.9115e+00 -2.0822e-01 +1.8292e+00 +1.3252e+00 +9.9002e-01 -1.8715e+00 -3.8267e+00 +1.1539e+00
597 0 +3.360577867e+00 +3.360577867e+00 +1.610805779e+02 +1.610805779e+02 -3.7678e+00 -1.9638e+00 +3.9735e+00 -1.8724e-01 +1.8018e+00 +1.2141e+00 +9.8932e-01 -1.9758e+00 -3.4777e+00 +9.4113e-01
763 0 +3.295431391e+00 +3.295431391e+00 +1.610154314e+02 +1.610154314e+02 -3.9223e+00 -1.6915e+00 +3.8996e+00 -2.8972e-01 +1.6114e+00 +1.2188e+00 +9.6670e-01 -2.2565e+00 -3.2992e+00 +1.0856e+00
889 0 +3.227095289e+00 +3.227095289e+00 +1.609470953e+02 +1.609470953e+02 -3.7187e+00 -1.9330e+00 +3.6782e+00 -7.0357e-02 +1.9211e+00 +9.7438e-01 +9.9697e-01 -2.1359e+00 -3.7757e+00 +7.3677e-01
904 0 +3.153411728e+00 +3.153411728e+00 +1.608734117e+02 +1.608734117e+02 -3.8053e+00 -1.5870e+00 +3.7122e+00 -5.7393e-02 +1.8333e+00 +1.2165e+00 +9.9246e-01 -2.1975e+00 -3.6487e+00 +8.0453e-01
911 0 +3.073881360e+00 +3.073881360e+00 +1.607938814e+02 +1.607938814e+02 -3.7230e+00 -1.7714e+00 +3.8025e+00 -4.7977e-02 +1.9377e+00 +1.1284e+00 +1.0094e+00 -2.2153e+00 -3.6968e+00 +7.8528e-01
% f evaluations | g evaluations | best noise-free fitness - Fopt | noise-free fitness - Fopt (2.819000000000e+01) | measured fitness | best measured fitness | x1 | x2...
1 0 +1.320595105e+01 +1.320595105e+01 +4.139595105e+01 +4.139595105e+01 +0.0000e+00 +0.0000e+00 +0.0000e+00 +0.0000e+00 +0.0000e+00 +0.0000e+00 +0.0000e+00 +0.0000e+00 +0.0000e+00 +0.0000e+00
3 0 +1.133748286e+01 +1.133748286e+01 +3.952748286e+01 +3.952748286e+01 +9.0745e-01 +1.0891e-01 -1.9633e+00 -6.6598e-01 -1.5763e-02 -3.0185e-01 -1.9051e-01 -5.8568e-01 -1.1233e+00 -7.9655e-01
11 0 +1.050615310e+01 +1.050615310e+01 +3.869615310e+01 +3.869615310e+01 -1.7847e-01 +1.0191e-01 +1.2561e+00 +1.5155e+00 -1.1137e-02 +4.6911e-02 -3.4904e-01 +3.8363e-01 +1.1540e-01 -8.6960e-01
14 0 +1.026856037e+01 +1.026856037e+01 +3.845856037e+01 +3.845856037e+01 +2.8337e-01 +7.7957e-02 +1.8552e-01 +2.5413e+00 -1.1461e-02 +1.6620e-03 -1.0095e-01 +6.0954e-01 -4.2955e-01 -1.8828e+00
22 0 +1.005394064e+01 +1.005394064e+01 +3.824394064e+01 +3.824394064e+01 +8.1329e-01 -5.4941e-02 -2.8057e-01 +2.7414e+00 -2.9040e-02 +7.3308e-02 -7.2759e-01 +1.3366e+00 +2.7848e-01 -4.5331e-02
25 0 +9.370572401e+00 +9.370572401e+00 +3.756057240e+01 +3.756057240e+01 +1.7269e+00 +1.9727e-01 +1.3566e+00 +2.7217e+00 +3.3213e-03 -1.2696e-01 +5.1864e-01 +3.6140e-01 -1.1556e+00 -1.8756e+00
28 0 +9.127452390e+00 +9.127452390e+00 +3.731745239e+01 +3.731745239e+01 -1.3309e-01 +5.2095e-02 +1.2554e+00 +1.7539e+00 -8.1944e-03 +1.1233e-01 -1.4365e-03 -1.7841e-01 -1.8371e+00 -2.3746e+00
33 0 +7.040808473e+00 +7.040808473e+00 +3.523080847e+01 +3.523080847e+01 +5.1030e-01 +8.0999e-02 +6.4554e-01 +2.4743e+00 +7.6829e-03 -1.3155e-01 +3.6808e-01 +6.6098e-02 -2.1413e+00 -1.4653e+00
47 0 +6.666618084e+00 +6.666618084e+00 +3.485661808e+01 +3.485661808e+01 +1.0612e+00 +2.1278e-02 +8.1465e-02 +3.1189e+00 +1.1609e-03 -6.9852e-02 +5.0701e-01 +8.7431e-04 -2.1473e+00 -1.1702e+00
59 0 +6.467492745e+00 +6.467492745e+00 +3.465749275e+01 +3.465749275e+01 +1.7042e+00 +1.7563e-01 -4.8221e-02 +3.4247e+00 +5.9542e-03 -1.6207e-01 +1.8364e-01 +1.8452e-01 -2.3366e+00 -1.2509e+00
74 0 +6.409620332e+00 +6.409620332e+00 +3.459962033e+01 +3.459962033e+01 +4.8045e-01 +2.9417e-01 +1.2905e+00 +3.4394e+00 +2.9157e-02 -3.7069e-01 +7.0247e-02 +3.4949e-01 -2.1688e+00 -7.1774e-02
83 0 +5.369088966e+00 +5.369088966e+00 +3.355908897e+01 +3.355908897e+01 +1.0728e+00 +3.7423e-01 +1.2940e+00 +3.6596e+00 +1.8303e-02 -4.0098e-01 -4.0589e-01 -1.6997e-01 -2.8241e+00 +5.7234e-01
95 0 +5.073822425e+00 +5.073822425e+00 +3.326382242e+01 +3.326382242e+01 +9.5975e-01 +2.8039e-01 -3.0924e-01 +2.5728e+00 +1.9965e-02 -5.8285e-01 +1.8896e-01 -4.1807e-01 -2.7625e+00 -4.7371e-01
149 0 +4.733251709e+00 +4.733251709e+00 +3.292325171e+01 +3.292325171e+01 +1.8251e+00 +7.9906e-02 +4.6308e-01 +2.9611e+00 +6.7210e-02 -5.0850e-01 +1.5671e-01 -7.0662e-01 -1.9740e+00 +7.3650e-02
227 0 +4.519578311e+00 +4.519578311e+00 +3.270957831e+01 +3.270957831e+01 +1.1676e+00 -1.2800e-01 +1.0449e-01 +1.5114e+00 +6.8228e-02 -9.5923e-01 +5.5670e-01 -3.9454e-01 -3.1103e+00 +1.6939e-01
246 0 +3.542042393e+00 +3.542042393e+00 +3.173204239e+01 +3.173204239e+01 +1.7650e+00 -1.1013e-01 +9.9815e-01 +2.5018e+00 +7.9429e-02 -1.2968e+00 +5.2045e-01 -7.5922e-01 -2.3757e+00 +2.9279e-01
266 0 +3.316959600e+00 +3.316959600e+00 +3.150695960e+01 +3.150695960e+01 +1.4229e+00 -8.9087e-03 +3.4299e-01 +2.9890e+00 +6.7931e-02 -1.1499e+00 +4.4512e-01 -6.4783e-01 -2.8958e+00 +8.0471e-01
289 0 +3.276037823e+00 +3.276037823e+00 +3.146603782e+01 +3.146603782e+01 +1.7678e+00 -4.2318e-03 -2.5337e-01 +2.7442e+00 +7.8515e-02 -1.1945e+00 +4.2461e-01 -7.8778e-01 -2.9231e+00 +9.3029e-01
290 0 +3.079184948e+00 +3.079184948e+00 +3.126918495e+01 +3.126918495e+01 +1.7289e+00 +8.0430e-02 +1.7635e-01 +2.7916e+00 +7.2720e-02 -1.2506e+00 +3.6597e-01 -8.6614e-01 -2.9650e+00 +8.4832e-01
317 0 +2.926289142e+00 +2.926289142e+00 +3.111628914e+01 +3.111628914e+01 +1.6612e+00 +9.1009e-02 -7.8630e-02 +2.8444e+00 +8.2933e-02 -1.2381e+00 +1.4926e-01 -7.3053e-01 -2.9548e+00 +1.0888e+00
357 0 +2.836849039e+00 +2.836849039e+00 +3.102684904e+01 +3.102684904e+01 +1.5182e+00 +9.2422e-02 -2.6374e-01 +2.6843e+00 +8.1806e-02 -1.2449e+00 -7.9227e-03 -9.1472e-01 -3.2228e+00 +1.0060e+00
360 0 +2.795389063e+00 +2.795389063e+00 +3.098538906e+01 +3.098538906e+01 +1.6234e+00 +7.2307e-02 +5.9342e-01 +2.5025e+00 +8.9543e-02 -1.2276e+00 +1.1886e-01 -1.0836e+00 -3.1340e+00 +7.0897e-01
392 0 +2.736142675e+00 +2.736142675e+00 +3.092614268e+01 +3.092614268e+01 +1.6776e+00 -2.6607e-02 +9.8512e-02 +2.6484e+00 +8.6964e-02 -1.2175e+00 -1.5232e-01 -9.6985e-01 -2.9219e+00 +5.6385e-02
403 0 +2.577171366e+00 +2.577171366e+00 +3.076717137e+01 +3.076717137e+01 +1.7554e+00 -8.2757e-02 -7.8190e-02 +2.4204e+00 +8.9049e-02 -1.2318e+00 -1.4513e-01 -7.8186e-01 -3.1559e+00 +8.1063e-01
406 0 +2.467903889e+00 +2.467903889e+00 +3.065790389e+01 +3.065790389e+01 +1.5571e+00 -5.4377e-02 +1.1371e-01 +2.4427e+00 +9.0313e-02 -1.2336e+00 -2.9005e-01 -9.5415e-01 -3.3500e+00 +8.8873e-01
429 0 +2.309980140e+00 +2.309980140e+00 +3.049998014e+01 +3.049998014e+01 +1.7070e+00 -1.2175e-01 +5.9334e-01 +2.5872e+00 +1.0445e-01 -1.2955e+00 -2.3001e-01 -6.6274e-01 -2.6816e+00 +7.9661e-01
444 0 +2.239668480e+00 +2.239668480e+00 +3.042966848e+01 +3.042966848e+01 +1.6137e+00 -9.2390e-02 +8.6453e-01 +1.9346e+00 +1.1052e-01 -1.2441e+00 -6.0502e-01 -8.3236e-01 -3.2256e+00 +5.5193e-01
446 0 +2.194567755e+00 +2.194567755e+00 +3.038456776e+01 +3.038456776e+01 +2.0721e+00 -1.0079e-01 +4.5337e-01 +2.4795e+00 +9.8812e-02 -1.2180e+00 -5.8800e-01 -9.9292e-01 -2.8286e+00 +1.1051e+00
456 0 +2.109384409e+00 +2.109384409e+00 +3.029938441e+01 +3.029938441e+01 +1.7720e+00 -1.1684e-01 +1.8578e-01 +2.5402e+00 +1.0978e-01 -1.2386e+00 -4.7397e-01 -9.0534e-01 -2.9196e+00 +9.0787e-01
462 0 +2.021251823e+00 +2.021251823e+00 +3.021125182e+01 +3.021125182e+01 +1.7903e+00 -1.0283e-01 +3.4388e-01 +2.7615e+00 +9.6475e-02 -1.2096e+00 -6.1662e-01 -8.6491e-01 -2.8202e+00 +9.2458e-01
487 0 +1.944613146e+00 +1.944613146e+00 +3.013461315e+01 +3.013461315e+01 +1.6268e+00 -1.0225e-01 +7.3230e-01 +2.5447e+00 +9.7981e-02 -1.2564e+00 -6.9701e-01 -8.0786e-01 -3.2213e+00 +6.3934e-01
680 0 +1.855106336e+00 +1.855106336e+00 +3.004510634e+01 +3.004510634e+01 +1.8038e+00 -4.3043e-01 +5.9242e-01 +2.5268e+00 +5.9024e-02 -1.0813e+00 -9.8642e-01 -9.0636e-01 -2.7767e+00 +6.1020e-01
721 0 +1.806242585e+00 +1.806242585e+00 +2.999624259e+01 +2.999624259e+01 +2.0063e+00 -4.3823e-01 +3.7883e-01 +2.2454e+00 +5.9825e-02 -1.1231e+00 -1.2134e+00 -7.4592e-01 -2.7571e+00 +5.0146e-01
727 0 +1.766858912e+00 +1.766858912e+00 +2.995685891e+01 +2.995685891e+01 +2.0350e+00 -3.9307e-01 +7.5428e-02 +2.6332e+00 +5.9322e-02 -1.0988e+00 -1.2141e+00 -7.4082e-01 -2.9765e+00 +8.3174e-01
927 0 +1.525569399e+00 +1.525569399e+00 +2.971556940e+01 +2.971556940e+01 +1.9013e+00 -6.7216e-01 -1.2815e-01 +2.6875e+00 +3.0491e-03 -1.4306e+00 -1.6134e+00 -8.3934e-01 -3.1174e+00 +1.1052e+00
% f evaluations | g evaluations | best noise-free fitness - Fopt | noise-free fitness - Fopt (-9.925000000000e+01) | measured fitness | best measured fitness | x1 | x2...
1 0 +4.603962071e+01 +4.603962071e+01 -5.321037929e+01 -5.321037929e+01 +0.0000e+00 +0.0000e+00 +0.0000e+00 +0.0000e+00 +0.0000e+00 +0.0000e+00 +0.0000e+00 +0.0000e+00 +0.0000e+00 +0.0000e+00
6 0 +4.208343733e+01 +4.208343733e+01 -5.716656267e+01 -5.716656267e+01 +1.9518e-02 +4.2219e-01 -4.7332e+00 -2.8929e-01 +1.5293e+00 -2.5740e-01 +8.7784e-01 -4.6169e-01 +5.0317e-01 -7.1816e-01
8 0 +2.696915970e+01 +2.696915970e+01 -7.228084030e+01 -7.228084030e+01 +3.7114e-01 +4.0706e-01 +1.1399e+00 +3.1450e-01 +2.5898e+00 -1.8363e-01 +1.8285e+00 +1.6999e+00 -8.3043e-03 -6.6517e-01
9 0 +2.506866949e+01 +2.506866949e+01 -7.418133051e+01 -7.418133051e+01 +5.6969e-01 -4.0958e-01 -1.2377e+00 +1.9299e-01 +7.9508e-01 -1.1537e-01 -1.1813e-01 -9.2524e-02 -2.9889e-01 -1.6403e+00
12 0 +2.106129968e+01 +2.106129968e+01 -7.818870032e+01 -7.818870032e+01 +5.5865e-01 -2.7737e+00 -4.0002e+00 +3.1750e-01 +1.7126e+00 -6.9554e-01 +3.4293e+00 +7.2183e-01 -2.4175e-01 -1.5330e+00
14 0 +1.654885001e+01 +1.654885001e+01 -8.270114999e+01 -8.270114999e+01 +1.6768e-01 -9.1408e-01 -1.9147e+00 +1.7205e-01 +1.9586e+00 -1.8019e-01 +2.0056e+00 +2.1178e+00 -6.0684e-01 -1.5974e+00
19 0 +6.341957887e+00 +6.341957887e+00 -9.290804211e+01 -9.290804211e+01 +1.4139e+00 -3.2546e+00 +2.3684e+00 +4.9290e-01 +3.8784e+00 +1.0131e-01 +7.5735e-01 +1.6327e+00 -2.1643e-01 -3.7129e+00
224 0 +5.820757896e+00 +5.820757896e+00 -9.342924210e+01 -9.342924210e+01 +5.0514e-01 -2.5260e+00 +2.1217e-01 +1.1809e+00 +4.4479e+00 +3.0175e+00 +4.0133e-01 +1.8550e-01 -6.1971e-02 -1.3008e+00
234 0 +5.659385858e+00 +5.659385858e+00 -9.359061414e+01 -9.359061414e+01 +9.9598e-01 -2.3864e+00 +8.3115e-01 +1.2958e+00 +5.2180e+00 +3.0194e+00 +4.8395e-01 +2.4308e-01 -2.8603e-01 -1.2618e+00
236 0 +4.986061560e+00 +4.986061560e+00 -9.426393844e+01 -9.426393844e+01 +1.3006e+00 -3.0514e+00 +1.1755e+00 +1.3402e+00 +4.6921e+00 +2.9104e+00 +6.9839e-01 +4.3519e-01 +1.3019e-01 -1.3318e+00
267 0 +4.805356343e+00 +4.805356343e+00 -9.444464366e+01 -9.444464366e+01 +1.3253e+00 -3.9372e+00 +1.8644e-01 +9.1805e-01 +3.7664e+00 +2.6098e+00 +3.2103e-01 +5.9882e-01 -1.2468e-01 -1.8234e+00
276 0 +3.425427798e+00 +3.425427798e+00 -9.582457220e+01 -9.582457220e+01 +1.3223e+00 -3.8922e+00 +7.7499e-02 +9.9326e-01 +4.5864e+00 +2.6737e+00 +1.0414e+00 +1.5008e+00 -7.9411e-02 -1.7910e+00
