% f evaluations | g evaluations | best noise-free fitness - Fopt | noise-free fitness - Fopt (-5.235000000000e+01) | measured fitness | best measured fitness | x1 | x2...
1 0 +8.543530517e+00 +8.543530517e+00 -4.380646948e+01 -4.380646948e+01 +0.0000e+00 +0.0000e+00 +0.0000e+00
2 0 +7.782238565e+00 +7.782238565e+00 -4.456776143e+01 -4.456776143e+01 -1.5050e-01 +2.2358e-01 -2.2462e-02
6 0 +5.716990551e+00 +5.716990551e+00 -4.663300945e+01 -4.663300945e+01 -2.3642e-02 -1.0654e+00 +6.8305e-01
7 0 +3.000611404e+00 +3.000611404e+00 -4.934938860e+01 -4.934938860e+01 -3.0378e-03 -2.6407e-01 +1.0150e+00
8 0 +1.415866316e+00 +1.415866316e+00 -5.093413368e+01 -5.093413368e+01 +1.2060e-01 -1.6527e+00 +1.7907e+00
12 0 +1.221067280e+00 +1.221067280e+00 -5.112893272e+01 -5.112893272e+01 -5.1223e-02 -2.3740e+00 +2.3471e+00
14 0 +5.294291561e-01 +5.294291561e-01 -5.182057084e+01 -5.182057084e+01 -2.9945e-01 -1.6434e+00 +2.1761e+00
17 0 +5.233644535e-01 +5.233644535e-01 -5.182663555e+01 -5.182663555e+01 -3.5648e-01 -1.6333e+00 +2.0471e+00
31 0 +3.775577508e-01 +3.775577508e-01 -5.197244225e+01 -5.197244225e+01 -5.0337e-01 -1.1881e+00 +2.7955e+00
33 0 +3.208960471e-01 +3.208960471e-01 -5.202910395e+01 -5.202910395e+01 -4.0631e-01 -1.0146e+00 +2.4958e+00
42 0 +2.187540518e-01 +2.187540518e-01 -5.213124595e+01 -5.213124595e+01 -5.0940e-01 -9.9587e-01 +2.4028e+00
52 0 +1.385523447e-01 +1.385523447e-01 -5.221144766e+01 -5.221144766e+01 -6.6280e-01 -1.0769e+00 +2.6249e+00
56 0 +1.118876405e-01 +1.118876405e-01 -5.223811236e+01 -5.223811236e+01 -6.6146e-01 -1.0551e+00 +2.5489e+00
71 0 +8.705506294e-02 +8.705506294e-02 -5.226294494e+01 -5.226294494e+01 -6.5395e-01 -1.2372e+00 +2.3407e+00
76 0 +4.453792472e-02 +4.453792472e-02 -5.230546208e+01 -5.230546208e+01 -7.0996e-01 -1.2250e+00 +2.3561e+00
127 0 +2.194854172e-02 +2.194854172e-02 -5.232805146e+01 -5.232805146e+01 -8.2021e-01 -1.0943e+00 +2.6300e+00
137 0 +1.033359841e-02 +1.033359841e-02 -5.233966640e+01 -5.233966640e+01 -7.9644e-01 -1.2065e+00 +2.4310e+00
222 0 +2.998416841e-03 +2.998416841e-03 -5.234700158e+01 -5.234700158e+01 -8.3278e-01 -1.2955e+00 +2.4215e+00
240 0 +1.309921679e-03 +1.309921679e-03 -5.234869008e+01 -5.234869008e+01 -8.5768e-01 -1.2262e+00 +2.5357e+00
290 0 +4.206138425e-04 +4.206138425e-04 -5.234957939e+01 -5.234957939e+01 -8.7391e-01 -1.2577e+00 +2.5293e+00
358 0 +2.951764360e-04 +2.951764360e-04 -5.234970482e+01 -5.234970482e+01 -8.7375e-01 -1.2646e+00 +2.5225e+00
376 0 +7.422404516e-05 +7.422404516e-05 -5.234992578e+01 -5.234992578e+01 -8.6769e-01 -1.2548e+00 +2.5222e+00
539 0 +6.371887729e-05 +6.371887729e-05 -5.234993628e+01 -5.234993628e+01 -8.6225e-01 -1.2534e+00 +2.5138e+00
584 0 +3.099126186e-05 +3.099126186e-05 -5.234996901e+01 -5.234996901e+01 -8.6245e-01 -1.2515e+00 +2.5159e+00
% f evaluations | g evaluations | best noise-free fitness - Fopt | noise-free fitness - Fopt (-1.795400000000e+02) | measured fitness | best measured fitness | x1 | x2...
1 0 +1.242671208e+01 +1.242671208e+01 -1.671132879e+02 -1.671132879e+02 +0.0000e+00 +0.0000e+00 +0.0000e+00
3 0 +9.686565815e+00 +9.686565815e+00 -1.698534342e+02 -1.698534342e+02 -1.2197e-01 -6.6066e-01 -4.7374e-01
7 0 +8.855384754e+00 +8.855384754e+00 -1.706846152e+02 -1.706846152e+02 +2.1028e+00 -2.4953e-01 -5.7076e-01
9 0 +8.220187234e+00 +8.220187234e+00 -1.713198128e+02 -1.713198128e+02 +1.6410e-01 +1.2708e+00 -5.7831e-01
12 0 +6.280271008e+00 +6.280271008e+00 -1.732597290e+02 -1.732597290e+02 +1.5625e+00 -1.4898e+00 -1.0846e+00
19 0 +4.515080899e+00 +4.515080899e+00 -1.750249191e+02 -1.750249191e+02 +1.1483e+00 +3.1837e+00 -1.3720e+00
31 0 +3.932259054e+00 +3.932259054e+00 -1.756077409e+02 -1.756077409e+02 +6.5853e-01 +1.7409e+00 -1.4513e+00
89 0 +3.707464962e+00 +3.707464962e+00 -1.758325350e+02 -1.758325350e+02 +1.9742e+00 +4.0134e+00 -2.6324e+00
132 0 +3.463523480e+00 +3.463523480e+00 -1.760764765e+02 -1.760764765e+02 +3.4265e-02 +1.8592e+00 -1.6437e+00
141 0 +2.107923894e+00 +2.107923894e+00 -1.774320761e+02 -1.774320761e+02 +4.9608e-01 -1.5824e+00 -3.3964e+00
174 0 +6.214365514e-01 +6.214365514e-01 -1.789185634e+02 -1.789185634e+02 +1.5845e+00 +7.9643e-01 -3.9896e+00
189 0 +5.183512066e-01 +5.183512066e-01 -1.790216488e+02 -1.790216488e+02 +7.0448e-01 +1.0523e+00 -3.5288e+00
284 0 +3.446088328e-01 +3.446088328e-01 -1.791953912e+02 -1.791953912e+02 +2.0028e-01 +3.2855e-01 -3.0423e+00
290 0 +2.070833458e-01 +2.070833458e-01 -1.793329167e+02 -1.793329167e+02 +5.1064e-01 +3.7878e-01 -3.0873e+00
294 0 +8.797053368e-02 +8.797053368e-02 -1.794520295e+02 -1.794520295e+02 +1.1000e+00 +5.2128e-01 -3.1881e+00
333 0 +6.361564181e-02 +6.361564181e-02 -1.794763844e+02 -1.794763844e+02 +9.3049e-01 +5.1717e-01 -3.2068e+00
365 0 +5.155620988e-02 +5.155620988e-02 -1.794884438e+02 -1.794884438e+02 +8.9309e-01 +4.5140e-01 -3.4644e+00
373 0 +3.659201190e-02 +3.659201190e-02 -1.795034080e+02 -1.795034080e+02 +9.4166e-01 +4.6773e-01 -3.5394e+00
392 0 +2.593978763e-02 +2.593978763e-02 -1.795140602e+02 -1.795140602e+02 +9.0003e-01 +5.3057e-01 -3.4925e+00
468 0 +1.152391308e-02 +1.152391308e-02 -1.795284761e+02 -1.795284761e+02 +7.7640e-01 +5.0979e-01 -3.5177e+00
479 0 +8.527216711e-03 +8.527216711e-03 -1.795314728e+02 -1.795314728e+02 +7.4330e-01 +5.2669e-01 -3.4303e+00
497 0 +3.298982881e-03 +3.298982881e-03 -1.795367010e+02 -1.795367010e+02 +8.0484e-01 +5.0663e-01 -3.3966e+00
548 0 +3.012160716e-03 +3.012160716e-03 -1.795369878e+02 -1.795369878e+02 +7.6474e-01 +5.2084e-01 -3.4611e+00
556 0 +7.253713383e-04 +7.253713383e-04 -1.795392746e+02 -1.795392746e+02 +8.8241e-01 +5.0304e-01 -3.4434e+00
% f evaluations | g evaluations | best noise-free fitness - Fopt | noise-free fitness - Fopt (7.731000000000e+01) | measured fitness | best measured fitness | x1 | x2...
1 0 +5.551087869e+00 +5.551087869e+00 +8.286108787e+01 +8.286108787e+01 +0.0000e+00 +0.0000e+00 +0.0000e+00
2 0 +3.847835488e+00 +3.847835488e+00 +8.115783549e+01 +8.115783549e+01 -5.1569e-02 -8.4348e-01 -2.8784e-01
8 0 +1.835895049e+00 +1.835895049e+00 +7.914589505e+01 +7.914589505e+01 -2.6752e-02 +6.6631e-01 -1.6058e+00
18 0 +1.615422875e+00 +1.615422875e+00 +7.892542287e+01 +7.892542287e+01 +1.0241e-01 +8.8070e-01 -2.3201e+00
22 0 +1.436068348e+00 +1.436068348e+00 +7.874606835e+01 +7.874606835e+01 +8.7978e-02 +3.1080e-01 -1.5608e+00
24 0 +1.381834452e+00 +1.381834452e+00 +7.869183445e+01 +7.869183445e+01 +1.3925e-01 +6.0302e-01 -2.3608e+00
27 0 +1.285906920e+00 +1.285906920e+00 +7.859590692e+01 +7.859590692e+01 +1.7346e-01 +5.6218e-01 -1.9514e+00
37 0 +1.233648321e+00 +1.233648321e+00 +7.854364832e+01 +7.854364832e+01 +1.6590e-01 +4.0641e-01 -2.4195e+00
40 0 +9.363108448e-01 +9.363108448e-01 +7.824631084e+01 +7.824631084e+01 +2.4458e-01 +3.7725e-02 -1.6596e+00
43 0 +7.139913162e-01 +7.139913162e-01 +7.802399132e+01 +7.802399132e+01 +6.7902e-02 -2.2330e-01 -2.2336e+00
59 0 +5.594237321e-01 +5.594237321e-01 +7.786942373e+01 +7.786942373e+01 +1.6149e-01 -3.5244e-01 -1.8827e+00
60 0 +3.655699237e-01 +3.655699237e-01 +7.767556992e+01 +7.767556992e+01 +2.0017e-01 -5.4108e-01 -2.0400e+00
68 0 +3.056937040e-01 +3.056937040e-01 +7.761569370e+01 +7.761569370e+01 +1.7571e-01 -7.8039e-01 -1.9988e+00
93 0 +2.633232110e-01 +2.633232110e-01 +7.757332321e+01 +7.757332321e+01 +2.4139e-01 -7.3169e-01 -2.1260e+00
119 0 +2.180151386e-01 +2.180151386e-01 +7.752801514e+01 +7.752801514e+01 +3.0118e-01 -8.7941e-01 -2.0359e+00
222 0 +1.242102530e-01 +1.242102530e-01 +7.743421025e+01 +7.743421025e+01 +5.5189e-01 -8.3256e-01 -2.3620e+00
246 0 +1.195753461e-01 +1.195753461e-01 +7.742957535e+01 +7.742957535e+01 +6.9686e-01 -5.1928e-01 -1.8597e+00
255 0 +2.215384275e-02 +2.215384275e-02 +7.733215384e+01 +7.733215384e+01 +8.3245e-01 -6.7570e-01 -2.1378e+00
452 0 +1.768011712e-02 +1.768011712e-02 +7.732768012e+01 +7.732768012e+01 +6.7362e-01 -7.1517e-01 -2.1008e+00
508 0 +1.712988252e-02 +1.712988252e-02 +7.732712988e+01 +7.732712988e+01 +6.7447e-01 -7.1742e-01 -2.1396e+00
513 0 +1.681442266e-02 +1.681442266e-02 +7.732681442e+01 +7.732681442e+01 +6.6357e-01 -7.2138e-01 -2.1234e+00
525 0 +1.578051663e-02 +1.578051663e-02 +7.732578052e+01 +7.732578052e+01 +6.7028e-01 -7.2495e-01 -2.1357e+00
764 0 +1.512314171e-02 +1.512314171e-02 +7.732512314e+01 +7.732512314e+01 +6.7234e-01 -7.2180e-01 -2.1298e+00
775 0 +1.462271526e-02 +1.462271526e-02 +7.732462272e+01 +7.732462272e+01 +6.7745e-01 -7.1379e-01 -2.1134e+00
823 0 +1.421084403e-02 +1.421084403e-02 +7.732421084e+01 +7.732421084e+01 +6.7707e-01 -7.1743e-01 -2.1246e+00
843 0 +1.362378881e-02 +1.362378881e-02 +7.732362379e+01 +7.732362379e+01 +6.8614e-01 -7.2942e-01 -2.1515e+00
858 0 +1.221371827e-02 +1.221371827e-02 +7.732221372e+01 +7.732221372e+01 +6.8981e-01 -7.1019e-01 -2.1258e+00
% f evaluations | g evaluations | best noise-free fitness - Fopt | noise-free fitness - Fopt (3.992000000000e+01) | measured fitness | best measured fitness | x1 | x2...
1 0 +4.677874282e+00 +4.677874282e+00 +4.459787428e+01 +4.459787428e+01 +0.0000e+00 +0.0000e+00 +0.0000e+00
2 0 +4.246719952e+00 +4.246719952e+00 +4.416671995e+01 +4.416671995e+01 -1.7852e-01 -6.2998e-01 +1.2448e+00
7 0 +3.553311161e+00 +3.553311161e+00 +4.347331116e+01 +4.347331116e+01 +5.6924e-01 -2.0276e-01 +1.5754e+00
12 0 +3.507689814e+00 +3.507689814e+00 +4.342768981e+01 +4.342768981e+01 +9.1682e-01 -3.4200e-01 +2.9043e+00
13 0 +3.112169607e+00 +3.112169607e+00 +4.303216961e+01 +4.303216961e+01 +9.6998e-01 -3.2078e-01 +1.7243e+00
14 0 +3.020366951e+00 +3.020366951e+00 +4.294036695e+01 +4.294036695e+01 +1.2407e+00 -6.8333e-01 +9.5725e-01
33 0 +2.595968278e+00 +2.595968278e+00 +4.251596828e+01 +4.251596828e+01 +1.3106e+00 -8.1682e-01 +1.9988e+00
43 0 +2.171781602e+00 +2.171781602e+00 +4.209178160e+01 +4.209178160e+01 +1.8274e+00 -9.5784e-01 +1.6221e+00
54 0 +1.811910368e+00 +1.811910368e+00 +4.173191037e+01 +4.173191037e+01 +2.0713e+00 -9.0657e-01 +2.2044e+00
56 0 +1.757526976e+00 +1.757526976e+00 +4.167752698e+01 +4.167752698e+01 +2.2632e+00 -7.0736e-01 +1.9455e+00
71 0 +1.458654793e+00 +1.458654793e+00 +4.137865479e+01 +4.137865479e+01 +2.6689e+00 -7.6320e-01 +1.6768e+00
73 0 +1.358553404e+00 +1.358553404e+00 +4.127855340e+01 +4.127855340e+01 +2.8076e+00 -1.1156e+00 +1.3736e+00
76 0 +5.530078308e-01 +5.530078308e-01 +4.047300783e+01 +4.047300783e+01 +3.5996e+00 -1.2744e+00 +1.6085e+00
84 0 +4.741402366e-01 +4.741402366e-01 +4.039414024e+01 +4.039414024e+01 +3.4578e+00 -1.1108e+00 +2.2174e+00
95 0 +1.384121982e-01 +1.384121982e-01 +4.005841220e+01 +4.005841220e+01 +3.8317e+00 -1.5332e+00 +2.1854e+00
102 0 +2.801867580e-02 +2.801867580e-02 +3.994801868e+01 +3.994801868e+01 +3.9193e+00 -1.2926e+00 +2.3026e+00
116 0 +2.216427970e-02 +2.216427970e-02 +3.994216428e+01 +3.994216428e+01 +3.8583e+00 -1.3378e+00 +2.3378e+00
203 0 +1.979121885e-02 +1.979121885e-02 +3.993979122e+01 +3.993979122e+01 +4.0106e+00 -9.8304e-01 +2.2877e+00
591 0 +1.904524394e-02 +1.904524394e-02 +3.993904524e+01 +3.993904524e+01 +4.0320e+00 -8.1737e-01 +2.4458e+00
592 0 +1.616728687e-02 +1.616728687e-02 +3.993616729e+01 +3.993616729e+01 +4.0282e+00 -8.2750e-01 +2.4283e+00
635 0 +1.580153748e-02 +1.580153748e-02 +3.993580154e+01 +3.993580154e+01 +4.0197e+00 -8.4478e-01 +2.4099e+00
651 0 +1.253857562e-02 +1.253857562e-02 +3.993253858e+01 +3.993253858e+01 +4.0186e+00 -8.5182e-01 +2.4424e+00
690 0 +1.180567807e-02 +1.180567807e-02 +3.993180568e+01 +3.993180568e+01 +4.0188e+00 -8.7146e-01 +2.3940e+00
699 0 +9.296410687e-03 +9.296410687e-03 +3.992929641e+01 +3.992929641e+01 +4.0183e+00 -8.8023e-01 +2.4163e+00
708 0 +8.825561319e-03 +8.825561319e-03 +3.992882556e+01 +3.992882556e+01 +4.0081e+00 -8.7558e-01 +2.4400e+00
724 0 +7.660759714e-03 +7.660759714e-03 +3.992766076e+01 +3.992766076e+01 +4.0111e+00 -8.8498e-01 +2.4158e+00
727 0 +7.533665076e-03 +7.533665076e-03 +3.992753367e+01 +3.992753367e+01 +4.0104e+00 -8.8495e-01 +2.4221e+00
740 0 +7.330409548e-03 +7.330409548e-03 +3.992733041e+01 +3.992733041e+01 +4.0122e+00 -8.9012e-01 +2.4093e+00
743 0 +6.725599037e-03 +6.725599037e-03 +3.992672560e+01 +3.992672560e+01 +4.0092e+00 -8.9824e-01 +2.4176e+00
755 0 +6.208582160e-03 +6.208582160e-03 +3.992620858e+01 +3.992620858e+01 +4.0016e+00 -9.0237e-01 +2.4179e+00
766 0 +5.938070680e-03 +5.938070680e-03 +3.992593807e+01 +3.992593807e+01 +3.9985e+00 -9.0389e-01 +2.4394e+00
770 0 +5.369095203e-03 +5.369095203e-03 +3.992536910e+01 +3.992536910e+01 +4.0015e+00 -9.0574e-01 +2.4207e+00
775 0 +4.151530826e-03 +4.151530826e-03 +3.992415153e+01 +3.992415153e+01 +3.9936e+00 -9.1972e-01 +2.4289e+00
% f evaluations | g evaluations | best noise-free fitness - Fopt | noise-free fitness - Fopt (-5.661000000000e+01) | measured fitness | best measured fitness | x1 | x2...
1 0 +2.005712615e+01 +2.005712615e+01 -3.655287385e+01 -3.655287385e+01 +0.0000e+00 +0.0000e+00 +0.0000e+00
3 0 +1.290524634e+01 +1.290524634e+01 -4.370475366e+01 -4.370475366e+01 +8.5122e-01 -9.8253e-02 +1.5098e+00
4 0 +4.806322859e+00 +4.806322859e+00 -5.180367714e+01 -5.180367714e+01 +3.4530e-01 +1.5355e+00 +1.8318e+00
14 0 +3.158579047e+00 +3.158579047e+00 -5.345142095e+01 -5.345142095e+01 +4.4503e-02 +1.9901e+00 +2.1767e+00
72 0 +2.719816380e+00 +2.719816380e+00 -5.389018362e+01 -5.389018362e+01 -8.0845e-01 +2.9624e+00 +3.1322e+00
88 0 +2.329593967e+00 +2.329593967e+00 -5.428040603e+01 -5.428040603e+01 -2.5946e-01 +3.7128e+00 +3.5970e+00
89 0 +7.120962484e-01 +7.120962484e-01 -5.589790375e+01 -5.589790375e+01 +1.4157e+00 +3.1422e+00 +3.9727e+00
102 0 +5.243705026e-01 +5.243705026e-01 -5.608562950e+01 -5.608562950e+01 +1.3903e+00 +3.0448e+00 +2.8782e+00
104 0 +2.352852250e-01 +2.352852250e-01 -5.637471477e+01 -5.637471477e+01 +1.7811e+00 +3.2129e+00 +3.3550e+00
170 0 +2.029146731e-01 +2.029146731e-01 -5.640708533e+01 -5.640708533e+01 +1.8964e+00 +2.8311e+00 +3.7929e+00
206 0 +5.206879710e-02 +5.206879710e-02 -5.655793120e+01 -5.655793120e+01 +1.9564e+00 +3.1936e+00 +2.9428e+00
271 0 +4.065304835e-02 +4.065304835e-02 -5.656934695e+01 -5.656934695e+01 +2.0057e+00 +3.0584e+00 +3.3118e+00
278 0 +3.572026286e-02 +3.572026286e-02 -5.657427974e+01 -5.657427974e+01 +1.9675e+00 +2.9899e+00 +3.0156e+00
294 0 +2.696577385e-02 +2.696577385e-02 -5.658303423e+01 -5.658303423e+01 +1.9602e+00 +3.0890e+00 +2.9964e+00
308 0 +1.890754200e-02 +1.890754200e-02 -5.659109246e+01 -5.659109246e+01 +1.9178e+00 +2.9592e+00 +2.9468e+00
311 0 +6.520176646e-03 +6.520176646e-03 -5.660347982e+01 -5.660347982e+01 +1.9579e+00 +3.0315e+00 +3.1278e+00
443 0 +3.746063229e-03 +3.746063229e-03 -5.660625394e+01 -5.660625394e+01 +1.9511e+00 +3.0050e+00 +3.1176e+00
517 0 +3.046740895e-03 +3.046740895e-03 -5.660695326e+01 -5.660695326e+01 +1.9521e+00 +2.9683e+00 +3.1578e+00
628 0 +2.624251288e-03 +2.624251288e-03 -5.660737575e+01 -5.660737575e+01 +1.9551e+00 +2.8330e+00 +3.3044e+00
765 0 +2.356205549e-03 +2.356205549e-03 -5.660764379e+01 -5.660764379e+01 +1.9533e+00 +2.8460e+00 +3.2752e+00
913 0 +2.037816502e-03 +2.037816502e-03 -5.660796218e+01 -5.660796218e+01 +1.9485e+00 +2.8319e+00 +3.2657e+00
919 0 +1.906741650e-03 +1.906741650e-03 -5.660809326e+01 -5.660809326e+01 +1.9506e+00 +2.8308e+00 +3.2857e+00
935 0 +1.729451770e-03 +1.729451770e-03 -5.660827055e+01 -5.660827055e+01 +1.9502e+00 +2.8360e+00 +3.2810e+00
966 0 +1.612714757e-03 +1.612714757e-03 -5.660838729e+01 -5.660838729e+01 +1.9516e+00 +2.8435e+00 +3.2865e+00
974 0 +1.398819980e-03 +1.398819980e-03 -5.660860118e+01 -5.660860118e+01 +1.9505e+00 +2.8428e+00 +3.2770e+00
988 0 +1.330941607e-03 +1.330941607e-03 -5.660866906e+01 -5.660866906e+01 +1.9515e+00 +2.8433e+00 +3.2814e+00
% f evaluations | g evaluations | best noise-free fitness - Fopt | noise-free fitness - Fopt (3.270000000000e+01) | measured fitness | best measured fitness | x1 | x2...
1 0 +5.514137183e+00 +5.514137183e+00 +3.821413718e+01 +3.821413718e+01 +0.0000e+00 +0.0000e+00 +0.0000e+00
2 0 +3.827860266e-01 +3.827860266e-01 +3.308278603e+01 +3.308278603e+01 -1.5968e+00 -1.1848e+00 +4.8246e-01
75 0 +3.800174729e-01 +3.800174729e-01 +3.308001747e+01 +3.308001747e+01 -1.5886e+00 -2.2059e+00 +4.6883e-01
85 0 +4.073880246e-02 +4.073880246e-02 +3.274073880e+01 +3.274073880e+01 -2.0363e+00 -1.5710e+00 +3.2090e-01
149 0 +3.556678054e-02 +3.556678054e-02 +3.273556678e+01 +3.273556678e+01 -2.0491e+00 -1.3932e+00 +1.9191e-01
202 0 +2.877939446e-02 +2.877939446e-02 +3.272877939e+01 +3.272877939e+01 -2.2260e+00 -1.4750e+00 +1.7308e-01
227 0 +2.059669593e-02 +2.059669593e-02 +3.272059670e+01 +3.272059670e+01 -2.2074e+00 -1.5368e+00 +2.3192e-01
234 0 +4.106358063e-03 +4.106358063e-03 +3.270410636e+01 +3.270410636e+01 -2.1444e+00 -1.5601e+00 +2.4110e-01
253 0 +3.520978949e-03 +3.520978949e-03 +3.270352098e+01 +3.270352098e+01 -2.1414e+00 -1.5248e+00 +2.3519e-01
338 0 +1.547222322e-03 +1.547222322e-03 +3.270154722e+01 +3.270154722e+01 -2.0349e+00 -1.6518e+00 +2.9898e-01
756 0 +1.462092725e-03 +1.462092725e-03 +3.270146209e+01 +3.270146209e+01 -2.0667e+00 -1.5029e+00 +2.4974e-01
% f evaluations | g evaluations | best noise-free fitness - Fopt | noise-free fitness - Fopt (-3.943000000000e+01) | measured fitness | best measured fitness | x1 | x2...
1 0 +3.946627112e+01 +3.946627112e+01 +3.627111596e-02 +3.627111596e-02 +0.0000e+00 +0.0000e+00 +0.0000e+00
3 0 +2.146230684e+01 +2.146230684e+01 -1.796769316e+01 -1.796769316e+01 +8.4780e-01 +4.6348e-01 -3.8172e-02
4 0 +1.492784496e+01 +1.492784496e+01 -2.450215504e+01 -2.450215504e+01 +8.1642e-01 -5.3985e-01 +3.3229e-01
13 0 +4.814365795e+00 +4.814365795e+00 -3.461563420e+01 -3.461563420e+01 +2.2635e+00 +7.4733e-01 +2.8361e-01
22 0 +4.583957159e+00 +4.583957159e+00 -3.484604284e+01 -3.484604284e+01 +2.4559e+00 -1.7645e-01 +3.0758e-01
23 0 +3.014660216e+00 +3.014660216e+00 -3.641533978e+01 -3.641533978e+01 +3.6001e+00 +5.4537e-01 +2.0385e+00
30 0 +2.687069512e+00 +2.687069512e+00 -3.674293049e+01 -3.674293049e+01 +3.1418e+00 +3.4848e+00 +8.6668e-01
118 0 +2.175364756e+00 +2.175364756e+00 -3.725463524e+01 -3.725463524e+01 +3.6942e+00 +5.5090e+00 +3.6953e+00
133 0 +1.486071794e+00 +1.486071794e+00 -3.794392821e+01 -3.794392821e+01 +3.5049e+00 +4.7353e+00 +3.6219e+00
188 0 +4.814495521e-01 +4.814495521e-01 -3.894855045e+01 -3.894855045e+01 +3.2520e+00 +3.4106e+00 +3.4481e+00
193 0 +3.717601271e-01 +3.717601271e-01 -3.905823987e+01 -3.905823987e+01 +4.3567e+00 +3.6769e+00 +3.0769e+00
277 0 +3.437236402e-01 +3.437236402e-01 -3.908627636e+01 -3.908627636e+01 +3.8943e+00 +2.8415e+00 +3.3422e+00
313 0 +3.239748430e-01 +3.239748430e-01 -3.910602516e+01 -3.910602516e+01 +3.2545e+00 +3.1360e+00 +2.7390e+00
427 0 +2.853347510e-01 +2.853347510e-01 -3.914466525e+01 -3.914466525e+01 +3.6387e+00 +2.9471e+00 +3.1770e+00
461 0 +2.054851898e-01 +2.054851898e-01 -3.922451481e+01 -3.922451481e+01 +3.7100e+00 +3.2912e+00 +3.2868e+00
466 0 +1.705184363e-01 +1.705184363e-01 -3.925948156e+01 -3.925948156e+01 +3.9776e+00 +3.1405e+00 +3.3467e+00
471 0 +1.314557324e-01 +1.314557324e-01 -3.929854427e+01 -3.929854427e+01 +3.4244e+00 +3.2813e+00 +3.1267e+00
482 0 +1.228241200e-01 +1.228241200e-01 -3.930717588e+01 -3.930717588e+01 +3.5988e+00 +3.1516e+00 +3.0500e+00
484 0 +8.340125142e-02 +8.340125142e-02 -3.934659875e+01 -3.934659875e+01 +3.7604e+00 +3.3858e+00 +3.0371e+00
492 0 +5.484496422e-02 +5.484496422e-02 -3.937515504e+01 -3.937515504e+01 +3.7691e+00 +3.3675e+00 +3.0145e+00
493 0 +4.450964927e-02 +4.450964927e-02 -3.938549035e+01 -3.938549035e+01 +3.6272e+00 +3.2991e+00 +3.0486e+00
496 0 +3.178874153e-02 +3.178874153e-02 -3.939821126e+01 -3.939821126e+01 +3.7751e+00 +3.2438e+00 +3.0531e+00
504 0 +2.905959978e-02 +2.905959978e-02 -3.940094040e+01 -3.940094040e+01 +3.7550e+00 +3.2575e+00 +3.0348e+00
514 0 +1.990661141e-02 +1.990661141e-02 -3.941009339e+01 -3.941009339e+01 +3.8700e+00 +3.3000e+00 +3.0355e+00
540 0 +1.010052814e-02 +1.010052814e-02 -3.941989947e+01 -3.941989947e+01 +3.8910e+00 +3.3173e+00 +3.0013e+00
553 0 +5.449542857e-03 +5.449542857e-03 -3.942455046e+01 -3.942455046e+01 +3.8834e+00 +3.3065e+00 +2.9942e+00
557 0 +4.318277233e-03 +4.318277233e-03 -3.942568172e+01 -3.942568172e+01 +3.8264e+00 +3.3237e+00 +2.9855e+00
575 0 +4.086314913e-03 +4.086314913e-03 -3.942591369e+01 -3.942591369e+01 +3.8034e+00 +3.3338e+00 +2.9744e+00
586 0 +2.222867580e-03 +2.222867580e-03 -3.942777713e+01 -3.942777713e+01 +3.8027e+00 +3.3407e+00 +2.9587e+00
602 0 +2.077726435e-03 +2.077726435e-03 -3.942792227e+01 -3.942792227e+01 +3.7972e+00 +3.3368e+00 +2.9666e+00
665 0 +1.945371642e-03 +1.945371642e-03 -3.942805463e+01 -3.942805463e+01 +3.7882e+00 +3.3407e+00 +2.9623e+00
711 0 +1.898807123e-03 +1.898807123e-03 -3.942810119e+01 -3.942810119e+01 +3.7948e+00 +3.3406e+00 +2.9630e+00
721 0 +1.725662277e-03 +1.725662277e-03 -3.942827434e+01 -3.942827434e+01 +3.7920e+00 +3.3413e+00 +2.9615e+00
786 0 +1.486094910e-03 +1.486094910e-03 -3.942851391e+01 -3.942851391e+01 +3.8061e+00 +3.3396e+00 +2.9633e+00
804 0 +1.089471346e-03 +1.089471346e-03 -3.942891053e+01 -3.942891053e+01 +3.8035e+00 +3.3500e+00 +2.9521e+00
809 0 +1.025366039e-03 +1.025366039e-03 -3.942897463e+01 -3.942897463e+01 +3.8026e+00 +3.3456e+00 +2.9550e+00
812 0 +7.581887913e-04 +7.581887913e-04 -3.942924181e+01 -3.942924181e+01 +3.7979e+00 +3.3492e+00 +2.9519e+00
823 0 +6.888430566e-04 +6.888430566e-04 -3.942931116e+01 -3.942931116e+01 +3.7993e+00 +3.3497e+00 +2.9512e+00
836 0 +6.234133091e-04 +6.234133091e-04 -3.942937659e+01 -3.942937659e+01 +3.8055e+00 +3.3504e+00 +2.9507e+00
850 0 +5.325077485e-04 +5.325077485e-04 -3.942946749e+01 -3.942946749e+01 +3.8056e+00 +3.3502e+00 +2.9504e+00
867 0 +5.022428746e-04 +5.022428746e-04 -3.942949776e+01 -3.942949776e+01 +3.8054e+00 +3.3514e+00 +2.9493e+00
869 0 +4.710199604e-04 +4.710199604e-04 -3.942952898e+01 -3.942952898e+01 +3.8085e+00 +3.3506e+00 +2.9498e+00
% f evaluations | g evaluations | best noise-free fitness - Fopt | noise-free fitness - Fopt (4.197200000000e+02) | measured fitness | best measured fitness | x1 | x2...
1 0 +9.089863808e+00 +9.089863808e+00 +4.288098638e+02 +4.288098638e+02 +0.0000e+00 +0.0000e+00 +0.0000e+00
2 0 +7.694751424e+00 +7.694751424e+00 +4.274147514e+02 +4.274147514e+02 -1.1940e-01 +3.8328e-01 +3.1366e-01
4 0 +5.630521563e+00 +5.630521563e+00 +4.253505216e+02 +4.253505216e+02 -1.4199e+00 +4.3025e-01 -1.2967e+00
13 0 +4.779379241e+00 +4.779379241e+00 +4.244993792e+02 +4.244993792e+02 -9.5338e-01 +9.4298e-01 +1.9153e-01
20 0 +1.717236674e+00 +1.717236674e+00 +4.214372367e+02 +4.214372367e+02 -5.4954e-01 +2.0166e+00 -1.1845e-01
22 0 +1.362087253e+00 +1.362087253e+00 +4.210820873e+02 +4.210820873e+02 -6.7664e-01 +1.5382e+00 -1.8681e+00
26 0 +4.588771470e-01 +4.588771470e-01 +4.201788771e+02 +4.201788771e+02 -1.1552e+00 +3.0036e+00 -9.1834e-01
42 0 +4.550561939e-01 +4.550561939e-01 +4.201750562e+02 +4.201750562e+02 -1.6941e+00 +2.2420e+00 -1.4620e+00
49 0 +4.023493738e-01 +4.023493738e-01 +4.201223494e+02 +4.201223494e+02 -7.2390e-01 +2.4716e+00 -9.7435e-01
65 0 +1.373640346e-01 +1.373640346e-01 +4.198573640e+02 +4.198573640e+02 -1.5028e+00 +2.7479e+00 -1.4277e+00
156 0 +1.310644932e-01 +1.310644932e-01 +4.198510645e+02 +4.198510645e+02 -9.5149e-01 +3.1266e+00 -1.5675e+00
165 0 +9.478525746e-02 +9.478525746e-02 +4.198147853e+02 +4.198147853e+02 -1.0425e+00 +2.9140e+00 -1.4867e+00
176 0 +9.160895601e-02 +9.160895601e-02 +4.198116090e+02 +4.198116090e+02 -9.1679e-01 +3.0113e+00 -1.3392e+00
187 0 +5.104060658e-02 +5.104060658e-02 +4.197710406e+02 +4.197710406e+02 -8.9294e-01 +2.9916e+00 -1.4140e+00
195 0 +4.675420168e-02 +4.675420168e-02 +4.197667542e+02 +4.197667542e+02 -8.9397e-01 +2.9434e+00 -1.3625e+00
206 0 +1.711330012e-02 +1.711330012e-02 +4.197371133e+02 +4.197371133e+02 -9.3364e-01 +2.8714e+00 -1.3620e+00
312 0 +1.636062379e-02 +1.636062379e-02 +4.197363606e+02 +4.197363606e+02 -9.4468e-01 +2.8779e+00 -1.3721e+00
320 0 +1.491018617e-02 +1.491018617e-02 +4.197349102e+02 +4.197349102e+02 -9.4795e-01 +2.8729e+00 -1.3627e+00
330 0 +1.095123351e-02 +1.095123351e-02 +4.197309512e+02 +4.197309512e+02 -9.8289e-01 +2.8783e+00 -1.3647e+00
341 0 +1.001452461e-02 +1.001452461e-02 +4.197300145e+02 +4.197300145e+02 -1.0407e+00 +2.8803e+00 -1.3589e+00
398 0 +7.477021777e-03 +7.477021777e-03 +4.197274770e+02 +4.197274770e+02 -1.0641e+00 +2.7735e+00 -1.3118e+00
545 0 +6.955781948e-03 +6.955781948e-03 +4.197269558e+02 +4.197269558e+02 -1.0715e+00 +2.8830e+00 -1.3628e+00
556 0 +4.302575966e-03 +4.302575966e-03 +4.197243026e+02 +4.197243026e+02 -1.1048e+00 +2.8809e+00 -1.3645e+00
631 0 +2.660273896e-03 +2.660273896e-03 +4.197226603e+02 +4.197226603e+02 -1.0498e+00 +2.8272e+00 -1.3435e+00
830 0 +2.603844882e-03 +2.603844882e-03 +4.197226038e+02 +4.197226038e+02 -1.0507e+00 +2.8273e+00 -1.3434e+00
862 0 +2.552634316e-03 +2.552634316e-03 +4.197225526e+02 +4.197225526e+02 -1.0512e+00 +2.8239e+00 -1.3417e+00
872 0 +2.463248383e-03 +2.463248383e-03 +4.197224632e+02 +4.197224632e+02 -1.0536e+00 +2.8205e+00 -1.3408e+00
949 0 +2.367990034e-03 +2.367990034e-03 +4.197223680e+02 +4.197223680e+02 -1.0620e+00 +2.8248e+00 -1.3407e+00
955 0 +2.311785985e-03 +2.311785985e-03 +4.197223118e+02 +4.197223118e+02 -1.0555e+00 +2.8224e+00 -1.3409e+00
959 0 +2.097622951e-03 +2.097622951e-03 +4.197220976e+02 +4.197220976e+02 -1.0637e+00 +2.8311e+00 -1.3446e+00
966 0 +2.042300665e-03 +2.042300665e-03 +4.197220423e+02 +4.197220423e+02 -1.0615e+00 +2.8259e+00 -1.3426e+00
974 0 +1.949157872e-03 +1.949157872e-03 +4.197219492e+02 +4.197219492e+02 -1.0637e+00 +2.8216e+00 -1.3412e+00
985 0 +1.876094070e-03 +1.876094070e-03 +4.197218761e+02 +4.197218761e+02 -1.0743e+00 +2.8276e+00 -1.3422e+00
988 0 +1.820666738e-03 +1.820666738e-03 +4.197218207e+02 +4.197218207e+02 -1.0674e+00 +2.8230e+00 -1.3406e+00
995 0 +1.300731122e-03 +1.300731122e-03 +4.197213007e+02 +4.197213007e+02 -1.0771e+00 +2.8175e+00 -1.3386e+00
% f evaluations | g evaluations | best noise-free fitness - Fopt | noise-free fitness - Fopt (7.640000000000e+00) | measured fitness | best measured fitness | x1 | x2...
1 0 +1.153050492e+01 +1.153050492e+01 +1.917050492e+01 +1.917050492e+01 +0.0000e+00 +0.0000e+00 +0.0000e+00
2 0 +9.359309654e+00 +9.359309654e+00 +1.699930965e+01 +1.699930965e+01 -1.5400e-01 -3.3119e-01 +1.3915e-01
12 0 +8.315694135e+00 +8.315694135e+00 +1.595569413e+01 +1.595569413e+01 +5.0528e-02 -4.7102e-01 +2.2521e-01
27 0 +8.109048499e+00 +8.109048499e+00 +1.574904850e+01 +1.574904850e+01 -2.6230e-01 -2.4556e-01 +2.9454e-01
35 0 +7.801893839e+00 +7.801893839e+00 +1.544189384e+01 +1.544189384e+01 -7.2973e-01 -1.7415e-01 +3.7141e-01
37 0 +7.180327386e+00 +7.180327386e+00 +1.482032739e+01 +1.482032739e+01 +3.4972e-02 -1.7863e-01 +4.1222e-01
42 0 +6.502630144e+00 +6.502630144e+00 +1.414263014e+01 +1.414263014e+01 +5.0456e-01 -1.1945e+00 +3.9801e-01
47 0 +6.426765416e+00 +6.426765416e+00 +1.406676542e+01 +1.406676542e+01 -1.1293e+00 +3.4093e-01 +7.8896e-01
49 0 +5.347272605e+00 +5.347272605e+00 +1.298727260e+01 +1.298727260e+01 +6.9505e-01 -3.3227e-01 +6.8736e-01
55 0 +3.297569598e+00 +3.297569598e+00 +1.093756960e+01 +1.093756960e+01 +1.0501e+00 +6.3109e-01 +1.6769e+00
59 0 +2.471783466e+00 +2.471783466e+00 +1.011178347e+01 +1.011178347e+01 +1.2960e+00 +2.2546e+00 +1.9762e+00
222 0 +1.811658427e+00 +1.811658427e+00 +9.451658427e+00 +9.451658427e+00 +2.1394e+00 +1.6605e+00 +3.5673e+00
257 0 +9.514252555e-01 +9.514252555e-01 +8.591425255e+00 +8.591425255e+00 +2.9140e+00 +1.8657e+00 +2.8271e+00
321 0 +8.741453922e-01 +8.741453922e-01 +8.514145392e+00 +8.514145392e+00 +2.5525e+00 +2.4666e+00 +2.6085e+00
384 0 +3.359592283e-01 +3.359592283e-01 +7.975959228e+00 +7.975959228e+00 +3.0898e+00 +3.0028e+00 +2.8621e+00
% f evaluations | g evaluations | best noise-free fitness - Fopt | noise-free fitness - Fopt (-1.276800000000e+02) | measured fitness | best measured fitness | x1 | x2...
1 0 +9.869504027e+01 +9.869504027e+01 -2.898495973e+01 -2.898495973e+01 +0.0000e+00 +0.0000e+00 +0.0000e+00
4 0 +9.514491648e+01 +9.514491648e+01 -3.253508352e+01 -3.253508352e+01 +7.9202e-01 -9.0269e-01 +6.9529e-02
6 0 +5.729329086e+01 +5.729329086e+01 -7.038670914e+01 -7.038670914e+01 +3.4366e-02 +1.6546e+00 +7.0578e-02
8 0 +3.145485898e+01 +3.145485898e+01 -9.622514102e+01 -9.622514102e+01 +1.2955e-01 +2.9259e+00 +2.2475e-01
16 0 +5.527861499e+00 +5.527861499e+00 -1.221521385e+02 -1.221521385e+02 -3.1965e-02 +6.0820e+00 +5.7891e-01
27 0 +4.285430096e+00 +4.285430096e+00 -1.233945699e+02 -1.233945699e+02 +1.8131e+00 +5.6332e+00 -7.8686e-02
31 0 +2.655079675e+00 +2.655079675e+00 -1.250249203e+02 -1.250249203e+02 +1.6444e-01 +4.7140e+00 +2.1669e+00
35 0 +2.466025950e+00 +2.466025950e+00 -1.252139741e+02 -1.252139741e+02 +1.2830e+00 +3.7679e+00 +3.8610e+00
188 0 +1.492020521e+00 +1.492020521e+00 -1.261879795e+02 -1.261879795e+02 +3.0911e+00 +2.5581e+00 +2.8736e+00
192 0 +1.235779856e+00 +1.235779856e+00 -1.264442201e+02 -1.264442201e+02 +2.8438e+00 +4.9947e+00 +2.7504e+00
267 0 +1.070820075e+00 +1.070820075e+00 -1.266091799e+02 -1.266091799e+02 +2.3418e+00 +4.8328e+00 +3.0953e+00
280 0 +5.195348366e-01 +5.195348366e-01 -1.271604652e+02 -1.271604652e+02 +2.7291e+00 +4.4924e+00 +2.5991e+00
326 0 +1.193466218e-01 +1.193466218e-01 -1.275606534e+02 -1.275606534e+02 +2.7145e+00 +3.9787e+00 +2.6926e+00
476 0 +8.529522806e-02 +8.529522806e-02 -1.275947048e+02 -1.275947048e+02 +2.5472e+00 +3.9177e+00 +2.7801e+00
492 0 +1.657231388e-02 +1.657231388e-02 -1.276634277e+02 -1.276634277e+02 +2.3983e+00 +3.8888e+00 +2.6848e+00
695 0 +7.004881428e-03 +7.004881428e-03 -1.276729951e+02 -1.276729951e+02 +2.3108e+00 +3.8403e+00 +2.6181e+00
% f evaluations | g evaluations | best noise-free fitness - Fopt | noise-free fitness - Fopt (-3.650000000000e+01) | measured fitness | best measured fitness | x1 | x2...
1 0 +1.701682776e+01 +1.701682776e+01 -1.948317224e+01 -1.948317224e+01 +0.0000e+00 +0.0000e+00 +0.0000e+00
2 0 +1.067558289e+01 +1.067558289e+01 -2.582441711e+01 -2.582441711e+01 +2.3980e-01 +1.0059e+00 -1.0451e-02
5 0 +9.373207502e+00 +9.373207502e+00 -2.712679250e+01 -2.712679250e+01 +1.3362e+00 +1.2972e-01 +2.1520e-02
12 0 +4.534070089e+00 +4.534070089e+00 -3.196592991e+01 -3.196592991e+01 +2.7901e+00 +4.3960e-01 -1.1851e-01
22 0 +4.215664474e+00 +4.215664474e+00 -3.228433553e+01 -3.228433553e+01 +2.8528e+00 +1.5996e+00 +3.6063e-02
48 0 +3.324165022e+00 +3.324165022e+00 -3.317583498e+01 -3.317583498e+01 +3.8267e+00 +1.0655e+00 +1.3700e-01
55 0 +3.286335585e+00 +3.286335585e+00 -3.321366442e+01 -3.321366442e+01 +3.6937e+00 +8.9302e-01 +6.9207e-02
67 0 +3.223509113e+00 +3.223509113e+00 -3.327649089e+01 -3.327649089e+01 +3.5830e+00 +8.1048e-01 +8.7861e-02
266 0 +3.160045504e+00 +3.160045504e+00 -3.333995450e+01 -3.333995450e+01 +3.2869e+00 +8.7437e-01 +1.0486e-01
295 0 +3.088169204e+00 +3.088169204e+00 -3.341183080e+01 -3.341183080e+01 +3.3339e+00 +7.8587e-01 +1.5807e-01
480 0 +3.019315038e+00 +3.019315038e+00 -3.348068496e+01 -3.348068496e+01 +2.8456e+00 +7.1551e-01 +2.6137e-01
543 0 +2.949254351e+00 +2.949254351e+00 -3.355074565e+01 -3.355074565e+01 +2.9662e+00 +8.9863e-01 +2.8638e-01
573 0 +2.838144743e+00 +2.838144743e+00 -3.366185526e+01 -3.366185526e+01 +3.1135e+00 +8.1295e-01 +3.3816e-01
583 0 +2.808738800e+00 +2.808738800e+00 -3.369126120e+01 -3.369126120e+01 +3.0400e+00 +8.5023e-01 +3.6681e-01
688 0 +2.753862549e+00 +2.753862549e+00 -3.374613745e+01 -3.374613745e+01 +3.0496e+00 +7.4863e-01 +3.9658e-01
785 0 +2.689148348e+00 +2.689148348e+00 -3.381085165e+01 -3.381085165e+01 +3.1172e+00 +7.3534e-01 +4.5050e-01
950 0 +2.526312910e+00 +2.526312910e+00 -3.397368709e+01 -3.397368709e+01 +3.2586e+00 +9.7772e-01 +7.1542e-01
956 0 +2.371095358e+00 +2.371095358e+00 -3.412890464e+01 -3.412890464e+01 +2.6678e+00 +8.3803e-01 +7.1929e-01
977 0 +2.273547788e+00 +2.273547788e+00 -3.422645221e+01 -3.422645221e+01 +2.6714e+00 +7.7133e-01 +7.6891e-01
992 0 +2.195084684e+00 +2.195084684e+00 -3.430491532e+01 -3.430491532e+01 +2.8936e+00 +6.6887e-01 +8.2978e-01
% f evaluations | g evaluations | best noise-free fitness - Fopt | noise-free fitness - Fopt (1.728700000000e+02) | measured fitness | best measured fitness | x1 | x2...
1 0 +1.012247057e+01 +1.012247057e+01 +1.829924706e+02 +1.829924706e+02 +0.0000e+00 +0.0000e+00 +0.0000e+00
2 0 +8.977005660e+00 +8.977005660e+00 +1.818470057e+02 +1.818470057e+02 -4.9137e-02 -6.2850e-01 -5.9727e-01
10 0 +8.022585848e+00 +8.022585848e+00 +1.808925858e+02 +1.808925858e+02 -1.7097e-01 -7.3622e-01 +5.6101e-01
15 0 +4.401669067e+00 +4.401669067e+00 +1.772716691e+02 +1.772716691e+02 +5.2988e-01 -1.3345e+00 +1.8319e-01
22 0 +2.951580619e+00 +2.951580619e+00 +1.758215806e+02 +1.758215806e+02 +1.0072e+00 -9.2284e-01 +1.0369e+00
33 0 +1.071607217e+00 +1.071607217e+00 +1.739416072e+02 +1.739416072e+02 +2.2372e+00 -1.5110e+00 +1.4147e+00
45 0 +4.858869653e-01 +4.858869653e-01 +1.733558870e+02 +1.733558870e+02 +2.7784e+00 -7.8235e-01 +1.5233e+00
% f evaluations | g evaluations | best noise-free fitness - Fopt | noise-free fitness - Fopt (1.577200000000e+02) | measured fitness | best measured fitness | x1 | x2...
1 0 +2.224499975e+01 +2.224499975e+01 +1.799649998e+02 +1.799649998e+02 +0.0000e+00 +0.0000e+00 +0.0000e+00
2 0 +2.159369040e+01 +2.159369040e+01 +1.793136904e+02 +1.793136904e+02 +1.4210e-01 -2.1033e+00 +2.7798e-02
4 0 +1.988319250e+01 +1.988319250e+01 +1.776031925e+02 +1.776031925e+02 -4.1489e-01 -2.6594e+00 +4.0374e-02
28 0 +1.887204085e+01 +1.887204085e+01 +1.765920408e+02 +1.765920408e+02 -9.0771e-01 -2.6391e+00 -2.1617e-02
38 0 +1.729963986e+01 +1.729963986e+01 +1.750196399e+02 +1.750196399e+02 -1.2998e+00 -2.7023e+00 +3.6966e-02
46 0 +1.401809979e+01 +1.401809979e+01 +1.717380998e+02 +1.717380998e+02 -2.6035e+00 -2.9034e+00 +3.4306e-02
90 0 +1.326836700e+01 +1.326836700e+01 +1.709883670e+02 +1.709883670e+02 -2.6303e+00 -3.3172e+00 +1.4211e-01
105 0 +1.209582712e+01 +1.209582712e+01 +1.698158271e+02 +1.698158271e+02 -3.2031e+00 -1.4177e+00 +1.8138e-01
116 0 +1.183305967e+01 +1.183305967e+01 +1.695530597e+02 +1.695530597e+02 -3.0690e+00 -2.8981e+00 +2.0932e-01
136 0 +1.153386034e+01 +1.153386034e+01 +1.692538603e+02 +1.692538603e+02 -3.1729e+00 -3.0870e+00 +2.1980e-01
141 0 +1.138858896e+01 +1.138858896e+01 +1.691085890e+02 +1.691085890e+02 -3.3219e+00 -3.0856e+00 +1.9624e-01
144 0 +1.095229030e+01 +1.095229030e+01 +1.686722903e+02 +1.686722903e+02 -3.4621e+00 -2.4415e+00 +2.4283e-01
156 0 +1.048187921e+01 +1.048187921e+01 +1.682018792e+02 +1.682018792e+02 -3.7043e+00 -2.4379e+00 +2.4718e-01
165 0 +1.036144355e+01 +1.036144355e+01 +1.680814436e+02 +1.680814436e+02 -3.7257e+00 -2.9408e+00 +2.4572e-01
169 0 +1.001946585e+01 +1.001946585e+01 +1.677394659e+02 +1.677394659e+02 -3.9794e+00 -2.8988e+00 +2.3114e-01
172 0 +9.569073019e+00 +9.569073019e+00 +1.672890730e+02 +1.672890730e+02 -4.4116e+00 -1.3917e+00 +2.4536e-01
177 0 +9.011498743e+00 +9.011498743e+00 +1.667314987e+02 +1.667314987e+02 -4.5458e+00 -3.6480e+00 +2.4707e-01
209 0 +8.842697072e+00 +8.842697072e+00 +1.665626971e+02 +1.665626971e+02 -4.4844e+00 -3.2357e+00 +2.9696e-01
219 0 +8.601574880e+00 +8.601574880e+00 +1.663215749e+02 +1.663215749e+02 -4.6079e+00 -3.3309e+00 +3.1004e-01
231 0 +8.504548418e+00 +8.504548418e+00 +1.662245484e+02 +1.662245484e+02 -4.7238e+00 -2.5318e+00 +3.1174e-01
233 0 +8.293417780e+00 +8.293417780e+00 +1.660134178e+02 +1.660134178e+02 -5.1072e+00 -3.7968e+00 +2.4910e-01
241 0 +7.858803800e+00 +7.858803800e+00 +1.655788038e+02 +1.655788038e+02 -5.6863e+00 -3.8796e+00 +2.1847e-01
249 0 +7.563143096e+00 +7.563143096e+00 +1.652831431e+02 +1.652831431e+02 -5.9051e+00 -2.3852e+00 +2.3636e-01
254 0 +7.156532716e+00 +7.156532716e+00 +1.648765327e+02 +1.648765327e+02 -6.4261e+00 -3.6299e+00 +2.7570e-01
279 0 +7.028029736e+00 +7.028029736e+00 +1.647480297e+02 +1.647480297e+02 -6.1939e+00 -3.9286e+00 +3.5576e-01
282 0 +6.861592824e+00 +6.861592824e+00 +1.645815928e+02 +1.645815928e+02 -6.5922e+00 -2.4883e+00 +3.1452e-01
322 0 +6.752144405e+00 +6.752144405e+00 +1.644721444e+02 +1.644721444e+02 -6.8296e+00 -2.8311e+00 +3.2914e-01
449 0 +6.598168659e+00 +6.598168659e+00 +1.643181687e+02 +1.643181687e+02 -7.0838e+00 -2.7811e+00 +3.7216e-01
538 0 +6.447463477e+00 +6.447463477e+00 +1.641674635e+02 +1.641674635e+02 -6.4452e+00 -2.8943e+00 +4.6789e-01
558 0 +6.306977773e+00 +6.306977773e+00 +1.640269778e+02 +1.640269778e+02 -7.0371e+00 -2.5950e+00 +4.9101e-01
641 0 +5.956190178e+00 +5.956190178e+00 +1.636761902e+02 +1.636761902e+02 -6.5839e+00 -2.5053e+00 +6.2393e-01
% f evaluations | g evaluations | best noise-free fitness - Fopt | noise-free fitness - Fopt (2.819000000000e+01) | measured fitness | best measured fitness | x1 | x2...
1 0 +4.024145258e+00 +4.024145258e+00 +3.221414526e+01 +3.221414526e+01 +0.0000e+00 +0.0000e+00 +0.0000e+00
2 0 +3.930819666e+00 +3.930819666e+00 +3.212081967e+01 +3.212081967e+01 +6.6500e-02 +6.9333e-02 -8.3157e-02
4 0 +1.776385533e+00 +1.776385533e+00 +2.996638553e+01 +2.996638553e+01 +8.7904e-01 -1.6711e-02 -4.8510e-01
8 0 +3.606671133e-01 +3.606671133e-01 +2.855066711e+01 +2.855066711e+01 +1.5103e+00 -3.8096e-01 +5.0563e-01
12 0 +1.663901919e-01 +1.663901919e-01 +2.835639019e+01 +2.835639019e+01 +1.6498e+00 -3.7441e-01 +2.2798e-02
41 0 +1.036495213e-01 +1.036495213e-01 +2.829364952e+01 +2.829364952e+01 +1.9251e+00 -4.2412e-01 +4.6483e-02
59 0 +9.812242049e-02 +9.812242049e-02 +2.828812242e+01 +2.828812242e+01 +2.1251e+00 -7.5670e-01 +5.3317e-01
64 0 +6.746005252e-02 +6.746005252e-02 +2.825746005e+01 +2.825746005e+01 +1.5881e+00 -7.5616e-01 +5.3715e-01
94 0 +5.808520844e-02 +5.808520844e-02 +2.824808521e+01 +2.824808521e+01 +1.9510e+00 -6.9883e-01 +2.7913e-01
116 0 +4.861733974e-02 +4.861733974e-02 +2.823861734e+01 +2.823861734e+01 +1.6980e+00 -6.7085e-01 +4.0600e-01
118 0 +2.759410590e-02 +2.759410590e-02 +2.821759411e+01 +2.821759411e+01 +1.7735e+00 -6.9700e-01 +4.1742e-01
127 0 +2.318779830e-02 +2.318779830e-02 +2.821318780e+01 +2.821318780e+01 +1.7943e+00 -8.1294e-01 +4.9037e-01
128 0 +2.154262326e-02 +2.154262326e-02 +2.821154262e+01 +2.821154262e+01 +1.8548e+00 -5.9530e-01 +2.6985e-01
130 0 +7.443079141e-03 +7.443079141e-03 +2.819744308e+01 +2.819744308e+01 +1.8458e+00 -6.9687e-01 +3.8533e-01
139 0 +3.984044064e-03 +3.984044064e-03 +2.819398404e+01 +2.819398404e+01 +1.9235e+00 -6.8660e-01 +3.5373e-01
159 0 +5.483510423e-04 +5.483510423e-04 +2.819054835e+01 +2.819054835e+01 +1.8678e+00 -7.0204e-01 +3.8098e-01
245 0 +1.862925595e-04 +1.862925595e-04 +2.819018629e+01 +2.819018629e+01 +1.8618e+00 -7.3538e-01 +4.2518e-01
515 0 +1.539873707e-04 +1.539873707e-04 +2.819015399e+01 +2.819015399e+01 +1.8638e+00 -7.2881e-01 +4.1602e-01
531 0 +9.421559951e-05 +9.421559951e-05 +2.819009422e+01 +2.819009422e+01 +1.8584e+00 -7.2836e-01 +4.1537e-01
565 0 +2.189760900e-05 +2.189760900e-05 +2.819002190e+01 +2.819002190e+01 +1.8469e+00 -7.2941e-01 +4.1684e-01
% f evaluations | g evaluations | best noise-free fitness - Fopt | noise-free fitness - Fopt (-9.925000000000e+01) | measured fitness | best measured fitness | x1 | x2...
1 0 +1.100556898e+01 +1.100556898e+01 -8.824443102e+01 -8.824443102e+01 +0.0000e+00 +0.0000e+00 +0.0000e+00
4 0 +9.376188456e+00 +9.376188456e+00 -8.987381154e+01 -8.987381154e+01 +4.6177e-02 -5.3848e-01 -1.0999e+00
8 0 +7.487457656e+00 +7.487457656e+00 -9.176254234e+01 -9.176254234e+01 +1.3080e+00 -6.2205e-01 +5.9267e-01
17 0 +3.135517736e+00 +3.135517736e+00 -9.611448226e+01 -9.611448226e+01 +1.6750e+00 -1.5509e+00 +3.3375e-01
35 0 +2.825808430e+00 +2.825808430e+00 -9.642419157e+01 -9.642419157e+01 +1.2242e+00 -1.6845e+00 +3.4806e-01
47 0 +2.561532641e+00 +2.561532641e+00 -9.668846736e+01 -9.668846736e+01 +1.1374e+00 -2.0004e+00 +5.9992e-01
60 0 +2.132661248e+00 +2.132661248e+00 -9.711733875e+01 -9.711733875e+01 +1.4744e+00 -2.3025e+00 +9.9879e-01
62 0 +1.613686163e+00 +1.613686163e+00 -9.763631384e+01 -9.763631384e+01 +1.2665e+00 -2.3301e+00 +3.8542e-01
69 0 +9.723362056e-01 +9.723362056e-01 -9.827766379e+01 -9.827766379e+01 +1.5582e+00 -2.6284e+00 +2.9690e-01
79 0 +9.011943271e-01 +9.011943271e-01 -9.834880567e+01 -9.834880567e+01 +1.5886e+00 -2.7672e+00 +6.0631e-01
85 0 +7.439302301e-01 +7.439302301e-01 -9.850606977e+01 -9.850606977e+01 +1.7144e+00 -2.9402e+00 +1.3776e-01
91 0 +6.651206116e-01 +6.651206116e-01 -9.858487939e+01 -9.858487939e+01 +1.8049e+00 -2.7714e+00 +2.8647e-01
92 0 +5.246308576e-01 +5.246308576e-01 -9.872536914e+01 -9.872536914e+01 +1.8137e+00 -3.0180e+00 +7.4724e-01
104 0 +5.077459974e-01 +5.077459974e-01 -9.874225400e+01 -9.874225400e+01 +1.7809e+00 -3.0902e+00 +4.6993e-01
109 0 +3.421535364e-01 +3.421535364e-01 -9.890784646e+01 -9.890784646e+01 +1.8942e+00 -3.1660e+00 +6.5354e-01
112 0 +3.188016951e-01 +3.188016951e-01 -9.893119830e+01 -9.893119830e+01 +1.9885e+00 -3.0599e+00 +6.0853e-01
117 0 +2.984227440e-01 +2.984227440e-01 -9.895157726e+01 -9.895157726e+01 +1.9818e+00 -3.1252e+00 +7.0740e-01
127 0 +2.450177314e-01 +2.450177314e-01 -9.900498227e+01 -9.900498227e+01 +2.2797e+00 -2.9836e+00 +2.9651e-01
129 0 +1.138611618e-01 +1.138611618e-01 -9.913613884e+01 -9.913613884e+01 +2.0884e+00 -3.3460e+00 +6.6146e-01
139 0 +6.607962337e-02 +6.607962337e-02 -9.918392038e+01 -9.918392038e+01 +2.1248e+00 -3.4105e+00 +6.8871e-01
146 0 +5.113353318e-02 +5.113353318e-02 -9.919886647e+01 -9.919886647e+01 +2.3013e+00 -3.2049e+00 +4.8889e-01
163 0 +3.130034231e-02 +3.130034231e-02 -9.921869966e+01 -9.921869966e+01 +2.1658e+00 -3.7562e+00 +6.7627e-01
275 0 +2.216074093e-02 +2.216074093e-02 -9.922783926e+01 -9.922783926e+01 +2.1156e+00 -3.6555e+00 +7.3394e-01
289 0 +1.509504373e-02 +1.509504373e-02 -9.923490496e+01 -9.923490496e+01 +2.1272e+00 -3.6900e+00 +6.9374e-01
392 0 +1.469732525e-02 +1.469732525e-02 -9.923530267e+01 -9.923530267e+01 +2.1273e+00 -3.6348e+00 +6.8762e-01
397 0 +1.159261341e-02 +1.159261341e-02 -9.923840739e+01 -9.923840739e+01 +2.1365e+00 -3.6364e+00 +6.8043e-01
407 0 +1.074927983e-02 +1.074927983e-02 -9.923925072e+01 -9.923925072e+01 +2.1382e+00 -3.6573e+00 +6.8609e-01
408 0 +1.068925092e-02 +1.068925092e-02 -9.923931075e+01 -9.923931075e+01 +2.1372e+00 -3.6437e+00 +6.8823e-01
421 0 +9.204305453e-03 +9.204305453e-03 -9.924079569e+01 -9.924079569e+01 +2.1447e+00 -3.6528e+00 +6.7728e-01
426 0 +8.417317254e-03 +8.417317254e-03 -9.924158268e+01 -9.924158268e+01 +2.1483e+00 -3.6309e+00 +6.7318e-01
438 0 +8.188895923e-03 +8.188895923e-03 -9.924181110e+01 -9.924181110e+01 +2.1513e+00 -3.6433e+00 +6.6374e-01
545 0 +5.936893137e-03 +5.936893137e-03 -9.924406311e+01 -9.924406311e+01 +2.1678e+00 -3.6254e+00 +6.5474e-01
584 0 +3.238418670e-03 +3.238418670e-03 -9.924676158e+01 -9.924676158e+01 +2.2220e+00 -3.6591e+00 +5.7890e-01
591 0 +1.188421349e-03 +1.188421349e-03 -9.924881158e+01 -9.924881158e+01 +2.2126e+00 -3.6142e+00 +5.9436e-01
607 0 +1.049046041e-03 +1.049046041e-03 -9.924895095e+01 -9.924895095e+01 +2.2243e+00 -3.6336e+00 +5.7500e-01
623 0 +1.002131061e-03 +1.002131061e-03 -9.924899787e+01 -9.924899787e+01 +2.2173e+00 -3.5998e+00 +5.9040e-01
661 0 +4.115474003e-04 +4.115474003e-04 -9.924958845e+01 -9.924958845e+01 +2.2404e+00 -3.6071e+00 +5.5755e-01
788 0 +3.975552776e-04 +3.975552776e-04 -9.924960244e+01 -9.924960244e+01 +2.2281e+00 -3.6004e+00 +5.7483e-01
