% f evaluations | g evaluations | best noise-free fitness - Fopt | noise-free fitness - Fopt (-5.235000000000e+01) | measured fitness | best measured fitness | x1 | x2...
1 0 +6.365678814e+01 +6.365678814e+01 +1.130678814e+01 +1.130678814e+01 +0.0000e+00 +0.0000e+00 +0.0000e+00 +0.0000e+00 +0.0000e+00
2 0 +4.655504104e+01 +4.655504104e+01 -5.794958957e+00 -5.794958957e+00 -9.2876e-02 -1.3228e-01 +2.4689e-01 -7.5300e-02 -3.6419e-01
6 0 +4.164463433e+01 +4.164463433e+01 -1.070536567e+01 -1.070536567e+01 +2.2172e-01 -1.1414e+00 +4.3166e-02 +4.6668e-01 -9.8267e-01
7 0 +1.983264217e+01 +1.983264217e+01 -3.251735783e+01 -3.251735783e+01 +4.1263e-02 -2.5589e+00 +3.1745e-03 -3.1398e-01 -3.4828e-01
14 0 +1.497816862e+01 +1.497816862e+01 -3.737183138e+01 -3.737183138e+01 +3.4897e-01 -3.6133e+00 +1.1312e-01 +7.7560e-01 -1.5523e+00
22 0 +1.027640615e+01 +1.027640615e+01 -4.207359385e+01 -4.207359385e+01 +2.0949e-01 -4.6473e+00 +1.9016e-01 +4.0690e-01 -6.1186e-01
28 0 +7.580589805e+00 +7.580589805e+00 -4.476941019e+01 -4.476941019e+01 +1.6803e-01 -5.1735e+00 +3.4687e-01 +3.9653e-01 -1.1751e+00
41 0 +7.329524818e+00 +7.329524818e+00 -4.502047518e+01 -4.502047518e+01 +4.8464e-01 -5.8669e+00 +1.4074e-01 -1.9559e-01 -1.9554e+00
48 0 +4.869793318e+00 +4.869793318e+00 -4.748020668e+01 -4.748020668e+01 +4.0849e-01 -3.1114e+00 +7.3493e-01 -3.5670e-01 -2.8829e+00
49 0 +3.002315252e+00 +3.002315252e+00 -4.934768475e+01 -4.934768475e+01 -1.0178e-04 -3.4738e+00 +1.0275e+00 -1.4910e+00 -1.4968e+00
59 0 +1.728727131e+00 +1.728727131e+00 -5.062127287e+01 -5.062127287e+01 -1.2382e+00 -1.1508e-01 +2.0045e+00 -1.2756e+00 -2.5089e+00
76 0 +1.095442640e+00 +1.095442640e+00 -5.125455736e+01 -5.125455736e+01 -9.0435e-02 -1.3692e+00 +1.8497e+00 -1.6640e+00 -1.5744e+00
84 0 +8.999640859e-01 +8.999640859e-01 -5.145003591e+01 -5.145003591e+01 -1.6036e-01 -1.6628e+00 +2.0809e+00 -2.6754e+00 -1.2700e+00
101 0 +6.122792910e-01 +6.122792910e-01 -5.173772071e+01 -5.173772071e+01 -9.4996e-01 -1.4182e+00 +2.1882e+00 -1.5155e+00 -1.6895e+00
128 0 +4.656901744e-01 +4.656901744e-01 -5.188430983e+01 -5.188430983e+01 -4.2913e-01 -1.3249e+00 +2.9977e+00 -2.3698e+00 -2.2226e+00
183 0 +4.552468985e-01 +4.552468985e-01 -5.189475310e+01 -5.189475310e+01 -4.5483e-01 -1.2270e+00 +3.1868e+00 -2.6237e+00 -1.9871e+00
188 0 +3.799802958e-01 +3.799802958e-01 -5.197001970e+01 -5.197001970e+01 -4.8306e-01 -1.4049e+00 +2.9948e+00 -2.5899e+00 -1.7027e+00
205 0 +3.366810229e-01 +3.366810229e-01 -5.201331898e+01 -5.201331898e+01 -5.3814e-01 -1.2632e+00 +2.9696e+00 -2.4663e+00 -2.1682e+00
211 0 +2.894161210e-01 +2.894161210e-01 -5.206058388e+01 -5.206058388e+01 -6.1434e-01 -1.3443e+00 +2.6694e+00 -2.2588e+00 -2.1030e+00
235 0 +1.628471733e-01 +1.628471733e-01 -5.218715283e+01 -5.218715283e+01 -7.0073e-01 -1.3775e+00 +2.8105e+00 -2.4821e+00 -1.8220e+00
264 0 +1.467914690e-01 +1.467914690e-01 -5.220320853e+01 -5.220320853e+01 -6.3809e-01 -1.2774e+00 +2.6289e+00 -2.2651e+00 -1.8082e+00
282 0 +1.060512780e-01 +1.060512780e-01 -5.224394872e+01 -5.224394872e+01 -6.5416e-01 -1.2221e+00 +2.6378e+00 -2.1946e+00 -1.8035e+00
305 0 +8.424263440e-02 +8.424263440e-02 -5.226575737e+01 -5.226575737e+01 -6.6593e-01 -1.1294e+00 +2.6689e+00 -2.2375e+00 -1.8007e+00
484 0 +7.685331232e-02 +7.685331232e-02 -5.227314669e+01 -5.227314669e+01 -6.2393e-01 -1.1101e+00 +2.5926e+00 -2.0658e+00 -1.3205e+00
502 0 +6.486749862e-02 +6.486749862e-02 -5.228513250e+01 -5.228513250e+01 -6.4842e-01 -1.0735e+00 +2.5671e+00 -2.0851e+00 -1.4195e+00
514 0 +4.171713130e-02 +4.171713130e-02 -5.230828287e+01 -5.230828287e+01 -6.6939e-01 -1.1287e+00 +2.5640e+00 -2.0753e+00 -1.4568e+00
522 0 +3.758240863e-02 +3.758240863e-02 -5.231241759e+01 -5.231241759e+01 -6.8110e-01 -1.1471e+00 +2.5261e+00 -2.1120e+00 -1.3939e+00
640 0 +1.970601923e-02 +1.970601923e-02 -5.233029398e+01 -5.233029398e+01 -7.3664e-01 -1.1794e+00 +2.5301e+00 -2.1818e+00 -1.5095e+00
852 0 +1.821443178e-02 +1.821443178e-02 -5.233178557e+01 -5.233178557e+01 -7.4182e-01 -1.1664e+00 +2.4972e+00 -2.1641e+00 -1.5893e+00
857 0 +1.759325221e-02 +1.759325221e-02 -5.233240675e+01 -5.233240675e+01 -7.3717e-01 -1.1571e+00 +2.5022e+00 -2.1428e+00 -1.5552e+00
866 0 +1.630775234e-02 +1.630775234e-02 -5.233369225e+01 -5.233369225e+01 -7.3425e-01 -1.1514e+00 +2.4979e+00 -2.1424e+00 -1.5190e+00
885 0 +1.400673980e-02 +1.400673980e-02 -5.233599326e+01 -5.233599326e+01 -7.4516e-01 -1.1591e+00 +2.5011e+00 -2.1503e+00 -1.5096e+00
978 0 +1.365774682e-02 +1.365774682e-02 -5.233634225e+01 -5.233634225e+01 -7.3512e-01 -1.1485e+00 +2.4962e+00 -2.1632e+00 -1.5136e+00
993 0 +1.340265676e-02 +1.340265676e-02 -5.233659734e+01 -5.233659734e+01 -7.3815e-01 -1.1531e+00 +2.4932e+00 -2.1622e+00 -1.5182e+00
% f evaluations | g evaluations | best noise-free fitness - Fopt | noise-free fitness - Fopt (-1.795400000000e+02) | measured fitness | best measured fitness | x1 | x2...
1 0 +4.659982524e+01 +4.659982524e+01 -1.329401748e+02 -1.329401748e+02 +0.0000e+00 +0.0000e+00 +0.0000e+00 +0.0000e+00 +0.0000e+00
2 0 +1.270382705e+01 +1.270382705e+01 -1.668361729e+02 -1.668361729e+02 +8.4734e-02 +1.8778e+00 +7.6118e-01 -3.3955e-01 +2.2475e+00
14 0 +1.222373582e+01 +1.222373582e+01 -1.673162642e+02 -1.673162642e+02 +4.0906e+00 +8.3189e-01 +1.0420e-01 +1.2127e+00 +4.1051e+00
15 0 +5.549293738e+00 +5.549293738e+00 -1.739907063e+02 -1.739907063e+02 +8.4407e-02 -5.2108e-01 +8.7733e-01 +6.7332e-01 +6.2599e+00
71 0 +5.006710813e+00 +5.006710813e+00 -1.745332892e+02 -1.745332892e+02 +3.1475e+00 -6.0840e-01 -2.2954e+00 +1.1843e+00 +7.0283e+00
118 0 +3.655346550e+00 +3.655346550e+00 -1.758846535e+02 -1.758846535e+02 +9.7887e-01 +1.4159e+00 -3.7212e+00 +1.7638e+00 +6.5420e+00
247 0 +2.561868546e+00 +2.561868546e+00 -1.769781315e+02 -1.769781315e+02 +4.2552e-01 +1.3133e+00 -3.3044e+00 +3.9666e+00 +2.0236e+00
252 0 +2.457477682e+00 +2.457477682e+00 -1.770825223e+02 -1.770825223e+02 +1.4859e+00 -9.8294e-01 -2.4053e+00 +3.0293e+00 +5.4900e+00
297 0 +3.374187205e-01 +3.374187205e-01 -1.792025813e+02 -1.792025813e+02 +1.9581e-01 +8.8797e-01 -3.1335e+00 +2.6858e+00 +3.9923e+00
472 0 +2.421880587e-01 +2.421880587e-01 -1.792978119e+02 -1.792978119e+02 +7.2855e-01 +5.5687e-01 -3.1368e+00 +2.7424e+00 +3.6111e+00
544 0 +1.491137160e-01 +1.491137160e-01 -1.793908863e+02 -1.793908863e+02 +7.0301e-01 +8.3724e-01 -3.3731e+00 +2.5618e+00 +4.1786e+00
557 0 +1.423820824e-01 +1.423820824e-01 -1.793976179e+02 -1.793976179e+02 +5.4601e-01 +1.4316e-01 -3.6021e+00 +2.1628e+00 +3.8521e+00
812 0 +8.230488818e-02 +8.230488818e-02 -1.794576951e+02 -1.794576951e+02 +8.6728e-01 +4.0286e-01 -3.5440e+00 +1.9717e+00 +3.7622e+00
965 0 +7.736042697e-02 +7.736042697e-02 -1.794626396e+02 -1.794626396e+02 +6.1797e-01 +5.0324e-01 -3.4418e+00 +1.9414e+00 +3.7592e+00
% f evaluations | g evaluations | best noise-free fitness - Fopt | noise-free fitness - Fopt (7.731000000000e+01) | measured fitness | best measured fitness | x1 | x2...
1 0 +5.790293055e+00 +5.790293055e+00 +8.310029306e+01 +8.310029306e+01 +0.0000e+00 +0.0000e+00 +0.0000e+00 +0.0000e+00 +0.0000e+00
3 0 +5.310905492e+00 +5.310905492e+00 +8.262090549e+01 +8.262090549e+01 -3.0397e-02 +1.0367e+00 +8.5829e-02 +1.4034e-02 +4.8454e-01
13 0 +4.749685391e+00 +4.749685391e+00 +8.205968539e+01 +8.205968539e+01 +4.1635e-02 +1.0476e+00 +1.3257e-01 -1.8231e+00 +1.8287e+00
44 0 +3.218930126e+00 +3.218930126e+00 +8.052893013e+01 +8.052893013e+01 +6.3377e-02 +7.1517e-01 -6.3961e-01 -1.5165e+00 -8.1563e-01
62 0 +2.482831539e+00 +2.482831539e+00 +7.979283154e+01 +7.979283154e+01 +1.1472e-01 +5.6416e-01 -6.5822e-01 -1.0346e+00 +1.3605e-02
83 0 +2.384895310e+00 +2.384895310e+00 +7.969489531e+01 +7.969489531e+01 +1.5114e-01 +6.3828e-01 -6.4233e-01 -1.2510e+00 +5.1339e-01
95 0 +1.998926667e+00 +1.998926667e+00 +7.930892667e+01 +7.930892667e+01 +1.0255e-01 +8.0397e-02 -6.7772e-01 -1.4619e+00 +1.0450e+00
100 0 +1.947092131e+00 +1.947092131e+00 +7.925709213e+01 +7.925709213e+01 +1.1622e-01 +3.5210e-01 -6.9777e-01 -1.5522e+00 +4.2965e-01
162 0 +1.755413220e+00 +1.755413220e+00 +7.906541322e+01 +7.906541322e+01 +1.2889e-01 -2.7075e-01 -8.6499e-01 -2.5518e+00 +1.5771e+00
213 0 +1.704511404e+00 +1.704511404e+00 +7.901451140e+01 +7.901451140e+01 +1.3141e-01 +3.6235e-01 -8.1839e-01 -2.3064e+00 +7.5664e-01
217 0 +1.511860045e+00 +1.511860045e+00 +7.882186004e+01 +7.882186004e+01 +1.6211e-01 +1.3826e-01 -9.2777e-01 -2.4430e+00 +1.4830e+00
220 0 +1.347753400e+00 +1.347753400e+00 +7.865775340e+01 +7.865775340e+01 +1.6003e-01 +1.0244e-01 -8.5790e-01 -2.0754e+00 +1.0039e+00
260 0 +1.208399802e+00 +1.208399802e+00 +7.851839980e+01 +7.851839980e+01 +1.7116e-01 -1.8498e-01 -9.8557e-01 -2.3730e+00 +1.1815e+00
271 0 +1.106318927e+00 +1.106318927e+00 +7.841631893e+01 +7.841631893e+01 +1.8045e-01 -1.3778e-01 -1.0104e+00 -1.8726e+00 +7.8551e-01
276 0 +1.053824093e+00 +1.053824093e+00 +7.836382409e+01 +7.836382409e+01 +1.7839e-01 -3.5929e-01 -1.0414e+00 -2.1248e+00 +9.4304e-01
311 0 +1.032636694e+00 +1.032636694e+00 +7.834263669e+01 +7.834263669e+01 +1.5287e-01 -1.1797e-01 -1.1203e+00 -2.3113e+00 +6.7546e-01
332 0 +1.009212563e+00 +1.009212563e+00 +7.831921256e+01 +7.831921256e+01 +1.5459e-01 -5.9805e-01 -1.1494e+00 -1.6484e+00 +1.2546e+00
354 0 +9.781817913e-01 +9.781817913e-01 +7.828818179e+01 +7.828818179e+01 +1.6431e-01 -5.4870e-01 -1.1827e+00 -1.8298e+00 +6.6179e-01
357 0 +8.954615797e-01 +8.954615797e-01 +7.820546158e+01 +7.820546158e+01 +1.7007e-01 -3.9106e-01 -1.1762e+00 -2.2591e+00 +1.0451e+00
367 0 +8.605386774e-01 +8.605386774e-01 +7.817053868e+01 +7.817053868e+01 +1.6878e-01 -5.5885e-01 -1.2222e+00 -2.1218e+00 +1.3223e+00
372 0 +8.428260741e-01 +8.428260741e-01 +7.815282607e+01 +7.815282607e+01 +1.6519e-01 -4.8469e-01 -1.2197e+00 -2.0990e+00 +1.2841e+00
378 0 +8.078011285e-01 +8.078011285e-01 +7.811780113e+01 +7.811780113e+01 +1.7290e-01 -4.4001e-01 -1.2372e+00 -2.1087e+00 +1.2448e+00
401 0 +7.926290657e-01 +7.926290657e-01 +7.810262907e+01 +7.810262907e+01 +1.6315e-01 -3.3023e-01 -1.2270e+00 -2.0691e+00 +1.0493e+00
411 0 +7.664935400e-01 +7.664935400e-01 +7.807649354e+01 +7.807649354e+01 +1.7291e-01 -4.5230e-01 -1.2432e+00 -2.0809e+00 +9.5383e-01
423 0 +7.421721726e-01 +7.421721726e-01 +7.805217217e+01 +7.805217217e+01 +1.7569e-01 -4.0575e-01 -1.2896e+00 -2.1769e+00 +9.2846e-01
424 0 +7.248046892e-01 +7.248046892e-01 +7.803480469e+01 +7.803480469e+01 +1.6200e-01 -4.8827e-01 -1.2805e+00 -1.9739e+00 +1.0208e+00
430 0 +7.164229314e-01 +7.164229314e-01 +7.802642293e+01 +7.802642293e+01 +1.6814e-01 -5.8584e-01 -1.3020e+00 -1.8484e+00 +9.6303e-01
445 0 +6.769120713e-01 +6.769120713e-01 +7.798691207e+01 +7.798691207e+01 +1.6574e-01 -6.4876e-01 -1.3344e+00 -1.9988e+00 +9.8386e-01
498 0 +6.741128653e-01 +6.741128653e-01 +7.798411287e+01 +7.798411287e+01 +1.4089e-01 -5.8651e-01 -1.3479e+00 -1.9066e+00 +1.1369e+00
544 0 +6.583069002e-01 +6.583069002e-01 +7.796830690e+01 +7.796830690e+01 +1.3568e-01 -6.3798e-01 -1.3615e+00 -1.8905e+00 +1.1075e+00
552 0 +6.431319316e-01 +6.431319316e-01 +7.795313193e+01 +7.795313193e+01 +1.3662e-01 -7.8198e-01 -1.3805e+00 -1.8541e+00 +1.0594e+00
597 0 +6.288817705e-01 +6.288817705e-01 +7.793888177e+01 +7.793888177e+01 +1.5190e-01 -6.9927e-01 -1.3955e+00 -2.0036e+00 +1.2082e+00
612 0 +6.110860979e-01 +6.110860979e-01 +7.792108610e+01 +7.792108610e+01 +1.3786e-01 -7.5708e-01 -1.4108e+00 -1.9541e+00 +1.0748e+00
625 0 +5.820424947e-01 +5.820424947e-01 +7.789204249e+01 +7.789204249e+01 +1.4459e-01 -8.3467e-01 -1.4345e+00 -1.9233e+00 +1.1167e+00
657 0 +5.487734578e-01 +5.487734578e-01 +7.785877346e+01 +7.785877346e+01 +1.4250e-01 -7.5803e-01 -1.4785e+00 -1.7965e+00 +1.1223e+00
789 0 +5.265838792e-01 +5.265838792e-01 +7.783658388e+01 +7.783658388e+01 +1.5282e-01 -8.6117e-01 -1.4834e+00 -1.8141e+00 +1.1363e+00
814 0 +5.217258151e-01 +5.217258151e-01 +7.783172582e+01 +7.783172582e+01 +1.5379e-01 -8.6262e-01 -1.5081e+00 -1.9058e+00 +1.2695e+00
823 0 +5.103966359e-01 +5.103966359e-01 +7.782039664e+01 +7.782039664e+01 +1.5028e-01 -8.9439e-01 -1.5151e+00 -1.7676e+00 +1.1108e+00
833 0 +4.864562670e-01 +4.864562670e-01 +7.779645627e+01 +7.779645627e+01 +1.5151e-01 -8.0474e-01 -1.5505e+00 -1.8501e+00 +1.2149e+00
865 0 +4.768027809e-01 +4.768027809e-01 +7.778680278e+01 +7.778680278e+01 +1.5590e-01 -8.4433e-01 -1.5522e+00 -1.8681e+00 +1.2180e+00
906 0 +4.640101715e-01 +4.640101715e-01 +7.777401017e+01 +7.777401017e+01 +1.7059e-01 -8.5631e-01 -1.5504e+00 -1.8368e+00 +1.0879e+00
922 0 +4.559720842e-01 +4.559720842e-01 +7.776597208e+01 +7.776597208e+01 +1.6774e-01 -8.9659e-01 -1.5585e+00 -1.8627e+00 +1.1452e+00
% f evaluations | g evaluations | best noise-free fitness - Fopt | noise-free fitness - Fopt (3.992000000000e+01) | measured fitness | best measured fitness | x1 | x2...
1 0 +5.631352716e+00 +5.631352716e+00 +4.555135272e+01 +4.555135272e+01 +0.0000e+00 +0.0000e+00 +0.0000e+00 +0.0000e+00 +0.0000e+00
5 0 +5.102997717e+00 +5.102997717e+00 +4.502299772e+01 +4.502299772e+01 +3.3718e-01 -1.1791e+00 +5.1658e-01 -2.7791e-01 +2.7310e-02
25 0 +4.992795844e+00 +4.992795844e+00 +4.491279584e+01 +4.491279584e+01 +7.9891e-02 -3.5335e-01 +1.5942e-01 -1.8192e+00 +1.5234e-01
35 0 +4.897561560e+00 +4.897561560e+00 +4.481756156e+01 +4.481756156e+01 -6.6336e-02 -4.5913e-01 +5.8405e-01 -2.2905e+00 +9.7279e-02
42 0 +4.358395210e+00 +4.358395210e+00 +4.427839521e+01 +4.427839521e+01 +2.6854e-01 -3.4740e-01 +1.2463e+00 -2.3526e+00 +7.1895e-02
98 0 +4.013632190e+00 +4.013632190e+00 +4.393363219e+01 +4.393363219e+01 +1.6544e+00 +2.6252e-01 +1.1936e+00 -2.9235e-01 -7.3533e-02
104 0 +3.715115318e+00 +3.715115318e+00 +4.363511532e+01 +4.363511532e+01 +1.3213e+00 +8.6587e-01 +1.6914e+00 -2.5216e+00 -1.8419e-01
171 0 +3.127538909e+00 +3.127538909e+00 +4.304753891e+01 +4.304753891e+01 +2.0216e+00 -1.2037e+00 +1.1588e+00 -1.9421e+00 -5.4654e-02
229 0 +2.883576106e+00 +2.883576106e+00 +4.280357611e+01 +4.280357611e+01 +2.0058e+00 -1.7024e+00 +1.8072e+00 -2.4067e+00 -1.6878e-01
261 0 +2.623699193e+00 +2.623699193e+00 +4.254369919e+01 +4.254369919e+01 +2.5440e+00 +4.1920e-01 +2.2084e+00 -1.7410e+00 -3.2923e-01
287 0 +2.401425076e+00 +2.401425076e+00 +4.232142508e+01 +4.232142508e+01 +3.6624e+00 +1.7437e-01 +2.9177e+00 -2.8383e+00 -5.5517e-01
288 0 +2.157913260e+00 +2.157913260e+00 +4.207791326e+01 +4.207791326e+01 +4.5811e+00 -3.2911e-01 +2.7174e+00 -1.9105e+00 -5.4991e-01
323 0 +1.803813166e+00 +1.803813166e+00 +4.172381317e+01 +4.172381317e+01 +3.9816e+00 -5.4914e-01 +2.6769e+00 -2.4604e+00 -4.8299e-01
342 0 +1.685810020e+00 +1.685810020e+00 +4.160581002e+01 +4.160581002e+01 +4.0496e+00 -4.4704e-01 +2.6807e+00 -2.1733e+00 -4.7910e-01
344 0 +1.642996239e+00 +1.642996239e+00 +4.156299624e+01 +4.156299624e+01 +3.9099e+00 -3.5731e-01 +2.7572e+00 -2.2591e+00 -4.9847e-01
359 0 +1.579012845e+00 +1.579012845e+00 +4.149901284e+01 +4.149901284e+01 +3.8911e+00 -4.7477e-01 +2.7128e+00 -2.1639e+00 -4.7620e-01
360 0 +1.541059021e+00 +1.541059021e+00 +4.146105902e+01 +4.146105902e+01 +3.9211e+00 -4.6117e-01 +2.6292e+00 -1.9527e+00 -4.7196e-01
366 0 +1.440905553e+00 +1.440905553e+00 +4.136090555e+01 +4.136090555e+01 +3.8248e+00 -5.6001e-01 +2.6520e+00 -1.9803e+00 -4.8613e-01
379 0 +1.409382364e+00 +1.409382364e+00 +4.132938236e+01 +4.132938236e+01 +3.7590e+00 -6.5897e-01 +2.6221e+00 -1.9109e+00 -4.7979e-01
408 0 +1.361912197e+00 +1.361912197e+00 +4.128191220e+01 +4.128191220e+01 +3.7061e+00 -1.0154e+00 +2.5215e+00 -1.9065e+00 -5.1126e-01
439 0 +1.346581190e+00 +1.346581190e+00 +4.126658119e+01 +4.126658119e+01 +3.8534e+00 -7.4485e-01 +2.6084e+00 -1.8755e+00 -5.1674e-01
476 0 +1.314964313e+00 +1.314964313e+00 +4.123496431e+01 +4.123496431e+01 +3.8207e+00 -8.7485e-01 +2.6286e+00 -1.9062e+00 -5.2929e-01
% f evaluations | g evaluations | best noise-free fitness - Fopt | noise-free fitness - Fopt (-5.661000000000e+01) | measured fitness | best measured fitness | x1 | x2...
1 0 +2.609235543e+01 +2.609235543e+01 -3.051764457e+01 -3.051764457e+01 +0.0000e+00 +0.0000e+00 +0.0000e+00 +0.0000e+00 +0.0000e+00
2 0 +2.433751478e+01 +2.433751478e+01 -3.227248522e+01 -3.227248522e+01 +1.2576e+00 -1.0041e+00 -2.0688e-01 +1.7474e-01 -3.1570e-01
5 0 +2.321068741e+01 +2.321068741e+01 -3.339931259e+01 -3.339931259e+01 +2.9529e+00 -2.9200e-01 -1.5352e+00 -1.4685e-01 -1.3667e+00
10 0 +2.015269910e+01 +2.015269910e+01 -3.645730090e+01 -3.645730090e+01 -1.0022e+00 +3.2281e-01 +1.3528e+00 -4.9777e-01 -1.8485e+00
13 0 +1.275832863e+01 +1.275832863e+01 -4.385167137e+01 -4.385167137e+01 +2.4093e+00 -1.5809e+00 +1.1734e+00 -7.6442e-01 -2.2622e+00
14 0 +8.225883027e+00 +8.225883027e+00 -4.838411697e+01 -4.838411697e+01 +1.9664e+00 +2.2977e-01 +6.1247e-01 -1.1983e+00 -3.8966e+00
29 0 +7.981516486e+00 +7.981516486e+00 -4.862848351e+01 -4.862848351e+01 +1.5954e+00 +1.5028e+00 +1.6706e+00 -2.0849e-01 -2.6917e+00
31 0 +7.024314161e+00 +7.024314161e+00 -4.958568584e+01 -4.958568584e+01 +3.3866e+00 +1.0314e+00 +1.5183e+00 -1.0815e+00 -1.3395e+00
33 0 +2.288018053e+00 +2.288018053e+00 -5.432198195e+01 -5.432198195e+01 +1.2829e+00 +2.4612e+00 +3.4853e+00 -1.7642e+00 -2.4783e+00
% f evaluations | g evaluations | best noise-free fitness - Fopt | noise-free fitness - Fopt (3.270000000000e+01) | measured fitness | best measured fitness | x1 | x2...
1 0 +4.414936464e+00 +4.414936464e+00 +3.711493646e+01 +3.711493646e+01 +0.0000e+00 +0.0000e+00 +0.0000e+00 +0.0000e+00 +0.0000e+00
5 0 +4.106911317e+00 +4.106911317e+00 +3.680691132e+01 +3.680691132e+01 -6.9585e-01 -1.0499e-01 +1.8759e+00 +1.9501e-01 -1.6829e-01
6 0 +2.689404240e+00 +2.689404240e+00 +3.538940424e+01 +3.538940424e+01 -7.1396e-01 -9.1383e-02 -4.7075e-01 +1.2820e+00 -5.6744e-01
17 0 +2.562918424e+00 +2.562918424e+00 +3.526291842e+01 +3.526291842e+01 -1.5250e+00 +7.7273e-02 +1.1046e+00 +4.6732e-01 -3.9370e-01
20 0 +2.246428257e+00 +2.246428257e+00 +3.494642826e+01 +3.494642826e+01 -1.1993e+00 +8.3293e-02 +1.0427e+00 +1.1497e+00 +2.3297e-01
48 0 +2.210585468e+00 +2.210585468e+00 +3.491058547e+01 +3.491058547e+01 -1.5996e+00 +2.7757e-01 +8.1950e-01 +1.2608e+00 +5.4434e-01
55 0 +2.070857834e+00 +2.070857834e+00 +3.477085783e+01 +3.477085783e+01 -1.3807e+00 +1.1377e-01 +7.9692e-01 +1.3412e+00 +3.5189e-01
64 0 +1.973804647e+00 +1.973804647e+00 +3.467380465e+01 +3.467380465e+01 -1.6752e+00 +1.8735e-01 -1.6372e-01 +1.2865e+00 +6.4490e-01
77 0 +1.878824826e+00 +1.878824826e+00 +3.457882483e+01 +3.457882483e+01 -1.3685e+00 +8.2842e-02 +1.9092e-02 +1.1398e+00 +4.1065e-01
100 0 +1.797263200e+00 +1.797263200e+00 +3.449726320e+01 +3.449726320e+01 -1.6308e+00 +7.0516e-02 +6.5507e-01 +9.6558e-01 +3.5882e-01
147 0 +1.619810458e+00 +1.619810458e+00 +3.431981046e+01 +3.431981046e+01 -1.7051e+00 -6.6780e-03 +1.7405e-01 +1.0249e+00 +6.1237e-01
152 0 +1.442595585e+00 +1.442595585e+00 +3.414259558e+01 +3.414259558e+01 -1.8351e+00 -6.1316e-02 +5.2969e-01 +1.3657e+00 +5.8318e-02
927 0 +1.168738606e+00 +1.168738606e+00 +3.386873861e+01 +3.386873861e+01 -2.5142e+00 -8.2067e-01 +7.8264e-01 +7.9494e-01 -8.7990e-01
% f evaluations | g evaluations | best noise-free fitness - Fopt | noise-free fitness - Fopt (-3.943000000000e+01) | measured fitness | best measured fitness | x1 | x2...
1 0 +3.111580989e+01 +3.111580989e+01 -8.314190107e+00 -8.314190107e+00 +0.0000e+00 +0.0000e+00 +0.0000e+00 +0.0000e+00 +0.0000e+00
3 0 +1.938977204e+01 +1.938977204e+01 -2.004022796e+01 -2.004022796e+01 +1.1518e+00 -7.2021e-01 +3.7522e-01 +3.5749e-02 -6.4575e-01
14 0 +1.862295206e+01 +1.862295206e+01 -2.080704794e+01 -2.080704794e+01 +2.3993e-01 +3.2095e-01 +8.8872e-01 +3.9639e-02 -1.4515e+00
22 0 +1.384612877e+01 +1.384612877e+01 -2.558387123e+01 -2.558387123e+01 +8.4704e-01 +7.9149e-01 +7.1999e-01 -3.6327e-02 -5.1660e-01
34 0 +1.066247749e+01 +1.066247749e+01 -2.876752251e+01 -2.876752251e+01 +1.4363e+00 +2.5369e+00 +6.6104e-01 -1.1196e-02 -6.0517e-01
50 0 +5.472649513e+00 +5.472649513e+00 -3.395735049e+01 -3.395735049e+01 +2.6409e+00 +2.6286e+00 +2.6792e-01 -1.1479e-01 -3.9113e-01
178 0 +5.284209531e+00 +5.284209531e+00 -3.414579047e+01 -3.414579047e+01 +5.0695e+00 +5.7383e+00 -5.2724e-01 -1.8262e-01 -8.6991e-01
183 0 +4.897965452e+00 +4.897965452e+00 -3.453203455e+01 -3.453203455e+01 +3.1341e+00 +2.9765e+00 +2.6559e-01 -8.1909e-02 -1.3187e+00
184 0 +4.613858948e+00 +4.613858948e+00 -3.481614105e+01 -3.481614105e+01 +5.5025e+00 +1.9668e+00 +7.1602e-01 -1.8241e-01 -1.5458e+00
211 0 +2.447731397e+00 +2.447731397e+00 -3.698226860e+01 -3.698226860e+01 +3.9860e+00 +2.3143e+00 +1.7916e+00 -5.0747e-02 -1.4780e-01
285 0 +2.340884542e+00 +2.340884542e+00 -3.708911546e+01 -3.708911546e+01 +4.5139e+00 +2.9851e+00 +2.0924e+00 -6.1086e-01 +7.5361e-01
364 0 +1.904128201e+00 +1.904128201e+00 -3.752587180e+01 -3.752587180e+01 +4.3378e+00 +3.9643e+00 +2.1274e+00 -1.8507e-01 +7.1028e-01
391 0 +1.829298758e+00 +1.829298758e+00 -3.760070124e+01 -3.760070124e+01 +4.1971e+00 +3.7332e+00 +2.1764e+00 -2.2930e-01 +7.7679e-01
394 0 +1.709001244e+00 +1.709001244e+00 -3.772099876e+01 -3.772099876e+01 +4.2443e+00 +2.9240e+00 +2.5542e+00 -2.5068e-01 +1.1020e+00
403 0 +1.629355650e+00 +1.629355650e+00 -3.780064435e+01 -3.780064435e+01 +4.2232e+00 +3.1905e+00 +2.6160e+00 -2.7082e-01 +1.0216e+00
405 0 +1.615317023e+00 +1.615317023e+00 -3.781468298e+01 -3.781468298e+01 +4.0874e+00 +3.0661e+00 +2.6679e+00 -2.3497e-01 +9.8378e-01
451 0 +1.574304446e+00 +1.574304446e+00 -3.785569555e+01 -3.785569555e+01 +4.1212e+00 +3.5296e+00 +2.5223e+00 -2.4924e-01 +1.3790e+00
542 0 +1.539724117e+00 +1.539724117e+00 -3.789027588e+01 -3.789027588e+01 +4.2460e+00 +3.4903e+00 +2.6128e+00 -2.4573e-01 +1.3299e+00
621 0 +1.505141826e+00 +1.505141826e+00 -3.792485817e+01 -3.792485817e+01 +4.0937e+00 +3.5074e+00 +2.5654e+00 -2.1315e-01 +1.3182e+00
674 0 +1.478076428e+00 +1.478076428e+00 -3.795192357e+01 -3.795192357e+01 +4.1296e+00 +3.4626e+00 +2.6114e+00 -2.0570e-01 +1.2633e+00
774 0 +1.390709221e+00 +1.390709221e+00 -3.803929078e+01 -3.803929078e+01 +3.9983e+00 +3.4453e+00 +2.4443e+00 -9.3084e-02 +1.3269e+00
806 0 +1.365707196e+00 +1.365707196e+00 -3.806429280e+01 -3.806429280e+01 +4.1536e+00 +3.0486e+00 +2.8669e+00 -8.3640e-02 +1.1892e+00
842 0 +1.283474068e+00 +1.283474068e+00 -3.814652593e+01 -3.814652593e+01 +4.0368e+00 +3.6293e+00 +2.4856e+00 +1.1215e-02 +1.1662e+00
856 0 +1.224923965e+00 +1.224923965e+00 -3.820507604e+01 -3.820507604e+01 +4.1388e+00 +3.2857e+00 +2.6881e+00 -3.7458e-02 +1.2892e+00
887 0 +1.134108115e+00 +1.134108115e+00 -3.829589189e+01 -3.829589189e+01 +4.1137e+00 +3.3307e+00 +3.0089e+00 +5.1381e-02 +1.4669e+00
958 0 +1.099716191e+00 +1.099716191e+00 -3.833028381e+01 -3.833028381e+01 +3.9149e+00 +3.3563e+00 +2.8590e+00 +5.3150e-02 +1.4057e+00
986 0 +1.096462499e+00 +1.096462499e+00 -3.833353750e+01 -3.833353750e+01 +4.0776e+00 +3.1736e+00 +2.8028e+00 +7.1495e-02 +1.3907e+00
% f evaluations | g evaluations | best noise-free fitness - Fopt | noise-free fitness - Fopt (4.197200000000e+02) | measured fitness | best measured fitness | x1 | x2...
1 0 +9.194692953e+01 +9.194692953e+01 +5.116669295e+02 +5.116669295e+02 +0.0000e+00 +0.0000e+00 +0.0000e+00 +0.0000e+00 +0.0000e+00
2 0 +2.758718803e+01 +2.758718803e+01 +4.473071880e+02 +4.473071880e+02 -4.0878e-02 +5.8727e-03 -4.2819e-01 +5.7984e-02 +2.1015e+00
12 0 +2.582993696e+01 +2.582993696e+01 +4.455499370e+02 +4.455499370e+02 +9.1252e-02 +4.4728e-01 +4.0707e-01 +2.1494e-01 +2.1379e+00
13 0 +1.520004937e+01 +1.520004937e+01 +4.349200494e+02 +4.349200494e+02 -1.1267e-01 +5.0348e-01 -7.6403e-01 -7.4873e-02 +3.7362e+00
17 0 +9.699349099e+00 +9.699349099e+00 +4.294193491e+02 +4.294193491e+02 -8.3656e-02 +1.8393e+00 +3.8252e-01 +1.9640e-01 +5.0830e+00
273 0 +7.897599977e+00 +7.897599977e+00 +4.276176000e+02 +4.276176000e+02 +8.4061e-01 +5.5383e+00 -4.2825e+00 +3.8902e+00 +4.8615e+00
283 0 +4.793268852e+00 +4.793268852e+00 +4.245132689e+02 +4.245132689e+02 +7.8076e-01 +3.9735e+00 +6.9878e-01 +3.7321e+00 +1.8912e+00
286 0 +3.493834849e+00 +3.493834849e+00 +4.232138348e+02 +4.232138348e+02 +8.5956e-01 +2.6775e+00 +5.9116e-01 +3.3646e+00 +4.9418e+00
301 0 +2.143367241e+00 +2.143367241e+00 +4.218633672e+02 +4.218633672e+02 +3.5311e-01 +3.6111e+00 -1.3563e+00 +3.8967e+00 +2.2491e+00
377 0 +2.069222835e+00 +2.069222835e+00 +4.217892228e+02 +4.217892228e+02 +3.0176e-01 +3.9683e+00 -3.8889e-01 +3.1958e+00 +3.6536e+00
391 0 +1.815316101e+00 +1.815316101e+00 +4.215353161e+02 +4.215353161e+02 +2.3500e-01 +3.2103e+00 -1.4343e-01 +3.9042e+00 +3.6839e+00
423 0 +1.491865332e+00 +1.491865332e+00 +4.212118653e+02 +4.212118653e+02 +3.3576e-01 +2.4850e+00 -1.5674e+00 +3.4262e+00 +3.9148e+00
% f evaluations | g evaluations | best noise-free fitness - Fopt | noise-free fitness - Fopt (7.640000000000e+00) | measured fitness | best measured fitness | x1 | x2...
1 0 +2.225944494e+01 +2.225944494e+01 +2.989944494e+01 +2.989944494e+01 +0.0000e+00 +0.0000e+00 +0.0000e+00 +0.0000e+00 +0.0000e+00
6 0 +1.891050581e+01 +1.891050581e+01 +2.655050581e+01 +2.655050581e+01 -4.7289e-01 -6.0998e-03 +3.9190e-01 +7.2401e-02 +1.6186e+00
11 0 +1.365095194e+01 +1.365095194e+01 +2.129095194e+01 +2.129095194e+01 +5.9092e-01 +6.0423e-02 +1.2595e+00 -4.1270e-02 +1.5100e+00
16 0 +1.022156420e+01 +1.022156420e+01 +1.786156420e+01 +1.786156420e+01 +8.3988e-01 +1.0217e-01 +2.7661e+00 -2.8152e-01 +3.6796e+00
55 0 +5.324528562e+00 +5.324528562e+00 +1.296452856e+01 +1.296452856e+01 +1.2262e+00 -6.2067e-02 +2.2250e+00 +2.5510e+00 +4.8799e+00
% f evaluations | g evaluations | best noise-free fitness - Fopt | noise-free fitness - Fopt (-1.276800000000e+02) | measured fitness | best measured fitness | x1 | x2...
1 0 +4.970263098e+01 +4.970263098e+01 -7.797736902e+01 -7.797736902e+01 +0.0000e+00 +0.0000e+00 +0.0000e+00 +0.0000e+00 +0.0000e+00
2 0 +4.836051251e+01 +4.836051251e+01 -7.931948749e+01 -7.931948749e+01 -1.7855e-01 +5.8563e-02 +2.2219e-03 -3.4954e-02 +2.3553e-01
3 0 +3.677207838e+01 +3.677207838e+01 -9.090792162e+01 -9.090792162e+01 -7.5155e-02 +5.1988e-02 -1.7321e-02 -8.0680e-01 -9.2690e-01
13 0 +2.285336963e+01 +2.285336963e+01 -1.048266304e+02 -1.048266304e+02 +4.6636e-01 -1.6737e-02 +2.0232e-02 -1.8388e+00 -1.3598e+00
30 0 +1.659836471e+01 +1.659836471e+01 -1.110816353e+02 -1.110816353e+02 -1.9977e-01 +4.5983e-02 -2.1941e-01 -2.9692e+00 -2.6699e+00
50 0 +1.546348372e+01 +1.546348372e+01 -1.122165163e+02 -1.122165163e+02 -1.5338e+00 +2.8692e-01 +5.5522e-02 -5.4805e+00 -1.4199e+00
100 0 +1.274682428e+01 +1.274682428e+01 -1.149331757e+02 -1.149331757e+02 +1.3063e+00 +8.8048e-01 -7.3541e-01 -1.5970e+00 -3.6601e+00
108 0 +1.194394873e+01 +1.194394873e+01 -1.157360513e+02 -1.157360513e+02 +2.0968e+00 +1.3073e+00 -8.3652e-01 -2.1899e+00 -4.2181e+00
110 0 +1.165041859e+01 +1.165041859e+01 -1.160295814e+02 -1.160295814e+02 -1.1711e+00 +7.9870e-01 -6.7709e-01 -5.2585e+00 -2.3874e+00
112 0 +8.322313349e+00 +8.322313349e+00 -1.193576867e+02 -1.193576867e+02 -6.6912e-01 +1.3287e+00 -2.9403e-01 -4.1745e+00 -2.6398e+00
199 0 +7.956358161e+00 +7.956358161e+00 -1.197236418e+02 -1.197236418e+02 -4.7304e-01 +1.0044e+00 -8.7282e-02 -3.1086e+00 -2.7234e+00
298 0 +7.859938145e+00 +7.859938145e+00 -1.198200619e+02 -1.198200619e+02 -6.9027e-01 +1.1771e+00 -1.5212e-01 -3.6727e+00 -2.4910e+00
305 0 +7.582726405e+00 +7.582726405e+00 -1.200972736e+02 -1.200972736e+02 -7.3582e-01 +1.1807e+00 -1.5985e-01 -3.3849e+00 -2.7898e+00
341 0 +7.298928527e+00 +7.298928527e+00 -1.203810715e+02 -1.203810715e+02 -4.1080e-01 +1.1848e+00 -1.4186e-01 -3.0735e+00 -2.4802e+00
378 0 +7.161292833e+00 +7.161292833e+00 -1.205187072e+02 -1.205187072e+02 -3.0310e-01 +1.1935e+00 -1.7858e-01 -3.1778e+00 -2.8125e+00
406 0 +7.014825580e+00 +7.014825580e+00 -1.206651744e+02 -1.206651744e+02 -3.1448e-01 +1.2691e+00 -1.5330e-01 -2.7951e+00 -2.4324e+00
522 0 +6.898878508e+00 +6.898878508e+00 -1.207811215e+02 -1.207811215e+02 -2.7286e-01 +1.3018e+00 -1.9101e-01 -2.9424e+00 -2.3976e+00
574 0 +6.726398346e+00 +6.726398346e+00 -1.209536017e+02 -1.209536017e+02 +3.2705e-02 +1.2762e+00 -1.4488e-01 -2.5878e+00 -2.9364e+00
607 0 +6.598351165e+00 +6.598351165e+00 -1.210816488e+02 -1.210816488e+02 +2.1176e-01 +1.2719e+00 -1.6418e-01 -2.8050e+00 -2.6314e+00
663 0 +6.389740778e+00 +6.389740778e+00 -1.212902592e+02 -1.212902592e+02 +4.5565e-01 +1.2901e+00 -1.1936e-01 -2.5324e+00 -2.6744e+00
736 0 +6.235247412e+00 +6.235247412e+00 -1.214447526e+02 -1.214447526e+02 +4.9909e-01 +1.3445e+00 -1.6670e-01 -2.6079e+00 -2.7130e+00
755 0 +6.158266764e+00 +6.158266764e+00 -1.215217332e+02 -1.215217332e+02 +4.3050e-01 +1.3739e+00 -1.5904e-01 -2.6658e+00 -2.7871e+00
772 0 +6.003586253e+00 +6.003586253e+00 -1.216764137e+02 -1.216764137e+02 +5.9456e-01 +1.3982e+00 -1.6266e-01 -2.3189e+00 -2.8336e+00
821 0 +5.878874367e+00 +5.878874367e+00 -1.218011256e+02 -1.218011256e+02 +5.0204e-01 +1.4900e+00 -1.7687e-01 -2.0939e+00 -2.7980e+00
915 0 +5.710220134e+00 +5.710220134e+00 -1.219697799e+02 -1.219697799e+02 +6.2091e-01 +1.5107e+00 -1.2270e-01 -2.0870e+00 -2.5887e+00
924 0 +5.513075026e+00 +5.513075026e+00 -1.221669250e+02 -1.221669250e+02 +8.5854e-01 +1.5169e+00 -1.0928e-01 -2.0677e+00 -2.8536e+00
969 0 +5.484458803e+00 +5.484458803e+00 -1.221955412e+02 -1.221955412e+02 +1.0770e+00 +1.5370e+00 -9.1432e-02 -2.2274e+00 -2.8259e+00
% f evaluations | g evaluations | best noise-free fitness - Fopt | noise-free fitness - Fopt (-3.650000000000e+01) | measured fitness | best measured fitness | x1 | x2...
1 0 +9.444498366e+00 +9.444498366e+00 -2.705550163e+01 -2.705550163e+01 +0.0000e+00 +0.0000e+00 +0.0000e+00 +0.0000e+00 +0.0000e+00
3 0 +6.668244928e+00 +6.668244928e+00 -2.983175507e+01 -2.983175507e+01 +6.5728e-02 +2.8442e-02 +5.2863e-01 +7.2284e-02 +2.0404e-01
12 0 +5.208193768e+00 +5.208193768e+00 -3.129180623e+01 -3.129180623e+01 -4.9240e-02 -2.9261e-01 +4.9676e-01 +1.0230e+00 +9.7112e-01
17 0 +4.620921465e+00 +4.620921465e+00 -3.187907853e+01 -3.187907853e+01 -5.8313e-01 +2.2993e-01 +1.3621e+00 +8.7328e-01 +1.0592e+00
25 0 +3.710835865e+00 +3.710835865e+00 -3.278916413e+01 -3.278916413e+01 +1.1181e+00 +7.0699e-01 +9.2175e-01 +1.7413e+00 +1.5485e+00
73 0 +3.590277322e+00 +3.590277322e+00 -3.290972268e+01 -3.290972268e+01 +1.0181e+00 -2.2427e+00 +4.0011e+00 +1.3179e+00 +1.7947e+00
181 0 +3.173153741e+00 +3.173153741e+00 -3.332684626e+01 -3.332684626e+01 +2.0742e+00 -2.4484e+00 +3.6097e+00 +1.8404e+00 +1.9346e+00
192 0 +3.015194120e+00 +3.015194120e+00 -3.348480588e+01 -3.348480588e+01 +1.9774e+00 -2.2474e+00 +3.4350e+00 +2.4544e+00 +1.8753e+00
201 0 +2.871263483e+00 +2.871263483e+00 -3.362873652e+01 -3.362873652e+01 +1.6711e+00 -1.8149e+00 +4.4144e+00 +2.1462e+00 +1.7121e+00
203 0 +2.639396778e+00 +2.639396778e+00 -3.386060322e+01 -3.386060322e+01 +2.1475e+00 -9.4445e-01 +4.6366e+00 +2.4980e+00 +1.9556e+00
246 0 +2.462928816e+00 +2.462928816e+00 -3.403707118e+01 -3.403707118e+01 +2.1565e+00 -1.1168e+00 +4.4382e+00 +2.4936e+00 +1.3155e+00
252 0 +2.356048283e+00 +2.356048283e+00 -3.414395172e+01 -3.414395172e+01 +1.9049e+00 -1.6732e+00 +4.0434e+00 +1.8524e+00 +1.2916e+00
254 0 +2.265357709e+00 +2.265357709e+00 -3.423464229e+01 -3.423464229e+01 +1.8866e+00 -1.3851e+00 +4.2735e+00 +2.0895e+00 +1.7530e+00
263 0 +2.191329656e+00 +2.191329656e+00 -3.430867034e+01 -3.430867034e+01 +2.4088e+00 -1.1937e+00 +4.0931e+00 +2.2621e+00 +1.3757e+00
270 0 +2.128663337e+00 +2.128663337e+00 -3.437133666e+01 -3.437133666e+01 +2.0524e+00 -1.2722e+00 +3.9730e+00 +1.7083e+00 +9.4399e-01
273 0 +2.013585707e+00 +2.013585707e+00 -3.448641429e+01 -3.448641429e+01 +1.9179e+00 -1.2229e+00 +3.8785e+00 +2.1109e+00 +9.2547e-01
274 0 +1.701832405e+00 +1.701832405e+00 -3.479816760e+01 -3.479816760e+01 +2.3250e+00 -1.1163e+00 +3.8121e+00 +1.5260e+00 +1.6921e+00
290 0 +1.607301261e+00 +1.607301261e+00 -3.489269874e+01 -3.489269874e+01 +2.0252e+00 -1.1839e+00 +3.6541e+00 +1.7103e+00 +1.6315e+00
305 0 +1.254344386e+00 +1.254344386e+00 -3.524565561e+01 -3.524565561e+01 +2.0861e+00 -6.7055e-01 +3.7941e+00 +1.9683e+00 +1.4310e+00
312 0 +1.168983504e+00 +1.168983504e+00 -3.533101650e+01 -3.533101650e+01 +2.1877e+00 -5.3655e-01 +3.5420e+00 +2.0276e+00 +1.0933e+00
314 0 +1.140690578e+00 +1.140690578e+00 -3.535930942e+01 -3.535930942e+01 +1.6613e+00 -5.0388e-01 +3.7282e+00 +1.7003e+00 +2.0906e+00
322 0 +9.241328161e-01 +9.241328161e-01 -3.557586718e+01 -3.557586718e+01 +2.0278e+00 -4.1440e-01 +3.6022e+00 +1.4253e+00 +1.3547e+00
333 0 +8.864665355e-01 +8.864665355e-01 -3.561353346e+01 -3.561353346e+01 +2.0683e+00 -4.9367e-01 +3.6407e+00 +1.6373e+00 +1.7214e+00
335 0 +7.655587604e-01 +7.655587604e-01 -3.573444124e+01 -3.573444124e+01 +2.0854e+00 -2.8565e-01 +3.7884e+00 +1.5458e+00 +1.5200e+00
347 0 +6.561564320e-01 +6.561564320e-01 -3.584384357e+01 -3.584384357e+01 +2.0351e+00 -1.5703e-01 +3.6369e+00 +1.2449e+00 +1.5586e+00
366 0 +4.984623809e-01 +4.984623809e-01 -3.600153762e+01 -3.600153762e+01 +2.2789e+00 -1.8956e-01 +3.3952e+00 +1.6396e+00 +2.0187e+00
373 0 +4.640611820e-01 +4.640611820e-01 -3.603593882e+01 -3.603593882e+01 +2.1629e+00 -1.0071e-01 +3.1632e+00 +1.8063e+00 +2.1014e+00
390 0 +4.545217536e-01 +4.545217536e-01 -3.604547825e+01 -3.604547825e+01 +2.1737e+00 -1.2067e-01 +3.0638e+00 +1.1991e+00 +2.2963e+00
400 0 +3.556292664e-01 +3.556292664e-01 -3.614437073e+01 -3.614437073e+01 +2.4536e+00 -7.2472e-02 +2.9868e+00 +1.3736e+00 +2.0594e+00
406 0 +3.300350908e-01 +3.300350908e-01 -3.616996491e+01 -3.616996491e+01 +2.3225e+00 -5.7652e-02 +3.0240e+00 +1.3731e+00 +1.9382e+00
415 0 +2.822176776e-01 +2.822176776e-01 -3.621778232e+01 -3.621778232e+01 +2.2555e+00 +2.1444e-03 +3.0152e+00 +1.2978e+00 +2.0875e+00
428 0 +2.185708773e-01 +2.185708773e-01 -3.628142912e+01 -3.628142912e+01 +2.2122e+00 +8.4985e-02 +2.9895e+00 +1.4453e+00 +1.9492e+00
442 0 +2.067984497e-01 +2.067984497e-01 -3.629320155e+01 -3.629320155e+01 +2.0336e+00 +1.9120e-01 +2.9977e+00 +1.3870e+00 +2.0262e+00
443 0 +1.869667212e-01 +1.869667212e-01 -3.631303328e+01 -3.631303328e+01 +2.3194e+00 +1.5375e-01 +2.9952e+00 +1.2926e+00 +2.0476e+00
468 0 +1.150259314e-01 +1.150259314e-01 -3.638497407e+01 -3.638497407e+01 +2.1227e+00 +2.5074e-01 +3.1106e+00 +1.5223e+00 +2.0116e+00
473 0 +4.799498321e-02 +4.799498321e-02 -3.645200502e+01 -3.645200502e+01 +2.1678e+00 +3.7875e-01 +2.9413e+00 +1.5685e+00 +1.9944e+00
496 0 +2.946967297e-02 +2.946967297e-02 -3.647053033e+01 -3.647053033e+01 +2.0783e+00 +4.6147e-01 +3.1423e+00 +1.7279e+00 +1.9265e+00
552 0 +1.775290265e-02 +1.775290265e-02 -3.648224710e+01 -3.648224710e+01 +2.1870e+00 +4.3600e-01 +2.9417e+00 +1.7486e+00 +1.8282e+00
575 0 +8.429639664e-03 +8.429639664e-03 -3.649157036e+01 -3.649157036e+01 +2.1867e+00 +4.6119e-01 +2.9409e+00 +1.7435e+00 +1.7650e+00
595 0 +7.193060247e-03 +7.193060247e-03 -3.649280694e+01 -3.649280694e+01 +2.1609e+00 +4.3435e-01 +2.9652e+00 +1.6645e+00 +1.8465e+00
644 0 +4.751051660e-03 +4.751051660e-03 -3.649524895e+01 -3.649524895e+01 +2.1234e+00 +5.0453e-01 +2.9651e+00 +1.7614e+00 +1.7659e+00
658 0 +3.925705035e-03 +3.925705035e-03 -3.649607429e+01 -3.649607429e+01 +2.1060e+00 +5.1922e-01 +2.9767e+00 +1.7604e+00 +1.7640e+00
659 0 +2.455921987e-03 +2.455921987e-03 -3.649754408e+01 -3.649754408e+01 +2.1298e+00 +5.0462e-01 +2.9837e+00 +1.7260e+00 +1.7459e+00
709 0 +1.359796636e-03 +1.359796636e-03 -3.649864020e+01 -3.649864020e+01 +2.1068e+00 +5.1182e-01 +2.9454e+00 +1.7703e+00 +1.8127e+00
787 0 +8.017192874e-04 +8.017192874e-04 -3.649919828e+01 -3.649919828e+01 +2.0995e+00 +5.1136e-01 +2.9547e+00 +1.7561e+00 +1.8173e+00
832 0 +7.104579667e-04 +7.104579667e-04 -3.649928954e+01 -3.649928954e+01 +2.0927e+00 +5.2298e-01 +2.9611e+00 +1.7741e+00 +1.8073e+00
835 0 +7.039903040e-04 +7.039903040e-04 -3.649929601e+01 -3.649929601e+01 +2.0918e+00 +5.2331e-01 +2.9577e+00 +1.7754e+00 +1.8125e+00
856 0 +5.985060259e-04 +5.985060259e-04 -3.649940149e+01 -3.649940149e+01 +2.0868e+00 +5.2800e-01 +2.9611e+00 +1.7727e+00 +1.8052e+00
872 0 +5.472587750e-04 +5.472587750e-04 -3.649945274e+01 -3.649945274e+01 +2.0919e+00 +5.2382e-01 +2.9602e+00 +1.7712e+00 +1.8079e+00
874 0 +4.931090912e-04 +4.931090912e-04 -3.649950689e+01 -3.649950689e+01 +2.0907e+00 +5.2434e-01 +2.9597e+00 +1.7724e+00 +1.8088e+00
897 0 +4.628382133e-04 +4.628382133e-04 -3.649953716e+01 -3.649953716e+01 +2.0889e+00 +5.2415e-01 +2.9620e+00 +1.7708e+00 +1.8124e+00
904 0 +4.443991338e-04 +4.443991338e-04 -3.649955560e+01 -3.649955560e+01 +2.0910e+00 +5.2430e-01 +2.9608e+00 +1.7698e+00 +1.8064e+00
% f evaluations | g evaluations | best noise-free fitness - Fopt | noise-free fitness - Fopt (1.728700000000e+02) | measured fitness | best measured fitness | x1 | x2...
1 0 +1.075419443e+01 +1.075419443e+01 +1.836241944e+02 +1.836241944e+02 +0.0000e+00 +0.0000e+00 +0.0000e+00 +0.0000e+00 +0.0000e+00
2 0 +1.018687595e+01 +1.018687595e+01 +1.830568759e+02 +1.830568759e+02 -5.2495e-04 -1.4614e+00 -9.8772e-03 +1.5346e-01 +2.0468e-02
13 0 +9.707891229e+00 +9.707891229e+00 +1.825778912e+02 +1.825778912e+02 +2.5497e-03 -3.7541e-01 +9.2594e-02 +1.8597e-01 +4.1581e-02
22 0 +9.205662108e+00 +9.205662108e+00 +1.820756621e+02 +1.820756621e+02 +9.5561e-03 -1.2041e+00 -7.0092e-04 +3.7100e-01 +1.1141e-01
25 0 +8.870565439e+00 +8.870565439e+00 +1.817405654e+02 +1.817405654e+02 +2.1935e-02 -1.1463e+00 +1.7920e-01 +3.5337e-01 +1.2565e-01
32 0 +7.902133941e+00 +7.902133941e+00 +1.807721339e+02 +1.807721339e+02 +2.0740e-02 -8.4246e-01 +8.2211e-02 +6.3947e-01 +2.8145e-01
43 0 +7.293590224e+00 +7.293590224e+00 +1.801635902e+02 +1.801635902e+02 +8.1747e-02 -6.2217e-01 +2.4097e-01 +8.5074e-01 -1.1094e-01
46 0 +6.136815146e+00 +6.136815146e+00 +1.790068151e+02 +1.790068151e+02 +9.6318e-04 -1.0929e+00 +2.2102e-01 +1.4060e+00 +1.1374e-01
53 0 +5.691218647e+00 +5.691218647e+00 +1.785612186e+02 +1.785612186e+02 -7.0919e-03 -1.0265e+00 -5.3395e-02 +1.8773e+00 +8.8683e-02
59 0 +5.065332462e+00 +5.065332462e+00 +1.779353325e+02 +1.779353325e+02 +1.2434e-01 -3.0410e+00 +6.2538e-01 +2.0338e+00 +9.1936e-01
% f evaluations | g evaluations | best noise-free fitness - Fopt | noise-free fitness - Fopt (1.577200000000e+02) | measured fitness | best measured fitness | x1 | x2...
1 0 +6.164820997e+01 +6.164820997e+01 +2.193682100e+02 +2.193682100e+02 +0.0000e+00 +0.0000e+00 +0.0000e+00 +0.0000e+00 +0.0000e+00
2 0 +3.590169938e+01 +3.590169938e+01 +1.936216994e+02 +1.936216994e+02 -6.4029e-01 -2.1078e-01 +1.2929e-03 -4.2805e+00 +1.5122e-01
23 0 +3.071953308e+01 +3.071953308e+01 +1.884395331e+02 +1.884395331e+02 -1.7067e+00 -1.8717e+00 -3.5489e-03 -2.7513e+00 -9.8410e-01
27 0 +2.795655979e+01 +2.795655979e+01 +1.856765598e+02 +1.856765598e+02 -1.3932e+00 +2.3543e-01 -6.3346e-03 -6.8296e+00 +1.3538e+00
56 0 +2.092792806e+01 +2.092792806e+01 +1.786479281e+02 +1.786479281e+02 -3.2144e+00 -3.2938e-01 +3.3987e-02 -7.1970e+00 +3.4600e+00
59 0 +1.925332309e+01 +1.925332309e+01 +1.769733231e+02 +1.769733231e+02 -2.7037e+00 -2.4643e+00 +2.0423e-02 -6.6286e+00 +2.0273e+00
89 0 +1.731617276e+01 +1.731617276e+01 +1.750361728e+02 +1.750361728e+02 -2.6976e-02 +8.2004e-01 +2.5611e-02 -1.8550e+00 +4.7965e+00
99 0 +1.664158855e+01 +1.664158855e+01 +1.743615885e+02 +1.743615885e+02 -4.1201e+00 -2.6315e+00 +3.3582e-02 -5.0299e+00 +8.9642e-01
118 0 +1.647873502e+01 +1.647873502e+01 +1.741987350e+02 +1.741987350e+02 -4.8069e+00 -4.1482e+00 +9.1851e-02 +2.4331e+00 +2.5763e+00
128 0 +1.544970091e+01 +1.544970091e+01 +1.731697009e+02 +1.731697009e+02 -2.9479e+00 -3.5223e+00 +5.5236e-02 -5.8298e+00 +2.5587e+00
134 0 +1.338213758e+01 +1.338213758e+01 +1.711021376e+02 +1.711021376e+02 -4.6696e+00 -2.4625e+00 +1.0434e-01 +9.7507e-01 +3.8481e+00
136 0 +5.943053423e+00 +5.943053423e+00 +1.636630534e+02 +1.636630534e+02 -1.3520e+00 -3.0417e+00 +1.0195e-01 -1.1921e-02 +5.2926e+00
774 0 +5.750597941e+00 +5.750597941e+00 +1.634705979e+02 +1.634705979e+02 -1.0118e+00 -3.6036e+00 +9.1825e-03 -1.9530e-01 +3.9701e+00
904 0 +5.615778336e+00 +5.615778336e+00 +1.633357783e+02 +1.633357783e+02 -2.1396e+00 -3.4826e+00 +9.6657e-03 -3.8426e-02 +4.2075e+00
% f evaluations | g evaluations | best noise-free fitness - Fopt | noise-free fitness - Fopt (2.819000000000e+01) | measured fitness | best measured fitness | x1 | x2...
1 0 +5.715562982e+00 +5.715562982e+00 +3.390556298e+01 +3.390556298e+01 +0.0000e+00 +0.0000e+00 +0.0000e+00 +0.0000e+00 +0.0000e+00
4 0 +3.984793505e+00 +3.984793505e+00 +3.217479351e+01 +3.217479351e+01 +2.1559e+00 +6.1895e-01 +1.0060e+00 +2.2531e-05 -1.1250e+00
18 0 +3.837560924e+00 +3.837560924e+00 +3.202756092e+01 +3.202756092e+01 +2.1881e+00 -6.8528e-01 +3.1099e-01 +2.7107e-02 -1.9968e-02
27 0 +3.744650380e+00 +3.744650380e+00 +3.193465038e+01 +3.193465038e+01 +3.4485e+00 +1.2489e-01 +7.8173e-01 +5.9733e-03 -1.0139e-01
36 0 +3.419382770e+00 +3.419382770e+00 +3.160938277e+01 +3.160938277e+01 +1.7922e+00 -2.6530e-01 -5.9370e-02 +3.3805e-03 -4.2623e-01
57 0 +3.238011718e+00 +3.238011718e+00 +3.142801172e+01 +3.142801172e+01 +2.5618e+00 +2.6666e-01 +4.4921e-02 +2.2737e-02 -1.1505e+00
136 0 +3.135320064e+00 +3.135320064e+00 +3.132532006e+01 +3.132532006e+01 +1.8942e+00 +1.1483e+00 +1.5947e-01 -3.0125e-03 -1.0475e+00
165 0 +3.084996321e+00 +3.084996321e+00 +3.127499632e+01 +3.127499632e+01 +2.0509e+00 +9.6073e-01 +2.3477e-01 -8.5050e-04 -5.5044e-01
229 0 +2.991831811e+00 +2.991831811e+00 +3.118183181e+01 +3.118183181e+01 +2.0415e+00 +1.2674e-01 -1.8859e-01 +8.8036e-03 -8.8650e-01
369 0 +2.945852362e+00 +2.945852362e+00 +3.113585236e+01 +3.113585236e+01 +1.9160e+00 +3.3202e-01 -1.7622e-01 +6.2168e-02 -1.0957e+00
% f evaluations | g evaluations | best noise-free fitness - Fopt | noise-free fitness - Fopt (-9.925000000000e+01) | measured fitness | best measured fitness | x1 | x2...
1 0 +2.415815539e+01 +2.415815539e+01 -7.509184461e+01 -7.509184461e+01 +0.0000e+00 +0.0000e+00 +0.0000e+00 +0.0000e+00 +0.0000e+00
2 0 +1.310560298e+01 +1.310560298e+01 -8.614439702e+01 -8.614439702e+01 +7.3574e-01 -1.7894e-01 +5.4432e-03 +1.3947e+00 +6.5818e-02
12 0 +9.848443685e+00 +9.848443685e+00 -8.940155631e+01 -8.940155631e+01 +6.1094e-01 -1.2186e-02 +9.9471e-03 +2.0813e+00 +1.0355e-01
15 0 +6.969819021e+00 +6.969819021e+00 -9.228018098e+01 -9.228018098e+01 +1.0686e+00 -6.4527e-01 +5.1265e-03 +2.0617e+00 +9.5227e-01
24 0 +6.556285155e+00 +6.556285155e+00 -9.269371484e+01 -9.269371484e+01 -7.7295e-01 -1.5356e+00 +3.7406e-03 +4.5248e+00 +6.6037e-01
35 0 +5.835776681e+00 +5.835776681e+00 -9.341422332e+01 -9.341422332e+01 +2.4010e+00 -4.9994e-01 +2.5217e-02 +5.0744e+00 +3.9954e-01
40 0 +4.774804052e+00 +4.774804052e+00 -9.447519595e+01 -9.447519595e+01 +1.0002e+00 -5.7181e-01 -1.9622e-02 +3.8151e+00 +1.1745e+00
734 0 +4.608044544e+00 +4.608044544e+00 -9.464195546e+01 -9.464195546e+01 +2.1752e+00 -1.7796e+00 +6.6016e-02 +3.3369e+00 -1.3773e-01
799 0 +4.321123269e+00 +4.321123269e+00 -9.492887673e+01 -9.492887673e+01 +1.7217e+00 -2.1886e+00 +4.8385e-02 +3.1672e+00 -1.4004e-01
802 0 +3.781040784e+00 +3.781040784e+00 -9.546895922e+01 -9.546895922e+01 +2.2086e+00 -2.3627e+00 +4.8852e-02 +3.3183e+00 +3.8716e-01
892 0 +3.606313490e+00 +3.606313490e+00 -9.564368651e+01 -9.564368651e+01 +1.3146e+00 -1.9574e+00 +5.0740e-02 +3.5042e+00 +1.0364e+00
896 0 +3.488779699e+00 +3.488779699e+00 -9.576122030e+01 -9.576122030e+01 +2.3048e+00 -2.2018e+00 +5.8083e-02 +3.0546e+00 +7.6998e-01
901 0 +2.770821423e+00 +2.770821423e+00 -9.647917858e+01 -9.647917858e+01 +2.0452e+00 -2.4633e+00 +3.5997e-02 +2.5041e+00 +1.3455e+00
936 0 +2.616312202e+00 +2.616312202e+00 -9.663368780e+01 -9.663368780e+01 +2.2586e+00 -2.3710e+00 +5.2568e-02 +2.9356e+00 +1.6010e+00
957 0 +2.468422061e+00 +2.468422061e+00 -9.678157794e+01 -9.678157794e+01 +1.8493e+00 -2.6709e+00 +4.8732e-02 +2.6439e+00 +1.5496e+00
965 0 +2.441430731e+00 +2.441430731e+00 -9.680856927e+01 -9.680856927e+01 +2.1069e+00 -2.7295e+00 +4.6939e-02 +2.9247e+00 +1.6167e+00
976 0 +2.263879626e+00 +2.263879626e+00 -9.698612037e+01 -9.698612037e+01 +1.8752e+00 -2.8676e+00 +5.3077e-02 +3.0778e+00 +1.8762e+00
984 0 +2.143976626e+00 +2.143976626e+00 -9.710602337e+01 -9.710602337e+01 +2.1776e+00 -2.6613e+00 +3.8577e-02 +2.8506e+00 +1.9599e+00
989 0 +2.023843540e+00 +2.023843540e+00 -9.722615646e+01 -9.722615646e+01 +2.8688e+00 -2.6957e+00 +4.6838e-02 +2.9896e+00 +2.1631e+00
994 0 +1.921908151e+00 +1.921908151e+00 -9.732809185e+01 -9.732809185e+01 +2.0073e+00 -2.5387e+00 +4.9796e-02 +2.6496e+00 +2.2356e+00
