% f evaluations | g evaluations | best noise-free fitness - Fopt | noise-free fitness - Fopt (-5.235000000000e+01) | measured fitness | best measured fitness | x1 | x2...
1 0 +1.090684985e+02 +1.090684985e+02 +5.671849850e+01 +5.671849850e+01
2 0 +1.078881854e+02 +1.078881854e+02 +5.553818543e+01 +5.553818543e+01
3 0 +8.807027742e+01 +8.807027742e+01 +3.572027742e+01 +3.572027742e+01
11 0 +7.471120664e+01 +7.471120664e+01 +2.236120664e+01 +2.236120664e+01
12 0 +5.476742973e+01 +5.476742973e+01 +2.417429729e+00 +2.417429729e+00
% f evaluations | g evaluations | best noise-free fitness - Fopt | noise-free fitness - Fopt (-1.795400000000e+02) | measured fitness | best measured fitness | x1 | x2...
1 0 +8.237377687e+01 +8.237377687e+01 -9.716622313e+01 -9.716622313e+01
2 0 +7.834208674e+01 +7.834208674e+01 -1.011979133e+02 -1.011979133e+02
4 0 +7.500642564e+01 +7.500642564e+01 -1.045335744e+02 -1.045335744e+02
40 0 +7.279518308e+01 +7.279518308e+01 -1.067448169e+02 -1.067448169e+02
46 0 +6.904977605e+01 +6.904977605e+01 -1.104902240e+02 -1.104902240e+02
% f evaluations | g evaluations | best noise-free fitness - Fopt | noise-free fitness - Fopt (7.731000000000e+01) | measured fitness | best measured fitness | x1 | x2...
1 0 +7.372719359e+01 +7.372719359e+01 +1.510371936e+02 +1.510371936e+02
6 0 +5.607859452e+01 +5.607859452e+01 +1.333885945e+02 +1.333885945e+02
28 0 +4.517390476e+01 +4.517390476e+01 +1.224839048e+02 +1.224839048e+02
68 0 +3.643116022e+01 +3.643116022e+01 +1.137411602e+02 +1.137411602e+02
72 0 +3.488620883e+01 +3.488620883e+01 +1.121962088e+02 +1.121962088e+02
74 0 +3.369665114e+01 +3.369665114e+01 +1.110066511e+02 +1.110066511e+02
91 0 +2.837615878e+01 +2.837615878e+01 +1.056861588e+02 +1.056861588e+02
98 0 +2.339220712e+01 +2.339220712e+01 +1.007022071e+02 +1.007022071e+02
155 0 +2.181275956e+01 +2.181275956e+01 +9.912275956e+01 +9.912275956e+01
% f evaluations | g evaluations | best noise-free fitness - Fopt | noise-free fitness - Fopt (3.992000000000e+01) | measured fitness | best measured fitness | x1 | x2...
1 0 +7.675091558e+01 +7.675091558e+01 +1.166709156e+02 +1.166709156e+02
3 0 +6.860746323e+01 +6.860746323e+01 +1.085274632e+02 +1.085274632e+02
17 0 +5.605379412e+01 +5.605379412e+01 +9.597379412e+01 +9.597379412e+01
45 0 +5.335950706e+01 +5.335950706e+01 +9.327950706e+01 +9.327950706e+01
52 0 +4.785820176e+01 +4.785820176e+01 +8.777820176e+01 +8.777820176e+01
76 0 +4.047449805e+01 +4.047449805e+01 +8.039449805e+01 +8.039449805e+01
115 0 +3.801647526e+01 +3.801647526e+01 +7.793647526e+01 +7.793647526e+01
123 0 +3.532290143e+01 +3.532290143e+01 +7.524290143e+01 +7.524290143e+01
138 0 +3.449163716e+01 +3.449163716e+01 +7.441163716e+01 +7.441163716e+01
145 0 +3.180111079e+01 +3.180111079e+01 +7.172111079e+01 +7.172111079e+01
155 0 +3.152460763e+01 +3.152460763e+01 +7.144460763e+01 +7.144460763e+01
167 0 +3.077235657e+01 +3.077235657e+01 +7.069235657e+01 +7.069235657e+01
193 0 +2.755320818e+01 +2.755320818e+01 +6.747320818e+01 +6.747320818e+01
202 0 +2.739858962e+01 +2.739858962e+01 +6.731858962e+01 +6.731858962e+01
222 0 +2.688241440e+01 +2.688241440e+01 +6.680241440e+01 +6.680241440e+01
229 0 +2.577569867e+01 +2.577569867e+01 +6.569569867e+01 +6.569569867e+01
237 0 +2.515365712e+01 +2.515365712e+01 +6.507365712e+01 +6.507365712e+01
243 0 +2.361819884e+01 +2.361819884e+01 +6.353819884e+01 +6.353819884e+01
265 0 +2.110192556e+01 +2.110192556e+01 +6.102192556e+01 +6.102192556e+01
300 0 +2.052374226e+01 +2.052374226e+01 +6.044374226e+01 +6.044374226e+01
302 0 +2.011387049e+01 +2.011387049e+01 +6.003387049e+01 +6.003387049e+01
343 0 +1.907547460e+01 +1.907547460e+01 +5.899547460e+01 +5.899547460e+01
351 0 +1.897846036e+01 +1.897846036e+01 +5.889846036e+01 +5.889846036e+01
355 0 +1.797466779e+01 +1.797466779e+01 +5.789466779e+01 +5.789466779e+01
378 0 +1.746645886e+01 +1.746645886e+01 +5.738645886e+01 +5.738645886e+01
402 0 +1.682402079e+01 +1.682402079e+01 +5.674402079e+01 +5.674402079e+01
403 0 +1.655882989e+01 +1.655882989e+01 +5.647882989e+01 +5.647882989e+01
415 0 +1.615750853e+01 +1.615750853e+01 +5.607750853e+01 +5.607750853e+01
440 0 +1.538653803e+01 +1.538653803e+01 +5.530653803e+01 +5.530653803e+01
% f evaluations | g evaluations | best noise-free fitness - Fopt | noise-free fitness - Fopt (-5.661000000000e+01) | measured fitness | best measured fitness | x1 | x2...
1 0 +9.288842014e+01 +9.288842014e+01 +3.627842014e+01 +3.627842014e+01
3 0 +7.168989984e+01 +7.168989984e+01 +1.507989984e+01 +1.507989984e+01
8 0 +6.941276505e+01 +6.941276505e+01 +1.280276505e+01 +1.280276505e+01
15 0 +5.897089521e+01 +5.897089521e+01 +2.360895213e+00 +2.360895213e+00
30 0 +5.005833939e+01 +5.005833939e+01 -6.551660609e+00 -6.551660609e+00
32 0 +4.892428006e+01 +4.892428006e+01 -7.685719942e+00 -7.685719942e+00
46 0 +4.533514606e+01 +4.533514606e+01 -1.127485394e+01 -1.127485394e+01
47 0 +3.648618897e+01 +3.648618897e+01 -2.012381103e+01 -2.012381103e+01
54 0 +3.371311872e+01 +3.371311872e+01 -2.289688128e+01 -2.289688128e+01
% f evaluations | g evaluations | best noise-free fitness - Fopt | noise-free fitness - Fopt (3.270000000000e+01) | measured fitness | best measured fitness | x1 | x2...
1 0 +9.737012458e+01 +9.737012458e+01 +1.300701246e+02 +1.300701246e+02
4 0 +7.902497776e+01 +7.902497776e+01 +1.117249778e+02 +1.117249778e+02
% f evaluations | g evaluations | best noise-free fitness - Fopt | noise-free fitness - Fopt (-3.943000000000e+01) | measured fitness | best measured fitness | x1 | x2...
1 0 +1.287623121e+02 +1.287623121e+02 +8.933231214e+01 +8.933231214e+01
5 0 +8.042724864e+01 +8.042724864e+01 +4.099724864e+01 +4.099724864e+01
67 0 +7.314857685e+01 +7.314857685e+01 +3.371857685e+01 +3.371857685e+01
86 0 +6.532693467e+01 +6.532693467e+01 +2.589693467e+01 +2.589693467e+01
99 0 +5.784488635e+01 +5.784488635e+01 +1.841488635e+01 +1.841488635e+01
118 0 +5.251900187e+01 +5.251900187e+01 +1.308900187e+01 +1.308900187e+01
126 0 +5.026325687e+01 +5.026325687e+01 +1.083325687e+01 +1.083325687e+01
142 0 +5.000915503e+01 +5.000915503e+01 +1.057915503e+01 +1.057915503e+01
162 0 +4.820128971e+01 +4.820128971e+01 +8.771289713e+00 +8.771289713e+00
188 0 +4.751586805e+01 +4.751586805e+01 +8.085868048e+00 +8.085868048e+00
231 0 +4.615976144e+01 +4.615976144e+01 +6.729761444e+00 +6.729761444e+00
236 0 +4.442578563e+01 +4.442578563e+01 +4.995785633e+00 +4.995785633e+00
242 0 +3.796517783e+01 +3.796517783e+01 -1.464822168e+00 -1.464822168e+00
287 0 +3.450393244e+01 +3.450393244e+01 -4.926067560e+00 -4.926067560e+00
335 0 +3.355021505e+01 +3.355021505e+01 -5.879784947e+00 -5.879784947e+00
346 0 +3.244992459e+01 +3.244992459e+01 -6.980075408e+00 -6.980075408e+00
353 0 +3.137788479e+01 +3.137788479e+01 -8.052115213e+00 -8.052115213e+00
366 0 +2.946816252e+01 +2.946816252e+01 -9.961837478e+00 -9.961837478e+00
404 0 +2.827753322e+01 +2.827753322e+01 -1.115246678e+01 -1.115246678e+01
414 0 +2.793321191e+01 +2.793321191e+01 -1.149678809e+01 -1.149678809e+01
442 0 +2.747083354e+01 +2.747083354e+01 -1.195916646e+01 -1.195916646e+01
463 0 +2.682462467e+01 +2.682462467e+01 -1.260537533e+01 -1.260537533e+01
474 0 +2.615038025e+01 +2.615038025e+01 -1.327961975e+01 -1.327961975e+01
494 0 +2.564024922e+01 +2.564024922e+01 -1.378975078e+01 -1.378975078e+01
526 0 +2.498456559e+01 +2.498456559e+01 -1.444543441e+01 -1.444543441e+01
552 0 +2.398148083e+01 +2.398148083e+01 -1.544851917e+01 -1.544851917e+01
563 0 +2.343844991e+01 +2.343844991e+01 -1.599155009e+01 -1.599155009e+01
585 0 +2.267486302e+01 +2.267486302e+01 -1.675513698e+01 -1.675513698e+01
608 0 +2.218055139e+01 +2.218055139e+01 -1.724944861e+01 -1.724944861e+01
634 0 +2.174740228e+01 +2.174740228e+01 -1.768259772e+01 -1.768259772e+01
663 0 +2.112991781e+01 +2.112991781e+01 -1.830008219e+01 -1.830008219e+01
724 0 +2.085790859e+01 +2.085790859e+01 -1.857209141e+01 -1.857209141e+01
% f evaluations | g evaluations | best noise-free fitness - Fopt | noise-free fitness - Fopt (4.197200000000e+02) | measured fitness | best measured fitness | x1 | x2...
1 0 +4.857214664e+01 +4.857214664e+01 +4.682921466e+02 +4.682921466e+02
9 0 +4.778256274e+01 +4.778256274e+01 +4.675025627e+02 +4.675025627e+02
13 0 +4.304553353e+01 +4.304553353e+01 +4.627655335e+02 +4.627655335e+02
30 0 +4.040210529e+01 +4.040210529e+01 +4.601221053e+02 +4.601221053e+02
561 0 +3.980805045e+01 +3.980805045e+01 +4.595280504e+02 +4.595280504e+02
612 0 +3.875520330e+01 +3.875520330e+01 +4.584752033e+02 +4.584752033e+02
640 0 +3.790013512e+01 +3.790013512e+01 +4.576201351e+02 +4.576201351e+02
668 0 +3.703235227e+01 +3.703235227e+01 +4.567523523e+02 +4.567523523e+02
724 0 +3.617110997e+01 +3.617110997e+01 +4.558911100e+02 +4.558911100e+02
752 0 +3.534958789e+01 +3.534958789e+01 +4.550695879e+02 +4.550695879e+02
787 0 +3.466514365e+01 +3.466514365e+01 +4.543851436e+02 +4.543851436e+02
816 0 +3.384048833e+01 +3.384048833e+01 +4.535604883e+02 +4.535604883e+02
% f evaluations | g evaluations | best noise-free fitness - Fopt | noise-free fitness - Fopt (7.640000000000e+00) | measured fitness | best measured fitness | x1 | x2...
1 0 +5.693830805e+01 +5.693830805e+01 +6.457830805e+01 +6.457830805e+01
3 0 +5.519798348e+01 +5.519798348e+01 +6.283798348e+01 +6.283798348e+01
15 0 +4.980679814e+01 +4.980679814e+01 +5.744679814e+01 +5.744679814e+01
26 0 +4.574292351e+01 +4.574292351e+01 +5.338292351e+01 +5.338292351e+01
45 0 +4.301268001e+01 +4.301268001e+01 +5.065268001e+01 +5.065268001e+01
47 0 +4.049184099e+01 +4.049184099e+01 +4.813184099e+01 +4.813184099e+01
102 0 +3.806013497e+01 +3.806013497e+01 +4.570013497e+01 +4.570013497e+01
% f evaluations | g evaluations | best noise-free fitness - Fopt | noise-free fitness - Fopt (-1.276800000000e+02) | measured fitness | best measured fitness | x1 | x2...
1 0 +9.711568743e+01 +9.711568743e+01 -3.056431257e+01 -3.056431257e+01
4 0 +8.397741220e+01 +8.397741220e+01 -4.370258780e+01 -4.370258780e+01
22 0 +7.777947291e+01 +7.777947291e+01 -4.990052709e+01 -4.990052709e+01
25 0 +7.173550500e+01 +7.173550500e+01 -5.594449500e+01 -5.594449500e+01
31 0 +6.784569717e+01 +6.784569717e+01 -5.983430283e+01 -5.983430283e+01
63 0 +6.417428756e+01 +6.417428756e+01 -6.350571244e+01 -6.350571244e+01
81 0 +6.291598664e+01 +6.291598664e+01 -6.476401336e+01 -6.476401336e+01
82 0 +5.860094300e+01 +5.860094300e+01 -6.907905700e+01 -6.907905700e+01
91 0 +5.561299530e+01 +5.561299530e+01 -7.206700470e+01 -7.206700470e+01
116 0 +5.333732694e+01 +5.333732694e+01 -7.434267306e+01 -7.434267306e+01
162 0 +5.207609011e+01 +5.207609011e+01 -7.560390989e+01 -7.560390989e+01
166 0 +5.070604377e+01 +5.070604377e+01 -7.697395623e+01 -7.697395623e+01
177 0 +4.869443537e+01 +4.869443537e+01 -7.898556463e+01 -7.898556463e+01
263 0 +4.582958115e+01 +4.582958115e+01 -8.185041885e+01 -8.185041885e+01
272 0 +4.332420536e+01 +4.332420536e+01 -8.435579464e+01 -8.435579464e+01
283 0 +4.222455630e+01 +4.222455630e+01 -8.545544370e+01 -8.545544370e+01
302 0 +4.086051132e+01 +4.086051132e+01 -8.681948868e+01 -8.681948868e+01
334 0 +3.995908867e+01 +3.995908867e+01 -8.772091133e+01 -8.772091133e+01
335 0 +3.653819519e+01 +3.653819519e+01 -9.114180481e+01 -9.114180481e+01
393 0 +3.500355788e+01 +3.500355788e+01 -9.267644212e+01 -9.267644212e+01
405 0 +3.404017086e+01 +3.404017086e+01 -9.363982914e+01 -9.363982914e+01
418 0 +3.276613236e+01 +3.276613236e+01 -9.491386764e+01 -9.491386764e+01
455 0 +3.232691339e+01 +3.232691339e+01 -9.535308661e+01 -9.535308661e+01
474 0 +3.158590346e+01 +3.158590346e+01 -9.609409654e+01 -9.609409654e+01
497 0 +3.078063936e+01 +3.078063936e+01 -9.689936064e+01 -9.689936064e+01
510 0 +2.993024245e+01 +2.993024245e+01 -9.774975755e+01 -9.774975755e+01
546 0 +2.945492583e+01 +2.945492583e+01 -9.822507417e+01 -9.822507417e+01
552 0 +2.871821302e+01 +2.871821302e+01 -9.896178698e+01 -9.896178698e+01
575 0 +2.812523749e+01 +2.812523749e+01 -9.955476251e+01 -9.955476251e+01
594 0 +2.745889607e+01 +2.745889607e+01 -1.002211039e+02 -1.002211039e+02
616 0 +2.689444169e+01 +2.689444169e+01 -1.007855583e+02 -1.007855583e+02
653 0 +2.625079286e+01 +2.625079286e+01 -1.014292071e+02 -1.014292071e+02
707 0 +2.517364847e+01 +2.517364847e+01 -1.025063515e+02 -1.025063515e+02
770 0 +2.436451591e+01 +2.436451591e+01 -1.033154841e+02 -1.033154841e+02
776 0 +2.390326348e+01 +2.390326348e+01 -1.037767365e+02 -1.037767365e+02
777 0 +2.304278565e+01 +2.304278565e+01 -1.046372144e+02 -1.046372144e+02
813 0 +2.258855924e+01 +2.258855924e+01 -1.050914408e+02 -1.050914408e+02
839 0 +2.232868788e+01 +2.232868788e+01 -1.053513121e+02 -1.053513121e+02
844 0 +2.179576234e+01 +2.179576234e+01 -1.058842377e+02 -1.058842377e+02
892 0 +2.102572106e+01 +2.102572106e+01 -1.066542789e+02 -1.066542789e+02
904 0 +2.055360580e+01 +2.055360580e+01 -1.071263942e+02 -1.071263942e+02
949 0 +2.014501079e+01 +2.014501079e+01 -1.075349892e+02 -1.075349892e+02
% f evaluations | g evaluations | best noise-free fitness - Fopt | noise-free fitness - Fopt (-3.650000000000e+01) | measured fitness | best measured fitness | x1 | x2...
1 0 +1.093899050e+02 +1.093899050e+02 +7.288990503e+01 +7.288990503e+01
3 0 +9.565815106e+01 +9.565815106e+01 +5.915815106e+01 +5.915815106e+01
13 0 +4.770308476e+01 +4.770308476e+01 +1.120308476e+01 +1.120308476e+01
16 0 +4.316782188e+01 +4.316782188e+01 +6.667821881e+00 +6.667821881e+00
26 0 +3.181534807e+01 +3.181534807e+01 -4.684651935e+00 -4.684651935e+00
276 0 +3.021302704e+01 +3.021302704e+01 -6.286972958e+00 -6.286972958e+00
294 0 +2.941370848e+01 +2.941370848e+01 -7.086291521e+00 -7.086291521e+00
306 0 +2.564702075e+01 +2.564702075e+01 -1.085297925e+01 -1.085297925e+01
379 0 +2.460518490e+01 +2.460518490e+01 -1.189481510e+01 -1.189481510e+01
388 0 +2.404236447e+01 +2.404236447e+01 -1.245763553e+01 -1.245763553e+01
391 0 +2.383678560e+01 +2.383678560e+01 -1.266321440e+01 -1.266321440e+01
397 0 +2.239655578e+01 +2.239655578e+01 -1.410344422e+01 -1.410344422e+01
403 0 +2.088037586e+01 +2.088037586e+01 -1.561962414e+01 -1.561962414e+01
447 0 +2.012506683e+01 +2.012506683e+01 -1.637493317e+01 -1.637493317e+01
458 0 +1.955117975e+01 +1.955117975e+01 -1.694882025e+01 -1.694882025e+01
460 0 +1.935354602e+01 +1.935354602e+01 -1.714645398e+01 -1.714645398e+01
482 0 +1.783129271e+01 +1.783129271e+01 -1.866870729e+01 -1.866870729e+01
554 0 +1.673546416e+01 +1.673546416e+01 -1.976453584e+01 -1.976453584e+01
566 0 +1.659266853e+01 +1.659266853e+01 -1.990733147e+01 -1.990733147e+01
584 0 +1.620967245e+01 +1.620967245e+01 -2.029032755e+01 -2.029032755e+01
592 0 +1.578969201e+01 +1.578969201e+01 -2.071030799e+01 -2.071030799e+01
597 0 +1.525947016e+01 +1.525947016e+01 -2.124052984e+01 -2.124052984e+01
603 0 +1.484081024e+01 +1.484081024e+01 -2.165918976e+01 -2.165918976e+01
612 0 +1.470039127e+01 +1.470039127e+01 -2.179960873e+01 -2.179960873e+01
628 0 +1.403410600e+01 +1.403410600e+01 -2.246589400e+01 -2.246589400e+01
673 0 +1.364635246e+01 +1.364635246e+01 -2.285364754e+01 -2.285364754e+01
693 0 +1.348415065e+01 +1.348415065e+01 -2.301584935e+01 -2.301584935e+01
725 0 +1.299093229e+01 +1.299093229e+01 -2.350906771e+01 -2.350906771e+01
763 0 +1.240696347e+01 +1.240696347e+01 -2.409303653e+01 -2.409303653e+01
770 0 +1.224606757e+01 +1.224606757e+01 -2.425393243e+01 -2.425393243e+01
773 0 +1.201533974e+01 +1.201533974e+01 -2.448466026e+01 -2.448466026e+01
782 0 +1.169148063e+01 +1.169148063e+01 -2.480851937e+01 -2.480851937e+01
809 0 +1.144939645e+01 +1.144939645e+01 -2.505060355e+01 -2.505060355e+01
815 0 +1.109556416e+01 +1.109556416e+01 -2.540443584e+01 -2.540443584e+01
835 0 +1.088842291e+01 +1.088842291e+01 -2.561157709e+01 -2.561157709e+01
864 0 +1.064108177e+01 +1.064108177e+01 -2.585891823e+01 -2.585891823e+01
918 0 +1.038943850e+01 +1.038943850e+01 -2.611056150e+01 -2.611056150e+01
927 0 +1.012048931e+01 +1.012048931e+01 -2.637951069e+01 -2.637951069e+01
986 0 +9.911491839e+00 +9.911491839e+00 -2.658850816e+01 -2.658850816e+01
% f evaluations | g evaluations | best noise-free fitness - Fopt | noise-free fitness - Fopt (1.728700000000e+02) | measured fitness | best measured fitness | x1 | x2...
1 0 +1.502770444e+02 +1.502770444e+02 +3.231470444e+02 +3.231470444e+02
2 0 +1.474046927e+02 +1.474046927e+02 +3.202746927e+02 +3.202746927e+02
3 0 +1.079542031e+02 +1.079542031e+02 +2.808242031e+02 +2.808242031e+02
12 0 +1.024498397e+02 +1.024498397e+02 +2.753198397e+02 +2.753198397e+02
16 0 +9.845368777e+01 +9.845368777e+01 +2.713236878e+02 +2.713236878e+02
22 0 +9.610789245e+01 +9.610789245e+01 +2.689778924e+02 +2.689778924e+02
29 0 +8.964015287e+01 +8.964015287e+01 +2.625101529e+02 +2.625101529e+02
46 0 +8.666434435e+01 +8.666434435e+01 +2.595343444e+02 +2.595343444e+02
57 0 +8.427907931e+01 +8.427907931e+01 +2.571490793e+02 +2.571490793e+02
64 0 +6.935795016e+01 +6.935795016e+01 +2.422279502e+02 +2.422279502e+02
87 0 +6.813247013e+01 +6.813247013e+01 +2.410024701e+02 +2.410024701e+02
92 0 +6.447791293e+01 +6.447791293e+01 +2.373479129e+02 +2.373479129e+02
120 0 +5.944919424e+01 +5.944919424e+01 +2.323191942e+02 +2.323191942e+02
147 0 +5.745133101e+01 +5.745133101e+01 +2.303213310e+02 +2.303213310e+02
484 0 +5.600964157e+01 +5.600964157e+01 +2.288796416e+02 +2.288796416e+02
513 0 +5.492939076e+01 +5.492939076e+01 +2.277993908e+02 +2.277993908e+02
525 0 +5.348287870e+01 +5.348287870e+01 +2.263528787e+02 +2.263528787e+02
548 0 +5.202090811e+01 +5.202090811e+01 +2.248909081e+02 +2.248909081e+02
582 0 +5.117115535e+01 +5.117115535e+01 +2.240411554e+02 +2.240411554e+02
612 0 +4.981509757e+01 +4.981509757e+01 +2.226850976e+02 +2.226850976e+02
633 0 +4.793093876e+01 +4.793093876e+01 +2.208009388e+02 +2.208009388e+02
% f evaluations | g evaluations | best noise-free fitness - Fopt | noise-free fitness - Fopt (1.577200000000e+02) | measured fitness | best measured fitness | x1 | x2...
1 0 +4.490881561e+01 +4.490881561e+01 +2.026288156e+02 +2.026288156e+02
27 0 +4.062879020e+01 +4.062879020e+01 +1.983487902e+02 +1.983487902e+02
37 0 +3.886177578e+01 +3.886177578e+01 +1.965817758e+02 +1.965817758e+02
65 0 +3.599555483e+01 +3.599555483e+01 +1.937155548e+02 +1.937155548e+02
92 0 +3.535321130e+01 +3.535321130e+01 +1.930732113e+02 +1.930732113e+02
133 0 +3.412544761e+01 +3.412544761e+01 +1.918454476e+02 +1.918454476e+02
146 0 +2.994251542e+01 +2.994251542e+01 +1.876625154e+02 +1.876625154e+02
153 0 +2.945443610e+01 +2.945443610e+01 +1.871744361e+02 +1.871744361e+02
177 0 +2.687641274e+01 +2.687641274e+01 +1.845964127e+02 +1.845964127e+02
213 0 +2.627419290e+01 +2.627419290e+01 +1.839941929e+02 +1.839941929e+02
232 0 +2.566694939e+01 +2.566694939e+01 +1.833869494e+02 +1.833869494e+02
239 0 +2.411544014e+01 +2.411544014e+01 +1.818354401e+02 +1.818354401e+02
265 0 +2.363410295e+01 +2.363410295e+01 +1.813541029e+02 +1.813541029e+02
269 0 +2.330659227e+01 +2.330659227e+01 +1.810265923e+02 +1.810265923e+02
278 0 +2.281276361e+01 +2.281276361e+01 +1.805327636e+02 +1.805327636e+02
331 0 +2.176269053e+01 +2.176269053e+01 +1.794826905e+02 +1.794826905e+02
% f evaluations | g evaluations | best noise-free fitness - Fopt | noise-free fitness - Fopt (2.819000000000e+01) | measured fitness | best measured fitness | x1 | x2...
1 0 +1.080322480e+02 +1.080322480e+02 +1.362222480e+02 +1.362222480e+02
8 0 +1.022433333e+02 +1.022433333e+02 +1.304333333e+02 +1.304333333e+02
18 0 +8.790086040e+01 +8.790086040e+01 +1.160908604e+02 +1.160908604e+02
32 0 +7.780870439e+01 +7.780870439e+01 +1.059987044e+02 +1.059987044e+02
53 0 +7.723615775e+01 +7.723615775e+01 +1.054261577e+02 +1.054261577e+02
62 0 +7.237034404e+01 +7.237034404e+01 +1.005603440e+02 +1.005603440e+02
64 0 +5.231912300e+01 +5.231912300e+01 +8.050912300e+01 +8.050912300e+01
76 0 +5.086041273e+01 +5.086041273e+01 +7.905041273e+01 +7.905041273e+01
85 0 +4.085073152e+01 +4.085073152e+01 +6.904073152e+01 +6.904073152e+01
93 0 +3.950497165e+01 +3.950497165e+01 +6.769497165e+01 +6.769497165e+01
104 0 +3.862103078e+01 +3.862103078e+01 +6.681103078e+01 +6.681103078e+01
229 0 +3.791408196e+01 +3.791408196e+01 +6.610408196e+01 +6.610408196e+01
233 0 +3.604622944e+01 +3.604622944e+01 +6.423622944e+01 +6.423622944e+01
236 0 +3.325200414e+01 +3.325200414e+01 +6.144200414e+01 +6.144200414e+01
259 0 +3.305335767e+01 +3.305335767e+01 +6.124335767e+01 +6.124335767e+01
273 0 +2.895213670e+01 +2.895213670e+01 +5.714213670e+01 +5.714213670e+01
289 0 +2.821105244e+01 +2.821105244e+01 +5.640105244e+01 +5.640105244e+01
317 0 +2.742202295e+01 +2.742202295e+01 +5.561202295e+01 +5.561202295e+01
325 0 +2.671119478e+01 +2.671119478e+01 +5.490119478e+01 +5.490119478e+01
343 0 +2.606282824e+01 +2.606282824e+01 +5.425282824e+01 +5.425282824e+01
370 0 +2.554905877e+01 +2.554905877e+01 +5.373905877e+01 +5.373905877e+01
395 0 +2.503227244e+01 +2.503227244e+01 +5.322227244e+01 +5.322227244e+01
426 0 +2.438702468e+01 +2.438702468e+01 +5.257702468e+01 +5.257702468e+01
448 0 +2.391192935e+01 +2.391192935e+01 +5.210192935e+01 +5.210192935e+01
485 0 +2.343211363e+01 +2.343211363e+01 +5.162211363e+01 +5.162211363e+01
512 0 +2.277679957e+01 +2.277679957e+01 +5.096679957e+01 +5.096679957e+01
566 0 +2.224502506e+01 +2.224502506e+01 +5.043502506e+01 +5.043502506e+01
594 0 +2.148456388e+01 +2.148456388e+01 +4.967456388e+01 +4.967456388e+01
623 0 +2.119379749e+01 +2.119379749e+01 +4.938379749e+01 +4.938379749e+01
851 0 +2.075244795e+01 +2.075244795e+01 +4.894244795e+01 +4.894244795e+01
858 0 +2.038205339e+01 +2.038205339e+01 +4.857205339e+01 +4.857205339e+01
908 0 +1.989027984e+01 +1.989027984e+01 +4.808027984e+01 +4.808027984e+01
915 0 +1.939317415e+01 +1.939317415e+01 +4.758317415e+01 +4.758317415e+01
967 0 +1.885315486e+01 +1.885315486e+01 +4.704315486e+01 +4.704315486e+01
% f evaluations | g evaluations | best noise-free fitness - Fopt | noise-free fitness - Fopt (-9.925000000000e+01) | measured fitness | best measured fitness | x1 | x2...
1 0 +6.996233835e+01 +6.996233835e+01 -2.928766165e+01 -2.928766165e+01
2 0 +6.040318165e+01 +6.040318165e+01 -3.884681835e+01 -3.884681835e+01
6 0 +5.981353606e+01 +5.981353606e+01 -3.943646394e+01 -3.943646394e+01
15 0 +5.705902430e+01 +5.705902430e+01 -4.219097570e+01 -4.219097570e+01
23 0 +5.445823397e+01 +5.445823397e+01 -4.479176603e+01 -4.479176603e+01
24 0 +4.975000174e+01 +4.975000174e+01 -4.949999826e+01 -4.949999826e+01
33 0 +4.376975948e+01 +4.376975948e+01 -5.548024052e+01 -5.548024052e+01
34 0 +4.214787361e+01 +4.214787361e+01 -5.710212639e+01 -5.710212639e+01
49 0 +3.729776132e+01 +3.729776132e+01 -6.195223868e+01 -6.195223868e+01
51 0 +3.305805535e+01 +3.305805535e+01 -6.619194465e+01 -6.619194465e+01
71 0 +3.025374162e+01 +3.025374162e+01 -6.899625838e+01 -6.899625838e+01
210 0 +2.940485832e+01 +2.940485832e+01 -6.984514168e+01 -6.984514168e+01
268 0 +2.824368479e+01 +2.824368479e+01 -7.100631521e+01 -7.100631521e+01
273 0 +2.637571912e+01 +2.637571912e+01 -7.287428088e+01 -7.287428088e+01
328 0 +2.547250017e+01 +2.547250017e+01 -7.377749983e+01 -7.377749983e+01
335 0 +2.509202307e+01 +2.509202307e+01 -7.415797693e+01 -7.415797693e+01
362 0 +2.422148415e+01 +2.422148415e+01 -7.502851585e+01 -7.502851585e+01
372 0 +2.394825232e+01 +2.394825232e+01 -7.530174768e+01 -7.530174768e+01
403 0 +2.300502528e+01 +2.300502528e+01 -7.624497472e+01 -7.624497472e+01
416 0 +2.219881829e+01 +2.219881829e+01 -7.705118171e+01 -7.705118171e+01
440 0 +2.172716993e+01 +2.172716993e+01 -7.752283007e+01 -7.752283007e+01
464 0 +2.137100833e+01 +2.137100833e+01 -7.787899167e+01 -7.787899167e+01
493 0 +2.089286737e+01 +2.089286737e+01 -7.835713263e+01 -7.835713263e+01
513 0 +2.027515796e+01 +2.027515796e+01 -7.897484204e+01 -7.897484204e+01
545 0 +1.981437257e+01 +1.981437257e+01 -7.943562743e+01 -7.943562743e+01
566 0 +1.938002985e+01 +1.938002985e+01 -7.986997015e+01 -7.986997015e+01
615 0 +1.900572533e+01 +1.900572533e+01 -8.024427467e+01 -8.024427467e+01
637 0 +1.847329971e+01 +1.847329971e+01 -8.077670029e+01 -8.077670029e+01
663 0 +1.809428816e+01 +1.809428816e+01 -8.115571184e+01 -8.115571184e+01
686 0 +1.770833410e+01 +1.770833410e+01 -8.154166590e+01 -8.154166590e+01
742 0 +1.737798515e+01 +1.737798515e+01 -8.187201485e+01 -8.187201485e+01
789 0 +1.693031360e+01 +1.693031360e+01 -8.231968640e+01 -8.231968640e+01
808 0 +1.659114932e+01 +1.659114932e+01 -8.265885068e+01 -8.265885068e+01
860 0 +1.614908771e+01 +1.614908771e+01 -8.310091229e+01 -8.310091229e+01
905 0 +1.568046418e+01 +1.568046418e+01 -8.356953582e+01 -8.356953582e+01
954 0 +1.546537662e+01 +1.546537662e+01 -8.378462338e+01 -8.378462338e+01
993 0 +1.512658598e+01 +1.512658598e+01 -8.412341402e+01 -8.412341402e+01
