% f evaluations | g evaluations | best noise-free fitness - Fopt | noise-free fitness - Fopt (2.997000000000e+01) | measured fitness | best measured fitness | x1 | x2...
1 0 +1.624029901e+03 +1.624029901e+03 +1.653999901e+03 +1.653999901e+03 +0.0000e+00 +0.0000e+00 +0.0000e+00 +0.0000e+00 +0.0000e+00 +0.0000e+00 +0.0000e+00 +0.0000e+00 +0.0000e+00 +0.0000e+00
2 0 +1.540816776e+03 +1.540816776e+03 +1.570786776e+03 +1.570786776e+03 -6.2636e-01 -9.0241e-02 -1.0795e+00 -2.7933e+00 -7.7193e-02 -9.6146e-01 -1.1640e-01 -3.9295e-02 -4.6176e-03 -9.7385e-02
3 0 +1.501770960e+03 +1.501770960e+03 +1.531740960e+03 +1.531740960e+03 -2.4119e-01 -4.4305e-01 -1.4591e+00 +2.0332e+00 +4.3903e-01 +3.5113e-01 -6.5263e-01 -1.3300e-01 +1.1817e-01 +4.2797e-01
13 0 +1.308379768e+03 +1.308379768e+03 +1.338349768e+03 +1.338349768e+03 -8.6984e-01 -6.2843e-01 -7.3297e-01 +7.7680e-01 +1.1536e+00 +4.2624e-01 -1.1358e+00 -2.3725e-01 +1.2526e-01 +1.0918e-01
27 0 +1.171235108e+03 +1.171235108e+03 +1.201205108e+03 +1.201205108e+03 +4.3910e-01 -4.6212e-01 -1.7261e+00 +9.7002e-01 +2.2091e+00 +3.8609e-01 -1.8735e+00 -4.2341e-02 -2.0058e-01 -1.2794e+00
37 0 +1.090919963e+03 +1.090919963e+03 +1.120889963e+03 +1.120889963e+03 +7.9181e-01 -8.3980e-01 -7.4321e-01 +2.1303e-01 +2.5939e+00 +9.6535e-01 -1.9109e+00 -1.3625e-01 -2.0405e-01 -1.2991e+00
39 0 +9.763614637e+02 +9.763614637e+02 +1.006331464e+03 +1.006331464e+03 +2.5866e-01 -8.8371e-01 -2.1038e+00 -1.3527e+00 +2.1140e+00 +9.3450e-01 -2.0078e+00 -1.4990e-01 -8.5934e-02 -8.3218e-01
46 0 +8.295916739e+02 +8.295916739e+02 +8.595616739e+02 +8.595616739e+02 +1.2540e+00 -7.4426e-01 -2.1118e+00 -9.6682e-01 +3.5994e+00 +3.5416e+00 -2.7103e+00 -1.7589e-01 -1.5134e-01 -1.2223e+00
81 0 +7.232042626e+02 +7.232042626e+02 +7.531742626e+02 +7.531742626e+02 +6.0630e-01 -1.0021e+00 -3.2427e+00 +2.8946e-01 +3.6823e+00 +2.7315e+00 -4.1467e+00 -1.8131e-01 +4.6479e-02 -1.9558e+00
616 0 +6.426793149e+02 +6.426793149e+02 +6.726493149e+02 +6.726493149e+02 -1.1169e+00 -1.9389e+00 -3.2658e+00 -1.6109e+00 +2.3961e+00 +3.4056e+00 -3.2738e+00 -4.4148e-01 +8.9059e-01 -3.0921e+00
633 0 +5.784511402e+02 +5.784511402e+02 +6.084211402e+02 +6.084211402e+02 -2.2237e-01 -2.6005e+00 -3.5955e+00 -1.2951e+00 +2.7843e+00 +4.2730e+00 -3.3952e+00 -4.0775e-01 +9.0334e-01 -4.0128e+00
645 0 +5.740819524e+02 +5.740819524e+02 +6.040519524e+02 +6.040519524e+02 +5.5680e-03 -2.3726e+00 -4.2325e+00 -6.4439e-01 +2.8414e+00 +3.9234e+00 -2.9402e+00 -4.3215e-01 +9.7229e-01 -3.7753e+00
% f evaluations | g evaluations | best noise-free fitness - Fopt | noise-free fitness - Fopt (-5.171000000000e+01) | measured fitness | best measured fitness | x1 | x2...
1 0 +1.917474288e+03 +1.917474288e+03 +1.865764288e+03 +1.865764288e+03 +0.0000e+00 +0.0000e+00 +0.0000e+00 +0.0000e+00 +0.0000e+00 +0.0000e+00 +0.0000e+00 +0.0000e+00 +0.0000e+00 +0.0000e+00
8 0 +1.836827961e+03 +1.836827961e+03 +1.785117961e+03 +1.785117961e+03 +1.0913e+00 +1.0655e+00 -1.1095e+00 +6.9781e-01 +3.2074e-01 +6.8868e-01 +3.5384e+00 +2.0093e-01 -2.9494e+00 -7.3595e-03
12 0 +1.747947316e+03 +1.747947316e+03 +1.696237316e+03 +1.696237316e+03 +1.6752e-01 -9.9823e-01 +2.0974e-01 +3.7825e-02 -2.8640e-01 -1.0210e+00 +8.7243e-01 +3.9296e+00 -3.0504e+00 +2.5865e-02
16 0 +1.561484477e+03 +1.561484477e+03 +1.509774477e+03 +1.509774477e+03 -1.0599e-01 +6.0377e-01 -2.6651e+00 -2.4668e-01 -4.5223e-01 -9.7246e-01 +2.9190e+00 +2.3620e+00 -2.3784e+00 +1.1004e-01
22 0 +1.155298944e+03 +1.155298944e+03 +1.103588944e+03 +1.103588944e+03 -1.0265e-01 +1.0730e-01 -2.8702e+00 +6.9351e-02 -5.5846e-01 -1.0346e+00 -4.0857e+00 +1.9646e+00 -4.7096e+00 -5.0785e-02
35 0 +1.094708385e+03 +1.094708385e+03 +1.042998385e+03 +1.042998385e+03 +1.0091e+00 +1.4415e-01 -2.7127e+00 +2.9926e-01 -6.6700e-01 -1.4266e+00 -3.2824e+00 +2.8973e+00 -2.8846e+00 -2.1981e-01
36 0 +1.031709943e+03 +1.031709943e+03 +9.799999431e+02 +9.799999431e+02 +7.9743e-01 +2.0878e-01 -3.3963e+00 -1.0148e-01 +3.3519e-02 -8.0729e-01 -3.8751e+00 +4.2227e+00 -5.2459e+00 +6.7167e-02
40 0 +1.017987721e+03 +1.017987721e+03 +9.662777207e+02 +9.662777207e+02 -3.1649e-01 +5.2308e-01 -3.7429e+00 -1.8910e-01 -2.3336e-01 -1.8727e+00 -4.2240e+00 +2.3351e+00 -4.3483e+00 +4.7937e-02
45 0 +9.960344840e+02 +9.960344840e+02 +9.443244840e+02 +9.443244840e+02 +3.2005e-01 +6.4355e-01 -3.7704e+00 +7.4198e-03 +6.4843e-02 -1.8937e-01 -4.7154e+00 +3.2464e+00 -5.2088e+00 +7.1174e-02
51 0 +8.506936690e+02 +8.506936690e+02 +7.989836690e+02 +7.989836690e+02 +2.3797e+00 +5.6012e-01 -2.6627e+00 +6.7503e-02 +2.6610e-01 -2.1700e+00 -2.8184e+00 +2.4154e+00 -4.9756e+00 +9.8942e-02
58 0 +8.191264585e+02 +8.191264585e+02 +7.674164585e+02 +7.674164585e+02 +1.2682e+00 +1.6698e+00 -5.1891e+00 +2.1733e-01 +1.2211e-01 -1.1981e+00 -3.5404e+00 +3.7589e+00 -4.3569e+00 +3.0045e-01
64 0 +5.565552266e+02 +5.565552266e+02 +5.048452266e+02 +5.048452266e+02 +1.9969e+00 +1.8629e+00 -6.0074e+00 +5.8820e-01 +6.8443e-01 -2.1666e+00 -3.6341e+00 +1.2630e+00 -1.5203e+00 +5.3338e-01
454 0 +5.491441082e+02 +5.491441082e+02 +4.974341082e+02 +4.974341082e+02 +2.8184e+00 +5.8310e+00 -2.0583e-01 -7.5002e+00 +6.4003e-01 +6.4856e+00 -3.4927e+00 +7.2776e+00 -6.8977e+00 -8.5478e-01
462 0 +5.275362187e+02 +5.275362187e+02 +4.758262187e+02 +4.758262187e+02 +2.9362e+00 +5.6410e+00 -3.3016e-01 -7.4497e+00 +6.4099e-01 +6.4030e+00 -3.6895e+00 +6.8872e+00 -6.9484e+00 -8.1070e-01
475 0 +5.163711468e+02 +5.163711468e+02 +4.646611468e+02 +4.646611468e+02 +2.9690e+00 +5.7165e+00 -4.0282e-01 -7.4282e+00 +8.1115e-01 +6.5051e+00 -3.8341e+00 +6.8999e+00 -6.5612e+00 -8.3343e-01
483 0 +5.108490367e+02 +5.108490367e+02 +4.591390367e+02 +4.591390367e+02 +2.8065e+00 +5.8238e+00 -5.2973e-01 -7.4516e+00 +7.0443e-01 +6.3909e+00 -3.8088e+00 +6.8545e+00 -6.4930e+00 -8.4197e-01
512 0 +5.006760461e+02 +5.006760461e+02 +4.489660461e+02 +4.489660461e+02 +2.8938e+00 +5.9614e+00 -5.6737e-01 -7.4064e+00 +7.3716e-01 +6.4345e+00 -3.8498e+00 +6.6756e+00 -6.5414e+00 -8.3412e-01
553 0 +4.877414832e+02 +4.877414832e+02 +4.360314832e+02 +4.360314832e+02 +2.8384e+00 +5.8870e+00 -9.1875e-01 -7.3328e+00 +8.4685e-01 +6.3360e+00 -4.0869e+00 +6.3339e+00 -6.4050e+00 -8.4211e-01
589 0 +4.762912285e+02 +4.762912285e+02 +4.245812285e+02 +4.245812285e+02 +2.7270e+00 +6.0470e+00 -1.0315e+00 -7.3411e+00 +7.9862e-01 +5.7405e+00 -4.0936e+00 +6.3691e+00 -6.3887e+00 -8.3760e-01
610 0 +4.647573226e+02 +4.647573226e+02 +4.130473226e+02 +4.130473226e+02 +2.6645e+00 +5.8911e+00 -9.3700e-01 -7.2223e+00 +7.9769e-01 +5.8778e+00 -3.8617e+00 +6.1822e+00 -6.2066e+00 -8.2432e-01
669 0 +4.559219499e+02 +4.559219499e+02 +4.042119499e+02 +4.042119499e+02 +2.5732e+00 +5.8960e+00 -1.3013e+00 -7.1897e+00 +9.1073e-01 +5.7492e+00 -3.9510e+00 +6.2788e+00 -6.3686e+00 -8.2329e-01
719 0 +4.449429246e+02 +4.449429246e+02 +3.932329246e+02 +3.932329246e+02 +2.4786e+00 +5.7495e+00 -1.3020e+00 -7.1237e+00 +1.0379e+00 +5.5631e+00 -3.8304e+00 +6.4448e+00 -6.4093e+00 -7.8804e-01
754 0 +4.191785068e+02 +4.191785068e+02 +3.674685068e+02 +3.674685068e+02 +2.5900e+00 +5.9107e+00 -1.3247e+00 -6.8630e+00 +8.0710e-01 +5.5218e+00 -3.9291e+00 +5.9072e+00 -5.8986e+00 -7.6058e-01
771 0 +4.086760670e+02 +4.086760670e+02 +3.569660670e+02 +3.569660670e+02 +2.6316e+00 +5.3739e+00 -1.2898e+00 -6.8418e+00 +1.0333e+00 +5.3559e+00 -3.9987e+00 +5.9044e+00 -5.7245e+00 -7.3707e-01
812 0 +4.027661602e+02 +4.027661602e+02 +3.510561602e+02 +3.510561602e+02 +2.7237e+00 +5.4389e+00 -1.3898e+00 -6.8274e+00 +7.8496e-01 +5.4319e+00 -4.0590e+00 +5.7868e+00 -5.7928e+00 -7.0062e-01
832 0 +3.950433248e+02 +3.950433248e+02 +3.433333248e+02 +3.433333248e+02 +2.6463e+00 +5.5012e+00 -1.7544e+00 -6.7892e+00 +8.1301e-01 +5.1657e+00 -3.9858e+00 +5.7321e+00 -5.8073e+00 -6.7938e-01
877 0 +3.877153269e+02 +3.877153269e+02 +3.360053269e+02 +3.360053269e+02 +2.3764e+00 +5.1705e+00 -1.6446e+00 -6.7711e+00 +9.2182e-01 +4.9085e+00 -3.8059e+00 +5.7241e+00 -5.8892e+00 -6.8337e-01
903 0 +3.788129643e+02 +3.788129643e+02 +3.271029643e+02 +3.271029643e+02 +2.6615e+00 +5.1111e+00 -1.5439e+00 -6.7029e+00 +1.0203e+00 +5.0760e+00 -3.8738e+00 +5.8189e+00 -5.9162e+00 -6.4986e-01
981 0 +3.683437874e+02 +3.683437874e+02 +3.166337874e+02 +3.166337874e+02 +2.3835e+00 +5.0818e+00 -1.7827e+00 -6.6077e+00 +9.2200e-01 +4.8602e+00 -3.5052e+00 +5.7825e+00 -5.8705e+00 -6.0545e-01
% f evaluations | g evaluations | best noise-free fitness - Fopt | noise-free fitness - Fopt (-2.799500000000e+02) | measured fitness | best measured fitness | x1 | x2...
1 0 +1.277181026e+03 +1.277181026e+03 +9.972310264e+02 +9.972310264e+02 +0.0000e+00 +0.0000e+00 +0.0000e+00 +0.0000e+00 +0.0000e+00 +0.0000e+00 +0.0000e+00 +0.0000e+00 +0.0000e+00 +0.0000e+00
4 0 +1.243876812e+03 +1.243876812e+03 +9.639268122e+02 +9.639268122e+02 +4.9333e-02 -6.6290e-01 +2.5729e-01 -1.3403e-02 +1.4928e-01 -1.9714e+00 +2.8275e-01 -2.2670e-01 +1.9702e-02 +7.0757e-01
10 0 +1.225863632e+03 +1.225863632e+03 +9.459136321e+02 +9.459136321e+02 +1.7459e-01 +5.5931e-01 -1.5535e-02 +1.1647e-01 -1.1009e+00 -1.1164e+00 -4.3563e-01 +5.3869e-01 +3.9079e-01 -2.9669e-01
15 0 +1.190350716e+03 +1.190350716e+03 +9.104007162e+02 +9.104007162e+02 -1.0749e-01 +6.2495e-01 +5.9017e-01 +9.1938e-02 -6.4341e-01 -1.9373e+00 +1.4345e+00 +2.0120e-01 +5.0517e-02 +1.1107e+00
21 0 +1.147337042e+03 +1.147337042e+03 +8.673870424e+02 +8.673870424e+02 -1.3690e-03 +2.6132e-01 +2.6468e-01 +4.2338e-02 -8.7037e-01 -3.0721e+00 +5.2654e-01 +1.7716e-01 -2.0731e-01 -2.3684e-01
25 0 +1.013024783e+03 +1.013024783e+03 +7.330747835e+02 +7.330747835e+02 -8.7100e-01 +8.7755e-02 +2.7329e-01 -4.1947e-01 -1.3288e+00 -2.8860e+00 +6.3875e-01 +8.8498e-01 +3.6800e-01 +5.2074e-01
32 0 +9.566327089e+02 +9.566327089e+02 +6.766827089e+02 +6.766827089e+02 -1.1047e+00 -3.0597e-02 +5.5218e-01 -7.4415e-01 -1.3418e+00 -2.7241e+00 -2.9192e-01 +1.4793e-01 +2.9824e-01 +5.5550e-01
37 0 +9.364528685e+02 +9.364528685e+02 +6.565028685e+02 +6.565028685e+02 -7.8956e-01 +6.6522e-01 +4.2003e-01 -4.0313e-01 -1.7667e+00 -2.5274e+00 +6.2198e-01 +7.9026e-01 -2.0548e-01 -4.1782e-01
44 0 +9.252478974e+02 +9.252478974e+02 +6.452978974e+02 +6.452978974e+02 -1.2660e+00 -4.3877e-01 +2.3327e-01 -8.1899e-01 -1.7138e+00 -2.5568e+00 -1.3004e+00 -5.8154e-01 -1.0173e+00 -7.5913e-01
47 0 +8.634748950e+02 +8.634748950e+02 +5.835248950e+02 +5.835248950e+02 -7.3328e-01 -1.2787e+00 +7.8843e-01 -2.1878e+00 -1.9468e+00 -3.1137e+00 +3.0297e-02 +1.8519e+00 +6.2021e-01 -6.0707e-01
% f evaluations | g evaluations | best noise-free fitness - Fopt | noise-free fitness - Fopt (9.319900000000e+02) | measured fitness | best measured fitness | x1 | x2...
1 0 +1.199700401e+03 +1.199700401e+03 +2.131690401e+03 +2.131690401e+03 +0.0000e+00 +0.0000e+00 +0.0000e+00 +0.0000e+00 +0.0000e+00 +0.0000e+00 +0.0000e+00 +0.0000e+00 +0.0000e+00 +0.0000e+00
5 0 +1.180640402e+03 +1.180640402e+03 +2.112630402e+03 +2.112630402e+03 -5.4434e-01 -5.7496e-01 +1.1248e-01 +7.0095e-02 -1.6552e+00 +4.7894e-02 -7.3571e-02 -5.9854e-01 -1.0013e+00 +2.4026e-03
14 0 +1.010519044e+03 +1.010519044e+03 +1.942509044e+03 +1.942509044e+03 -9.3751e-01 +5.5902e-01 +9.3310e-01 +1.8027e-01 +6.6073e-01 +1.0495e-01 +4.7507e-02 -8.3994e-01 -1.1892e+00 -1.7384e-02
28 0 +9.802614504e+02 +9.802614504e+02 +1.912251450e+03 +1.912251450e+03 +5.1623e-01 +9.1806e-02 +1.2363e+00 +1.6539e-01 +4.3640e-01 -1.1882e-01 -5.4326e-01 -9.0925e-01 -1.6271e+00 -7.2580e-02
42 0 +9.759155156e+02 +9.759155156e+02 +1.907905516e+03 +1.907905516e+03 -2.1509e-01 +2.5971e-01 +7.8280e-01 -1.4192e-01 +1.1399e+00 -4.0075e-01 -3.3672e-01 -7.9455e-01 -1.4217e+00 -1.0408e-01
50 0 +8.391894940e+02 +8.391894940e+02 +1.771179494e+03 +1.771179494e+03 -3.2728e-01 -6.4129e-01 +2.7507e+00 -9.5836e-05 +1.1629e+00 -1.7176e-01 -7.7816e-02 -1.4901e+00 -2.1345e+00 -4.7823e-02
63 0 +8.047586043e+02 +8.047586043e+02 +1.736748604e+03 +1.736748604e+03 +4.8767e-01 -1.1350e+00 +2.4202e+00 -4.3180e-02 +2.0569e+00 -5.6146e-01 +5.9469e-02 -1.2193e+00 -1.2019e+00 -5.8060e-02
80 0 +7.625628457e+02 +7.625628457e+02 +1.694552846e+03 +1.694552846e+03 +6.4425e-01 +5.4014e-01 +2.8648e+00 -1.6771e-02 +1.6874e+00 -6.2828e-01 +1.1256e-01 -1.2185e+00 -1.5655e+00 -4.6403e-02
82 0 +7.468827807e+02 +7.468827807e+02 +1.678872781e+03 +1.678872781e+03 +5.7526e-01 +6.7284e-01 +2.8728e+00 -8.5798e-02 +2.2939e+00 -7.4476e-01 +3.1461e-01 -1.2294e+00 -2.0832e+00 -7.2642e-02
100 0 +7.112790162e+02 +7.112790162e+02 +1.643269016e+03 +1.643269016e+03 +8.6613e-01 -1.9939e-01 +2.6666e+00 -7.2388e-02 +2.3230e+00 -7.1269e-01 +3.2964e-01 -1.3888e+00 -1.8758e+00 -5.4390e-02
130 0 +7.052184306e+02 +7.052184306e+02 +1.637208431e+03 +1.637208431e+03 +3.8305e-01 +1.0993e+00 +3.4753e+00 -1.3247e-01 +2.1133e+00 -6.2696e-01 +3.0005e-01 -1.5871e+00 -6.3480e-01 -5.6262e-02
144 0 +6.908580483e+02 +6.908580483e+02 +1.622848048e+03 +1.622848048e+03 -1.5977e-01 +1.3208e+00 +3.1967e+00 -1.5866e-01 +1.8000e+00 -8.1674e-01 +4.7293e-01 -1.8018e+00 -6.6463e-01 -2.0978e-02
169 0 +6.491639576e+02 +6.491639576e+02 +1.581153958e+03 +1.581153958e+03 +1.6260e+00 +1.2775e+00 +3.1145e+00 -5.1924e-01 +2.6933e+00 -9.7316e-01 +5.5148e-01 -2.4083e+00 +1.1844e-01 -6.4075e-02
185 0 +6.360629054e+02 +6.360629054e+02 +1.568052905e+03 +1.568052905e+03 +1.3699e-01 +3.2687e-01 +2.7675e+00 -3.0724e-01 +2.2214e+00 -9.4226e-01 +2.8030e-01 -2.5999e+00 -1.2489e-01 +1.6972e-02
248 0 +6.243852335e+02 +6.243852335e+02 +1.556375234e+03 +1.556375234e+03 -4.5548e-01 +8.3410e-01 +2.5191e+00 -2.8215e-01 +2.2284e+00 -7.1431e-01 +3.3328e-01 -2.9828e+00 -2.9747e-01 +1.4714e-03
270 0 +6.089238070e+02 +6.089238070e+02 +1.540913807e+03 +1.540913807e+03 +2.3644e-02 +3.5967e-01 +2.4681e+00 -2.0907e-01 +1.6162e+00 -7.6260e-01 +3.8573e-01 -3.0748e+00 -7.6468e-01 +4.1144e-03
287 0 +5.975084581e+02 +5.975084581e+02 +1.529498458e+03 +1.529498458e+03 +8.9104e-03 +5.0845e-01 +2.5764e+00 -3.1392e-01 +2.4453e+00 -6.9244e-01 +4.4830e-01 -2.9874e+00 -7.8663e-01 -2.2546e-02
294 0 +5.842265424e+02 +5.842265424e+02 +1.516216542e+03 +1.516216542e+03 +2.4949e-01 +9.9269e-01 +2.5170e+00 -2.3402e-01 +2.3470e+00 -7.5996e-01 +4.9209e-01 -3.0514e+00 -8.6017e-01 -1.7890e-02
344 0 +5.734801605e+02 +5.734801605e+02 +1.505470161e+03 +1.505470161e+03 +3.3200e-01 +7.7014e-01 +2.6400e+00 -2.9711e-01 +2.4105e+00 -7.4649e-01 +5.5232e-01 -3.0341e+00 -8.3538e-01 -2.8131e-02
395 0 +5.589971377e+02 +5.589971377e+02 +1.490987138e+03 +1.490987138e+03 +4.5568e-01 +1.2681e+00 +2.6756e+00 -3.2039e-01 +2.4196e+00 -7.8720e-01 +6.5472e-01 -3.1444e+00 -9.1705e-01 -2.1346e-02
439 0 +5.487368471e+02 +5.487368471e+02 +1.480726847e+03 +1.480726847e+03 +1.3024e-01 +7.4898e-01 +2.5241e+00 -3.5540e-01 +2.2179e+00 -7.8611e-01 +6.6904e-01 -3.4382e+00 -1.1559e+00 -2.8071e-02
% f evaluations | g evaluations | best noise-free fitness - Fopt | noise-free fitness - Fopt (1.133100000000e+02) | measured fitness | best measured fitness | x1 | x2...
1 0 +9.355293671e+02 +9.355293671e+02 +1.048839367e+03 +1.048839367e+03 +0.0000e+00 +0.0000e+00 +0.0000e+00 +0.0000e+00 +0.0000e+00 +0.0000e+00 +0.0000e+00 +0.0000e+00 +0.0000e+00 +0.0000e+00
5 0 +9.297986736e+02 +9.297986736e+02 +1.043108674e+03 +1.043108674e+03 +7.5277e-01 -2.0964e-01 -3.1098e-02 +3.4822e-01 -8.8847e-01 +6.0429e-01 +3.8192e-01 -4.0120e-01 +5.0941e-01 +5.1459e-01
7 0 +8.717612409e+02 +8.717612409e+02 +9.850712409e+02 +9.850712409e+02 +7.4290e-01 -1.2336e+00 -1.4458e-01 +4.1036e-02 +1.2709e+00 +7.2540e-01 +8.3594e-01 +4.0043e-01 +4.2422e-01 +7.4804e-02
15 0 +5.152254112e+02 +5.152254112e+02 +6.285354112e+02 +6.285354112e+02 +1.4038e+00 +1.7207e-01 +6.7721e-02 +8.5677e-01 +1.1722e+00 +9.7438e-01 +4.7313e-01 -1.6921e+00 +1.6291e+00 +2.1160e-01
47 0 +3.732073453e+02 +3.732073453e+02 +4.865173453e+02 +4.865173453e+02 +1.2099e+00 +2.0196e+00 -1.5843e-02 -4.3269e-01 +2.1441e+00 +2.0859e-01 +4.2566e-02 -2.0229e+00 +2.2160e+00 -7.9275e-01
528 0 +3.499574188e+02 +3.499574188e+02 +4.632674188e+02 +4.632674188e+02 +2.4796e+00 +3.4807e+00 -8.0230e-02 +1.8014e-01 +1.9287e+00 -3.5033e+00 -1.2621e+00 -1.7462e+00 +2.4035e+00 -8.5662e-01
612 0 +3.438842053e+02 +3.438842053e+02 +4.571942053e+02 +4.571942053e+02 +1.0775e+00 +2.1493e+00 -2.7156e-01 +3.3210e-01 +3.1879e+00 -2.3427e+00 -4.2848e-01 -1.5468e+00 +1.7558e+00 -3.8163e-01
613 0 +3.256945409e+02 +3.256945409e+02 +4.390045409e+02 +4.390045409e+02 +1.5001e+00 +2.4642e+00 -2.5110e-01 +4.4026e-01 +2.9195e+00 -1.9940e+00 -7.4854e-01 -1.6550e+00 +1.4994e+00 -6.2924e-01
618 0 +3.140181040e+02 +3.140181040e+02 +4.273281040e+02 +4.273281040e+02 +1.5526e+00 +2.4452e+00 -2.7716e-01 +4.1229e-01 +3.1247e+00 -1.8015e+00 -3.1600e-01 -1.4668e+00 +1.7870e+00 -5.2259e-01
628 0 +3.042731183e+02 +3.042731183e+02 +4.175831183e+02 +4.175831183e+02 +1.7448e+00 +2.0861e+00 -2.1639e-01 +5.2180e-01 +3.0540e+00 -1.8108e+00 -4.3566e-01 -1.8592e+00 +1.9387e+00 +3.6586e-02
633 0 +2.769216212e+02 +2.769216212e+02 +3.902316212e+02 +3.902316212e+02 +2.0676e+00 +2.5839e+00 -1.9713e-01 +6.4581e-01 +2.5368e+00 -9.7971e-01 -1.2739e-01 -1.2530e+00 +1.8655e+00 +2.1050e-01
% f evaluations | g evaluations | best noise-free fitness - Fopt | noise-free fitness - Fopt (2.849000000000e+01) | measured fitness | best measured fitness | x1 | x2...
1 0 +1.642769597e+03 +1.642769597e+03 +1.671259597e+03 +1.671259597e+03 +0.0000e+00 +0.0000e+00 +0.0000e+00 +0.0000e+00 +0.0000e+00 +0.0000e+00 +0.0000e+00 +0.0000e+00 +0.0000e+00 +0.0000e+00
6 0 +1.324047371e+03 +1.324047371e+03 +1.352537371e+03 +1.352537371e+03 +2.5391e-02 -2.1117e+00 +3.5729e-01 -2.7711e+00 -2.5007e-02 +2.2427e+00 -1.7768e-01 -1.7783e+00 -1.0953e+00 +3.4888e-01
12 0 +1.012901387e+03 +1.012901387e+03 +1.041391387e+03 +1.041391387e+03 -5.1579e-01 -5.1313e+00 -1.2994e+00 -2.3973e+00 +2.4426e-01 +2.6905e+00 -2.7999e-01 +1.3221e+00 -2.7758e+00 +1.7282e+00
27 0 +8.049519693e+02 +8.049519693e+02 +8.334419693e+02 +8.334419693e+02 -2.5657e-01 -4.9265e+00 -2.7127e-01 -2.6573e+00 +2.5315e-01 +1.0792e+00 -3.9973e-01 +1.8548e+00 +1.2909e-01 +3.6647e+00
40 0 +6.752955871e+02 +6.752955871e+02 +7.037855871e+02 +7.037855871e+02 -4.0812e-01 -1.7813e+00 -8.6660e-02 -3.5297e+00 +3.1471e-01 +6.9512e-01 +5.0072e-02 +2.9407e+00 -1.6620e+00 +1.8363e+00
% f evaluations | g evaluations | best noise-free fitness - Fopt | noise-free fitness - Fopt (-7.405800000000e+02) | measured fitness | best measured fitness | x1 | x2...
1 0 +1.230620066e+03 +1.230620066e+03 +4.900400663e+02 +4.900400663e+02 +0.0000e+00 +0.0000e+00 +0.0000e+00 +0.0000e+00 +0.0000e+00 +0.0000e+00 +0.0000e+00 +0.0000e+00 +0.0000e+00 +0.0000e+00
3 0 +1.134460093e+03 +1.134460093e+03 +3.938800935e+02 +3.938800935e+02 -2.4807e-02 +5.0287e-01 +1.1150e-01 +2.1161e-01 -4.6603e-01 +2.5793e+00 -7.6066e-02 +7.7689e-02 +3.5879e-02 +1.7561e+00
6 0 +1.105073733e+03 +1.105073733e+03 +3.644937327e+02 +3.644937327e+02 -6.3647e-02 -1.3449e-01 +1.0358e+00 -3.9654e-01 +7.1073e-01 +4.3174e+00 +8.0664e-02 -7.9083e-01 -2.4394e-01 -1.1599e+00
7 0 +9.084077056e+02 +9.084077056e+02 +1.678277056e+02 +1.678277056e+02 +9.3627e-02 -5.5489e-01 -1.4326e+00 +6.0917e-01 -7.2786e-01 +1.8824e+00 +7.4836e-02 +5.4281e-01 -4.0912e-01 -1.9713e-02
15 0 +8.643810909e+02 +8.643810909e+02 +1.238010909e+02 +1.238010909e+02 +1.5761e-02 +3.7912e-02 -2.1537e+00 +8.7209e-01 -5.8566e-01 +2.1448e+00 +2.2458e-01 +1.0291e+00 -5.4386e-01 -6.6630e-01
23 0 +8.247154076e+02 +8.247154076e+02 +8.413540763e+01 +8.413540763e+01 +6.6791e-02 +2.4164e-01 -2.3388e+00 +7.5348e-01 +1.9205e-01 +2.7677e+00 +2.1078e-01 +1.2970e+00 -7.1198e-01 -7.7035e-01
28 0 +7.976798661e+02 +7.976798661e+02 +5.709986610e+01 +5.709986610e+01 -4.8711e-02 +1.1724e-01 -2.1261e+00 +8.1924e-01 -5.5670e-01 +3.4555e+00 +1.3603e-01 +7.4401e-01 -1.0863e+00 -4.7698e-01
61 0 +7.848903122e+02 +7.848903122e+02 +4.431031221e+01 +4.431031221e+01 -6.0554e-02 -2.8071e-01 -2.0162e+00 +1.2475e+00 +3.9020e-01 +2.9539e+00 +5.9586e-02 +8.2465e-01 -1.9320e+00 +3.8995e-01
176 0 +7.707436716e+02 +7.707436716e+02 +3.016367159e+01 +3.016367159e+01 -3.0372e-01 +3.6611e-01 -2.1122e+00 +1.0971e+00 +1.2961e+00 +4.1776e+00 -2.0221e-01 +2.2569e+00 -1.2036e+00 -3.7354e-02
215 0 +7.286544952e+02 +7.286544952e+02 -1.192550478e+01 -1.192550478e+01 -2.2455e-01 +2.1876e-01 -2.4071e+00 -4.1747e-01 +4.0106e-03 +3.9785e+00 -7.8307e-01 +2.7177e+00 -7.9915e-01 -1.1819e+00
% f evaluations | g evaluations | best noise-free fitness - Fopt | noise-free fitness - Fopt (-5.177000000000e+01) | measured fitness | best measured fitness | x1 | x2...
1 0 +1.443343162e+03 +1.443343162e+03 +1.391573162e+03 +1.391573162e+03 +0.0000e+00 +0.0000e+00 +0.0000e+00 +0.0000e+00 +0.0000e+00 +0.0000e+00 +0.0000e+00 +0.0000e+00 +0.0000e+00 +0.0000e+00
5 0 +1.354435408e+03 +1.354435408e+03 +1.302665408e+03 +1.302665408e+03 -1.0340e+00 +2.8331e-02 +5.7933e-01 +8.9879e-01 -2.3330e-02 +1.6157e+00 +2.7977e-01 -1.9708e+00 -5.0775e-01 -7.4645e-01
16 0 +1.342656301e+03 +1.342656301e+03 +1.290886301e+03 +1.290886301e+03 -1.1044e+00 +4.7106e-01 +2.7368e-01 +1.1210e+00 +3.0311e-02 -5.3634e-01 -3.0421e-01 +6.2905e-01 -8.8408e-02 -1.2984e-01
17 0 +1.249970283e+03 +1.249970283e+03 +1.198200283e+03 +1.198200283e+03 -2.0464e+00 +2.9844e-02 +8.2928e-01 +8.9757e-01 +2.7828e-02 +2.1163e-01 +2.5699e-01 +5.5648e-01 +2.9075e-01 -8.7682e-01
19 0 +1.140115544e+03 +1.140115544e+03 +1.088345544e+03 +1.088345544e+03 -1.1149e+00 +8.4936e-02 +1.5108e+00 -5.6582e-02 +8.3155e-02 +1.2437e+00 +1.9423e-01 -4.9182e-01 +1.0606e+00 -8.3077e-01
36 0 +1.092770857e+03 +1.092770857e+03 +1.041000857e+03 +1.041000857e+03 -9.9406e-01 +4.2830e-01 +3.8739e-01 -3.9191e-01 +1.2287e-01 +1.6549e+00 -2.3991e-01 +9.8165e-02 +4.3638e-01 -7.6160e-01
39 0 +1.049327967e+03 +1.049327967e+03 +9.975579666e+02 +9.975579666e+02 -2.0581e+00 +3.3348e-01 +1.0416e+00 -1.5431e+00 +8.8450e-02 +2.7342e+00 +2.0671e-01 +3.0936e-01 +1.5904e-01 -1.2732e+00
40 0 +1.031396268e+03 +1.031396268e+03 +9.796262676e+02 +9.796262676e+02 -2.0486e+00 +3.8951e-01 +9.7195e-01 -7.1089e-01 +1.3615e-01 +3.3642e-01 -6.1575e-02 +5.9372e-01 +1.0156e+00 -7.3984e-01
44 0 +8.620805857e+02 +8.620805857e+02 +8.103105857e+02 +8.103105857e+02 -1.7943e+00 +3.3279e-01 +3.6100e-01 -2.6357e+00 +1.2990e-01 +2.6703e+00 +3.7665e-01 -6.9624e-01 +1.1434e+00 -1.7394e+00
67 0 +8.229787550e+02 +8.229787550e+02 +7.712087550e+02 +7.712087550e+02 -2.6799e+00 +1.0223e-01 +5.7518e-01 -8.4769e-01 +1.2733e-01 +3.8048e+00 +4.8862e-02 -1.9973e+00 +2.1601e+00 -1.9324e+00
96 0 +8.055551182e+02 +8.055551182e+02 +7.537851182e+02 +7.537851182e+02 -1.2986e+00 -1.0094e-01 -2.5031e-01 -1.9022e+00 +1.7105e-01 +1.1550e+00 -4.2123e-01 -2.2088e+00 +2.4635e+00 -2.1018e+00
98 0 +7.365969730e+02 +7.365969730e+02 +6.848269730e+02 +6.848269730e+02 -1.7490e+00 -1.6136e-01 -6.8396e-01 -2.1235e+00 +1.9150e-01 +1.4022e+00 -3.5194e-01 -2.3286e+00 +1.7073e+00 -3.1381e+00
100 0 +7.075582206e+02 +7.075582206e+02 +6.557882206e+02 +6.557882206e+02 -1.2682e+00 +4.0753e-01 -1.0542e+00 -2.1421e+00 +1.7950e-01 +3.1103e+00 -4.6366e-01 -1.4392e+00 +1.4556e+00 -2.6447e+00
102 0 +6.886822845e+02 +6.886822845e+02 +6.369122845e+02 +6.369122845e+02 -1.6494e+00 +5.0939e-01 -1.8359e+00 -1.7290e+00 +2.6926e-01 +2.6159e+00 -5.1006e-01 -3.3295e+00 +1.6732e+00 -2.8182e+00
107 0 +6.393501752e+02 +6.393501752e+02 +5.875801752e+02 +5.875801752e+02 -2.0127e+00 +6.7377e-01 -5.3491e-01 -1.7827e+00 +1.4473e-01 +2.7398e+00 -3.6438e-01 -1.4137e+00 +1.5177e+00 -2.4922e+00
116 0 +6.064550638e+02 +6.064550638e+02 +5.546850638e+02 +5.546850638e+02 -1.8601e+00 +6.7823e-01 -6.6084e-01 -1.5503e+00 +2.0499e-01 +3.4136e+00 -1.1309e+00 -2.9911e+00 +3.0771e+00 -2.9605e+00
120 0 +5.788305482e+02 +5.788305482e+02 +5.270605482e+02 +5.270605482e+02 -1.7085e+00 +3.6333e-01 -1.3017e+00 -2.5946e+00 +1.9167e-01 +3.8026e+00 -5.6971e-01 -2.6210e+00 +1.7712e+00 -3.4954e+00
153 0 +4.816579080e+02 +4.816579080e+02 +4.298879080e+02 +4.298879080e+02 -2.3013e+00 +9.8344e-01 -4.4863e-01 -2.9553e+00 +1.8681e-01 +1.3652e+00 -1.3293e+00 -2.2449e+00 +2.4685e+00 -4.5348e+00
173 0 +4.168937658e+02 +4.168937658e+02 +3.651237658e+02 +3.651237658e+02 -1.7985e+00 +1.1905e+00 -3.3574e-01 -2.2075e+00 +2.3547e-01 +3.4283e+00 -1.2282e+00 -3.1839e+00 +2.3888e+00 -4.0548e+00
188 0 +3.942865817e+02 +3.942865817e+02 +3.425165817e+02 +3.425165817e+02 -1.9371e+00 +7.7069e-01 -6.1240e-01 -3.0269e+00 +2.6002e-01 +2.4203e+00 -1.5868e+00 -3.0470e+00 +2.0555e+00 -4.1712e+00
193 0 +3.815522714e+02 +3.815522714e+02 +3.297822714e+02 +3.297822714e+02 -1.9370e+00 +7.2596e-01 -1.6485e-03 -2.4399e+00 +2.2331e-01 +2.7313e+00 -1.4751e+00 -3.0315e+00 +2.0333e+00 -3.7910e+00
194 0 +3.741037769e+02 +3.741037769e+02 +3.223337769e+02 +3.223337769e+02 -2.1308e+00 +6.3040e-01 +6.9697e-01 -2.8795e+00 +2.3661e-01 +2.1616e+00 -1.7075e+00 -3.0969e+00 +1.9058e+00 -4.1555e+00
202 0 +3.336306899e+02 +3.336306899e+02 +2.818606899e+02 +2.818606899e+02 -2.2365e+00 +6.5532e-01 +1.2170e+00 -3.2572e+00 +2.1983e-01 +2.4691e+00 -1.5872e+00 -2.5073e+00 +2.2342e+00 -4.1938e+00
214 0 +3.204579257e+02 +3.204579257e+02 +2.686879257e+02 +2.686879257e+02 -2.1259e+00 +5.9003e-01 +1.0186e+00 -3.6213e+00 +2.1114e-01 +2.3072e+00 -1.5775e+00 -2.6328e+00 +1.9976e+00 -4.2671e+00
224 0 +3.046407039e+02 +3.046407039e+02 +2.528707039e+02 +2.528707039e+02 -2.0800e+00 +6.5302e-01 +4.0200e-01 -3.5473e+00 +1.9382e-01 +2.6529e+00 -1.8478e+00 -2.4824e+00 +1.7288e+00 -4.4226e+00
226 0 +2.913665936e+02 +2.913665936e+02 +2.395965936e+02 +2.395965936e+02 -2.4289e+00 +6.3796e-01 +7.5791e-01 -3.7649e+00 +1.9762e-01 +2.5759e+00 -1.6583e+00 -2.7753e+00 +2.0539e+00 -4.1222e+00
382 0 +2.705492871e+02 +2.705492871e+02 +2.187792871e+02 +2.187792871e+02 -2.6979e+00 +2.0084e+00 +1.6161e+00 -3.4796e+00 +9.7472e-02 +3.1576e+00 -2.7232e+00 -3.0326e+00 +1.9528e+00 -4.0094e+00
392 0 +2.383099767e+02 +2.383099767e+02 +1.865399767e+02 +1.865399767e+02 -2.7820e+00 +1.9011e+00 +1.7367e+00 -2.8441e+00 +1.1056e-01 +2.3479e+00 -2.4964e+00 -2.6693e+00 +1.5473e+00 -3.8484e+00
414 0 +2.230870011e+02 +2.230870011e+02 +1.713170011e+02 +1.713170011e+02 -2.8496e+00 +1.8791e+00 +1.5974e+00 -3.2626e+00 +7.8410e-02 +2.0905e+00 -2.3476e+00 -2.1677e+00 +2.1111e+00 -3.8770e+00
473 0 +2.154128346e+02 +2.154128346e+02 +1.636428346e+02 +1.636428346e+02 -2.6005e+00 +1.7566e+00 +1.5364e+00 -3.0767e+00 +5.2182e-02 +2.0107e+00 -2.2885e+00 -2.5057e+00 +2.0082e+00 -3.9015e+00
479 0 +2.115701329e+02 +2.115701329e+02 +1.598001329e+02 +1.598001329e+02 -2.6532e+00 +1.5507e+00 +1.5714e+00 -3.1589e+00 +6.8692e-02 +2.1150e+00 -2.3039e+00 -2.5258e+00 +1.9339e+00 -3.9253e+00
480 0 +1.864843719e+02 +1.864843719e+02 +1.347143719e+02 +1.347143719e+02 -2.6570e+00 +1.6369e+00 +1.4266e+00 -3.3541e+00 +5.2531e-02 +2.2575e+00 -2.1536e+00 -2.4372e+00 +2.0707e+00 -4.0757e+00
493 0 +1.606066360e+02 +1.606066360e+02 +1.088366360e+02 +1.088366360e+02 -2.5398e+00 +1.7217e+00 +1.0311e+00 -3.3512e+00 +5.9098e-02 +2.7345e+00 -2.0529e+00 -2.8369e+00 +2.0007e+00 -3.9554e+00
504 0 +1.497533880e+02 +1.497533880e+02 +9.798338804e+01 +9.798338804e+01 -2.6250e+00 +1.7097e+00 +1.0887e+00 -3.4037e+00 +6.4851e-02 +2.3766e+00 -2.1618e+00 -2.5640e+00 +1.6378e+00 -3.9734e+00
519 0 +1.440836047e+02 +1.440836047e+02 +9.231360467e+01 +9.231360467e+01 -2.6354e+00 +1.6909e+00 +1.2198e+00 -3.5200e+00 +4.6849e-02 +2.5506e+00 -2.1057e+00 -2.3527e+00 +1.5703e+00 -4.0638e+00
684 0 +1.317432275e+02 +1.317432275e+02 +7.997322745e+01 +7.997322745e+01 -2.4096e+00 +1.4577e+00 +1.0449e+00 -3.6994e+00 +9.3825e-02 +2.9504e+00 -2.1011e+00 -3.0404e+00 +1.7237e+00 -4.1034e+00
716 0 +1.193819739e+02 +1.193819739e+02 +6.761197392e+01 +6.761197392e+01 -2.4055e+00 +1.5091e+00 +8.6722e-01 -3.8683e+00 +9.9456e-02 +2.6969e+00 -2.0253e+00 -2.7452e+00 +1.5905e+00 -4.2374e+00
735 0 +1.172980368e+02 +1.172980368e+02 +6.552803683e+01 +6.552803683e+01 -2.4546e+00 +1.4934e+00 +8.8744e-01 -3.9345e+00 +1.2213e-01 +2.6605e+00 -1.8630e+00 -2.7222e+00 +1.7239e+00 -4.2589e+00
774 0 +9.740040233e+01 +9.740040233e+01 +4.563040233e+01 +4.563040233e+01 -2.5140e+00 +1.5756e+00 +8.6039e-01 -3.5944e+00 +9.9916e-02 +2.8319e+00 -1.7867e+00 -2.9242e+00 +1.6815e+00 -4.3038e+00
% f evaluations | g evaluations | best noise-free fitness - Fopt | noise-free fitness - Fopt (-2.229800000000e+02) | measured fitness | best measured fitness | x1 | x2...
1 0 +2.161876095e+03 +2.161876095e+03 +1.938896095e+03 +1.938896095e+03 +0.0000e+00 +0.0000e+00 +0.0000e+00 +0.0000e+00 +0.0000e+00 +0.0000e+00 +0.0000e+00 +0.0000e+00 +0.0000e+00 +0.0000e+00
3 0 +2.107735694e+03 +2.107735694e+03 +1.884755694e+03 +1.884755694e+03 +2.4183e-01 -1.0774e+00 -5.6769e-01 +1.1606e-01 -3.7821e-01 +1.7457e+00 -7.9869e-01 -5.1886e-01 +1.9354e-01 +5.4606e-01
14 0 +2.028726637e+03 +2.028726637e+03 +1.805746637e+03 +1.805746637e+03 -1.2051e-01 -8.9897e-01 -9.5986e-01 +1.3604e+00 -5.1649e-02 -2.9843e-01 -1.2015e-01 -1.3282e+00 +3.7239e-01 -8.3070e-01
17 0 +1.909158933e+03 +1.909158933e+03 +1.686178933e+03 +1.686178933e+03 +3.7051e-01 +1.4080e+00 -6.4157e-01 +1.1377e+00 -6.9159e-02 +2.0585e-01 +1.9813e-01 -9.5094e-01 +4.3154e-01 -1.6839e+00
48 0 +1.902697135e+03 +1.902697135e+03 +1.679717135e+03 +1.679717135e+03 -1.4682e-01 +2.5139e+00 -8.5360e-01 +1.3385e+00 +4.6966e-02 +7.9242e-01 +3.6663e-01 -1.2128e+00 +3.7574e-01 -1.2178e+00
53 0 +1.759317199e+03 +1.759317199e+03 +1.536337199e+03 +1.536337199e+03 +1.3186e-01 +1.9425e+00 -9.4244e-01 +2.3078e+00 +5.7806e-02 +5.2935e-01 +9.8844e-01 -1.2658e+00 +5.6702e-01 -1.0404e+00
63 0 +1.593065420e+03 +1.593065420e+03 +1.370085420e+03 +1.370085420e+03 +1.1871e+00 +5.4041e+00 -9.1858e-01 +2.4266e+00 +7.3684e-02 +2.5857e+00 +2.3142e+00 -6.8775e-01 +1.8127e-01 -1.6030e+00
76 0 +1.296223658e+03 +1.296223658e+03 +1.073243658e+03 +1.073243658e+03 +5.5826e+00 -1.9946e+00 -3.0410e+00 +4.7812e+00 -7.4282e-01 +1.8886e+00 +1.1491e-02 -5.4623e-01 +8.1464e-01 -2.2898e+00
% f evaluations | g evaluations | best noise-free fitness - Fopt | noise-free fitness - Fopt (5.860000000000e+00) | measured fitness | best measured fitness | x1 | x2...
1 0 +1.088597163e+03 +1.088597163e+03 +1.094457163e+03 +1.094457163e+03 +0.0000e+00 +0.0000e+00 +0.0000e+00 +0.0000e+00 +0.0000e+00 +0.0000e+00 +0.0000e+00 +0.0000e+00 +0.0000e+00 +0.0000e+00
10 0 +9.791405593e+02 +9.791405593e+02 +9.850005593e+02 +9.850005593e+02 -7.3805e-01 +2.8605e-01 -2.3932e+00 +7.0561e-01 +5.7548e-01 -3.9848e-01 -2.1185e-01 +1.0057e+00 +7.5904e-02 +1.4471e-01
22 0 +9.350915235e+02 +9.350915235e+02 +9.409515235e+02 +9.409515235e+02 -1.7177e+00 -8.1281e-01 +5.1178e-01 -2.3325e-01 +6.0053e-01 +1.2536e+00 -1.9856e-01 +9.4101e-01 +1.2234e+00 -4.1671e-01
23 0 +9.074259927e+02 +9.074259927e+02 +9.132859927e+02 +9.132859927e+02 -2.6285e+00 -1.0622e+00 +3.3601e-01 -4.5427e-01 +3.3336e-01 +7.5723e-01 +2.2730e-01 +6.9230e-01 +1.8829e+00 +1.2450e+00
40 0 +8.574292350e+02 +8.574292350e+02 +8.632892350e+02 +8.632892350e+02 -2.4405e+00 -5.4656e-01 -3.3664e-01 -2.6926e-01 +8.7211e-01 -1.2213e-01 +8.0953e-02 +9.7942e-01 +1.7025e+00 -2.4432e-01
76 0 +8.026676780e+02 +8.026676780e+02 +8.085276780e+02 +8.085276780e+02 -1.5946e+00 +1.9014e+00 +1.5200e+00 +1.1248e+00 +1.0071e+00 +8.4131e-01 +2.1110e+00 -2.2953e+00 +1.7598e+00 +2.1671e+00
182 0 +7.464330867e+02 +7.464330867e+02 +7.522930867e+02 +7.522930867e+02 -3.9446e+00 -1.0026e-01 +1.1042e+00 +5.2086e-02 +4.3044e+00 +4.2486e-01 +1.4291e+00 -3.4320e+00 -1.1344e+00 +6.4298e-01
186 0 +6.094171340e+02 +6.094171340e+02 +6.152771340e+02 +6.152771340e+02 -4.2941e+00 +4.9128e-01 -8.4451e-01 +8.4509e-01 +4.1377e+00 +1.2325e+00 +8.4564e-01 -3.3603e+00 -3.3559e-01 +1.7554e+00
194 0 +5.495191132e+02 +5.495191132e+02 +5.553791132e+02 +5.553791132e+02 -3.7287e+00 +5.5653e-01 +4.0902e-01 +1.7691e-01 +4.9761e+00 +9.7236e-01 +8.7202e-01 -2.6912e+00 -9.0991e-01 -6.0767e-01
224 0 +5.329510648e+02 +5.329510648e+02 +5.388110648e+02 +5.388110648e+02 -2.5646e+00 +2.6375e-01 +9.9253e-01 +1.9847e-01 +4.4486e+00 +6.3728e-01 +6.6733e-01 -1.6319e+00 -1.9693e-01 +2.1180e-01
243 0 +4.322797589e+02 +4.322797589e+02 +4.381397589e+02 +4.381397589e+02 -3.7737e+00 +1.9453e+00 -2.7702e-01 -3.8242e-02 +3.6026e+00 -5.1550e-02 +1.1609e+00 -6.9996e-01 +5.3539e-01 +4.1757e-01
260 0 +4.010336740e+02 +4.010336740e+02 +4.068936740e+02 +4.068936740e+02 -4.0093e+00 +1.6696e+00 +2.1113e-01 -1.1617e-01 +3.7818e+00 +1.6027e+00 +1.2251e+00 -5.3060e-01 -1.6012e-01 +4.7914e-02
% f evaluations | g evaluations | best noise-free fitness - Fopt | noise-free fitness - Fopt (2.048600000000e+02) | measured fitness | best measured fitness | x1 | x2...
1 0 +1.556931666e+03 +1.556931666e+03 +1.761791666e+03 +1.761791666e+03 +0.0000e+00 +0.0000e+00 +0.0000e+00 +0.0000e+00 +0.0000e+00 +0.0000e+00 +0.0000e+00 +0.0000e+00 +0.0000e+00 +0.0000e+00
3 0 +1.541962053e+03 +1.541962053e+03 +1.746822053e+03 +1.746822053e+03 -6.3085e-01 -1.5816e+00 +1.1298e-02 -2.4980e-01 +4.1954e-02 +3.4827e-03 +7.0300e-02 +1.8178e-01 -1.0539e-02 +7.5584e-01
5 0 +1.368423576e+03 +1.368423576e+03 +1.573283576e+03 +1.573283576e+03 -2.0389e-01 +8.6352e-01 +2.8968e-03 +3.1972e+00 -4.9568e-01 +6.1334e-03 -7.8944e-01 +1.3760e-01 +5.4896e-03 -2.3669e-01
12 0 +1.292622107e+03 +1.292622107e+03 +1.497482107e+03 +1.497482107e+03 -4.4609e-01 +5.2150e-01 +1.7832e-02 +4.2513e+00 -6.5525e-01 +4.7008e-03 -7.8895e-01 -1.5395e-01 +3.0089e-02 +4.0666e-01
24 0 +1.274921294e+03 +1.274921294e+03 +1.479781294e+03 +1.479781294e+03 +5.2988e-01 +1.3812e-01 +2.2382e-02 +5.7578e+00 -8.7875e-01 +4.7075e-03 -6.0144e-01 -2.1316e-01 +2.5228e-02 +7.4282e-03
32 0 +1.239127164e+03 +1.239127164e+03 +1.443987164e+03 +1.443987164e+03 -6.5682e-01 +2.5510e-01 +2.5827e-02 +6.0500e+00 -6.8578e-01 +2.4900e-02 -1.0936e+00 -6.1659e-03 +2.4167e-02 -1.6488e-01
40 0 +1.185187633e+03 +1.185187633e+03 +1.390047633e+03 +1.390047633e+03 +1.9579e-02 -3.0885e+00 +2.7888e-03 +6.6732e+00 -3.6052e-01 +1.3667e-02 -1.2237e+00 -2.9149e-01 +1.0807e-02 +4.6324e-01
42 0 +1.151141028e+03 +1.151141028e+03 +1.356001028e+03 +1.356001028e+03 -4.7234e-01 -1.1072e+00 +1.1731e-02 +6.4406e+00 -8.7718e-01 +2.9959e-02 -1.1994e+00 +1.2453e-01 +1.9919e-02 -2.0093e-02
50 0 +1.138838969e+03 +1.138838969e+03 +1.343698969e+03 +1.343698969e+03 -1.4493e+00 -1.2608e+00 +2.2067e-02 +4.2668e+00 -5.7040e-01 +1.4139e-02 -1.6698e+00 +2.0913e-02 +2.4858e-02 -3.4250e-01
52 0 +1.103643451e+03 +1.103643451e+03 +1.308503451e+03 +1.308503451e+03 +6.0250e-01 -2.0695e+00 +2.3958e-02 +6.8410e+00 -1.0292e+00 +4.2131e-02 -1.5758e+00 -1.6593e-01 +3.9419e-02 -1.9640e-01
54 0 +1.018942180e+03 +1.018942180e+03 +1.223802180e+03 +1.223802180e+03 -4.3276e-01 -1.2762e+00 +7.0844e-03 +6.5284e+00 -1.0534e+00 +2.3175e-02 -2.4503e+00 -6.6322e-02 +6.1952e-03 -6.0553e-01
63 0 +9.436182884e+02 +9.436182884e+02 +1.148478288e+03 +1.148478288e+03 -1.0208e+00 -1.5334e+00 +2.7863e-02 +6.2098e+00 -2.4714e+00 +4.9604e-02 -3.1772e+00 -4.2342e-01 -3.4299e-02 -1.5929e+00
863 0 +9.294890025e+02 +9.294890025e+02 +1.134349002e+03 +1.134349002e+03 -1.3584e+00 -1.4670e+00 -1.2274e+00 +4.3152e+00 -3.2920e+00 +4.3237e-02 -3.9005e+00 -2.9967e+00 +9.6884e-01 -1.9092e+00
% f evaluations | g evaluations | best noise-free fitness - Fopt | noise-free fitness - Fopt (1.154900000000e+02) | measured fitness | best measured fitness | x1 | x2...
1 0 +1.599878981e+03 +1.599878981e+03 +1.715368981e+03 +1.715368981e+03 +0.0000e+00 +0.0000e+00 +0.0000e+00 +0.0000e+00 +0.0000e+00 +0.0000e+00 +0.0000e+00 +0.0000e+00 +0.0000e+00 +0.0000e+00
3 0 +1.545043557e+03 +1.545043557e+03 +1.660533557e+03 +1.660533557e+03 +9.9102e-01 -2.4990e-01 +1.5656e-01 -4.4189e-01 +3.8096e-01 -3.4976e-01 +5.8787e-01 -3.1458e-01 +2.0216e-01 +1.6964e-01
4 0 +1.417175990e+03 +1.417175990e+03 +1.532665990e+03 +1.532665990e+03 -1.3940e+00 -1.8709e-01 +1.1053e-01 -2.5126e-01 +5.7934e-03 +4.9431e-01 -8.8226e-02 -1.4290e+00 +1.2765e-01 -5.0159e-02
12 0 +1.410062504e+03 +1.410062504e+03 +1.525552504e+03 +1.525552504e+03 -6.7179e-01 +2.4788e-02 +3.1177e-01 -5.8288e-02 +2.5912e-01 +1.7676e-01 +1.1591e+00 -1.3669e-01 +9.6339e-02 -3.7148e-03
24 0 +1.373934045e+03 +1.373934045e+03 +1.489424045e+03 +1.489424045e+03 -3.8453e-01 +3.5020e-01 +2.0662e-01 -5.9956e-01 +4.9474e-02 +9.2508e-02 +3.4717e-01 -1.7493e+00 +1.1928e-01 -1.5590e-01
27 0 +1.303801130e+03 +1.303801130e+03 +1.419291130e+03 +1.419291130e+03 -1.7707e+00 +1.6354e-01 +5.0856e-01 -9.7350e-01 -1.8188e-01 +3.5921e-01 -5.4666e-02 -2.3017e+00 +2.0770e-01 -1.3495e-01
32 0 +1.283806509e+03 +1.283806509e+03 +1.399296509e+03 +1.399296509e+03 -2.4463e+00 +3.2699e-01 +4.5409e-01 -1.1427e+00 -1.5410e-01 +5.8758e-01 -2.8973e-01 -2.3613e+00 +2.0236e-01 -8.4003e-02
38 0 +1.218027342e+03 +1.218027342e+03 +1.333517342e+03 +1.333517342e+03 -1.9048e+00 -1.1760e-02 +3.2916e-01 -8.1413e-01 -5.3240e-02 +4.2358e-01 +6.4273e-01 -2.7256e+00 +1.4227e-01 -1.2226e-01
44 0 +1.163797179e+03 +1.163797179e+03 +1.279287179e+03 +1.279287179e+03 -2.0309e+00 +1.8637e-01 +4.2299e-01 -1.2418e+00 +5.3126e-02 +6.3125e-01 +6.4013e-01 -2.4604e+00 +1.6406e-01 -1.1114e-01
52 0 +1.102647721e+03 +1.102647721e+03 +1.218137721e+03 +1.218137721e+03 -2.0592e+00 +2.0203e-02 +3.5011e-01 -1.6527e+00 +2.4821e-01 +8.6139e-01 +9.4185e-01 -2.2553e+00 +1.4444e-01 -1.0333e-01
64 0 +1.067389634e+03 +1.067389634e+03 +1.182879634e+03 +1.182879634e+03 -2.3660e+00 +4.5704e-02 +2.9878e-01 -1.7895e+00 +3.0757e-01 +8.6189e-01 +1.0580e+00 -2.3792e+00 +1.4783e-01 -1.3673e-01
80 0 +1.023845918e+03 +1.023845918e+03 +1.139335918e+03 +1.139335918e+03 -2.2276e+00 +1.1907e-01 +2.7068e-01 -1.5422e+00 +3.4266e-01 +1.1074e+00 +1.1954e+00 -2.9738e+00 +1.9474e-01 -8.3822e-02
82 0 +9.725212336e+02 +9.725212336e+02 +1.088011234e+03 +1.088011234e+03 -2.5411e+00 +3.2488e-01 +1.3356e-01 -1.3859e+00 +2.7986e-01 +1.1357e+00 +1.7097e+00 -3.6662e+00 +1.3817e-01 -1.0510e-01
94 0 +9.495560007e+02 +9.495560007e+02 +1.065046001e+03 +1.065046001e+03 -2.5408e+00 +6.9940e-03 +8.1282e-02 -1.5506e+00 +4.6046e-01 +1.4455e+00 +1.8676e+00 -3.2394e+00 +1.7444e-01 -8.1214e-02
100 0 +9.104648653e+02 +9.104648653e+02 +1.025954865e+03 +1.025954865e+03 -2.0301e+00 +4.4860e-01 +2.4814e-01 -1.7857e+00 +5.4340e-01 +1.3701e+00 +1.6960e+00 -4.0588e+00 +2.0003e-01 +2.5409e-02
121 0 +8.695479008e+02 +8.695479008e+02 +9.850379008e+02 +9.850379008e+02 -2.5370e+00 +4.6534e-01 +1.7732e-01 -2.0829e+00 +8.6106e-01 +2.9428e-01 +1.5642e+00 -3.8435e+00 +2.3635e-03 +1.8365e-01
132 0 +8.307920273e+02 +8.307920273e+02 +9.462820273e+02 +9.462820273e+02 -3.1855e+00 +4.7626e-01 +8.3412e-01 -1.7332e+00 +7.5778e-01 +2.0437e-01 +2.8291e+00 -3.9585e+00 +1.6340e-01 +1.5516e-01
141 0 +8.069067655e+02 +8.069067655e+02 +9.223967655e+02 +9.223967655e+02 -3.6354e+00 +5.2925e-01 +6.1623e-01 -1.8353e+00 +8.5009e-01 +9.4359e-01 +2.5312e+00 -4.2674e+00 +7.2319e-02 +1.5204e-01
179 0 +7.942466265e+02 +7.942466265e+02 +9.097366265e+02 +9.097366265e+02 -1.8564e+00 +1.9320e-01 +7.6368e-01 -3.2120e+00 +1.2145e+00 -6.7424e-01 +3.2754e+00 -3.4668e+00 +1.7011e-01 +3.9946e-02
180 0 +7.721352398e+02 +7.721352398e+02 +8.876252398e+02 +8.876252398e+02 -3.1948e+00 +5.9837e-01 +1.0564e+00 -3.0925e+00 +8.4010e-01 +4.3457e-01 +2.6633e+00 -6.1787e+00 +4.7021e-01 +3.4907e-01
181 0 +7.444713751e+02 +7.444713751e+02 +8.599613751e+02 +8.599613751e+02 -2.5973e+00 -2.2228e-02 +7.6991e-01 -4.3532e+00 +1.0687e+00 +6.4425e-01 +4.2370e+00 -4.9655e+00 -6.5563e-02 +2.6361e-01
185 0 +7.368229496e+02 +7.368229496e+02 +8.523129496e+02 +8.523129496e+02 -2.4633e+00 -1.8126e-01 +7.8866e-01 -3.7017e+00 +1.0780e+00 -1.7445e-01 +3.0113e+00 -5.3865e+00 +2.2789e-01 +4.7493e-01
187 0 +7.158425050e+02 +7.158425050e+02 +8.313325050e+02 +8.313325050e+02 -3.2709e+00 -9.4505e-01 +8.5863e-01 -4.5265e+00 +1.3748e+00 +1.6081e+00 +3.0608e+00 -5.8376e+00 +2.6210e-01 +6.0846e-01
203 0 +6.883178220e+02 +6.883178220e+02 +8.038078220e+02 +8.038078220e+02 -4.0624e+00 +3.4870e-02 +7.6194e-01 -3.5834e+00 +1.2771e+00 +8.3839e-01 +3.7807e+00 -5.4900e+00 +2.8688e-01 +4.2224e-01
224 0 +6.649845389e+02 +6.649845389e+02 +7.804745389e+02 +7.804745389e+02 -3.7330e+00 -1.3586e-02 +5.8489e-01 -3.9285e+00 +1.2509e+00 +1.1867e+00 +3.2483e+00 -4.9427e+00 +3.7044e-01 +3.0549e-01
234 0 +6.540566541e+02 +6.540566541e+02 +7.695466541e+02 +7.695466541e+02 -3.1056e+00 -1.5474e-01 +5.0368e-01 -3.9004e+00 +1.2494e+00 +1.1732e+00 +4.0465e+00 -4.5292e+00 +3.7134e-01 +3.0185e-01
235 0 +6.402600321e+02 +6.402600321e+02 +7.557500321e+02 +7.557500321e+02 -3.7679e+00 -2.0748e-01 +5.3844e-01 -3.9898e+00 +1.5311e+00 +1.0978e+00 +3.4232e+00 -4.7777e+00 +3.1863e-01 +3.0491e-01
255 0 +6.235390660e+02 +6.235390660e+02 +7.390290660e+02 +7.390290660e+02 -3.0230e+00 -1.6601e-02 +4.6857e-01 -4.1183e+00 +1.3736e+00 +9.9386e-01 +3.6941e+00 -4.5764e+00 +3.1556e-01 +4.4154e-01
264 0 +6.138247323e+02 +6.138247323e+02 +7.293147323e+02 +7.293147323e+02 -3.0027e+00 +1.3868e-02 +5.2513e-01 -4.3569e+00 +1.4728e+00 +1.1178e+00 +3.6271e+00 -4.2144e+00 +2.9594e-01 +5.2318e-01
293 0 +5.449868658e+02 +5.449868658e+02 +6.604768658e+02 +6.604768658e+02 -3.1922e+00 +6.9558e-01 +2.2493e-01 -3.8942e+00 +2.2495e+00 +1.1092e+00 +2.4587e+00 -4.4728e+00 +5.2461e-01 +7.2687e-01
% f evaluations | g evaluations | best noise-free fitness - Fopt | noise-free fitness - Fopt (1.950500000000e+02) | measured fitness | best measured fitness | x1 | x2...
1 0 +1.685394572e+03 +1.685394572e+03 +1.880444572e+03 +1.880444572e+03 +0.0000e+00 +0.0000e+00 +0.0000e+00 +0.0000e+00 +0.0000e+00 +0.0000e+00 +0.0000e+00 +0.0000e+00 +0.0000e+00 +0.0000e+00
4 0 +1.628182919e+03 +1.628182919e+03 +1.823232919e+03 +1.823232919e+03 +1.0287e+00 -1.2180e-01 -5.9095e-02 -1.0162e-01 -2.3323e-01 -6.1180e-01 -2.0819e+00 -3.5029e-01 +2.3429e+00 -2.6269e-02
5 0 +1.399024011e+03 +1.399024011e+03 +1.594074011e+03 +1.594074011e+03 +2.1144e-01 -9.1084e-02 -1.1206e-01 +5.9887e-01 +1.5831e+00 -8.9083e-01 -3.3612e+00 +2.9767e-01 -8.2584e-01 +1.3687e-03
17 0 +1.365263026e+03 +1.365263026e+03 +1.560313026e+03 +1.560313026e+03 -2.6256e-01 +1.3726e-01 -1.2194e-02 +8.9570e-01 +1.3472e+00 -1.0328e+00 -5.6372e+00 +2.2029e-01 +6.4197e-01 +6.1186e-02
18 0 +1.292207814e+03 +1.292207814e+03 +1.487257814e+03 +1.487257814e+03 -8.8201e-02 +1.4832e-01 -6.7921e-02 +3.1710e-01 +9.3674e-01 -7.8777e-01 -5.4049e+00 +2.2280e-01 -2.1093e+00 -1.5650e-02
23 0 +1.264122598e+03 +1.264122598e+03 +1.459172598e+03 +1.459172598e+03 -5.9370e-01 +3.2213e-01 -8.2385e-02 +7.8246e-01 +1.4337e+00 -1.2168e+00 -6.3759e+00 +4.3645e-01 -1.8993e+00 +2.7698e-02
36 0 +1.234662655e+03 +1.234662655e+03 +1.429712655e+03 +1.429712655e+03 -5.1304e-01 +2.4077e-01 -4.1330e-02 +9.8240e-01 +8.9274e-01 -1.9748e+00 -6.0385e+00 +4.1033e-01 -2.8993e+00 +3.0488e-02
38 0 +1.039073212e+03 +1.039073212e+03 +1.234123212e+03 +1.234123212e+03 -1.4071e+00 +4.8402e-01 -2.2603e-02 +6.7381e-01 +1.1859e+00 -1.0051e+00 -3.8260e+00 +1.5372e+00 -7.3942e-01 -2.7772e-02
53 0 +9.372827974e+02 +9.372827974e+02 +1.132332797e+03 +1.132332797e+03 -9.0217e-01 +4.2934e-01 -1.1948e-01 -4.7315e-01 +1.4944e+00 -1.6713e+00 -4.3562e+00 +2.0106e+00 -1.6485e+00 +1.0366e-01
62 0 +9.313604053e+02 +9.313604053e+02 +1.126410405e+03 +1.126410405e+03 -9.9712e-01 +6.0282e-01 +5.3189e-02 -7.4622e-02 +7.2067e-01 -1.8794e+00 -5.7944e+00 +2.0736e+00 -2.4911e+00 +5.4195e-02
75 0 +8.923644784e+02 +8.923644784e+02 +1.087414478e+03 +1.087414478e+03 -1.7247e+00 +4.3851e-01 -1.4438e-02 -3.8258e-01 +7.5195e-01 -2.6430e+00 -2.8615e+00 +3.0446e+00 -3.1995e+00 -4.2190e-02
76 0 +8.207864113e+02 +8.207864113e+02 +1.015836411e+03 +1.015836411e+03 -1.4410e+00 +5.6919e-01 -9.2857e-02 -7.9097e-01 +8.6416e-01 -1.5406e+00 -3.9977e+00 +2.9890e+00 -2.2086e+00 +3.0182e-02
92 0 +7.756148067e+02 +7.756148067e+02 +9.706648067e+02 +9.706648067e+02 -9.7164e-01 +6.6036e-01 -1.7588e-01 -1.5639e-01 +9.1559e-01 -2.0468e+00 -3.9745e+00 +2.7561e+00 -6.4379e-01 +1.5423e-02
93 0 +7.520087598e+02 +7.520087598e+02 +9.470587598e+02 +9.470587598e+02 -1.7133e+00 +4.2093e-01 -1.9687e-01 -6.2597e-01 -1.8306e-01 -1.4553e+00 -2.6471e+00 +2.8603e+00 -8.9114e-01 +3.2749e-02
117 0 +7.349438017e+02 +7.349438017e+02 +9.299938017e+02 +9.299938017e+02 -6.2979e-01 +7.0122e-01 -2.3041e-01 +1.2695e-01 +7.3637e-01 -1.8159e+00 -4.8667e+00 +2.9655e+00 -1.7817e-02 +5.5880e-02
120 0 +7.213249316e+02 +7.213249316e+02 +9.163749316e+02 +9.163749316e+02 -5.0936e-01 +5.7493e-01 -2.5853e-01 -5.4120e-02 +1.0004e+00 -1.9779e+00 -4.8363e+00 +3.0806e+00 -1.4956e+00 +6.8050e-03
123 0 +6.930397563e+02 +6.930397563e+02 +8.880897563e+02 +8.880897563e+02 -4.8287e-01 +4.8262e-01 -2.4251e-01 +1.2069e-01 +9.1189e-01 -2.1678e+00 -5.1175e+00 +3.5278e+00 -1.6443e+00 +7.7000e-03
139 0 +6.827222074e+02 +6.827222074e+02 +8.777722074e+02 +8.777722074e+02 -2.4594e-01 +4.2469e-01 -2.6121e-01 -1.6550e-01 +8.4409e-01 -1.9365e+00 -4.9858e+00 +3.2826e+00 -1.3139e+00 +3.0611e-02
143 0 +6.751067147e+02 +6.751067147e+02 +8.701567147e+02 +8.701567147e+02 -6.5224e-02 +4.7971e-01 -2.5674e-01 +7.4346e-02 +1.0328e+00 -1.7732e+00 -4.6043e+00 +3.3855e+00 -9.4565e-01 +1.4446e-02
146 0 +6.376464442e+02 +6.376464442e+02 +8.326964442e+02 +8.326964442e+02 -3.3170e-01 +4.3572e-01 -2.9493e-01 -2.0227e-01 +6.7019e-01 -2.2177e+00 -3.9973e+00 +3.2881e+00 -1.0034e+00 -2.0748e-03
151 0 +6.299347581e+02 +6.299347581e+02 +8.249847581e+02 +8.249847581e+02 -2.2178e-01 +3.7882e-01 -2.5663e-01 -6.9573e-03 +7.2222e-01 -2.3085e+00 -4.7888e+00 +3.5516e+00 -1.0324e+00 +4.9175e-02
189 0 +5.922454513e+02 +5.922454513e+02 +7.872954513e+02 +7.872954513e+02 -3.8822e-01 +2.9509e-01 -2.5204e-01 +3.0816e-01 +6.1090e-01 -2.3883e+00 -4.3640e+00 +3.7615e+00 -4.6989e-01 +1.2675e-02
196 0 +5.853256061e+02 +5.853256061e+02 +7.803756061e+02 +7.803756061e+02 -4.0070e-01 +2.9932e-01 -2.7593e-01 +3.0220e-01 +4.8636e-01 -2.3413e+00 -4.1197e+00 +3.7337e+00 -6.7488e-02 +1.7988e-02
212 0 +5.684030139e+02 +5.684030139e+02 +7.634530139e+02 +7.634530139e+02 -1.1809e-01 +2.7200e-01 -2.6848e-01 +5.4530e-01 +6.6855e-01 -2.5960e+00 -3.8361e+00 +4.0331e+00 -4.4503e-01 +3.0489e-02
232 0 +5.621659807e+02 +5.621659807e+02 +7.572159807e+02 +7.572159807e+02 -3.0778e-02 +1.7505e-01 -2.5764e-01 +3.7482e-01 +5.4265e-01 -2.5246e+00 -4.0282e+00 +3.7548e+00 -2.6255e-01 +1.3842e-02
242 0 +5.166973639e+02 +5.166973639e+02 +7.117473639e+02 +7.117473639e+02 +1.0644e-01 +1.1139e-01 -2.3969e-01 +4.6548e-01 +1.0007e-01 -2.6658e+00 -3.5922e+00 +3.7609e+00 -8.1339e-01 +1.3886e-02
256 0 +5.087602048e+02 +5.087602048e+02 +7.038102048e+02 +7.038102048e+02 +5.2745e-01 +4.9661e-02 -2.8580e-01 +5.5963e-01 -5.6124e-01 -2.9169e+00 -4.3520e+00 +3.8382e+00 -1.2093e+00 +3.2340e-03
263 0 +4.756755694e+02 +4.756755694e+02 +6.707255694e+02 +6.707255694e+02 +4.5982e-02 -1.3784e-02 -2.8999e-01 +6.1380e-01 -1.1162e+00 -2.6282e+00 -2.4428e+00 +3.8222e+00 -4.7286e-01 -7.2388e-02
652 0 +4.663395933e+02 +4.663395933e+02 +6.613895933e+02 +6.613895933e+02 +1.9617e+00 +6.0959e-01 -1.0093e+00 +1.2208e+00 -3.2081e+00 -4.7681e+00 -3.2080e+00 +3.1173e+00 +1.5393e+00 -7.4034e-02
663 0 +4.517731048e+02 +4.517731048e+02 +6.468231048e+02 +6.468231048e+02 +2.2743e+00 +5.9173e-01 -9.9740e-01 +1.1926e+00 -2.7898e+00 -4.8335e+00 -3.1384e+00 +3.3105e+00 +1.4033e+00 -7.3244e-02
695 0 +4.239003154e+02 +4.239003154e+02 +6.189503154e+02 +6.189503154e+02 +1.0471e+00 +4.1050e-01 -1.0608e+00 +8.0474e-01 -2.9628e+00 -4.4316e+00 -2.9412e+00 +3.1614e+00 +3.6782e-01 -1.1649e-01
700 0 +4.091367140e+02 +4.091367140e+02 +6.041867140e+02 +6.041867140e+02 +1.3020e+00 +4.8752e-01 -9.9847e-01 +1.1984e+00 -2.2293e+00 -4.2691e+00 -4.2334e+00 +3.0573e+00 +6.9243e-01 -1.0524e-01
718 0 +3.944099670e+02 +3.944099670e+02 +5.894599670e+02 +5.894599670e+02 +1.2750e+00 +3.4142e-01 -1.0305e+00 +4.3716e-01 -2.4717e+00 -4.6982e+00 -4.5292e+00 +3.3585e+00 +7.5169e-01 -1.9183e-01
721 0 +3.516453125e+02 +3.516453125e+02 +5.466953125e+02 +5.466953125e+02 +1.6334e+00 +4.1329e-01 -1.0427e+00 +4.5305e-01 -1.9205e+00 -4.0357e+00 -3.1398e+00 +3.2422e+00 +1.0404e+00 -1.7180e-01
748 0 +3.393936513e+02 +3.393936513e+02 +5.344436513e+02 +5.344436513e+02 +1.1858e+00 +5.0126e-01 -1.1091e+00 +1.0055e+00 -1.7180e+00 -4.5000e+00 -3.9153e+00 +3.7856e+00 +7.1411e-01 -2.4940e-01
760 0 +3.381713734e+02 +3.381713734e+02 +5.332213734e+02 +5.332213734e+02 +1.1180e+00 +3.9325e-01 -1.0844e+00 +1.2026e+00 -1.1389e+00 -3.8641e+00 -3.5435e+00 +4.3867e+00 +2.3312e-01 -2.2046e-01
% f evaluations | g evaluations | best noise-free fitness - Fopt | noise-free fitness - Fopt (-2.144800000000e+02) | measured fitness | best measured fitness | x1 | x2...
1 0 +1.183366328e+03 +1.183366328e+03 +9.688863283e+02 +9.688863283e+02 +0.0000e+00 +0.0000e+00 +0.0000e+00 +0.0000e+00 +0.0000e+00 +0.0000e+00 +0.0000e+00 +0.0000e+00 +0.0000e+00 +0.0000e+00
2 0 +9.761697504e+02 +9.761697504e+02 +7.616897504e+02 +7.616897504e+02 -1.7544e+00 -1.2699e-01 +7.2765e-02 -1.3895e+00 +7.7168e-01 -3.2114e-01 +1.6192e-01 +7.2690e-01 -6.4307e-01 -3.9213e-01
17 0 +8.136714340e+02 +8.136714340e+02 +5.991914340e+02 +5.991914340e+02 -1.5456e+00 +8.9442e-02 +2.1258e+00 -2.5942e+00 +1.5821e+00 -8.1580e-01 +1.3414e+00 +4.3944e-01 -3.4944e-01 +1.0012e+00
29 0 +7.942629083e+02 +7.942629083e+02 +5.797829083e+02 +5.797829083e+02 -1.2054e+00 +2.4092e-01 -1.1944e+00 -2.1603e+00 +1.3749e+00 -1.4639e+00 +1.3953e+00 +6.8307e-01 +2.9022e-01 +6.3922e-01
54 0 +5.970936904e+02 +5.970936904e+02 +3.826136904e+02 +3.826136904e+02 -1.0829e+00 -3.3382e-02 -5.6005e-01 -2.6015e+00 -1.7096e+00 -1.2739e+00 +2.2171e+00 +7.4683e-01 +3.0680e-01 +2.1927e+00
77 0 +5.878046934e+02 +5.878046934e+02 +3.733246934e+02 +3.733246934e+02 -1.9624e+00 +1.1675e-01 -1.0904e+00 -2.7652e+00 -1.7708e+00 -1.0157e+00 +1.6619e+00 +3.7671e-01 +8.0907e-01 +2.0827e+00
103 0 +5.270538207e+02 +5.270538207e+02 +3.125738207e+02 +3.125738207e+02 -2.1572e+00 +1.1543e-01 +8.2465e-01 -2.2860e+00 +1.3618e-01 -1.7864e+00 +2.1892e+00 +6.4886e-02 +5.9239e-01 +2.2546e+00
115 0 +5.231642656e+02 +5.231642656e+02 +3.086842656e+02 +3.086842656e+02 -3.1946e+00 +3.1468e-02 +4.6302e-01 -3.1964e+00 -1.0434e+00 -2.2364e+00 +2.2108e+00 +4.9318e-02 +3.6831e-01 +1.6735e+00
486 0 +5.047886697e+02 +5.047886697e+02 +2.903086697e+02 +2.903086697e+02 -2.1435e+00 +5.9740e-02 +1.3543e+00 -2.9283e+00 +6.4783e-01 -1.0992e+00 +3.9105e+00 +1.2683e+00 +2.4638e-01 +1.1405e+00
493 0 +4.886977911e+02 +4.886977911e+02 +2.742177911e+02 +2.742177911e+02 -2.2733e+00 +6.4688e-02 +1.2813e+00 -2.8074e+00 +5.0342e-01 -1.1548e+00 +3.9125e+00 +1.2471e+00 +2.5792e-01 +9.6989e-01
532 0 +4.706088179e+02 +4.706088179e+02 +2.561288179e+02 +2.561288179e+02 -1.9767e+00 +7.4806e-02 +8.5779e-01 -2.9994e+00 +5.3794e-02 -1.4268e+00 +3.9333e+00 +1.1211e+00 +3.3828e-01 +1.0906e+00
559 0 +4.623984665e+02 +4.623984665e+02 +2.479184665e+02 +2.479184665e+02 -2.0924e+00 +8.8983e-02 +1.1177e+00 -2.8996e+00 +5.4501e-01 -1.6302e+00 +3.9516e+00 +1.0784e+00 +3.1614e-01 +1.2655e+00
564 0 +4.555935571e+02 +4.555935571e+02 +2.411135571e+02 +2.411135571e+02 -2.0746e+00 +8.7250e-02 +1.2223e+00 -2.7480e+00 +3.1738e-01 -1.5589e+00 +3.9308e+00 +1.1180e+00 +4.0938e-01 +1.2501e+00
590 0 +4.465411396e+02 +4.465411396e+02 +2.320611396e+02 +2.320611396e+02 -2.1298e+00 +9.9897e-02 +1.0869e+00 -2.7807e+00 +1.6513e-01 -1.5512e+00 +3.9323e+00 +1.0546e+00 +3.2796e-01 +1.3112e+00
607 0 +4.363855072e+02 +4.363855072e+02 +2.219055072e+02 +2.219055072e+02 -2.1946e+00 +1.1086e-01 +1.2617e+00 -2.7012e+00 +3.5809e-01 -1.5920e+00 +3.9748e+00 +9.9746e-01 +4.3192e-01 +1.2407e+00
648 0 +4.228280098e+02 +4.228280098e+02 +2.083480098e+02 +2.083480098e+02 -2.1757e+00 +1.1586e-01 +1.1716e+00 -2.6040e+00 +2.4227e-01 -1.6253e+00 +4.0161e+00 +8.7532e-01 +5.3990e-01 +1.2914e+00
690 0 +4.160317332e+02 +4.160317332e+02 +2.015517332e+02 +2.015517332e+02 -2.2714e+00 +1.1342e-01 +1.1122e+00 -2.5466e+00 +3.3217e-01 -1.6167e+00 +4.0570e+00 +8.0819e-01 +4.9219e-01 +1.2253e+00
715 0 +4.066575411e+02 +4.066575411e+02 +1.921775411e+02 +1.921775411e+02 -2.3787e+00 +1.2145e-01 +1.1759e+00 -2.4908e+00 +3.0661e-01 -1.6670e+00 +4.0305e+00 +7.5420e-01 +5.0785e-01 +1.2504e+00
745 0 +3.955805691e+02 +3.955805691e+02 +1.811005691e+02 +1.811005691e+02 -2.5633e+00 +1.2474e-01 +1.2742e+00 -2.4591e+00 +2.0493e-01 -1.7787e+00 +3.9784e+00 +6.7340e-01 +4.9646e-01 +1.2331e+00
774 0 +3.855874326e+02 +3.855874326e+02 +1.711074326e+02 +1.711074326e+02 -2.7301e+00 +1.5519e-01 +1.5184e+00 -2.4228e+00 +4.1336e-01 -1.9730e+00 +4.2084e+00 +6.3724e-01 +4.1336e-01 +1.2052e+00
815 0 +3.798137669e+02 +3.798137669e+02 +1.653337669e+02 +1.653337669e+02 -2.5844e+00 +1.5744e-01 +1.4799e+00 -2.2844e+00 +7.1507e-01 -2.1732e+00 +4.0540e+00 +3.0632e-01 +3.0019e-01 +1.2066e+00
899 0 +3.655084942e+02 +3.655084942e+02 +1.510284942e+02 +1.510284942e+02 -2.7847e+00 +2.0106e-01 +1.9203e+00 -1.8207e+00 +6.9914e-01 -2.3578e+00 +3.9152e+00 +2.7866e-01 +4.2356e-01 +1.3824e+00
% f evaluations | g evaluations | best noise-free fitness - Fopt | noise-free fitness - Fopt (-4.590000000000e+01) | measured fitness | best measured fitness | x1 | x2...
1 0 +1.070660737e+03 +1.070660737e+03 +1.024760737e+03 +1.024760737e+03 +0.0000e+00 +0.0000e+00 +0.0000e+00 +0.0000e+00 +0.0000e+00 +0.0000e+00 +0.0000e+00 +0.0000e+00 +0.0000e+00 +0.0000e+00
8 0 +1.011655240e+03 +1.011655240e+03 +9.657552401e+02 +9.657552401e+02 -1.0600e-01 -2.3645e-01 -1.3005e-02 +9.2055e-01 -2.9171e-01 +1.1575e+00 -1.0639e+00 +3.2687e-02 +6.9360e-01 +4.0633e-01
19 0 +9.587086631e+02 +9.587086631e+02 +9.128086631e+02 +9.128086631e+02 -1.6431e-01 -1.0570e-01 +3.0583e-01 -5.1406e-01 -2.1323e-01 +1.2536e+00 -1.7599e+00 -9.1971e-02 -1.3356e+00 +4.4821e-01
20 0 +9.535330232e+02 +9.535330232e+02 +9.076330232e+02 +9.076330232e+02 -1.1175e-01 -1.2197e-01 +4.0760e-01 +6.2159e-01 -2.2664e-01 +1.4418e+00 -1.1310e+00 -2.3301e-01 -5.6575e-01 -2.9202e-01
24 0 +9.191716741e+02 +9.191716741e+02 +8.732716741e+02 +8.732716741e+02 -1.8361e-01 -2.2998e-01 +2.8495e-01 +2.7757e-01 -2.3767e-01 +1.1676e+00 -7.1339e-01 -7.1015e-02 -1.1705e-01 -1.8702e+00
25 0 +8.759179204e+02 +8.759179204e+02 +8.300179204e+02 +8.300179204e+02 -1.0500e-01 -3.3011e-01 -3.1833e-02 -5.8719e-01 -2.9350e-01 +1.6269e+00 -1.6569e+00 -2.9183e-01 -1.0908e+00 -1.1610e+00
34 0 +8.626025450e+02 +8.626025450e+02 +8.167025450e+02 +8.167025450e+02 -1.2582e-01 -1.6863e-01 +9.3944e-01 -9.1510e-01 -4.0190e-01 +2.7681e+00 -1.1608e+00 -3.2926e-01 -2.2355e+00 -1.2619e+00
62 0 +8.249363955e+02 +8.249363955e+02 +7.790363955e+02 +7.790363955e+02 +3.6108e-01 -4.4270e-01 +3.2205e-02 -7.9604e-01 -6.6214e-01 +2.8090e+00 -2.4611e+00 -4.4095e-01 -4.7281e+00 -1.3204e+00
