% f evaluations | g evaluations | best noise-free fitness - Fopt | noise-free fitness - Fopt (2.997000000000e+01) | measured fitness | best measured fitness | x1 | x2...
1 0 +1.048116465e+03 +1.048116465e+03 +1.078086465e+03 +1.078086465e+03 +0.0000e+00 +0.0000e+00 +0.0000e+00 +0.0000e+00 +0.0000e+00
2 0 +8.317977263e+02 +8.317977263e+02 +8.617677263e+02 +8.617677263e+02 +4.1834e-01 -2.4181e-01 -6.5360e-01 -5.4050e-01 -1.4721e-01
7 0 +6.769124364e+02 +6.769124364e+02 +7.068824364e+02 +7.068824364e+02 +1.1629e+00 +2.5121e-01 -1.5096e+00 -1.6371e-01 +7.1625e-01
14 0 +5.542521599e+02 +5.542521599e+02 +5.842221599e+02 +5.842221599e+02 +5.3673e-01 +1.1712e+00 -2.0791e+00 -7.5066e-01 +3.7313e-01
34 0 +5.395665001e+02 +5.395665001e+02 +5.695365001e+02 +5.695365001e+02 +1.1324e-01 +1.3312e+00 -2.3247e+00 -1.0638e+00 +2.3596e-01
39 0 +4.997028016e+02 +4.997028016e+02 +5.296728016e+02 +5.296728016e+02 +4.1784e-01 +1.5421e+00 -1.9134e+00 -1.6283e+00 +5.2720e-02
42 0 +4.745913528e+02 +4.745913528e+02 +5.045613528e+02 +5.045613528e+02 +5.7354e-02 +1.0182e+00 -1.6513e+00 -1.9130e+00 -1.3556e-02
43 0 +4.570885325e+02 +4.570885325e+02 +4.870585325e+02 +4.870585325e+02 +3.3771e-01 +7.1764e-01 -1.4560e+00 -2.0304e+00 +1.8658e-01
49 0 +4.552951798e+02 +4.552951798e+02 +4.852651798e+02 +4.852651798e+02 -3.5074e-01 +1.0012e+00 -1.6820e+00 -1.9353e+00 +3.0643e-01
55 0 +4.121590922e+02 +4.121590922e+02 +4.421290922e+02 +4.421290922e+02 -2.8157e-02 +7.3119e-01 -2.2023e+00 -2.2239e+00 +2.2756e-01
62 0 +3.842640795e+02 +3.842640795e+02 +4.142340795e+02 +4.142340795e+02 +2.0221e-01 +1.1174e+00 -1.8944e+00 -2.0014e+00 +7.3245e-01
94 0 +3.698229535e+02 +3.698229535e+02 +3.997929535e+02 +3.997929535e+02 +1.5023e-01 +7.4044e-01 -1.9272e+00 -2.3613e+00 +6.0155e-01
98 0 +3.475755324e+02 +3.475755324e+02 +3.775455324e+02 +3.775455324e+02 +8.8908e-02 +3.4092e-01 -2.2880e+00 -2.4778e+00 +6.0294e-01
103 0 +3.447798362e+02 +3.447798362e+02 +3.747498362e+02 +3.747498362e+02 +3.1324e-01 +2.1786e-01 -2.4548e+00 -2.8760e+00 +7.4626e-01
113 0 +3.324959731e+02 +3.324959731e+02 +3.624659731e+02 +3.624659731e+02 +4.2343e-01 +2.8787e-01 -2.8962e+00 -2.4337e+00 +1.0366e+00
123 0 +2.595742568e+02 +2.595742568e+02 +2.895442568e+02 +2.895442568e+02 +5.3431e-01 -2.0110e-01 -2.8579e+00 -1.7646e+00 +1.4460e+00
186 0 +2.105182193e+02 +2.105182193e+02 +2.404882193e+02 +2.404882193e+02 +6.2630e-01 -2.4830e-01 -2.9129e+00 -2.4492e+00 +1.8391e+00
234 0 +1.863996247e+02 +1.863996247e+02 +2.163696247e+02 +2.163696247e+02 +5.8319e-01 -2.6600e-01 -2.7878e+00 -2.1346e+00 +1.9067e+00
277 0 +1.744122603e+02 +1.744122603e+02 +2.043822603e+02 +2.043822603e+02 +8.3649e-01 -2.2462e-01 -2.8853e+00 -2.0551e+00 +2.1577e+00
308 0 +1.667619761e+02 +1.667619761e+02 +1.967319761e+02 +1.967319761e+02 +4.5758e-01 -1.9376e-01 -3.1760e+00 -2.0247e+00 +2.2881e+00
311 0 +1.600183142e+02 +1.600183142e+02 +1.899883142e+02 +1.899883142e+02 +1.9827e-01 -4.9964e-01 -3.2866e+00 -2.1734e+00 +2.3185e+00
322 0 +1.385476298e+02 +1.385476298e+02 +1.685176298e+02 +1.685176298e+02 +3.8149e-02 -1.5133e-01 -2.9719e+00 -2.1219e+00 +2.5305e+00
333 0 +1.282412846e+02 +1.282412846e+02 +1.582112846e+02 +1.582112846e+02 +3.7985e-01 +6.5933e-02 -2.7453e+00 -2.0950e+00 +2.7530e+00
335 0 +1.129412120e+02 +1.129412120e+02 +1.429112120e+02 +1.429112120e+02 +3.7096e-01 -5.2753e-01 -3.3376e+00 -2.0916e+00 +2.6968e+00
401 0 +1.011623816e+02 +1.011623816e+02 +1.311323816e+02 +1.311323816e+02 +4.0607e-02 +3.7846e-01 -3.1375e+00 -1.9372e+00 +3.2327e+00
% f evaluations | g evaluations | best noise-free fitness - Fopt | noise-free fitness - Fopt (-5.171000000000e+01) | measured fitness | best measured fitness | x1 | x2...
1 0 +1.267442521e+03 +1.267442521e+03 +1.215732521e+03 +1.215732521e+03 +0.0000e+00 +0.0000e+00 +0.0000e+00 +0.0000e+00 +0.0000e+00
4 0 +1.145050481e+03 +1.145050481e+03 +1.093340481e+03 +1.093340481e+03 +1.9777e-01 -2.3306e-02 -5.3062e-01 -9.8872e-01 -4.5124e-01
6 0 +8.145683029e+02 +8.145683029e+02 +7.628583029e+02 +7.628583029e+02 +1.4479e-01 +1.6980e-02 -3.3203e+00 -2.1765e+00 +6.6562e-01
37 0 +7.565016315e+02 +7.565016315e+02 +7.047916315e+02 +7.047916315e+02 +2.5768e-01 +3.0611e-02 -3.7462e+00 -4.0835e+00 +1.9897e-01
51 0 +7.379579089e+02 +7.379579089e+02 +6.862479089e+02 +6.862479089e+02 +8.9406e-01 +1.1792e-02 -2.6030e+00 -5.3270e+00 -6.3011e-01
86 0 +7.129350670e+02 +7.129350670e+02 +6.612250670e+02 +6.612250670e+02 +2.1191e+00 -1.1463e-02 -3.6743e+00 -4.7722e+00 -9.2804e-01
87 0 +6.942682494e+02 +6.942682494e+02 +6.425582494e+02 +6.425582494e+02 +1.3052e+00 -6.4262e-02 -3.5730e+00 -5.4694e+00 -4.4487e-01
92 0 +6.810963548e+02 +6.810963548e+02 +6.293863548e+02 +6.293863548e+02 +1.3462e+00 +1.4618e-02 -4.1840e+00 -4.3164e+00 -8.1439e-02
98 0 +6.707620466e+02 +6.707620466e+02 +6.190520466e+02 +6.190520466e+02 +1.3806e+00 -4.3417e-02 -3.0622e+00 -6.9164e+00 -2.1297e-01
110 0 +6.346975363e+02 +6.346975363e+02 +5.829875363e+02 +5.829875363e+02 +1.3483e+00 +3.0385e-02 -3.6338e+00 -5.0358e+00 -1.2626e-01
175 0 +6.116389779e+02 +6.116389779e+02 +5.599289779e+02 +5.599289779e+02 +1.5865e+00 +1.5242e-02 -2.4642e+00 -4.6275e+00 -1.8597e-01
185 0 +5.858962443e+02 +5.858962443e+02 +5.341862443e+02 +5.341862443e+02 +1.9553e+00 -5.7266e-03 -3.7176e+00 -4.6103e+00 -5.0526e-02
201 0 +5.713099124e+02 +5.713099124e+02 +5.195999124e+02 +5.195999124e+02 +1.3456e+00 -1.5474e-01 -3.1820e+00 -4.3798e+00 +4.6152e-01
207 0 +5.535664047e+02 +5.535664047e+02 +5.018564047e+02 +5.018564047e+02 +1.6257e+00 -1.8758e-01 -3.8956e+00 -5.3834e+00 +5.3250e-01
214 0 +5.478104259e+02 +5.478104259e+02 +4.961004259e+02 +4.961004259e+02 +1.9287e+00 -1.8974e-01 -3.4319e+00 -6.3940e+00 +5.7809e-01
284 0 +4.924005371e+02 +4.924005371e+02 +4.406905371e+02 +4.406905371e+02 +1.7748e+00 -3.5831e-01 -3.1323e+00 -3.5048e+00 +1.1740e+00
285 0 +3.608813423e+02 +3.608813423e+02 +3.091713423e+02 +3.091713423e+02 +2.0860e+00 -2.7863e-01 -3.3326e+00 -4.0870e+00 +1.9224e+00
361 0 +3.405444684e+02 +3.405444684e+02 +2.888344684e+02 +2.888344684e+02 +2.3917e+00 -1.8773e-01 -4.0683e+00 -1.9675e+00 +3.0165e+00
465 0 +2.951425560e+02 +2.951425560e+02 +2.434325560e+02 +2.434325560e+02 +8.5499e-01 -5.3447e-01 -4.9387e+00 -2.9220e+00 +4.6801e+00
481 0 +2.042324291e+02 +2.042324291e+02 +1.525224291e+02 +1.525224291e+02 +1.7410e+00 -2.8564e-01 -5.1536e+00 -3.0897e+00 +4.0346e+00
529 0 +1.839065571e+02 +1.839065571e+02 +1.321965571e+02 +1.321965571e+02 +1.3844e+00 -2.6705e-01 -4.7957e+00 -3.8862e+00 +3.8669e+00
592 0 +1.693469760e+02 +1.693469760e+02 +1.176369760e+02 +1.176369760e+02 +1.3680e+00 -2.6604e-01 -4.9236e+00 -3.8181e+00 +3.8792e+00
685 0 +1.649859673e+02 +1.649859673e+02 +1.132759673e+02 +1.132759673e+02 +1.4257e+00 -3.0570e-01 -5.0583e+00 -3.6766e+00 +3.9507e+00
747 0 +1.611104849e+02 +1.611104849e+02 +1.094004849e+02 +1.094004849e+02 +1.4745e+00 -2.6344e-01 -5.1561e+00 -3.5260e+00 +4.1274e+00
% f evaluations | g evaluations | best noise-free fitness - Fopt | noise-free fitness - Fopt (-2.799500000000e+02) | measured fitness | best measured fitness | x1 | x2...
1 0 +1.914452900e+03 +1.914452900e+03 +1.634502900e+03 +1.634502900e+03 +0.0000e+00 +0.0000e+00 +0.0000e+00 +0.0000e+00 +0.0000e+00
2 0 +1.850519345e+03 +1.850519345e+03 +1.570569345e+03 +1.570569345e+03 -9.1226e-02 +7.4634e-02 -1.6899e-01 +9.8534e-02 -1.2671e+00
8 0 +1.743335946e+03 +1.743335946e+03 +1.463385946e+03 +1.463385946e+03 -4.4018e-01 -2.5779e-01 -2.8203e-01 -2.3121e-01 -8.6708e-01
15 0 +1.431093323e+03 +1.431093323e+03 +1.151143323e+03 +1.151143323e+03 -8.6637e-01 -5.9336e-01 -1.1491e-01 -7.5778e-01 -4.6438e+00
116 0 +1.373997933e+03 +1.373997933e+03 +1.094047933e+03 +1.094047933e+03 -2.2001e+00 -7.5268e-01 -2.5611e+00 -1.8598e+00 -7.4395e+00
122 0 +1.203523248e+03 +1.203523248e+03 +9.235732484e+02 +9.235732484e+02 -3.7449e+00 +1.0627e-01 -1.5388e-01 -2.5816e+00 -4.0349e+00
125 0 +1.187180039e+03 +1.187180039e+03 +9.072300392e+02 +9.072300392e+02 -9.9859e-01 -1.2230e+00 +2.6448e+00 -2.0327e-01 -2.8046e+00
126 0 +9.873331315e+02 +9.873331315e+02 +7.073831315e+02 +7.073831315e+02 -3.3987e+00 -7.2493e-01 +2.3561e+00 -2.5737e-02 -6.1757e+00
138 0 +9.356527837e+02 +9.356527837e+02 +6.557027837e+02 +6.557027837e+02 -2.0303e+00 -1.5848e+00 +2.7509e+00 -1.0497e+00 -2.3440e+00
142 0 +4.607933129e+02 +4.607933129e+02 +1.808433129e+02 +1.808433129e+02 -5.8606e+00 -1.5713e+00 +5.5980e+00 -6.4306e-01 -4.2298e+00
196 0 +3.641502612e+02 +3.641502612e+02 +8.420026116e+01 +8.420026116e+01 -4.4537e+00 -2.3702e+00 +5.4553e+00 -1.9246e-01 -2.0401e+00
218 0 +3.175829542e+02 +3.175829542e+02 +3.763295417e+01 +3.763295417e+01 -4.9928e+00 -2.9272e+00 +3.4482e+00 -5.0488e-01 -1.4727e+00
241 0 +2.867902187e+02 +2.867902187e+02 +6.840218738e+00 +6.840218738e+00 -4.9235e+00 -3.4679e+00 +4.0186e+00 -1.3277e+00 -4.7247e+00
275 0 +2.176335802e+02 +2.176335802e+02 -6.231641984e+01 -6.231641984e+01 -3.5603e+00 -3.0724e+00 +3.5180e+00 -1.9517e+00 -4.5217e+00
532 0 +2.087394062e+02 +2.087394062e+02 -7.121059376e+01 -7.121059376e+01 -1.9886e+00 -5.2885e+00 +1.6220e+00 +3.5745e-01 -1.6712e+00
538 0 +1.541323816e+02 +1.541323816e+02 -1.258176184e+02 -1.258176184e+02 -1.9595e+00 -5.3131e+00 +2.0471e+00 +6.7828e-01 -2.2921e+00
542 0 +1.149666236e+02 +1.149666236e+02 -1.649833764e+02 -1.649833764e+02 -2.1502e+00 -5.4255e+00 +1.6629e+00 +6.7273e-01 -2.2041e+00
543 0 +9.402470532e+01 +9.402470532e+01 -1.859252947e+02 -1.859252947e+02 -2.1985e+00 -5.5651e+00 +1.2315e+00 +5.9939e-01 -2.4775e+00
584 0 +7.748419624e+01 +7.748419624e+01 -2.024658038e+02 -2.024658038e+02 -2.0322e+00 -5.5395e+00 +1.2851e+00 +5.8952e-02 -3.0880e+00
671 0 +6.890092327e+01 +6.890092327e+01 -2.110490767e+02 -2.110490767e+02 -2.5003e+00 -5.3243e+00 +1.6877e+00 -4.4420e-02 -3.0741e+00
687 0 +5.573908513e+01 +5.573908513e+01 -2.242109149e+02 -2.242109149e+02 -2.4767e+00 -5.1820e+00 +1.9507e+00 +2.2632e-02 -2.5976e+00
723 0 +4.665610089e+01 +4.665610089e+01 -2.332938991e+02 -2.332938991e+02 -2.5846e+00 -5.0949e+00 +1.9343e+00 +5.7486e-02 -2.6488e+00
820 0 +4.457878979e+01 +4.457878979e+01 -2.353712102e+02 -2.353712102e+02 -2.3742e+00 -5.1853e+00 +1.7999e+00 -9.1430e-02 -3.0408e+00
823 0 +3.575979577e+01 +3.575979577e+01 -2.441902042e+02 -2.441902042e+02 -2.4052e+00 -5.2098e+00 +1.8212e+00 -5.6181e-02 -2.9152e+00
845 0 +3.462607251e+01 +3.462607251e+01 -2.453239275e+02 -2.453239275e+02 -2.4187e+00 -5.1830e+00 +1.7165e+00 -2.8574e-02 -2.9585e+00
853 0 +3.315492014e+01 +3.315492014e+01 -2.467950799e+02 -2.467950799e+02 -2.4524e+00 -5.2016e+00 +1.7499e+00 -5.9459e-02 -2.8544e+00
864 0 +2.989194072e+01 +2.989194072e+01 -2.500580593e+02 -2.500580593e+02 -2.4217e+00 -5.1847e+00 +1.7803e+00 -1.8385e-02 -2.8824e+00
882 0 +2.858004639e+01 +2.858004639e+01 -2.513699536e+02 -2.513699536e+02 -2.4492e+00 -5.1626e+00 +1.8625e+00 -3.1254e-02 -2.8804e+00
898 0 +2.646738035e+01 +2.646738035e+01 -2.534826196e+02 -2.534826196e+02 -2.4753e+00 -5.1793e+00 +1.8631e+00 -4.0347e-02 -2.9310e+00
911 0 +2.540445340e+01 +2.540445340e+01 -2.545455466e+02 -2.545455466e+02 -2.4781e+00 -5.1530e+00 +1.8569e+00 -2.9154e-02 -2.8496e+00
913 0 +2.255644914e+01 +2.255644914e+01 -2.573935509e+02 -2.573935509e+02 -2.4876e+00 -5.1665e+00 +1.8308e+00 -4.3279e-02 -2.8739e+00
% f evaluations | g evaluations | best noise-free fitness - Fopt | noise-free fitness - Fopt (9.319900000000e+02) | measured fitness | best measured fitness | x1 | x2...
1 0 +7.845967669e+02 +7.845967669e+02 +1.716586767e+03 +1.716586767e+03 +0.0000e+00 +0.0000e+00 +0.0000e+00 +0.0000e+00 +0.0000e+00
2 0 +7.536652127e+02 +7.536652127e+02 +1.685655213e+03 +1.685655213e+03 +9.4831e-01 -1.4056e-02 -7.9456e-01 -6.1014e-01 +1.4665e+00
4 0 +5.625952526e+02 +5.625952526e+02 +1.494585253e+03 +1.494585253e+03 +3.7067e-01 +5.7546e-01 +1.1988e+00 -1.6744e-01 +2.8225e-01
11 0 +5.621013150e+02 +5.621013150e+02 +1.494091315e+03 +1.494091315e+03 +9.6247e-02 -7.8849e-01 +1.0473e+00 +7.3350e-04 +6.0896e-01
14 0 +4.393310955e+02 +4.393310955e+02 +1.371321096e+03 +1.371321096e+03 -9.8662e-01 -1.8896e+00 +1.2522e+00 -1.8246e-01 +1.6072e+00
21 0 +2.596763820e+02 +2.596763820e+02 +1.191666382e+03 +1.191666382e+03 +1.3424e+00 +8.2193e-01 +2.4745e+00 -1.0161e-01 +1.3790e+00
32 0 +2.359932635e+02 +2.359932635e+02 +1.167983264e+03 +1.167983264e+03 +2.4446e-03 +1.4528e+00 +3.5476e+00 -4.8438e-01 +1.5449e+00
37 0 +1.821384095e+02 +1.821384095e+02 +1.114128410e+03 +1.114128410e+03 +1.4122e-01 -3.7528e-01 +1.8177e+00 -9.5044e-01 +2.0592e+00
48 0 +1.621545976e+02 +1.621545976e+02 +1.094144598e+03 +1.094144598e+03 +1.0556e+00 +1.2490e-01 +1.7831e+00 -8.3094e-01 +2.3840e+00
58 0 +1.166057623e+02 +1.166057623e+02 +1.048595762e+03 +1.048595762e+03 +1.7495e+00 +1.2373e+00 +3.0579e+00 -4.9433e-01 +2.7754e+00
229 0 +1.119869908e+02 +1.119869908e+02 +1.043976991e+03 +1.043976991e+03 +8.1387e-01 +8.0281e-01 +2.1812e+00 -1.0597e+00 +2.0939e+00
687 0 +1.084174359e+02 +1.084174359e+02 +1.040407436e+03 +1.040407436e+03 +6.4434e-01 +1.0778e+00 +2.8884e+00 -8.8289e-01 +1.9431e+00
706 0 +1.009776424e+02 +1.009776424e+02 +1.032967642e+03 +1.032967642e+03 +5.3530e-01 +3.5598e-01 +2.6387e+00 -8.9959e-01 +2.0742e+00
714 0 +9.025147431e+01 +9.025147431e+01 +1.022241474e+03 +1.022241474e+03 +6.9529e-01 +8.2228e-01 +2.3850e+00 -9.7670e-01 +2.1740e+00
721 0 +6.465462296e+01 +6.465462296e+01 +9.966446230e+02 +9.966446230e+02 +8.0092e-01 +5.7966e-01 +2.6472e+00 -1.0262e+00 +2.2096e+00
886 0 +5.816588882e+01 +5.816588882e+01 +9.901558888e+02 +9.901558888e+02 +1.1638e+00 +7.0333e-01 +2.7064e+00 -1.1866e+00 +2.3308e+00
929 0 +4.755320860e+01 +4.755320860e+01 +9.795432086e+02 +9.795432086e+02 +1.2440e+00 +4.8992e-01 +2.5283e+00 -1.1098e+00 +2.4329e+00
931 0 +3.505609763e+01 +3.505609763e+01 +9.670460976e+02 +9.670460976e+02 +1.1453e+00 +5.9086e-01 +2.3669e+00 -1.1021e+00 +2.6414e+00
% f evaluations | g evaluations | best noise-free fitness - Fopt | noise-free fitness - Fopt (1.133100000000e+02) | measured fitness | best measured fitness | x1 | x2...
1 0 +5.494990338e+02 +5.494990338e+02 +6.628090338e+02 +6.628090338e+02 +0.0000e+00 +0.0000e+00 +0.0000e+00 +0.0000e+00 +0.0000e+00
8 0 +5.211428295e+02 +5.211428295e+02 +6.344528295e+02 +6.344528295e+02 +7.6832e-01 -1.3829e-02 +5.9656e-01 -1.9952e+00 +4.4647e-02
12 0 +4.978498776e+02 +4.978498776e+02 +6.111598776e+02 +6.111598776e+02 +1.8211e+00 -1.2077e-02 -1.8755e+00 -1.5916e+00 +4.7092e-03
15 0 +3.119911708e+02 +3.119911708e+02 +4.253011708e+02 +4.253011708e+02 +1.6753e+00 -2.4558e-02 -1.2525e+00 +7.2660e-01 +9.0224e-01
16 0 +3.089208995e+02 +3.089208995e+02 +4.222308995e+02 +4.222308995e+02 +1.7763e+00 -1.2091e-02 -9.1023e-01 -2.2520e-01 +7.1588e-01
26 0 +2.852135092e+02 +2.852135092e+02 +3.985235092e+02 +3.985235092e+02 +2.3041e+00 -1.2976e-02 -1.2217e+00 +7.1124e-01 +1.0181e+00
61 0 +2.595749952e+02 +2.595749952e+02 +3.728849952e+02 +3.728849952e+02 +1.9747e+00 -3.6019e-03 -1.8149e+00 -2.8763e-01 +8.1349e-01
62 0 +2.434557907e+02 +2.434557907e+02 +3.567657907e+02 +3.567657907e+02 +2.3601e+00 -8.7355e-03 -1.8892e+00 +5.3474e-01 +6.2236e-01
107 0 +2.304504063e+02 +2.304504063e+02 +3.437604063e+02 +3.437604063e+02 +2.2479e+00 -4.3276e-03 -1.6990e+00 +2.8392e-01 +7.9460e-01
128 0 +2.096838907e+02 +2.096838907e+02 +3.229938907e+02 +3.229938907e+02 +2.3501e+00 -2.4676e-02 -2.0834e+00 +8.9562e-01 +9.1981e-01
143 0 +2.002483949e+02 +2.002483949e+02 +3.135583949e+02 +3.135583949e+02 +2.7390e+00 -2.6293e-02 -2.3645e+00 +1.2381e+00 +9.1157e-01
144 0 +1.876891243e+02 +1.876891243e+02 +3.009991243e+02 +3.009991243e+02 +2.1561e+00 -1.9661e-02 -1.9575e+00 +2.0024e-01 +1.2638e+00
158 0 +1.769766523e+02 +1.769766523e+02 +2.902866523e+02 +2.902866523e+02 +2.5939e+00 -1.5036e-02 -2.2093e+00 +1.5848e-01 +1.2661e+00
162 0 +1.413316709e+02 +1.413316709e+02 +2.546416709e+02 +2.546416709e+02 +2.7082e+00 -1.7336e-02 -2.2183e+00 +4.9983e-01 +1.3744e+00
181 0 +1.197681818e+02 +1.197681818e+02 +2.330781818e+02 +2.330781818e+02 +2.6840e+00 -2.8245e-02 -2.6010e+00 +6.5414e-01 +1.6319e+00
513 0 +1.149657147e+02 +1.149657147e+02 +2.282757147e+02 +2.282757147e+02 +3.2960e+00 -1.5967e-01 -3.0771e+00 +1.3911e+00 +1.7854e+00
564 0 +1.095850249e+02 +1.095850249e+02 +2.228950249e+02 +2.228950249e+02 +2.8336e+00 -1.5424e-01 -2.6507e+00 +7.7994e-01 +1.7643e+00
627 0 +1.055083127e+02 +1.055083127e+02 +2.188183127e+02 +2.188183127e+02 +2.9265e+00 -1.3981e-01 -2.8834e+00 +9.1343e-01 +1.7199e+00
740 0 +9.341248143e+01 +9.341248143e+01 +2.067224814e+02 +2.067224814e+02 +2.9607e+00 -1.2600e-01 -2.8071e+00 +9.5473e-01 +1.7947e+00
754 0 +8.870787572e+01 +8.870787572e+01 +2.020178757e+02 +2.020178757e+02 +3.1593e+00 -1.2983e-01 -2.9147e+00 +1.1021e+00 +1.7849e+00
841 0 +8.667435729e+01 +8.667435729e+01 +1.999843573e+02 +1.999843573e+02 +3.0562e+00 -1.3513e-01 -2.9001e+00 +1.1149e+00 +1.7612e+00
862 0 +8.392398453e+01 +8.392398453e+01 +1.972339845e+02 +1.972339845e+02 +3.0408e+00 -1.3740e-01 -2.7907e+00 +1.1003e+00 +1.6953e+00
876 0 +8.209127154e+01 +8.209127154e+01 +1.954012715e+02 +1.954012715e+02 +3.0536e+00 -1.3654e-01 -2.7822e+00 +9.9147e-01 +1.7128e+00
896 0 +7.865080288e+01 +7.865080288e+01 +1.919608029e+02 +1.919608029e+02 +3.0490e+00 -1.3509e-01 -2.8003e+00 +1.0197e+00 +1.7104e+00
904 0 +7.572090404e+01 +7.572090404e+01 +1.890309040e+02 +1.890309040e+02 +3.0709e+00 -1.3526e-01 -2.8362e+00 +1.0500e+00 +1.7183e+00
997 0 +7.328586180e+01 +7.328586180e+01 +1.865958618e+02 +1.865958618e+02 +3.0948e+00 -1.3429e-01 -2.8501e+00 +1.0815e+00 +1.7160e+00
% f evaluations | g evaluations | best noise-free fitness - Fopt | noise-free fitness - Fopt (2.849000000000e+01) | measured fitness | best measured fitness | x1 | x2...
1 0 +8.888247590e+02 +8.888247590e+02 +9.173147590e+02 +9.173147590e+02 +0.0000e+00 +0.0000e+00 +0.0000e+00 +0.0000e+00 +0.0000e+00
7 0 +7.333536906e+02 +7.333536906e+02 +7.618436906e+02 +7.618436906e+02 -1.0892e+00 -1.1217e+00 +7.6267e-03 +8.1984e-02 -6.7997e-01
11 0 +7.214386928e+02 +7.214386928e+02 +7.499286928e+02 +7.499286928e+02 -1.9232e-01 +9.1653e-01 -1.4994e-01 -9.4507e-01 -7.7630e-01
14 0 +5.349910169e+02 +5.349910169e+02 +5.634810169e+02 +5.634810169e+02 -1.3206e+00 -1.6125e+00 -2.0844e-01 -7.8994e-01 -1.3273e+00
33 0 +4.819954156e+02 +4.819954156e+02 +5.104854156e+02 +5.104854156e+02 -3.4709e+00 -4.3216e-01 +4.4650e-01 -2.4479e+00 -3.0639e+00
42 0 +4.573257252e+02 +4.573257252e+02 +4.858157252e+02 +4.858157252e+02 +7.8669e-01 -5.5515e-01 -3.1946e-01 -5.7100e+00 -2.2959e+00
86 0 +4.146580595e+02 +4.146580595e+02 +4.431480595e+02 +4.431480595e+02 -3.2646e+00 -6.8280e-01 +9.5761e-01 -2.7666e+00 -2.9951e+00
94 0 +3.460898520e+02 +3.460898520e+02 +3.745798520e+02 +3.745798520e+02 -2.0328e+00 +1.1404e+00 +1.0946e+00 -2.0780e+00 -3.1889e+00
241 0 +3.364957075e+02 +3.364957075e+02 +3.649857075e+02 +3.649857075e+02 -1.9971e+00 -2.5314e+00 -1.1210e-01 -2.4145e+00 -3.4898e+00
258 0 +2.737977080e+02 +2.737977080e+02 +3.022877080e+02 +3.022877080e+02 +6.0165e-01 -3.7761e+00 -6.9341e-01 -5.0054e+00 -9.5521e-01
882 0 +2.446043946e+02 +2.446043946e+02 +2.730943946e+02 +2.730943946e+02 +3.5184e-01 -4.7534e+00 -1.7675e+00 -3.7678e+00 -2.5750e+00
884 0 +1.925384682e+02 +1.925384682e+02 +2.210284682e+02 +2.210284682e+02 +5.8266e-01 -4.1178e+00 -1.9636e+00 -4.5260e+00 -3.0214e+00
886 0 +1.615906341e+02 +1.615906341e+02 +1.900806341e+02 +1.900806341e+02 +5.2969e-01 -4.4841e+00 -1.8006e+00 -4.0866e+00 -3.1013e+00
892 0 +1.396192491e+02 +1.396192491e+02 +1.681092491e+02 +1.681092491e+02 +1.3053e+00 -5.1467e+00 -1.7066e+00 -4.7267e+00 -3.4629e+00
907 0 +1.231916013e+02 +1.231916013e+02 +1.516816013e+02 +1.516816013e+02 +1.3447e+00 -5.0010e+00 -2.0699e+00 -4.8120e+00 -3.6800e+00
908 0 +9.846902386e+01 +9.846902386e+01 +1.269590239e+02 +1.269590239e+02 +5.1701e-01 -4.2466e+00 -1.6026e+00 -4.4765e+00 -3.5376e+00
935 0 +9.664582945e+01 +9.664582945e+01 +1.251358294e+02 +1.251358294e+02 +8.0118e-01 -4.4464e+00 -1.3968e+00 -4.5042e+00 -3.0517e+00
% f evaluations | g evaluations | best noise-free fitness - Fopt | noise-free fitness - Fopt (-7.405800000000e+02) | measured fitness | best measured fitness | x1 | x2...
1 0 +3.715572125e+02 +3.715572125e+02 -3.690227875e+02 -3.690227875e+02 +0.0000e+00 +0.0000e+00 +0.0000e+00 +0.0000e+00 +0.0000e+00
3 0 +2.703864081e+02 +2.703864081e+02 -4.701935919e+02 -4.701935919e+02 +2.0055e-01 -4.2051e-02 -1.5249e+00 -2.3861e-01 +3.0055e-01
12 0 +2.558336910e+02 +2.558336910e+02 -4.847463090e+02 -4.847463090e+02 -2.1400e-01 -3.9125e-01 -1.0427e+00 +9.9440e-01 -1.2186e+00
18 0 +1.960274978e+02 +1.960274978e+02 -5.445525022e+02 -5.445525022e+02 -2.3647e-01 +2.3537e-01 -1.3680e+00 +4.6227e-01 -5.3902e-01
23 0 +1.212446196e+02 +1.212446196e+02 -6.193353804e+02 -6.193353804e+02 -9.9910e-01 -3.5048e-02 -2.5700e+00 +5.1945e-01 -7.0549e-01
93 0 +1.053583963e+02 +1.053583963e+02 -6.352216037e+02 -6.352216037e+02 -2.0110e+00 +2.4797e-01 -3.3702e+00 -4.6491e-01 -4.8017e-01
107 0 +9.810217290e+01 +9.810217290e+01 -6.424778271e+02 -6.424778271e+02 -1.6530e+00 +1.6831e-01 -3.4078e+00 -2.2953e-01 -5.2325e-01
706 0 +9.295291348e+01 +9.295291348e+01 -6.476270865e+02 -6.476270865e+02 -9.6499e-01 +2.4319e-01 -2.7777e+00 -7.8681e-02 -1.3112e-01
727 0 +6.926865174e+01 +6.926865174e+01 -6.713113483e+02 -6.713113483e+02 -1.1202e+00 +2.2018e-01 -2.5028e+00 -2.0130e-02 -2.2348e-01
732 0 +6.201583947e+01 +6.201583947e+01 -6.785641605e+02 -6.785641605e+02 -1.2866e+00 +1.9612e-01 -2.6334e+00 -1.0365e-01 -2.2889e-01
735 0 +4.817601101e+01 +4.817601101e+01 -6.924039890e+02 -6.924039890e+02 -1.1865e+00 +2.2161e-01 -2.6126e+00 +2.4944e-02 -4.6981e-01
763 0 +4.395008373e+01 +4.395008373e+01 -6.966299163e+02 -6.966299163e+02 -1.3618e+00 +5.0441e-01 -2.4840e+00 -2.0543e-01 -5.0542e-02
764 0 +3.930012798e+01 +3.930012798e+01 -7.012798720e+02 -7.012798720e+02 -1.1155e+00 +6.7165e-01 -2.6865e+00 -1.3654e-01 -5.3285e-02
786 0 +3.721179809e+01 +3.721179809e+01 -7.033682019e+02 -7.033682019e+02 -1.0713e+00 +5.3813e-01 -2.4859e+00 -1.9774e-01 -5.9691e-02
789 0 +3.397507906e+01 +3.397507906e+01 -7.066049209e+02 -7.066049209e+02 -1.1517e+00 +6.5155e-01 -2.4309e+00 -1.7471e-01 -3.0932e-02
800 0 +2.625060371e+01 +2.625060371e+01 -7.143293963e+02 -7.143293963e+02 -1.2434e+00 +6.1670e-01 -2.5411e+00 -2.1343e-01 +1.4588e-02
803 0 +2.386264111e+01 +2.386264111e+01 -7.167173589e+02 -7.167173589e+02 -1.2422e+00 +6.6082e-01 -2.7129e+00 -2.6326e-01 +8.0793e-02
829 0 +1.539693172e+01 +1.539693172e+01 -7.251830683e+02 -7.251830683e+02 -1.2473e+00 +6.5452e-01 -2.6452e+00 -2.5063e-01 +3.3206e-02
844 0 +1.236802841e+01 +1.236802841e+01 -7.282119716e+02 -7.282119716e+02 -1.2118e+00 +6.7918e-01 -2.6158e+00 -3.1531e-01 +7.9485e-02
% f evaluations | g evaluations | best noise-free fitness - Fopt | noise-free fitness - Fopt (-5.177000000000e+01) | measured fitness | best measured fitness | x1 | x2...
1 0 +1.027210844e+03 +1.027210844e+03 +9.754408436e+02 +9.754408436e+02 +0.0000e+00 +0.0000e+00 +0.0000e+00 +0.0000e+00 +0.0000e+00
6 0 +1.010833872e+03 +1.010833872e+03 +9.590638718e+02 +9.590638718e+02 -3.0011e-01 -3.5494e-01 -8.8797e-02 -1.5354e-01 +8.8135e-01
7 0 +9.677527906e+02 +9.677527906e+02 +9.159827906e+02 +9.159827906e+02 -4.8976e-01 -4.3276e-01 +1.8922e-01 -9.5404e-01 +2.1442e-02
8 0 +9.537847099e+02 +9.537847099e+02 +9.020147099e+02 +9.020147099e+02 -7.0504e-01 -6.7487e-01 +5.6578e-01 -5.3088e-01 +6.5005e-01
19 0 +9.164148539e+02 +9.164148539e+02 +8.646448539e+02 +8.646448539e+02 -1.5129e+00 -9.0574e-01 +4.6391e-01 -1.2858e+00 -3.3197e-01
21 0 +8.789625751e+02 +8.789625751e+02 +8.271925751e+02 +8.271925751e+02 -8.2339e-01 -1.1144e-01 +5.9405e-02 -1.0893e+00 +9.2000e-02
25 0 +6.402353795e+02 +6.402353795e+02 +5.884653795e+02 +5.884653795e+02 -2.8999e+00 -3.5838e-01 +4.9821e-01 -1.8537e+00 +2.8095e-01
34 0 +5.498506685e+02 +5.498506685e+02 +4.980806685e+02 +4.980806685e+02 -2.2483e+00 +6.2576e-01 +1.1865e+00 -1.1975e+00 +9.8449e-01
45 0 +4.973290015e+02 +4.973290015e+02 +4.455590015e+02 +4.455590015e+02 -1.7332e+00 +7.0573e-01 +1.6015e+00 -1.9006e+00 +1.1232e+00
55 0 +4.670129411e+02 +4.670129411e+02 +4.152429411e+02 +4.152429411e+02 -2.4698e+00 +5.3855e-01 +1.6735e+00 -2.7671e+00 +5.5188e-01
59 0 +4.542649882e+02 +4.542649882e+02 +4.024949882e+02 +4.024949882e+02 -1.7797e+00 +1.0112e+00 +1.8340e+00 -1.5580e+00 +1.8456e+00
60 0 +4.323215196e+02 +4.323215196e+02 +3.805515196e+02 +3.805515196e+02 -2.8211e+00 +1.4820e+00 +1.7645e+00 -2.5495e+00 +6.5029e-01
65 0 +4.119021546e+02 +4.119021546e+02 +3.601321546e+02 +3.601321546e+02 -2.4268e+00 +1.1306e+00 +1.7003e+00 -1.4477e+00 +2.3512e+00
66 0 +3.739237456e+02 +3.739237456e+02 +3.221537456e+02 +3.221537456e+02 -2.4960e+00 +1.4362e+00 +2.0936e+00 -1.9894e+00 +1.8356e+00
73 0 +3.649362041e+02 +3.649362041e+02 +3.131662041e+02 +3.131662041e+02 -2.0608e+00 +8.9093e-01 +2.0720e+00 -2.1478e+00 +2.0209e+00
74 0 +3.580942251e+02 +3.580942251e+02 +3.063242251e+02 +3.063242251e+02 -2.1236e+00 +1.0219e+00 +1.8120e+00 -2.1271e+00 +1.9693e+00
76 0 +3.543192814e+02 +3.543192814e+02 +3.025492814e+02 +3.025492814e+02 -2.5915e+00 +1.0143e+00 +2.0531e+00 -2.1443e+00 +1.7510e+00
78 0 +3.268548313e+02 +3.268548313e+02 +2.750848313e+02 +2.750848313e+02 -2.5331e+00 +6.6240e-01 +1.7477e+00 -2.1095e+00 +2.5461e+00
82 0 +2.494181191e+02 +2.494181191e+02 +1.976481191e+02 +1.976481191e+02 -2.7658e+00 +1.6027e+00 +1.4729e+00 -3.0734e+00 +1.9703e+00
94 0 +2.309324329e+02 +2.309324329e+02 +1.791624329e+02 +1.791624329e+02 -2.3688e+00 +1.8237e+00 +1.9489e+00 -2.8948e+00 +2.3614e+00
103 0 +1.974335505e+02 +1.974335505e+02 +1.456635505e+02 +1.456635505e+02 -1.9812e+00 +1.8768e+00 +2.4531e+00 -3.5229e+00 +2.4681e+00
104 0 +1.723513161e+02 +1.723513161e+02 +1.205813161e+02 +1.205813161e+02 -2.6325e+00 +1.8232e+00 +2.0793e+00 -3.4102e+00 +2.6932e+00
112 0 +1.634151220e+02 +1.634151220e+02 +1.116451220e+02 +1.116451220e+02 -2.1252e+00 +1.3526e+00 +2.3752e+00 -3.0260e+00 +3.2167e+00
116 0 +1.392514274e+02 +1.392514274e+02 +8.748142737e+01 +8.748142737e+01 -2.8959e+00 +1.4736e+00 +2.3488e+00 -3.4953e+00 +2.9483e+00
122 0 +1.327695439e+02 +1.327695439e+02 +8.099954391e+01 +8.099954391e+01 -3.4924e+00 +9.9986e-01 +1.9292e+00 -3.5350e+00 +2.8679e+00
123 0 +1.200364869e+02 +1.200364869e+02 +6.826648691e+01 +6.826648691e+01 -2.7939e+00 +1.4136e+00 +2.5108e+00 -3.3886e+00 +3.2213e+00
125 0 +1.000609265e+02 +1.000609265e+02 +4.829092651e+01 +4.829092651e+01 -3.0963e+00 +1.1076e+00 +2.1450e+00 -3.2833e+00 +3.1849e+00
134 0 +8.294396102e+01 +8.294396102e+01 +3.117396102e+01 +3.117396102e+01 -2.7949e+00 +1.0342e+00 +2.0523e+00 -3.3618e+00 +3.5712e+00
144 0 +5.456596086e+01 +5.456596086e+01 +2.795960855e+00 +2.795960855e+00 -3.0111e+00 +1.0165e+00 +2.0974e+00 -3.4895e+00 +3.4911e+00
164 0 +3.114889257e+01 +3.114889257e+01 -2.062110743e+01 -2.062110743e+01 -2.8558e+00 +1.4264e+00 +2.1252e+00 -3.7429e+00 +3.8461e+00
172 0 +2.189562268e+01 +2.189562268e+01 -2.987437732e+01 -2.987437732e+01 -2.7152e+00 +1.4478e+00 +2.2913e+00 -3.7374e+00 +3.8967e+00
% f evaluations | g evaluations | best noise-free fitness - Fopt | noise-free fitness - Fopt (-2.229800000000e+02) | measured fitness | best measured fitness | x1 | x2...
1 0 +1.858957053e+03 +1.858957053e+03 +1.635977053e+03 +1.635977053e+03 +0.0000e+00 +0.0000e+00 +0.0000e+00 +0.0000e+00 +0.0000e+00
2 0 +1.767355094e+03 +1.767355094e+03 +1.544375094e+03 +1.544375094e+03 -1.2962e-02 -1.6521e-02 -4.1922e-01 +1.8099e-01 -1.4627e-01
4 0 +1.682260325e+03 +1.682260325e+03 +1.459280325e+03 +1.459280325e+03 +2.4968e-01 +1.7726e-01 -6.5655e-01 +1.5034e-01 -2.9333e-01
12 0 +1.528883753e+03 +1.528883753e+03 +1.305903753e+03 +1.305903753e+03 +9.3035e-01 +2.6022e-01 -5.9681e-01 -1.5056e-01 -7.9889e-01
24 0 +1.499012150e+03 +1.499012150e+03 +1.276032150e+03 +1.276032150e+03 +3.6375e-01 +5.1219e-02 -6.4334e-01 +2.0629e-01 -1.1110e+00
30 0 +1.417961344e+03 +1.417961344e+03 +1.194981344e+03 +1.194981344e+03 +1.0388e+00 +1.4644e-01 -1.2777e+00 -8.7186e-02 -8.9385e-01
32 0 +1.362640399e+03 +1.362640399e+03 +1.139660399e+03 +1.139660399e+03 +9.4644e-01 +1.2138e-01 -6.0474e-01 +4.0626e-01 -1.2299e+00
35 0 +1.339741281e+03 +1.339741281e+03 +1.116761281e+03 +1.116761281e+03 +8.8256e-01 +1.1793e-01 -1.0754e+00 -2.4389e-01 -1.6427e+00
41 0 +1.271402882e+03 +1.271402882e+03 +1.048422882e+03 +1.048422882e+03 +1.6547e+00 +2.1844e-01 -1.2330e+00 +2.1876e-01 -9.7081e-01
62 0 +1.101565707e+03 +1.101565707e+03 +8.785857075e+02 +8.785857075e+02 +1.1793e+00 -1.7964e-02 -1.8047e+00 -1.1540e-01 -2.1984e+00
65 0 +1.036838153e+03 +1.036838153e+03 +8.138581533e+02 +8.138581533e+02 +1.0577e+00 +1.7639e-01 -1.4545e+00 +5.1472e-01 -2.3457e+00
72 0 +9.956078254e+02 +9.956078254e+02 +7.726278254e+02 +7.726278254e+02 +1.6075e+00 +4.2041e-01 -1.7336e+00 +2.3445e-01 -2.2059e+00
77 0 +9.359555007e+02 +9.359555007e+02 +7.129755007e+02 +7.129755007e+02 +1.5126e+00 +3.2674e-01 -1.4066e+00 +3.9062e-01 -2.6342e+00
80 0 +9.013471091e+02 +9.013471091e+02 +6.783671091e+02 +6.783671091e+02 +1.6298e+00 -1.7661e-02 -1.6696e+00 +6.8677e-01 -2.3282e+00
89 0 +8.352187867e+02 +8.352187867e+02 +6.122387867e+02 +6.122387867e+02 +1.8006e+00 +2.1131e-01 -1.5545e+00 +9.3669e-01 -2.4286e+00
90 0 +7.903936334e+02 +7.903936334e+02 +5.674136334e+02 +5.674136334e+02 +1.4426e+00 +5.1282e-02 -1.5257e+00 +8.4279e-01 -3.0668e+00
93 0 +7.398901677e+02 +7.398901677e+02 +5.169101677e+02 +5.169101677e+02 +1.2801e+00 +4.3536e-01 -1.4923e+00 +1.2637e+00 -3.2123e+00
94 0 +6.731631764e+02 +6.731631764e+02 +4.501831764e+02 +4.501831764e+02 +1.4410e+00 +3.1838e-01 -1.9432e+00 +1.1986e+00 -3.2336e+00
106 0 +5.277799564e+02 +5.277799564e+02 +3.047999564e+02 +3.047999564e+02 +1.8019e+00 +5.0330e-01 -1.9279e+00 +1.1555e+00 -3.7754e+00
112 0 +5.096244475e+02 +5.096244475e+02 +2.866444475e+02 +2.866444475e+02 +1.3913e+00 +3.9258e-01 -2.5296e+00 +1.3607e+00 -3.8548e+00
118 0 +4.888426809e+02 +4.888426809e+02 +2.658626809e+02 +2.658626809e+02 +1.6945e+00 +3.9223e-01 -2.1577e+00 +1.1783e+00 -3.9702e+00
124 0 +3.850910873e+02 +3.850910873e+02 +1.621110873e+02 +1.621110873e+02 +1.8464e+00 +7.0985e-01 -2.6510e+00 +1.3258e+00 -4.0981e+00
125 0 +3.771104972e+02 +3.771104972e+02 +1.541304972e+02 +1.541304972e+02 +1.8841e+00 +4.1311e-01 -2.6590e+00 +1.4870e+00 -3.9507e+00
132 0 +3.221198804e+02 +3.221198804e+02 +9.913988039e+01 +9.913988039e+01 +2.3496e+00 +4.0574e-01 -2.6584e+00 +7.5484e-01 -4.5324e+00
137 0 +2.580893671e+02 +2.580893671e+02 +3.510936709e+01 +3.510936709e+01 +2.0602e+00 +6.0945e-01 -2.4662e+00 +1.4978e+00 -4.7121e+00
144 0 +2.429879282e+02 +2.429879282e+02 +2.000792821e+01 +2.000792821e+01 +2.0357e+00 +6.0901e-01 -2.8378e+00 +1.9142e+00 -4.2449e+00
153 0 +2.143899753e+02 +2.143899753e+02 -8.590024713e+00 -8.590024713e+00 +2.2330e+00 +7.8764e-01 -3.2726e+00 +1.7404e+00 -4.3113e+00
156 0 +1.754683417e+02 +1.754683417e+02 -4.751165830e+01 -4.751165830e+01 +2.7129e+00 +6.5888e-01 -2.5344e+00 +1.4607e+00 -4.5731e+00
176 0 +1.439485995e+02 +1.439485995e+02 -7.903140049e+01 -7.903140049e+01 +2.8827e+00 +4.4903e-01 -2.3321e+00 +2.0572e+00 -4.4221e+00
196 0 +1.099615482e+02 +1.099615482e+02 -1.130184518e+02 -1.130184518e+02 +2.9084e+00 +4.8896e-01 -3.1555e+00 +1.7776e+00 -4.0747e+00
% f evaluations | g evaluations | best noise-free fitness - Fopt | noise-free fitness - Fopt (5.860000000000e+00) | measured fitness | best measured fitness | x1 | x2...
1 0 +1.166861521e+03 +1.166861521e+03 +1.172721521e+03 +1.172721521e+03 +0.0000e+00 +0.0000e+00 +0.0000e+00 +0.0000e+00 +0.0000e+00
3 0 +7.489545034e+02 +7.489545034e+02 +7.548145034e+02 +7.548145034e+02 -1.3863e-01 +7.1410e-01 -2.1406e+00 +6.1271e-01 +2.1407e+00
17 0 +4.933238125e+02 +4.933238125e+02 +4.991838125e+02 +4.991838125e+02 -1.3765e+00 +2.2758e+00 -2.4816e+00 +4.9386e-01 +2.3028e+00
23 0 +3.530184211e+02 +3.530184211e+02 +3.588784211e+02 +3.588784211e+02 -1.6520e+00 +2.4922e+00 -1.0009e+00 +1.2504e+00 +1.3051e+00
32 0 +3.052321173e+02 +3.052321173e+02 +3.110921173e+02 +3.110921173e+02 -2.5038e+00 +1.8048e+00 -1.3125e+00 +1.0775e+00 +4.4983e+00
70 0 +2.697407160e+02 +2.697407160e+02 +2.756007160e+02 +2.756007160e+02 -2.6327e+00 +2.6921e+00 +2.4130e-01 +2.8581e+00 +2.2105e+00
71 0 +2.137236255e+02 +2.137236255e+02 +2.195836255e+02 +2.195836255e+02 -1.5911e+00 +2.7753e+00 -2.4529e-01 +4.1017e+00 +1.4999e+00
406 0 +2.036367468e+02 +2.036367468e+02 +2.094967468e+02 +2.094967468e+02 -5.3887e+00 +1.7265e+00 -1.5671e+00 +4.1429e-01 +3.9790e+00
422 0 +1.759042302e+02 +1.759042302e+02 +1.817642302e+02 +1.817642302e+02 -4.5377e+00 +1.5200e+00 -2.2136e+00 -8.9734e-01 +4.7041e+00
500 0 +1.286019162e+02 +1.286019162e+02 +1.344619162e+02 +1.344619162e+02 -4.2415e+00 +1.5578e+00 -1.7071e+00 +5.2836e-01 +2.6067e+00
528 0 +1.240520515e+02 +1.240520515e+02 +1.299120515e+02 +1.299120515e+02 -4.6511e+00 +2.2512e+00 -2.1742e+00 -8.3394e-01 +4.1719e+00
671 0 +1.039948225e+02 +1.039948225e+02 +1.098548225e+02 +1.098548225e+02 -3.8494e+00 +1.9017e+00 -1.5473e+00 +3.2556e-01 +3.5670e+00
712 0 +7.205615698e+01 +7.205615698e+01 +7.791615698e+01 +7.791615698e+01 -4.9004e+00 +1.7732e+00 -1.4977e+00 +3.8539e-01 +2.9917e+00
812 0 +6.094016587e+01 +6.094016587e+01 +6.680016587e+01 +6.680016587e+01 -3.9194e+00 +1.9727e+00 -1.5466e+00 +6.5330e-01 +2.8131e+00
814 0 +4.717632490e+01 +4.717632490e+01 +5.303632490e+01 +5.303632490e+01 -3.7796e+00 +1.9749e+00 -1.0234e+00 +1.4582e+00 +2.5067e+00
% f evaluations | g evaluations | best noise-free fitness - Fopt | noise-free fitness - Fopt (2.048600000000e+02) | measured fitness | best measured fitness | x1 | x2...
1 0 +3.811875881e+02 +3.811875881e+02 +5.860475881e+02 +5.860475881e+02 +0.0000e+00 +0.0000e+00 +0.0000e+00 +0.0000e+00 +0.0000e+00
4 0 +3.483166985e+02 +3.483166985e+02 +5.531766985e+02 +5.531766985e+02 +8.8264e-01 +6.3896e-01 -5.1258e-01 +7.1616e-01 -1.1502e+00
5 0 +3.030479434e+02 +3.030479434e+02 +5.079079434e+02 +5.079079434e+02 -1.5962e+00 -3.6576e-01 +6.2236e-01 +1.2156e+00 -1.0154e+00
13 0 +2.345300529e+02 +2.345300529e+02 +4.393900529e+02 +4.393900529e+02 +1.0585e-01 +2.4054e-01 -5.2431e-01 +1.3173e+00 -8.9606e-01
38 0 +1.450571383e+02 +1.450571383e+02 +3.499171383e+02 +3.499171383e+02 -9.3303e-01 -3.2439e-01 -3.1838e-01 +1.6757e+00 -8.8399e-01
43 0 +1.421652837e+02 +1.421652837e+02 +3.470252837e+02 +3.470252837e+02 -7.3923e-01 -2.2132e-02 -4.4601e-01 +1.6272e+00 -1.7616e+00
59 0 +6.484028238e+01 +6.484028238e+01 +2.697002824e+02 +2.697002824e+02 -9.6490e-01 -3.5944e-01 -1.1018e+00 +1.7051e+00 -1.1885e+00
247 0 +5.547721297e+01 +5.547721297e+01 +2.603372130e+02 +2.603372130e+02 -1.2457e+00 -6.5630e-01 -1.5343e+00 +2.1209e+00 -9.8830e-01
297 0 +3.947351923e+01 +3.947351923e+01 +2.443335192e+02 +2.443335192e+02 -1.4609e+00 -6.9355e-01 -5.2172e-01 +2.3422e+00 -1.7001e+00
341 0 +3.188478327e+01 +3.188478327e+01 +2.367447833e+02 +2.367447833e+02 -1.3489e+00 -6.2444e-01 -5.1395e-01 +2.1588e+00 -1.4429e+00
379 0 +2.850989716e+01 +2.850989716e+01 +2.333698972e+02 +2.333698972e+02 -1.6908e+00 -6.7255e-01 -5.1600e-01 +2.4386e+00 -1.7031e+00
380 0 +2.672846694e+01 +2.672846694e+01 +2.315884669e+02 +2.315884669e+02 -1.4145e+00 -6.1053e-01 -4.1196e-01 +2.2167e+00 -1.5257e+00
529 0 +2.545359274e+01 +2.545359274e+01 +2.303135927e+02 +2.303135927e+02 -1.4352e+00 -6.0461e-01 -6.5653e-01 +2.2297e+00 -1.6228e+00
532 0 +2.281938340e+01 +2.281938340e+01 +2.276793834e+02 +2.276793834e+02 -1.4181e+00 -6.4629e-01 -6.1707e-01 +2.2198e+00 -1.5801e+00
537 0 +1.564610771e+01 +1.564610771e+01 +2.205061077e+02 +2.205061077e+02 -1.4478e+00 -5.9436e-01 -6.8683e-01 +2.2541e+00 -1.4600e+00
546 0 +1.424088436e+01 +1.424088436e+01 +2.191008844e+02 +2.191008844e+02 -1.4462e+00 -5.9589e-01 -6.4632e-01 +2.2809e+00 -1.4855e+00
557 0 +1.302968414e+01 +1.302968414e+01 +2.178896841e+02 +2.178896841e+02 -1.4559e+00 -6.6194e-01 -6.0219e-01 +2.2578e+00 -1.4799e+00
660 0 +1.165553891e+01 +1.165553891e+01 +2.165155389e+02 +2.165155389e+02 -1.5572e+00 -6.1688e-01 -4.1737e-01 +2.3216e+00 -1.6339e+00
665 0 +5.850077858e+00 +5.850077858e+00 +2.107100779e+02 +2.107100779e+02 -1.5415e+00 -6.4059e-01 -4.2191e-01 +2.3779e+00 -1.6202e+00
% f evaluations | g evaluations | best noise-free fitness - Fopt | noise-free fitness - Fopt (1.154900000000e+02) | measured fitness | best measured fitness | x1 | x2...
1 0 +1.456583734e+03 +1.456583734e+03 +1.572073734e+03 +1.572073734e+03 +0.0000e+00 +0.0000e+00 +0.0000e+00 +0.0000e+00 +0.0000e+00
5 0 +1.417172032e+03 +1.417172032e+03 +1.532662032e+03 +1.532662032e+03 +1.5880e-01 -2.7418e-01 -3.5038e-01 -5.8626e-01 -1.4534e-01
8 0 +1.185593843e+03 +1.185593843e+03 +1.301083843e+03 +1.301083843e+03 -1.7172e-01 -6.7355e-01 +1.7017e+00 -2.4063e-01 +5.7467e-02
13 0 +9.978008952e+02 +9.978008952e+02 +1.113290895e+03 +1.113290895e+03 +3.6175e-01 -8.1496e-01 +1.1963e+00 -1.6751e+00 +7.3089e-02
23 0 +9.489862159e+02 +9.489862159e+02 +1.064476216e+03 +1.064476216e+03 +1.8675e-01 -1.2228e+00 +2.1354e+00 -1.1610e+00 +4.2818e-02
26 0 +8.954810884e+02 +8.954810884e+02 +1.010971088e+03 +1.010971088e+03 +2.1009e-01 -3.0278e-01 +2.0176e+00 -1.7932e+00 +6.1983e-02
40 0 +8.841201108e+02 +8.841201108e+02 +9.996101108e+02 +9.996101108e+02 +3.4700e-01 -1.1943e-02 +1.8827e+00 -3.5282e+00 +5.8036e-02
42 0 +7.949276604e+02 +7.949276604e+02 +9.104176604e+02 +9.104176604e+02 +2.3480e-01 +2.4520e-01 +2.8617e+00 -2.7165e+00 -2.8377e-02
54 0 +7.883102272e+02 +7.883102272e+02 +9.038002272e+02 +9.038002272e+02 +4.0397e-01 -5.6246e-01 +2.3961e+00 -3.0018e+00 -4.8056e-03
55 0 +7.602546014e+02 +7.602546014e+02 +8.757446014e+02 +8.757446014e+02 +1.8749e-01 -3.9181e-01 +2.7327e+00 -2.9280e+00 -2.6106e-02
59 0 +6.748135832e+02 +6.748135832e+02 +7.903035832e+02 +7.903035832e+02 +2.8778e-01 -6.4381e-01 +3.4313e+00 -2.9622e+00 +1.6321e-02
71 0 +6.489380455e+02 +6.489380455e+02 +7.644280455e+02 +7.644280455e+02 +2.3124e-01 -1.0510e+00 +3.4624e+00 -2.5255e+00 +1.3647e-02
72 0 +6.040860710e+02 +6.040860710e+02 +7.195760710e+02 +7.195760710e+02 +2.3760e-01 -6.0036e-01 +4.3598e+00 -2.4877e+00 +7.0478e-02
73 0 +5.979120652e+02 +5.979120652e+02 +7.134020652e+02 +7.134020652e+02 +2.8324e-01 -1.2919e+00 +3.8109e+00 -2.6322e+00 +2.8760e-02
84 0 +5.517856191e+02 +5.517856191e+02 +6.672756191e+02 +6.672756191e+02 +2.1445e-01 -1.7709e+00 +4.0023e+00 -2.8740e+00 -1.3475e-02
89 0 +5.297314650e+02 +5.297314650e+02 +6.452214650e+02 +6.452214650e+02 +2.8089e-01 -2.1271e+00 +3.9951e+00 -2.6472e+00 +5.9968e-02
99 0 +5.013808557e+02 +5.013808557e+02 +6.168708557e+02 +6.168708557e+02 +2.3752e-01 -1.7943e+00 +5.2549e+00 -2.2474e+00 +1.9874e-02
106 0 +4.628437807e+02 +4.628437807e+02 +5.783337807e+02 +5.783337807e+02 +2.2512e-01 -2.1609e+00 +5.2213e+00 -3.1699e+00 +5.8876e-02
108 0 +4.145505848e+02 +4.145505848e+02 +5.300405848e+02 +5.300405848e+02 +2.8182e-01 -2.6369e+00 +5.4954e+00 -2.8298e+00 +7.6916e-02
126 0 +3.846591788e+02 +3.846591788e+02 +5.001491788e+02 +5.001491788e+02 +3.1136e-01 -4.1668e+00 +5.7791e+00 -3.5484e+00 -1.0642e-03
237 0 +3.654729791e+02 +3.654729791e+02 +4.809629791e+02 +4.809629791e+02 +3.7189e-01 -4.2445e+00 +5.3074e+00 -3.3834e+00 +7.2220e-02
244 0 +3.476794741e+02 +3.476794741e+02 +4.631694741e+02 +4.631694741e+02 +3.4678e-01 -5.0277e+00 +5.5888e+00 -3.3722e+00 +2.9718e-02
253 0 +3.424732208e+02 +3.424732208e+02 +4.579632208e+02 +4.579632208e+02 +2.8415e-01 -4.9198e+00 +6.0177e+00 -3.2324e+00 +1.4327e-01
266 0 +3.298354760e+02 +3.298354760e+02 +4.453254760e+02 +4.453254760e+02 +2.5692e-01 -4.8453e+00 +5.5145e+00 -3.2080e+00 +1.1727e-01
542 0 +3.230313451e+02 +3.230313451e+02 +4.385213451e+02 +4.385213451e+02 +1.5992e-01 -5.2110e+00 +5.5326e+00 -3.2489e+00 +9.6642e-02
600 0 +3.146443498e+02 +3.146443498e+02 +4.301343498e+02 +4.301343498e+02 +9.4012e-02 -4.9897e+00 +5.7816e+00 -3.3051e+00 +1.2031e-01
698 0 +3.087522209e+02 +3.087522209e+02 +4.242422209e+02 +4.242422209e+02 +7.3134e-02 -4.9807e+00 +5.5896e+00 -3.2723e+00 +1.4946e-01
753 0 +3.016733593e+02 +3.016733593e+02 +4.171633593e+02 +4.171633593e+02 +9.8237e-03 -4.9286e+00 +5.6577e+00 -3.2694e+00 +1.4545e-01
783 0 +2.951069202e+02 +2.951069202e+02 +4.105969202e+02 +4.105969202e+02 -4.6079e-02 -4.7877e+00 +5.6515e+00 -3.2224e+00 +1.5251e-01
846 0 +2.877816396e+02 +2.877816396e+02 +4.032716396e+02 +4.032716396e+02 -1.0807e-01 -4.7197e+00 +5.4679e+00 -3.2194e+00 +1.8771e-01
913 0 +2.811639640e+02 +2.811639640e+02 +3.966539640e+02 +3.966539640e+02 -1.5523e-01 -4.9442e+00 +5.5586e+00 -3.2664e+00 +2.1299e-01
% f evaluations | g evaluations | best noise-free fitness - Fopt | noise-free fitness - Fopt (1.950500000000e+02) | measured fitness | best measured fitness | x1 | x2...
1 0 +5.088012700e+02 +5.088012700e+02 +7.038512700e+02 +7.038512700e+02 +0.0000e+00 +0.0000e+00 +0.0000e+00 +0.0000e+00 +0.0000e+00
8 0 +4.657305594e+02 +4.657305594e+02 +6.607805594e+02 +6.607805594e+02 +1.3306e-02 +8.0388e-01 -1.6679e-01 +4.8183e-03 -3.1414e-01
10 0 +4.375969715e+02 +4.375969715e+02 +6.326469715e+02 +6.326469715e+02 +2.1652e-03 +6.2664e-01 -3.0840e-01 -9.1033e-02 -1.6852e-01
15 0 +4.188764240e+02 +4.188764240e+02 +6.139264240e+02 +6.139264240e+02 +5.0073e-03 +9.7565e-01 -5.7720e-01 -1.1780e-01 -5.8277e-01
17 0 +3.582342131e+02 +3.582342131e+02 +5.532842131e+02 +5.532842131e+02 +8.7794e-03 +6.0570e-01 -1.0254e+00 -6.5555e-02 -3.5752e-01
24 0 +3.464465880e+02 +3.464465880e+02 +5.414965880e+02 +5.414965880e+02 -8.6755e-04 +7.4534e-01 -1.3344e+00 -2.4020e-03 -7.1222e-01
38 0 +3.224314566e+02 +3.224314566e+02 +5.174814566e+02 +5.174814566e+02 +7.8730e-03 +2.9194e-01 -2.3317e+00 -7.7226e-02 +7.8032e-02
41 0 +2.201813566e+02 +2.201813566e+02 +4.152313566e+02 +4.152313566e+02 +1.8115e-02 +2.5822e-02 -2.2896e+00 -3.7837e-01 -5.1255e-01
42 0 +2.164723082e+02 +2.164723082e+02 +4.115223082e+02 +4.115223082e+02 +6.7839e-03 -2.2145e-01 -2.2162e+00 -1.6117e-01 -1.0393e+00
56 0 +1.281099239e+02 +1.281099239e+02 +3.231599239e+02 +3.231599239e+02 +1.1899e-02 -4.4444e-01 -3.1709e+00 -9.4833e-02 -1.4955e+00
76 0 +1.159480907e+02 +1.159480907e+02 +3.109980907e+02 +3.109980907e+02 +1.5503e-02 -5.3973e-01 -4.3538e+00 -1.1515e-01 -2.4331e+00
83 0 +1.140191144e+02 +1.140191144e+02 +3.090691144e+02 +3.090691144e+02 +1.6083e-02 -7.0930e-01 -3.7786e+00 -3.2852e-01 -1.5406e+00
% f evaluations | g evaluations | best noise-free fitness - Fopt | noise-free fitness - Fopt (-2.144800000000e+02) | measured fitness | best measured fitness | x1 | x2...
1 0 +1.048917530e+03 +1.048917530e+03 +8.344375298e+02 +8.344375298e+02 +0.0000e+00 +0.0000e+00 +0.0000e+00 +0.0000e+00 +0.0000e+00
3 0 +1.043466950e+03 +1.043466950e+03 +8.289869500e+02 +8.289869500e+02 +2.0304e-01 +1.5678e-02 -1.7277e+00 -5.2372e-01 +2.5500e-01
4 0 +8.960266248e+02 +8.960266248e+02 +6.815466248e+02 +6.815466248e+02 +9.0835e-02 +1.3245e+00 -1.4389e+00 -1.0382e-02 -1.7961e-01
10 0 +8.410947726e+02 +8.410947726e+02 +6.266147726e+02 +6.266147726e+02 +3.2714e-01 +1.2147e+00 -5.4430e-01 +8.7331e-02 -3.9225e-01
18 0 +7.370056038e+02 +7.370056038e+02 +5.225256038e+02 +5.225256038e+02 +4.5633e-01 +2.4065e+00 -1.7488e+00 +6.5721e-02 -5.1137e-01
25 0 +7.207498982e+02 +7.207498982e+02 +5.062698982e+02 +5.062698982e+02 -5.9097e-03 +1.5802e+00 -9.7640e-01 -3.2884e-01 -6.7772e-01
32 0 +3.960457768e+02 +3.960457768e+02 +1.815657768e+02 +1.815657768e+02 +3.4197e-01 +3.0681e+00 -7.6244e-01 -6.2674e-01 -1.0226e+00
48 0 +3.034308414e+02 +3.034308414e+02 +8.895084145e+01 +8.895084145e+01 +4.6411e-01 +2.6678e+00 +2.4503e-01 -1.2251e+00 -8.3591e-01
54 0 +2.645216871e+02 +2.645216871e+02 +5.004168710e+01 +5.004168710e+01 +6.9060e-01 +2.6052e+00 +5.1948e-01 -1.4606e+00 -9.1575e-01
58 0 +2.612919833e+02 +2.612919833e+02 +4.681198334e+01 +4.681198334e+01 +2.8789e-01 +2.6125e+00 +5.9606e-01 -1.2448e+00 -1.3435e+00
61 0 +2.232541003e+02 +2.232541003e+02 +8.774100252e+00 +8.774100252e+00 +3.0305e-01 +3.3264e+00 +5.1115e-01 -9.9049e-01 -1.1955e+00
74 0 +1.832668341e+02 +1.832668341e+02 -3.121316588e+01 -3.121316588e+01 +3.5652e-01 +3.1098e+00 +4.3629e-01 -1.1912e+00 -1.6361e+00
83 0 +1.765109431e+02 +1.765109431e+02 -3.796905689e+01 -3.796905689e+01 +3.4252e-01 +3.0759e+00 +3.0142e-01 -1.2743e+00 -1.8725e+00
84 0 +1.591468946e+02 +1.591468946e+02 -5.533310540e+01 -5.533310540e+01 +4.2025e-01 +3.1355e+00 +1.5993e-01 -1.4756e+00 -1.6133e+00
85 0 +1.257530814e+02 +1.257530814e+02 -8.872691859e+01 -8.872691859e+01 +3.6082e-01 +3.6163e+00 +4.7590e-01 -1.2749e+00 -1.7737e+00
100 0 +1.101624466e+02 +1.101624466e+02 -1.043175534e+02 -1.043175534e+02 +3.3481e-01 +4.2280e+00 -4.4369e-02 -8.6654e-01 -1.7952e+00
104 0 +8.217100444e+01 +8.217100444e+01 -1.323089956e+02 -1.323089956e+02 +5.3238e-01 +4.1933e+00 -5.0322e-02 -1.0825e+00 -1.4501e+00
319 0 +4.365545500e+01 +4.365545500e+01 -1.708245450e+02 -1.708245450e+02 -7.6854e-01 +4.3046e+00 +5.3043e-01 -1.5113e+00 -1.5259e+00
435 0 +4.086916439e+01 +4.086916439e+01 -1.736108356e+02 -1.736108356e+02 -9.1158e-01 +3.6562e+00 +8.6590e-01 -1.8961e+00 -1.6076e+00
494 0 +2.918856495e+01 +2.918856495e+01 -1.852914351e+02 -1.852914351e+02 -7.3736e-01 +3.7784e+00 +6.1421e-01 -1.7539e+00 -1.5265e+00
524 0 +2.753532082e+01 +2.753532082e+01 -1.869446792e+02 -1.869446792e+02 -7.3191e-01 +3.8446e+00 +6.4058e-01 -1.7423e+00 -1.5602e+00
530 0 +2.520652646e+01 +2.520652646e+01 -1.892734735e+02 -1.892734735e+02 -7.4053e-01 +3.7638e+00 +6.4311e-01 -1.7252e+00 -1.5784e+00
535 0 +2.377242393e+01 +2.377242393e+01 -1.907075761e+02 -1.907075761e+02 -7.3468e-01 +3.8593e+00 +5.9576e-01 -1.7117e+00 -1.5871e+00
545 0 +2.244215039e+01 +2.244215039e+01 -1.920378496e+02 -1.920378496e+02 -7.3404e-01 +3.8383e+00 +6.4717e-01 -1.7087e+00 -1.5804e+00
553 0 +2.119515395e+01 +2.119515395e+01 -1.932848460e+02 -1.932848460e+02 -7.2507e-01 +3.8356e+00 +6.4633e-01 -1.6883e+00 -1.5703e+00
555 0 +2.006623598e+01 +2.006623598e+01 -1.944137640e+02 -1.944137640e+02 -7.4654e-01 +3.8310e+00 +6.1049e-01 -1.7004e+00 -1.5700e+00
575 0 +1.963053635e+01 +1.963053635e+01 -1.948494637e+02 -1.948494637e+02 -7.6144e-01 +3.8164e+00 +6.2571e-01 -1.7056e+00 -1.5828e+00
578 0 +1.694750389e+01 +1.694750389e+01 -1.975324961e+02 -1.975324961e+02 -7.8035e-01 +3.8590e+00 +6.5187e-01 -1.6985e+00 -1.5706e+00
607 0 +1.414313507e+01 +1.414313507e+01 -2.003368649e+02 -2.003368649e+02 -7.7870e-01 +3.8859e+00 +5.7870e-01 -1.6536e+00 -1.5935e+00
612 0 +1.397146040e+01 +1.397146040e+01 -2.005085396e+02 -2.005085396e+02 -7.6597e-01 +3.8988e+00 +6.2140e-01 -1.6493e+00 -1.5583e+00
624 0 +1.226962601e+01 +1.226962601e+01 -2.022103740e+02 -2.022103740e+02 -7.8268e-01 +3.8882e+00 +6.0383e-01 -1.6587e+00 -1.5759e+00
629 0 +1.195866703e+01 +1.195866703e+01 -2.025213330e+02 -2.025213330e+02 -7.6948e-01 +3.9015e+00 +6.0943e-01 -1.6608e+00 -1.5758e+00
643 0 +1.093510588e+01 +1.093510588e+01 -2.035448941e+02 -2.035448941e+02 -7.6685e-01 +3.9391e+00 +5.8888e-01 -1.6160e+00 -1.5728e+00
678 0 +9.743224065e+00 +9.743224065e+00 -2.047367759e+02 -2.047367759e+02 -7.4673e-01 +3.9393e+00 +6.0245e-01 -1.6275e+00 -1.5797e+00
696 0 +8.090832262e+00 +8.090832262e+00 -2.063891677e+02 -2.063891677e+02 -7.4463e-01 +3.9597e+00 +5.8742e-01 -1.6179e+00 -1.5779e+00
741 0 +7.793204040e+00 +7.793204040e+00 -2.066867960e+02 -2.066867960e+02 -7.5915e-01 +3.9605e+00 +5.9328e-01 -1.6144e+00 -1.5958e+00
751 0 +7.130400414e+00 +7.130400414e+00 -2.073495996e+02 -2.073495996e+02 -7.5200e-01 +3.9579e+00 +5.8482e-01 -1.6097e+00 -1.5871e+00
962 0 +6.878643376e+00 +6.878643376e+00 -2.076013566e+02 -2.076013566e+02 -7.3779e-01 +3.9705e+00 +5.7964e-01 -1.6026e+00 -1.5806e+00
990 0 +6.699173786e+00 +6.699173786e+00 -2.077808262e+02 -2.077808262e+02 -7.3908e-01 +3.9710e+00 +5.7967e-01 -1.6052e+00 -1.5823e+00
% f evaluations | g evaluations | best noise-free fitness - Fopt | noise-free fitness - Fopt (-4.590000000000e+01) | measured fitness | best measured fitness | x1 | x2...
1 0 +9.855133308e+02 +9.855133308e+02 +9.396133308e+02 +9.396133308e+02 +0.0000e+00 +0.0000e+00 +0.0000e+00 +0.0000e+00 +0.0000e+00
2 0 +8.772101831e+02 +8.772101831e+02 +8.313101831e+02 +8.313101831e+02 -9.5609e-02 -3.7749e-01 +1.3413e+00 -2.3628e+00 -4.9783e-01
11 0 +5.664613737e+02 +5.664613737e+02 +5.205613737e+02 +5.205613737e+02 +4.5046e-01 -1.8598e+00 +8.6028e-01 +1.2289e+00 -1.3766e+00
13 0 +5.531793683e+02 +5.531793683e+02 +5.072793683e+02 +5.072793683e+02 +1.8972e-01 -1.8724e+00 +9.8466e-01 -3.0645e-01 -1.6029e+00
18 0 +5.112050924e+02 +5.112050924e+02 +4.653050924e+02 +4.653050924e+02 +3.7024e-01 -1.5973e+00 +4.1604e-01 +3.3799e-01 -1.6984e+00
22 0 +3.064411654e+02 +3.064411654e+02 +2.605411654e+02 +2.605411654e+02 +6.5714e-02 -2.2411e+00 +9.7567e-01 +1.5844e-01 -2.9284e+00
41 0 +2.028378082e+02 +2.028378082e+02 +1.569378082e+02 +1.569378082e+02 +3.6877e-01 -2.2934e+00 +9.6081e-01 +9.0308e-01 -3.4406e+00
52 0 +1.871046602e+02 +1.871046602e+02 +1.412046602e+02 +1.412046602e+02 +3.9850e-01 -2.4951e+00 +8.8429e-01 +1.5285e+00 -3.9770e+00
108 0 +1.414820807e+02 +1.414820807e+02 +9.558208068e+01 +9.558208068e+01 -7.4521e-01 -1.8275e+00 +1.8209e-01 +8.4696e-01 -4.1687e+00
276 0 +1.165341650e+02 +1.165341650e+02 +7.063416502e+01 +7.063416502e+01 -3.2434e-01 -1.3911e+00 +6.2289e-02 +6.8113e-01 -4.2249e+00
291 0 +1.139217095e+02 +1.139217095e+02 +6.802170949e+01 +6.802170949e+01 -6.9174e-01 -1.5037e+00 +1.6073e-01 +7.9712e-01 -3.8051e+00
321 0 +1.061112045e+02 +1.061112045e+02 +6.021120449e+01 +6.021120449e+01 -6.2286e-01 -1.3395e+00 -3.9578e-02 +1.6045e-01 -3.9802e+00
328 0 +1.039611423e+02 +1.039611423e+02 +5.806114231e+01 +5.806114231e+01 -5.9165e-01 -1.6530e+00 +5.9552e-02 +1.4685e-01 -3.7235e+00
334 0 +8.967907922e+01 +8.967907922e+01 +4.377907922e+01 +4.377907922e+01 -6.0079e-01 -1.5532e+00 -9.0588e-02 +4.4343e-01 -3.8599e+00
336 0 +8.479321768e+01 +8.479321768e+01 +3.889321768e+01 +3.889321768e+01 -5.8483e-01 -1.5660e+00 -1.5215e-01 +3.5021e-01 -3.9442e+00
344 0 +7.644909801e+01 +7.644909801e+01 +3.054909801e+01 +3.054909801e+01 -5.0934e-01 -1.5336e+00 -3.5149e-02 +2.3036e-01 -3.8864e+00
365 0 +7.581572075e+01 +7.581572075e+01 +2.991572075e+01 +2.991572075e+01 -4.9758e-01 -1.6909e+00 -1.8665e-02 +3.6781e-01 -3.9278e+00
369 0 +7.365651722e+01 +7.365651722e+01 +2.775651722e+01 +2.775651722e+01 -5.1366e-01 -1.5972e+00 -1.1761e-01 +2.5021e-01 -3.9741e+00
390 0 +7.050599573e+01 +7.050599573e+01 +2.460599573e+01 +2.460599573e+01 -4.6817e-01 -1.6772e+00 -1.1931e-01 +2.6278e-01 -3.9631e+00
392 0 +6.651905160e+01 +6.651905160e+01 +2.061905160e+01 +2.061905160e+01 -4.4454e-01 -1.6337e+00 -7.4829e-02 +3.3776e-01 -4.0069e+00
431 0 +6.524687978e+01 +6.524687978e+01 +1.934687978e+01 +1.934687978e+01 -4.4014e-01 -1.6107e+00 -3.3453e-02 +2.9652e-01 -3.9137e+00
435 0 +6.069856081e+01 +6.069856081e+01 +1.479856081e+01 +1.479856081e+01 -3.8550e-01 -1.6109e+00 -1.9565e-02 +2.1204e-01 -3.8678e+00
454 0 +5.561672792e+01 +5.561672792e+01 +9.716727916e+00 +9.716727916e+00 -3.0434e-01 -1.7411e+00 -7.3170e-02 +3.5646e-01 -4.0249e+00
473 0 +4.601264834e+01 +4.601264834e+01 +1.126483420e-01 +1.126483420e-01 -2.9556e-01 -1.6587e+00 -2.2463e-02 +2.9125e-01 -3.9658e+00
494 0 +4.468811491e+01 +4.468811491e+01 -1.211885088e+00 -1.211885088e+00 -2.7937e-01 -1.6652e+00 -6.9735e-02 +1.8000e-01 -3.9279e+00
495 0 +4.348621066e+01 +4.348621066e+01 -2.413789340e+00 -2.413789340e+00 -2.7099e-01 -1.6628e+00 -6.2933e-03 +3.1510e-01 -3.9822e+00
514 0 +4.248951547e+01 +4.248951547e+01 -3.410484530e+00 -3.410484530e+00 -2.6772e-01 -1.6668e+00 -1.7551e-02 +2.6524e-01 -3.9568e+00
522 0 +4.070938886e+01 +4.070938886e+01 -5.190611136e+00 -5.190611136e+00 -2.6211e-01 -1.6228e+00 -4.2479e-02 +2.0706e-01 -3.9864e+00
527 0 +3.884969399e+01 +3.884969399e+01 -7.050306005e+00 -7.050306005e+00 -2.4805e-01 -1.6462e+00 -2.7380e-02 +1.7520e-01 -3.9804e+00
549 0 +3.550571202e+01 +3.550571202e+01 -1.039428798e+01 -1.039428798e+01 -2.2351e-01 -1.6109e+00 -4.8276e-02 +1.5384e-01 -3.9905e+00
577 0 +3.459471687e+01 +3.459471687e+01 -1.130528313e+01 -1.130528313e+01 -2.1428e-01 -1.6284e+00 -4.2052e-02 +1.8132e-01 -3.9990e+00
587 0 +3.267782985e+01 +3.267782985e+01 -1.322217015e+01 -1.322217015e+01 -2.0032e-01 -1.6468e+00 -4.7143e-02 +1.8075e-01 -3.9985e+00
600 0 +3.146509679e+01 +3.146509679e+01 -1.443490321e+01 -1.443490321e+01 -1.9644e-01 -1.6208e+00 -5.6083e-02 +1.4782e-01 -3.9764e+00
605 0 +2.976123735e+01 +2.976123735e+01 -1.613876265e+01 -1.613876265e+01 -1.8128e-01 -1.6013e+00 -7.5988e-02 +8.7017e-02 -3.9793e+00
607 0 +2.798100271e+01 +2.798100271e+01 -1.791899729e+01 -1.791899729e+01 -1.5224e-01 -1.6581e+00 -1.8694e-02 +1.2354e-01 -3.9290e+00
620 0 +2.498661822e+01 +2.498661822e+01 -2.091338178e+01 -2.091338178e+01 -1.3680e-01 -1.6264e+00 -3.4976e-02 +1.0436e-01 -3.9376e+00
626 0 +2.242067796e+01 +2.242067796e+01 -2.347932204e+01 -2.347932204e+01 -1.1725e-01 -1.6434e+00 -6.0802e-02 +1.1203e-01 -3.9449e+00
697 0 +2.148580174e+01 +2.148580174e+01 -2.441419826e+01 -2.441419826e+01 +9.5781e-02 -1.5752e+00 -1.0078e-01 -3.3743e-01 -4.0735e+00
698 0 +1.283140150e+01 +1.283140150e+01 -3.306859850e+01 -3.306859850e+01 +3.9340e-02 -1.6445e+00 -1.0317e-01 -2.8046e-01 -4.0588e+00
713 0 +1.108204724e+01 +1.108204724e+01 -3.481795276e+01 -3.481795276e+01 +3.8040e-02 -1.6454e+00 -8.1737e-02 -3.6947e-01 -4.0187e+00
