% f evaluations | g evaluations | best noise-free fitness - Fopt | noise-free fitness - Fopt (1.000000000000e+03) | measured fitness | best measured fitness | x1 | x2...
1 0 +4.236494560e+02 +4.236494560e+02 +1.423649456e+03 +1.423649456e+03 +0.0000e+00 +0.0000e+00 +0.0000e+00
2 0 +3.408567206e+02 +3.408567206e+02 +1.340856721e+03 +1.340856721e+03 +1.2923e-03 +2.7442e+00 +4.1710e-01
22 0 +2.925620433e+02 +2.925620433e+02 +1.292562043e+03 +1.292562043e+03 +1.9748e-04 +8.1597e-01 +8.5572e-01
34 0 +2.849989768e+02 +2.849989768e+02 +1.284998977e+03 +1.284998977e+03 +5.8325e-04 +6.2409e+00 +1.4295e+00
36 0 +2.121453187e+02 +2.121453187e+02 +1.212145319e+03 +1.212145319e+03 +2.0918e-03 -2.0029e+00 +2.2887e+00
43 0 +1.508214186e+02 +1.508214186e+02 +1.150821419e+03 +1.150821419e+03 +3.8483e-03 -1.3033e+00 +3.4894e+00
49 0 +1.374514646e+02 +1.374514646e+02 +1.137451465e+03 +1.137451465e+03 +8.0658e-04 +6.1092e+00 +3.5257e+00
72 0 +5.101847994e+01 +5.101847994e+01 +1.051018480e+03 +1.051018480e+03 +3.3557e-03 +1.7166e+00 +5.2631e+00
126 0 +4.995644386e+01 +4.995644386e+01 +1.049956444e+03 +1.049956444e+03 +1.3573e-03 +3.4126e+00 +3.6167e+00
146 0 +4.247342760e+01 +4.247342760e+01 +1.042473428e+03 +1.042473428e+03 +1.5329e-03 +1.7623e+00 +5.5555e+00
148 0 +4.068609684e+01 +4.068609684e+01 +1.040686097e+03 +1.040686097e+03 +4.9537e-04 +2.6509e+00 +6.0546e+00
200 0 +3.382510455e+01 +3.382510455e+01 +1.033825105e+03 +1.033825105e+03 -1.7108e-02 +3.6429e+00 +5.8394e+00
217 0 +3.240704801e+01 +3.240704801e+01 +1.032407048e+03 +1.032407048e+03 -2.2685e-02 +3.1010e+00 +6.3887e+00
221 0 +2.639193087e+01 +2.639193087e+01 +1.026391931e+03 +1.026391931e+03 -1.5149e-02 +7.6052e-01 +5.4593e+00
% f evaluations | g evaluations | best noise-free fitness - Fopt | noise-free fitness - Fopt (7.003000000000e+01) | measured fitness | best measured fitness | x1 | x2...
1 0 +1.296769467e+02 +1.296769467e+02 +1.997069467e+02 +1.997069467e+02 +0.0000e+00 +0.0000e+00 +0.0000e+00
2 0 +7.938033130e+01 +7.938033130e+01 +1.494103313e+02 +1.494103313e+02 +4.0501e-01 -5.3574e-02 -4.4144e-01
22 0 +5.355271183e+01 +5.355271183e+01 +1.235827118e+02 +1.235827118e+02 +4.7039e-01 -4.4470e-01 -8.8961e-01
43 0 +5.007729134e+01 +5.007729134e+01 +1.201072913e+02 +1.201072913e+02 +1.2313e+00 -3.4916e-01 -1.5194e+00
52 0 +4.843637843e+01 +4.843637843e+01 +1.184663784e+02 +1.184663784e+02 +9.2967e-01 -1.6885e-01 -9.3403e-01
60 0 +4.633761816e+01 +4.633761816e+01 +1.163676182e+02 +1.163676182e+02 +1.2532e+00 -3.0826e-04 -1.7652e+00
64 0 +4.028502248e+01 +4.028502248e+01 +1.103150225e+02 +1.103150225e+02 +1.6750e+00 -5.9388e-02 -1.0215e+00
73 0 +3.528432604e+01 +3.528432604e+01 +1.053143260e+02 +1.053143260e+02 +1.4981e+00 -1.2596e-01 -2.4356e+00
88 0 +3.240037751e+01 +3.240037751e+01 +1.024303775e+02 +1.024303775e+02 +1.5225e+00 -2.3999e-01 -3.0482e+00
94 0 +3.054251555e+01 +3.054251555e+01 +1.005725156e+02 +1.005725156e+02 +3.6303e-01 -2.8469e-01 -4.8090e+00
272 0 +2.825945874e+01 +2.825945874e+01 +9.828945874e+01 +9.828945874e+01 -2.3006e+00 -5.3542e+00 -5.0961e+00
408 0 +2.589101539e+01 +2.589101539e+01 +9.592101539e+01 +9.592101539e+01 -1.3158e+00 -2.5054e+00 -3.6156e+00
439 0 +1.068142479e+01 +1.068142479e+01 +8.071142479e+01 +8.071142479e+01 -5.7493e-01 -1.9904e+00 -3.4288e+00
% f evaluations | g evaluations | best noise-free fitness - Fopt | noise-free fitness - Fopt (-4.822000000000e+01) | measured fitness | best measured fitness | x1 | x2...
1 0 +2.095914222e+02 +2.095914222e+02 +1.613714222e+02 +1.613714222e+02 +0.0000e+00 +0.0000e+00 +0.0000e+00
2 0 +1.319331416e+02 +1.319331416e+02 +8.371314162e+01 +8.371314162e+01 -2.1224e+00 +2.6135e+00 -5.2538e-01
3 0 +6.180949284e+01 +6.180949284e+01 +1.358949284e+01 +1.358949284e+01 -5.2799e-01 +1.3091e+00 -1.8656e+00
13 0 +5.633263327e+01 +5.633263327e+01 +8.112633267e+00 +8.112633267e+00 -2.5600e+00 +2.0743e+00 -1.0454e+00
18 0 +5.197637512e+01 +5.197637512e+01 +3.756375124e+00 +3.756375124e+00 -1.0540e+00 +1.9432e-01 -1.0518e+00
23 0 +3.973732232e+01 +3.973732232e+01 -8.482677677e+00 -8.482677677e+00 -3.3649e+00 +1.4205e+00 -1.2009e+00
29 0 +2.623617996e+01 +2.623617996e+01 -2.198382004e+01 -2.198382004e+01 -2.1477e+00 +6.5501e-01 -1.5465e+00
82 0 +2.531502742e+01 +2.531502742e+01 -2.290497258e+01 -2.290497258e+01 -2.9535e+00 +1.1051e+00 -1.2882e+00
84 0 +1.663460881e+01 +1.663460881e+01 -3.158539119e+01 -3.158539119e+01 -2.8425e+00 -2.2635e-01 -1.3750e+00
98 0 +1.560630660e+01 +1.560630660e+01 -3.261369340e+01 -3.261369340e+01 -3.3161e+00 +5.6112e-01 -3.7513e-02
174 0 +1.217419612e+01 +1.217419612e+01 -3.604580388e+01 -3.604580388e+01 -1.7466e+00 +2.4751e-01 -1.8686e+00
247 0 +1.094415388e+01 +1.094415388e+01 -3.727584612e+01 -3.727584612e+01 -1.3473e+00 +5.9474e-01 -2.8792e+00
302 0 +1.043206668e+01 +1.043206668e+01 -3.778793332e+01 -3.778793332e+01 -1.2943e+00 +5.5961e-01 -2.8739e+00
329 0 +1.007913962e+01 +1.007913962e+01 -3.814086038e+01 -3.814086038e+01 -1.3024e+00 +5.5904e-01 -2.8975e+00
339 0 +9.993969753e+00 +9.993969753e+00 -3.822603025e+01 -3.822603025e+01 -1.3065e+00 +5.7230e-01 -2.9051e+00
% f evaluations | g evaluations | best noise-free fitness - Fopt | noise-free fitness - Fopt (2.547000000000e+01) | measured fitness | best measured fitness | x1 | x2...
1 0 +3.449735612e+02 +3.449735612e+02 +3.704435612e+02 +3.704435612e+02 +0.0000e+00 +0.0000e+00 +0.0000e+00
4 0 +1.425556090e+02 +1.425556090e+02 +1.680256090e+02 +1.680256090e+02 -9.6820e-02 -2.0278e+00 -3.2751e-01
6 0 +9.832353879e+01 +9.832353879e+01 +1.237935388e+02 +1.237935388e+02 -8.0691e-01 -2.0713e+00 -8.5418e-01
14 0 +8.047763561e+01 +8.047763561e+01 +1.059476356e+02 +1.059476356e+02 -1.1590e+00 -1.1832e+00 -7.3141e-02
36 0 +5.783322160e+01 +5.783322160e+01 +8.330322160e+01 +8.330322160e+01 -2.3813e+00 -5.1256e+00 +3.5755e+00
45 0 +4.483239099e+01 +4.483239099e+01 +7.030239099e+01 +7.030239099e+01 -2.7950e+00 -4.1110e+00 +3.0984e+00
66 0 +3.602016836e+01 +3.602016836e+01 +6.149016836e+01 +6.149016836e+01 -3.0553e+00 -2.7742e+00 +3.4282e+00
95 0 +3.215247417e+01 +3.215247417e+01 +5.762247417e+01 +5.762247417e+01 -3.6868e+00 -2.9291e+00 +1.5462e+00
98 0 +3.130947119e+01 +3.130947119e+01 +5.677947119e+01 +5.677947119e+01 -2.8604e+00 -2.8716e+00 +2.3320e+00
114 0 +1.822507206e+01 +1.822507206e+01 +4.369507206e+01 +4.369507206e+01 -2.6800e+00 -3.7863e+00 +1.4246e+00
130 0 +1.761254664e+01 +1.761254664e+01 +4.308254664e+01 +4.308254664e+01 -3.6278e+00 -3.4684e+00 +1.0517e+00
242 0 +1.259851055e+01 +1.259851055e+01 +3.806851055e+01 +3.806851055e+01 -2.8478e+00 -3.0716e+00 +1.0689e+00
261 0 +9.816189537e+00 +9.816189537e+00 +3.528618954e+01 +3.528618954e+01 -3.6154e+00 -2.4793e+00 -5.0796e-02
288 0 +7.606523642e+00 +7.606523642e+00 +3.307652364e+01 +3.307652364e+01 -3.5978e+00 -1.9074e+00 -1.4987e-01
293 0 +6.574036024e+00 +6.574036024e+00 +3.204403602e+01 +3.204403602e+01 -3.6449e+00 -1.9317e+00 -1.2394e-01
296 0 +3.555697174e+00 +3.555697174e+00 +2.902569717e+01 +2.902569717e+01 -3.7234e+00 -1.8145e+00 -1.2075e-01
466 0 +3.471078935e+00 +3.471078935e+00 +2.894107894e+01 +2.894107894e+01 -3.7351e+00 -1.8593e+00 -9.3375e-02
480 0 +3.014756499e+00 +3.014756499e+00 +2.848475650e+01 +2.848475650e+01 -3.7188e+00 -1.8257e+00 -1.0912e-01
483 0 +2.317282172e+00 +2.317282172e+00 +2.778728217e+01 +2.778728217e+01 -3.7050e+00 -1.8564e+00 -8.8443e-02
495 0 +2.203122885e+00 +2.203122885e+00 +2.767312289e+01 +2.767312289e+01 -3.7056e+00 -1.8365e+00 -1.5405e-01
504 0 +2.110641702e+00 +2.110641702e+00 +2.758064170e+01 +2.758064170e+01 -3.6939e+00 -1.8404e+00 -1.5677e-01
513 0 +2.041327866e+00 +2.041327866e+00 +2.751132787e+01 +2.751132787e+01 -3.7021e+00 -1.8412e+00 -1.3890e-01
572 0 +1.994837335e+00 +1.994837335e+00 +2.746483734e+01 +2.746483734e+01 -3.6922e+00 -1.8441e+00 -1.3814e-01
% f evaluations | g evaluations | best noise-free fitness - Fopt | noise-free fitness - Fopt (-1.008100000000e+02) | measured fitness | best measured fitness | x1 | x2...
1 0 +4.702658538e+01 +4.702658538e+01 -5.378341462e+01 -5.378341462e+01 +0.0000e+00 +0.0000e+00 +0.0000e+00
3 0 +2.843467297e+01 +2.843467297e+01 -7.237532703e+01 -7.237532703e+01 +1.5695e-01 +3.1845e-01 +4.2634e-01
9 0 +2.715802463e+01 +2.715802463e+01 -7.365197537e+01 -7.365197537e+01 -1.5103e+00 +1.2991e+00 +3.0786e-01
13 0 +2.290490072e+01 +2.290490072e+01 -7.790509928e+01 -7.790509928e+01 +1.4521e+00 +8.2795e-01 -4.1863e-01
15 0 +1.871654480e+01 +1.871654480e+01 -8.209345520e+01 -8.209345520e+01 -1.2542e+00 +1.8344e+00 +1.0811e+00
185 0 +1.468791669e+01 +1.468791669e+01 -8.612208331e+01 -8.612208331e+01 +1.6035e+00 +1.1008e+00 +1.7794e+00
457 0 +1.126514982e+01 +1.126514982e+01 -8.954485018e+01 -8.954485018e+01 +2.5729e+00 -7.4118e-01 +1.4628e+00
713 0 +1.062488435e+01 +1.062488435e+01 -9.018511565e+01 -9.018511565e+01 +1.1768e+00 +5.9184e-03 +2.2126e+00
739 0 +9.359903377e+00 +9.359903377e+00 -9.145009662e+01 -9.145009662e+01 +1.4336e+00 +3.3106e-01 +1.0715e+00
793 0 +1.353310765e+00 +1.353310765e+00 -9.945668923e+01 -9.945668923e+01 +9.2199e-01 +5.1542e-01 +1.3191e+00
% f evaluations | g evaluations | best noise-free fitness - Fopt | noise-free fitness - Fopt (-3.531300000000e+02) | measured fitness | best measured fitness | x1 | x2...
1 0 +4.611803948e+01 +4.611803948e+01 -3.070119605e+02 -3.070119605e+02 +0.0000e+00 +0.0000e+00 +0.0000e+00
6 0 +4.045905650e+01 +4.045905650e+01 -3.126709435e+02 -3.126709435e+02 -8.1446e-02 +4.9488e-02 -4.5504e-01
8 0 +2.547558662e+01 +2.547558662e+01 -3.276544134e+02 -3.276544134e+02 -1.7499e+00 +1.8529e-02 -2.4224e+00
57 0 +2.340125762e+01 +2.340125762e+01 -3.297287424e+02 -3.297287424e+02 -1.2706e+00 +2.8552e-01 -8.4816e-01
80 0 +2.065886522e+01 +2.065886522e+01 -3.324711348e+02 -3.324711348e+02 -1.5490e+00 +3.4145e-01 -2.1755e+00
81 0 +1.264246519e+01 +1.264246519e+01 -3.404875348e+02 -3.404875348e+02 -1.6897e+00 +3.3087e-01 -1.5109e+00
83 0 +4.666178316e+00 +4.666178316e+00 -3.484638217e+02 -3.484638217e+02 -1.5350e+00 +2.9212e-01 -1.4408e+00
227 0 +4.447782852e+00 +4.447782852e+00 -3.486822171e+02 -3.486822171e+02 -1.5606e+00 +2.7023e-01 -9.7720e-01
250 0 +3.839128348e+00 +3.839128348e+00 -3.492908717e+02 -3.492908717e+02 -1.5689e+00 +2.7170e-01 -9.7803e-01
% f evaluations | g evaluations | best noise-free fitness - Fopt | noise-free fitness - Fopt (8.716000000000e+01) | measured fitness | best measured fitness | x1 | x2...
1 0 +1.179484041e+02 +1.179484041e+02 +2.051084041e+02 +2.051084041e+02 +0.0000e+00 +0.0000e+00 +0.0000e+00
3 0 +3.098217321e+01 +3.098217321e+01 +1.181421732e+02 +1.181421732e+02 +1.0875e+00 +1.2675e+00 -3.9913e-01
64 0 +3.053096037e+01 +3.053096037e+01 +1.176909604e+02 +1.176909604e+02 +1.9524e+00 -1.7419e+00 -3.9204e+00
144 0 +1.249447735e+01 +1.249447735e+01 +9.965447735e+01 +9.965447735e+01 +2.3297e+00 +8.3569e-01 -2.3256e+00
228 0 +6.274848876e+00 +6.274848876e+00 +9.343484888e+01 +9.343484888e+01 +1.8817e+00 +1.8125e+00 -3.2678e+00
% f evaluations | g evaluations | best noise-free fitness - Fopt | noise-free fitness - Fopt (-3.475000000000e+01) | measured fitness | best measured fitness | x1 | x2...
1 0 +6.060428681e+01 +6.060428681e+01 +2.585428681e+01 +2.585428681e+01 +0.0000e+00 +0.0000e+00 +0.0000e+00
2 0 +3.499309645e+01 +3.499309645e+01 +2.430964520e-01 +2.430964520e-01 +6.3569e-01 +5.3620e-01 -4.9908e-01
3 0 +3.024987653e+01 +3.024987653e+01 -4.500123474e+00 -4.500123474e+00 +7.5301e-01 +1.7420e-01 -7.7341e-02
5 0 +2.595706003e+01 +2.595706003e+01 -8.792939966e+00 -8.792939966e+00 +5.5956e-01 +1.5835e-01 -4.4523e-01
22 0 +2.156296149e+01 +2.156296149e+01 -1.318703851e+01 -1.318703851e+01 +2.2168e+00 +3.2397e-01 +5.9917e-01
59 0 +1.605378563e+01 +1.605378563e+01 -1.869621437e+01 -1.869621437e+01 +1.6054e+00 -5.9947e-01 +1.0328e-01
120 0 +5.586399007e+00 +5.586399007e+00 -2.916360099e+01 -2.916360099e+01 +2.4103e+00 +3.3751e+00 -5.3643e-02
593 0 +2.851132720e+00 +2.851132720e+00 -3.189886728e+01 -3.189886728e+01 +2.3588e+00 +2.4242e+00 -4.7626e-01
% f evaluations | g evaluations | best noise-free fitness - Fopt | noise-free fitness - Fopt (-1.000000000000e+03) | measured fitness | best measured fitness | x1 | x2...
1 0 +1.144789854e+02 +1.144789854e+02 -8.855210146e+02 -8.855210146e+02 +0.0000e+00 +0.0000e+00 +0.0000e+00
3 0 +8.670624787e+01 +8.670624787e+01 -9.132937521e+02 -9.132937521e+02 -1.1861e+00 -5.0315e-01 +1.0115e+00
5 0 +7.795227414e+01 +7.795227414e+01 -9.220477259e+02 -9.220477259e+02 -1.3365e-02 -7.8166e-02 -1.0484e+00
15 0 +6.865423222e+01 +6.865423222e+01 -9.313457678e+02 -9.313457678e+02 -1.1262e+00 -5.0982e-01 -2.8569e+00
16 0 +6.363883071e+01 +6.363883071e+01 -9.363611693e+02 -9.363611693e+02 -8.0498e-01 -1.3284e+00 -2.2866e-01
23 0 +3.965980295e+01 +3.965980295e+01 -9.603401971e+02 -9.603401971e+02 -2.0247e+00 -3.3869e+00 +1.7179e+00
32 0 +2.405226541e+01 +2.405226541e+01 -9.759477346e+02 -9.759477346e+02 -1.8545e+00 -3.4392e+00 +1.7574e+00
58 0 +1.478171003e+01 +1.478171003e+01 -9.852182900e+02 -9.852182900e+02 -4.5230e+00 -3.0589e+00 +3.1044e-01
94 0 +1.010660941e+01 +1.010660941e+01 -9.898933906e+02 -9.898933906e+02 -4.6688e+00 -4.2246e+00 +1.1363e+00
127 0 +9.073701582e+00 +9.073701582e+00 -9.909262984e+02 -9.909262984e+02 -4.1040e+00 -3.6416e+00 +6.8581e-02
146 0 +5.720143550e+00 +5.720143550e+00 -9.942798564e+02 -9.942798564e+02 -4.2172e+00 -3.8033e+00 +8.1721e-01
171 0 +4.749424339e+00 +4.749424339e+00 -9.952505757e+02 -9.952505757e+02 -3.8145e+00 -3.1831e+00 -2.5097e-01
693 0 +3.181923854e+00 +3.181923854e+00 -9.968180761e+02 -9.968180761e+02 -3.8595e+00 -3.5369e+00 +7.3123e-01
722 0 +3.075903190e+00 +3.075903190e+00 -9.969240968e+02 -9.969240968e+02 -3.8212e+00 -3.4849e+00 +8.0351e-01
790 0 +1.978509048e+00 +1.978509048e+00 -9.980214910e+02 -9.980214910e+02 -3.8343e+00 -3.4477e+00 +6.6961e-01
807 0 +1.386831422e+00 +1.386831422e+00 -9.986131686e+02 -9.986131686e+02 -3.8150e+00 -3.4359e+00 +6.6091e-01
897 0 +1.343257336e+00 +1.343257336e+00 -9.986567427e+02 -9.986567427e+02 -3.8277e+00 -3.4827e+00 +7.0639e-01
905 0 +1.312319350e+00 +1.312319350e+00 -9.986876807e+02 -9.986876807e+02 -3.8210e+00 -3.4705e+00 +7.0569e-01
913 0 +1.053556039e+00 +1.053556039e+00 -9.989464440e+02 -9.989464440e+02 -3.8031e+00 -3.4604e+00 +6.8480e-01
% f evaluations | g evaluations | best noise-free fitness - Fopt | noise-free fitness - Fopt (-9.247000000000e+01) | measured fitness | best measured fitness | x1 | x2...
1 0 +9.865433210e+01 +9.865433210e+01 +6.184332101e+00 +6.184332101e+00 +0.0000e+00 +0.0000e+00 +0.0000e+00
10 0 +9.011622459e+01 +9.011622459e+01 -2.353775413e+00 -2.353775413e+00 +3.1666e-01 -4.3135e-01 +3.8026e-01
19 0 +8.430910000e+01 +8.430910000e+01 -8.160900002e+00 -8.160900002e+00 +9.0160e-01 +2.2452e+00 +1.6758e+00
21 0 +7.276052665e+01 +7.276052665e+01 -1.970947335e+01 -1.970947335e+01 +5.4475e-01 +1.7747e+00 +1.8606e-01
22 0 +4.180700928e+01 +4.180700928e+01 -5.066299072e+01 -5.066299072e+01 +1.6432e+00 +4.8448e-01 +8.8052e-01
35 0 +3.549303151e+01 +3.549303151e+01 -5.697696849e+01 -5.697696849e+01 +1.8979e+00 -2.9286e-01 +6.7832e-01
38 0 +2.839423465e+01 +2.839423465e+01 -6.407576535e+01 -6.407576535e+01 +2.6841e+00 -1.3950e-01 +6.0478e-01
48 0 +8.626582219e+00 +8.626582219e+00 -8.384341778e+01 -8.384341778e+01 +2.8355e+00 +4.2516e-01 +2.2736e+00
273 0 +4.678497340e+00 +4.678497340e+00 -8.779150266e+01 -8.779150266e+01 +2.7563e+00 -1.2440e+00 +3.5511e+00
358 0 +4.103064792e+00 +4.103064792e+00 -8.836693521e+01 -8.836693521e+01 +2.8332e+00 -1.2933e+00 +3.5647e+00
389 0 +3.750108793e+00 +3.750108793e+00 -8.871989121e+01 -8.871989121e+01 +2.8165e+00 -1.3029e+00 +3.5394e+00
531 0 +3.596580779e+00 +3.596580779e+00 -8.887341922e+01 -8.887341922e+01 +2.8557e+00 -1.2882e+00 +2.9298e+00
665 0 +3.055740999e+00 +3.055740999e+00 -8.941425900e+01 -8.941425900e+01 +2.8476e+00 -1.2947e+00 +2.9046e+00
679 0 +3.002235374e+00 +3.002235374e+00 -8.946776463e+01 -8.946776463e+01 +2.8461e+00 -1.3125e+00 +2.9184e+00
% f evaluations | g evaluations | best noise-free fitness - Fopt | noise-free fitness - Fopt (-2.153000000000e+02) | measured fitness | best measured fitness | x1 | x2...
1 0 +5.677705300e+01 +5.677705300e+01 -1.585229470e+02 -1.585229470e+02 +0.0000e+00 +0.0000e+00 +0.0000e+00
4 0 +4.718708091e+01 +4.718708091e+01 -1.681129191e+02 -1.681129191e+02 +2.0244e-01 +2.6775e-01 +6.5631e-02
22 0 +3.424315068e+01 +3.424315068e+01 -1.810568493e+02 -1.810568493e+02 -1.0802e+00 +1.2495e+00 -1.2622e-01
88 0 +2.786688741e+01 +2.786688741e+01 -1.874331126e+02 -1.874331126e+02 +4.2115e-01 +2.3556e+00 +1.6647e-01
100 0 +2.632038878e+01 +2.632038878e+01 -1.889796112e+02 -1.889796112e+02 -1.1104e-01 +2.5010e+00 -8.1340e-01
118 0 +1.845513148e+01 +1.845513148e+01 -1.968448685e+02 -1.968448685e+02 -1.6787e+00 +3.1092e+00 -1.9859e+00
172 0 +1.518262319e+01 +1.518262319e+01 -2.001173768e+02 -2.001173768e+02 -4.7572e+00 +4.8825e+00 -1.8575e+00
179 0 +1.077088809e+01 +1.077088809e+01 -2.045291119e+02 -2.045291119e+02 -4.6565e+00 +4.9454e+00 -1.8970e+00
927 0 +9.810768408e+00 +9.810768408e+00 -2.054892316e+02 -2.054892316e+02 -2.0285e+00 +3.5297e+00 -1.8009e+00
935 0 +8.916076859e+00 +8.916076859e+00 -2.063839231e+02 -2.063839231e+02 -2.1979e+00 +3.5792e+00 -1.6253e+00
941 0 +2.624516830e+00 +2.624516830e+00 -2.126754832e+02 -2.126754832e+02 -2.0659e+00 +3.5688e+00 -1.7502e+00
% f evaluations | g evaluations | best noise-free fitness - Fopt | noise-free fitness - Fopt (-5.449000000000e+01) | measured fitness | best measured fitness | x1 | x2...
1 0 +2.219120079e+02 +2.219120079e+02 +1.674220079e+02 +1.674220079e+02 +0.0000e+00 +0.0000e+00 +0.0000e+00
2 0 +1.819771195e+02 +1.819771195e+02 +1.274871195e+02 +1.274871195e+02 +3.6827e-01 +6.5681e-01 -2.0899e+00
7 0 +1.159713222e+02 +1.159713222e+02 +6.148132224e+01 +6.148132224e+01 +4.3620e-01 +7.8294e-01 +9.6919e-01
9 0 +1.091455119e+02 +1.091455119e+02 +5.465551189e+01 +5.465551189e+01 +7.5958e-01 +6.8201e-02 -3.0553e-01
15 0 +4.979086319e+01 +4.979086319e+01 -4.699136808e+00 -4.699136808e+00 +2.4712e+00 +6.5325e-01 +3.3960e+00
18 0 +2.228835843e+01 +2.228835843e+01 -3.220164157e+01 -3.220164157e+01 +2.3269e+00 -2.1348e-01 +6.1772e-01
33 0 +1.060016728e+01 +1.060016728e+01 -4.388983272e+01 -4.388983272e+01 +4.0138e+00 -7.5197e-01 +2.0942e+00
153 0 +7.587822621e+00 +7.587822621e+00 -4.690217738e+01 -4.690217738e+01 +3.0103e+00 -1.5831e+00 +3.0417e+00
170 0 +4.527052039e+00 +4.527052039e+00 -4.996294796e+01 -4.996294796e+01 +3.4635e+00 -1.6157e+00 +3.4433e+00
197 0 +3.584684504e+00 +3.584684504e+00 -5.090531550e+01 -5.090531550e+01 +3.4572e+00 -1.4985e+00 +3.3322e+00
% f evaluations | g evaluations | best noise-free fitness - Fopt | noise-free fitness - Fopt (5.049000000000e+01) | measured fitness | best measured fitness | x1 | x2...
1 0 +1.102093613e+02 +1.102093613e+02 +1.606993613e+02 +1.606993613e+02 +0.0000e+00 +0.0000e+00 +0.0000e+00
2 0 +5.316984201e+01 +5.316984201e+01 +1.036598420e+02 +1.036598420e+02 +5.6068e-01 +8.0588e-01 +3.0462e-01
8 0 +4.470892092e+01 +4.470892092e+01 +9.519892092e+01 +9.519892092e+01 +2.0932e+00 +6.7412e-01 +1.0289e-01
21 0 +3.835425762e+01 +3.835425762e+01 +8.884425762e+01 +8.884425762e+01 +3.4422e+00 +2.5224e-01 +6.9505e-01
83 0 +1.592709932e+01 +1.592709932e+01 +6.641709932e+01 +6.641709932e+01 +4.5836e+00 -1.4746e+00 +3.1651e+00
333 0 +7.505806324e+00 +7.505806324e+00 +5.799580632e+01 +5.799580632e+01 +3.0939e+00 +7.4541e-01 +3.1764e+00
347 0 +7.123348220e+00 +7.123348220e+00 +5.761334822e+01 +5.761334822e+01 +2.7487e+00 +2.3512e-01 +3.2087e+00
473 0 +5.601490465e+00 +5.601490465e+00 +5.609149047e+01 +5.609149047e+01 +4.0212e+00 -2.1574e-01 +3.1404e+00
546 0 +3.825387621e+00 +3.825387621e+00 +5.431538762e+01 +5.431538762e+01 +4.0299e+00 -1.8633e-01 +3.1310e+00
% f evaluations | g evaluations | best noise-free fitness - Fopt | noise-free fitness - Fopt (-3.641300000000e+02) | measured fitness | best measured fitness | x1 | x2...
1 0 +1.204089730e+02 +1.204089730e+02 -2.437210270e+02 -2.437210270e+02 +0.0000e+00 +0.0000e+00 +0.0000e+00
3 0 +1.203120727e+02 +1.203120727e+02 -2.438179273e+02 -2.438179273e+02 +1.3967e-02 +1.0273e-01 -3.1970e-01
6 0 +1.134668632e+02 +1.134668632e+02 -2.506631368e+02 -2.506631368e+02 +4.6147e-02 +7.5029e-01 +2.8235e-01
7 0 +1.028062788e+02 +1.028062788e+02 -2.613237212e+02 -2.613237212e+02 -3.9873e-02 +4.6154e-01 +9.9910e-02
8 0 +9.983356304e+01 +9.983356304e+01 -2.642964370e+02 -2.642964370e+02 -7.6638e-03 -1.3495e-01 +9.8154e-02
13 0 +9.769506420e+01 +9.769506420e+01 -2.664349358e+02 -2.664349358e+02 -1.4519e-02 +4.8437e-01 -1.8369e-01
15 0 +9.511960859e+01 +9.511960859e+01 -2.690103914e+02 -2.690103914e+02 -2.6978e-02 +7.8743e-01 +3.0921e-01
21 0 +8.143573204e+01 +8.143573204e+01 -2.826942680e+02 -2.826942680e+02 -3.4980e-02 +9.1860e-01 -7.9020e-02
37 0 +7.876146458e+01 +7.876146458e+01 -2.853685354e+02 -2.853685354e+02 -2.4178e-02 +7.9916e-01 -9.4295e-02
39 0 +7.376962115e+01 +7.376962115e+01 -2.903603788e+02 -2.903603788e+02 -1.8239e-02 +1.4832e+00 +5.8580e-02
49 0 +7.046960656e+01 +7.046960656e+01 -2.936603934e+02 -2.936603934e+02 -9.5002e-03 +8.7576e-01 -1.2020e-01
70 0 +6.769200556e+01 +6.769200556e+01 -2.964379944e+02 -2.964379944e+02 -2.4767e-02 +1.4956e+00 -2.7616e-02
84 0 +6.691337666e+01 +6.691337666e+01 -2.972166233e+02 -2.972166233e+02 -3.1326e-02 +1.4932e+00 -2.8132e-02
120 0 +6.587818770e+01 +6.587818770e+01 -2.982518123e+02 -2.982518123e+02 -5.2873e-02 +1.4466e+00 -8.0930e-02
129 0 +6.143814924e+01 +6.143814924e+01 -3.026918508e+02 -3.026918508e+02 -4.9380e-02 +2.0603e+00 +2.1146e-02
132 0 +5.707277614e+01 +5.707277614e+01 -3.070572239e+02 -3.070572239e+02 -4.0010e-02 +2.0323e+00 -4.9261e-03
142 0 +5.322874597e+01 +5.322874597e+01 -3.109012540e+02 -3.109012540e+02 -2.7753e-02 +2.1011e+00 -5.8078e-02
186 0 +5.149521611e+01 +5.149521611e+01 -3.126347839e+02 -3.126347839e+02 +1.9298e-02 +2.1604e+00 -9.1132e-02
244 0 +5.085892560e+01 +5.085892560e+01 -3.132710744e+02 -3.132710744e+02 +1.1697e-02 +2.0842e+00 -5.3203e-02
375 0 +5.009165566e+01 +5.009165566e+01 -3.140383443e+02 -3.140383443e+02 +2.4904e-02 +2.1147e+00 -7.1504e-02
% f evaluations | g evaluations | best noise-free fitness - Fopt | noise-free fitness - Fopt (1.592700000000e+02) | measured fitness | best measured fitness | x1 | x2...
1 0 +4.454241971e+02 +4.454241971e+02 +6.046941971e+02 +6.046941971e+02 +0.0000e+00 +0.0000e+00 +0.0000e+00
4 0 +2.547369561e+02 +2.547369561e+02 +4.140069561e+02 +4.140069561e+02 +1.7436e-01 +1.6827e+00 +7.7069e-01
6 0 +2.207811891e+02 +2.207811891e+02 +3.800511891e+02 +3.800511891e+02 -9.8629e-02 -9.4244e-02 +7.3241e-01
8 0 +1.107202864e+02 +1.107202864e+02 +2.699902864e+02 +2.699902864e+02 +1.8080e-01 +5.0986e-01 +1.7223e+00
12 0 +7.286359021e+01 +7.286359021e+01 +2.321335902e+02 +2.321335902e+02 -4.3942e-02 +7.1029e-01 +2.8100e+00
14 0 +5.880674401e+01 +5.880674401e+01 +2.180767440e+02 +2.180767440e+02 +1.3131e-01 +1.1238e+00 +5.4930e+00
19 0 +3.743800783e+01 +3.743800783e+01 +1.967080078e+02 +1.967080078e+02 +2.3978e-01 -3.8798e-01 +2.5372e+00
60 0 +2.445221132e+01 +2.445221132e+01 +1.837222113e+02 +1.837222113e+02 +1.0048e-01 -2.3300e+00 +4.4658e+00
63 0 +2.251431510e+01 +2.251431510e+01 +1.817843151e+02 +1.817843151e+02 +1.1911e-01 -1.0455e+00 +3.4769e+00
79 0 +1.997025733e+01 +1.997025733e+01 +1.792402573e+02 +1.792402573e+02 +7.1113e-02 -1.0096e+00 +3.6015e+00
124 0 +1.994153341e+01 +1.994153341e+01 +1.792115334e+02 +1.792115334e+02 +1.0336e-01 -1.5117e+00 +4.8806e+00
141 0 +1.902341382e+01 +1.902341382e+01 +1.782934138e+02 +1.782934138e+02 -7.9769e-03 -1.2819e+00 +4.1314e+00
150 0 +1.275332322e+01 +1.275332322e+01 +1.720233232e+02 +1.720233232e+02 +9.5777e-02 -1.3480e+00 +4.6339e+00
171 0 +1.120879616e+01 +1.120879616e+01 +1.704787962e+02 +1.704787962e+02 -4.9647e-04 -2.7200e-01 +3.2613e+00
562 0 +9.098869212e+00 +9.098869212e+00 +1.683688692e+02 +1.683688692e+02 +6.8395e-03 -1.9003e-01 +3.2474e+00
633 0 +8.615158430e+00 +8.615158430e+00 +1.678851584e+02 +1.678851584e+02 -2.2374e-02 -2.4550e-01 +3.5835e+00
648 0 +7.288597510e+00 +7.288597510e+00 +1.665585975e+02 +1.665585975e+02 +1.7162e-02 -3.5865e-01 +3.9444e+00
