% f evaluations | g evaluations | best noise-free fitness - Fopt | noise-free fitness - Fopt (1.000000000000e+03) | measured fitness | best measured fitness | x1 | x2...
1 0 +6.423771670e+02 +6.423771670e+02 +1.642377167e+03 +1.642377167e+03 +0.0000e+00 +0.0000e+00 +0.0000e+00 +0.0000e+00 +0.0000e+00 +0.0000e+00 +0.0000e+00 +0.0000e+00 +0.0000e+00 +0.0000e+00 +0.0000e+00 +0.0000e+00 +0.0000e+00 +0.0000e+00 +0.0000e+00 +0.0000e+00 +0.0000e+00 +0.0000e+00 +0.0000e+00 +0.0000e+00
5 0 +5.164408068e+02 +5.164408068e+02 +1.516440807e+03 +1.516440807e+03 -7.1037e-02 -1.3036e-01 +2.8824e-01 -1.3019e+00 +9.5836e-01 -1.8563e-01 +3.6326e-01 +1.0269e+00 -5.0317e-01 -2.8848e-01 -1.9053e-01 -9.5469e-01 -1.1689e+00 +6.3872e-01 -1.6705e-02 +2.5189e+00 +1.8087e-01 -1.9360e-01 -1.2550e-01 -3.8876e-04
32 0 +4.747919596e+02 +4.747919596e+02 +1.474791960e+03 +1.474791960e+03 +3.3425e-01 +7.0967e-02 +3.0316e-01 +7.4106e-01 +4.1890e+00 -7.1867e-01 +1.4833e-01 +1.6892e+00 -3.2364e-01 -1.1909e+00 -5.8193e-01 -2.0036e+00 -4.5255e-01 +5.3028e-01 -1.7727e-01 +1.0655e+00 +8.5973e-01 +4.3336e-01 -4.1927e-01 -2.5805e-03
36 0 +4.640537290e+02 +4.640537290e+02 +1.464053729e+03 +1.464053729e+03 +2.8007e-01 +2.5779e-01 +4.3449e-01 -1.2296e-01 +1.7970e+00 -1.0546e-01 +3.6234e-01 +1.8346e+00 -9.5076e-02 -3.9318e-01 -8.8668e-01 -2.7514e+00 -6.1953e-01 -8.6889e-01 -1.5476e-01 +1.8813e+00 -3.8212e-01 +1.4134e+00 -7.9337e-01 -3.7174e-03
38 0 +4.489333273e+02 +4.489333273e+02 +1.448933327e+03 +1.448933327e+03 +3.9843e-01 +5.7336e-01 -8.5997e-01 -1.3128e-01 +3.4961e+00 -7.6244e-01 +5.4633e-01 +1.2111e+00 -6.4163e-01 -9.6299e-01 -1.8024e+00 -1.3045e+00 -7.6089e-01 -5.8755e-01 +3.2930e-01 +2.4087e+00 +9.3774e-01 -9.9279e-01 -3.9497e-01 -5.1814e-03
49 0 +4.232388500e+02 +4.232388500e+02 +1.423238850e+03 +1.423238850e+03 +3.7310e-01 +1.7306e+00 +4.8813e-01 +7.8127e-02 +3.6290e+00 -7.3170e-01 +5.1476e-01 +1.7381e+00 -5.8023e-01 +6.3464e-01 -1.2979e+00 -1.9042e+00 -4.6619e-01 -3.7217e-01 +6.6556e-02 +2.0355e+00 +4.9001e-01 -2.5799e-01 -3.3214e-01 -2.9625e-03
60 0 +3.930622966e+02 +3.930622966e+02 +1.393062297e+03 +1.393062297e+03 +4.1575e-01 +1.7110e+00 +6.8974e-01 +5.3959e-01 +3.2986e+00 -4.6940e-01 +3.8669e-01 +1.7927e+00 -6.6293e-01 +6.6385e-01 -1.8472e+00 -1.4667e+00 -8.8787e-01 -9.6594e-01 -5.5526e-02 +3.1054e+00 +4.5985e-03 -5.1136e-01 -1.1368e+00 -7.2365e-03
84 0 +3.721675574e+02 +3.721675574e+02 +1.372167557e+03 +1.372167557e+03 +3.8603e-01 +2.3769e+00 +7.5381e-01 +1.0214e+00 +5.1547e+00 -5.5179e-01 +5.9627e-01 +2.1057e+00 -7.0538e-01 +9.5038e-01 -1.4814e+00 -2.2604e+00 -8.6941e-01 -1.1668e+00 -9.1893e-02 +1.7737e+00 +1.6208e-01 +5.7891e-02 -1.1264e+00 -5.1850e-03
91 0 +3.607578601e+02 +3.607578601e+02 +1.360757860e+03 +1.360757860e+03 +3.8168e-01 +2.3214e+00 +9.0333e-01 +1.0762e+00 +5.0340e+00 -4.9235e-01 +6.3557e-01 +2.2840e+00 -8.4866e-01 +7.5967e-01 -1.7179e+00 -1.8131e+00 -6.4174e-01 -1.4803e+00 -2.0691e-01 +2.3266e+00 +2.2263e-01 -3.2006e-01 -1.6054e+00 -4.8565e-03
114 0 +3.269587539e+02 +3.269587539e+02 +1.326958754e+03 +1.326958754e+03 +3.2579e-01 +2.5920e+00 +1.0239e+00 +1.3040e+00 +4.9586e+00 -8.1792e-01 +5.1847e-01 +2.1595e+00 -9.5830e-01 +4.1151e-02 -2.1770e+00 -2.8469e+00 -5.0882e-01 -1.3252e+00 -1.2843e-01 +2.6372e+00 +3.7069e-01 -1.2656e-01 -1.2224e+00 -2.3681e-03
342 0 +3.210563931e+02 +3.210563931e+02 +1.321056393e+03 +1.321056393e+03 +3.0881e-01 +1.5791e+00 -2.0513e+00 +4.3784e+00 +3.9210e+00 +5.2205e-02 -1.5724e-02 +2.3518e-01 -1.2059e+00 -6.6384e-01 -3.2659e+00 -3.3276e+00 -2.6704e+00 -1.7059e+00 +3.7752e-01 +3.7110e+00 +9.4318e-01 +1.0635e-01 -1.4854e+00 -1.6773e-02
450 0 +3.000902005e+02 +3.000902005e+02 +1.300090201e+03 +1.300090201e+03 +5.8662e-03 +2.9178e+00 -2.4666e-02 +3.8836e+00 +1.0465e+00 +6.6989e-02 -7.7245e-01 +8.8594e-03 -1.2752e+00 -2.4305e+00 -2.2013e+00 -5.2180e+00 -3.3046e+00 +5.0982e-02 +1.0748e+00 +2.2646e+00 +1.8034e+00 +1.7396e+00 -1.3152e+00 -2.9925e-02
565 0 +2.798097883e+02 +2.798097883e+02 +1.279809788e+03 +1.279809788e+03 +1.0000e-01 +2.2318e+00 -6.2141e-01 +4.8613e+00 +1.6680e+00 -7.5214e-01 -1.1656e+00 +5.3493e-01 -1.3034e+00 -2.0255e+00 -2.4023e+00 -1.8739e+00 -2.9821e+00 -1.3336e+00 +1.0984e+00 +2.2810e+00 +2.3317e+00 +1.2578e+00 -5.9299e-02 -4.3570e-02
572 0 +2.670005888e+02 +2.670005888e+02 +1.267000589e+03 +1.267000589e+03 +5.3597e-02 +1.7081e+00 -7.7812e-01 +4.7184e+00 +2.0414e+00 -1.1146e+00 -9.6840e-01 +7.5546e-01 -1.6572e+00 -1.8856e+00 -2.8247e+00 -1.5821e+00 -3.0459e+00 -9.3317e-01 +1.1478e+00 +2.6077e+00 +2.2893e+00 +1.3423e+00 -1.0249e+00 -3.6083e-02
590 0 +2.625416306e+02 +2.625416306e+02 +1.262541631e+03 +1.262541631e+03 -2.7459e-02 +2.8627e+00 -6.1725e-01 +4.5031e+00 +2.6881e+00 -1.5481e+00 -9.4891e-01 +1.6812e+00 -1.3500e+00 -1.2156e+00 -2.6076e+00 -2.7301e+00 -2.6636e+00 -1.2463e+00 +1.1170e+00 +2.3306e+00 +2.6075e+00 +2.1845e-02 -1.6648e+00 -3.9036e-02
% f evaluations | g evaluations | best noise-free fitness - Fopt | noise-free fitness - Fopt (7.003000000000e+01) | measured fitness | best measured fitness | x1 | x2...
1 0 +7.420924595e+02 +7.420924595e+02 +8.121224595e+02 +8.121224595e+02 +0.0000e+00 +0.0000e+00 +0.0000e+00 +0.0000e+00 +0.0000e+00 +0.0000e+00 +0.0000e+00 +0.0000e+00 +0.0000e+00 +0.0000e+00 +0.0000e+00 +0.0000e+00 +0.0000e+00 +0.0000e+00 +0.0000e+00 +0.0000e+00 +0.0000e+00 +0.0000e+00 +0.0000e+00 +0.0000e+00
8 0 +5.695806008e+02 +5.695806008e+02 +6.396106008e+02 +6.396106008e+02 -9.5522e-01 -2.6306e+00 -9.3347e-01 +1.4789e+00 +1.4766e-01 -8.6088e-01 -3.7073e-01 +4.6605e-02 +1.8977e+00 +8.5364e-01 -2.0972e+00 -4.0028e-01 +6.4277e-02 +1.6783e-02 +4.4340e-01 +3.4278e-01 +1.4864e+00 +2.7972e-01 -6.1396e-02 -2.7199e-01
34 0 +4.614373062e+02 +4.614373062e+02 +5.314673062e+02 +5.314673062e+02 -7.3528e-01 -2.5407e-01 -2.0229e+00 -8.5742e-01 +9.9203e-03 -2.1468e+00 -2.3801e+00 +2.2991e-01 -3.5907e+00 +6.6945e-01 +6.6767e-01 -3.3863e+00 +1.9965e+00 +3.5136e-01 -2.4373e+00 -2.3882e-01 -1.0374e-01 +1.2584e-01 -8.0568e-03 +6.9482e-02
36 0 +4.564073575e+02 +4.564073575e+02 +5.264373575e+02 +5.264373575e+02 -3.8085e-01 -8.6366e-01 -1.3770e+00 -6.3987e-01 -1.0149e-01 -1.4100e+00 -1.4548e+00 +4.5699e-01 -3.6021e-01 +1.0016e+00 -7.8225e-01 -1.4250e+00 +2.1043e+00 +4.3106e-01 +3.2920e-01 -7.5344e-01 -1.2062e+00 +5.6587e-02 -2.5025e-01 -1.0480e-01
357 0 +4.079196964e+02 +4.079196964e+02 +4.779496964e+02 +4.779496964e+02 -4.1123e+00 +1.9109e+00 -4.9900e-01 -3.3519e+00 -2.9548e+00 -3.0799e+00 -2.5425e-01 +1.6835e+00 -8.0323e-01 -4.1642e-01 +1.4319e+00 -3.2346e+00 +3.4383e+00 +1.1439e+00 +2.2826e+00 -3.2832e+00 -7.3582e-02 +3.5319e+00 -3.2628e+00 +2.7898e-01
432 0 +3.707013282e+02 +3.707013282e+02 +4.407313282e+02 +4.407313282e+02 -1.4761e+00 -1.1367e+00 -4.7397e+00 -8.0121e-01 -2.6735e+00 -5.3332e+00 -8.4261e-01 +1.6669e+00 -2.0317e+00 -2.8911e+00 +5.3189e-01 -2.2572e+00 +3.1524e+00 +9.7244e-01 -1.5368e+00 -3.5070e+00 -5.4989e-01 +1.9266e+00 -2.9347e+00 +1.0825e+00
433 0 +3.520370048e+02 +3.520370048e+02 +4.220670048e+02 +4.220670048e+02 -2.0602e+00 +3.9969e-02 -3.5172e+00 +3.2774e-01 -2.9330e+00 -4.8882e+00 -6.0372e-01 +1.6797e+00 -2.8475e+00 -2.1534e+00 +1.1994e+00 -1.8448e+00 +2.3204e+00 +1.0193e+00 +1.1231e+00 -3.3648e+00 -8.0340e-01 +1.7241e+00 -2.9477e+00 +3.5133e-01
447 0 +3.235204705e+02 +3.235204705e+02 +3.935504705e+02 +3.935504705e+02 -2.1661e+00 -2.8523e-01 -3.6411e+00 +1.0365e+00 -3.0543e+00 -5.0567e+00 -1.5058e+00 +1.9204e+00 -3.4530e+00 -1.4032e+00 +1.9538e+00 -1.1597e+00 +3.0038e+00 +1.0049e+00 +9.5364e-01 -3.2213e+00 +1.1298e-01 +2.3045e+00 -3.3036e+00 -2.3225e-02
458 0 +2.964936699e+02 +2.964936699e+02 +3.665236699e+02 +3.665236699e+02 -1.4296e+00 -1.3103e-01 -3.7187e+00 +1.0131e+00 -2.6391e+00 -4.6520e+00 -5.7465e-01 +1.6509e+00 -4.0736e+00 -1.8382e+00 +1.0350e+00 -1.5484e+00 +2.8928e+00 +9.5373e-01 -3.6023e-01 -2.9742e+00 +1.5278e-01 +1.8776e+00 -3.3855e+00 +1.0525e-01
483 0 +2.709424712e+02 +2.709424712e+02 +3.409724712e+02 +3.409724712e+02 -1.8240e+00 +5.1723e-01 -3.1155e+00 -5.6540e-02 -2.4963e+00 -5.9296e+00 -2.0615e+00 +1.9194e+00 -3.3480e+00 -6.7403e-01 +1.5167e+00 -7.9558e-01 +2.9339e+00 +8.1315e-01 -1.1889e+00 -3.5811e+00 -8.0249e-01 +2.1000e+00 -4.0226e+00 -2.6122e-01
598 0 +2.627682848e+02 +2.627682848e+02 +3.327982848e+02 +3.327982848e+02 -1.8474e+00 +5.0821e-01 -3.3984e+00 +1.1606e+00 -2.7621e+00 -5.9737e+00 -1.1118e+00 +1.7356e+00 -3.7084e+00 -1.7537e+00 +2.7335e-01 -4.0782e-01 +3.4602e+00 +7.9636e-01 -9.1348e-01 -3.5239e+00 -3.6869e-01 +1.9885e+00 -3.8993e+00 -4.6350e-02
785 0 +2.507503548e+02 +2.507503548e+02 +3.207803548e+02 +3.207803548e+02 -1.9364e+00 +3.5772e-01 -3.1687e+00 +1.0985e+00 -2.8717e+00 -5.9788e+00 -6.5251e-01 +1.7244e+00 -4.8832e+00 -1.8077e+00 -7.3970e-02 -6.9758e-01 +3.2235e+00 +7.3736e-01 -5.8547e-01 -3.5674e+00 +4.0849e-01 +2.0423e+00 -3.9867e+00 +5.8881e-02
845 0 +2.443366628e+02 +2.443366628e+02 +3.143666628e+02 +3.143666628e+02 -1.9581e+00 +2.7944e-01 -3.2119e+00 +1.0803e+00 -2.8487e+00 -5.9367e+00 -6.6050e-01 +1.7047e+00 -4.8156e+00 -1.8575e+00 -3.6784e-02 -7.1658e-01 +3.2425e+00 +7.3849e-01 -4.1427e-01 -3.5648e+00 +3.7065e-01 +2.0415e+00 -4.0121e+00 +4.8141e-02
993 0 +2.388030209e+02 +2.388030209e+02 +3.088330209e+02 +3.088330209e+02 -1.8712e+00 +4.3769e-01 -3.1597e+00 +9.0260e-01 -2.7805e+00 -5.9136e+00 -5.7098e-01 +1.7443e+00 -4.5077e+00 -1.7335e+00 +1.6168e-01 -7.7357e-01 +3.1897e+00 +7.4750e-01 -4.2793e-01 -3.5462e+00 +3.2645e-01 +2.0620e+00 -4.0286e+00 -3.9746e-02
% f evaluations | g evaluations | best noise-free fitness - Fopt | noise-free fitness - Fopt (-4.822000000000e+01) | measured fitness | best measured fitness | x1 | x2...
1 0 +9.669989686e+02 +9.669989686e+02 +9.187789686e+02 +9.187789686e+02 +0.0000e+00 +0.0000e+00 +0.0000e+00 +0.0000e+00 +0.0000e+00 +0.0000e+00 +0.0000e+00 +0.0000e+00 +0.0000e+00 +0.0000e+00 +0.0000e+00 +0.0000e+00 +0.0000e+00 +0.0000e+00 +0.0000e+00 +0.0000e+00 +0.0000e+00 +0.0000e+00 +0.0000e+00 +0.0000e+00
3 0 +9.227259152e+02 +9.227259152e+02 +8.745059152e+02 +8.745059152e+02 -7.5329e-01 +1.0134e+00 -2.8084e-02 +6.2106e-01 +4.0182e-01 -4.0551e-01 -1.3259e+00 +1.7214e-03 +3.4494e-01 -7.2663e-03 +7.3338e-01 +1.8643e+00 -1.4221e-02 +7.2515e-01 -6.4726e-01 +1.0020e-02 +9.8172e-02 -1.6273e-01 +1.4131e+00 -1.1574e-01
9 0 +8.093629597e+02 +8.093629597e+02 +7.611429597e+02 +7.611429597e+02 -1.7196e+00 +5.2099e-01 -1.5812e-02 +1.4788e+00 -3.6338e-01 +1.6843e-01 -1.4118e+00 +8.5166e-02 -1.5692e-01 -2.9446e-03 -2.5689e-01 -2.5275e+00 -1.3638e-02 +7.6878e-01 -9.1576e-03 +7.8619e-02 -5.6524e-02 +9.9812e-01 +9.5380e-01 -3.9931e-03
12 0 +5.953711248e+02 +5.953711248e+02 +5.471511248e+02 +5.471511248e+02 -3.7034e+00 -7.9494e-01 -2.5521e-02 +7.1687e-01 -1.0352e+00 +5.0739e-01 -1.9674e+00 +3.3516e-01 -1.0729e+00 -4.6527e-02 -2.8189e-01 -3.2610e+00 +5.0992e-03 -4.3411e-01 -1.0491e+00 +1.1981e-01 +8.1842e-02 +1.2569e+00 +2.1568e-01 -6.8373e-02
22 0 +5.718298605e+02 +5.718298605e+02 +5.236098605e+02 +5.236098605e+02 -3.9360e+00 -1.2991e+00 -2.6060e-02 +1.1545e+00 -1.3453e+00 +1.8957e-01 -2.8609e+00 +3.1735e-01 -2.0759e+00 -2.1956e-02 -2.0687e-01 -3.3112e+00 +2.8436e-02 -1.2186e+00 -1.1312e+00 +1.8815e-01 +1.7852e-02 +5.1035e-01 +1.0956e+00 -7.6236e-02
26 0 +5.532339166e+02 +5.532339166e+02 +5.050139166e+02 +5.050139166e+02 -4.4219e+00 -1.6016e+00 -4.6535e-02 +1.7907e+00 -1.3614e+00 +6.4609e-01 -2.3085e+00 +6.4781e-01 -1.4305e+00 -5.2839e-03 +1.3254e-01 -3.8778e+00 +1.7453e-02 -4.6609e-01 -1.5273e+00 +1.1898e-01 +3.8904e-02 +1.4089e+00 -6.2155e-01 -1.0865e-01
36 0 +4.738859140e+02 +4.738859140e+02 +4.256659140e+02 +4.256659140e+02 -3.3097e+00 -2.0930e+00 -1.1262e-02 +1.9220e+00 -1.6447e+00 +3.0205e-01 -2.1818e+00 +5.2421e-01 -1.9167e+00 -5.4209e-02 -3.3264e-01 -2.4729e+00 +7.7903e-03 +6.0305e-01 -1.0459e+00 +2.6585e-01 +2.3647e-02 +4.2609e-01 +1.9561e+00 +4.1472e-02
48 0 +4.295191816e+02 +4.295191816e+02 +3.812991816e+02 +3.812991816e+02 -1.9254e+00 -2.7584e+00 -4.2163e-02 +1.5192e+00 -1.5631e+00 +2.6846e-01 -3.0641e+00 +6.7830e-01 -1.6223e+00 -8.5377e-03 +7.6003e-01 -2.9741e+00 +1.2729e-02 -3.0265e-01 -3.0333e-01 +1.9808e-01 +6.2770e-02 +1.6279e+00 +1.0018e+00 +1.8088e-01
853 0 +4.244710211e+02 +4.244710211e+02 +3.762510211e+02 +3.762510211e+02 +1.4728e+00 -4.0536e+00 -1.4713e-01 +8.4295e-01 -6.7979e+00 +2.0263e+00 -3.3772e+00 -1.5202e+00 -2.6383e+00 +2.2050e-01 +3.6681e+00 -3.9417e+00 -4.4249e-02 +4.5547e+00 -3.7598e+00 -2.7709e-01 -1.2818e-01 -3.1968e+00 +2.1238e+00 -1.3473e+00
923 0 +4.060739196e+02 +4.060739196e+02 +3.578539196e+02 +3.578539196e+02 -9.6481e-01 -4.5292e+00 -1.3464e-01 +1.6732e+00 -6.4440e+00 +2.6815e+00 -3.4461e+00 -1.1000e+00 -3.3915e+00 +1.5395e-01 +3.9905e+00 -2.0584e+00 -4.2757e-03 +4.9038e+00 -7.8882e-01 -5.3736e-01 -2.0075e-01 -2.5714e+00 +1.8823e+00 -1.4065e+00
964 0 +3.825970338e+02 +3.825970338e+02 +3.343770338e+02 +3.343770338e+02 -8.0197e-01 -4.8319e+00 -1.4103e-01 +1.6795e+00 -6.4859e+00 +2.7334e+00 -3.6201e+00 -1.0590e+00 -4.2228e+00 +1.3940e-01 +3.3086e+00 -2.4887e+00 +1.8444e-02 +4.1716e+00 +6.4973e-03 -5.8420e-01 -1.2991e-01 -3.2635e+00 +2.3659e+00 -1.5217e+00
969 0 +3.583345110e+02 +3.583345110e+02 +3.101145110e+02 +3.101145110e+02 -1.5407e+00 -4.2993e+00 -1.3583e-01 +2.3387e+00 -6.4620e+00 +2.7661e+00 -3.9811e+00 -1.0955e+00 -3.5915e+00 +1.2535e-01 +3.4704e+00 -2.5070e+00 +2.5899e-02 +4.3464e+00 +5.9058e-01 -6.2720e-01 -9.6250e-02 -3.0898e+00 +2.2344e+00 -1.4873e+00
% f evaluations | g evaluations | best noise-free fitness - Fopt | noise-free fitness - Fopt (2.547000000000e+01) | measured fitness | best measured fitness | x1 | x2...
1 0 +1.228006449e+03 +1.228006449e+03 +1.253476449e+03 +1.253476449e+03 +0.0000e+00 +0.0000e+00 +0.0000e+00 +0.0000e+00 +0.0000e+00 +0.0000e+00 +0.0000e+00 +0.0000e+00 +0.0000e+00 +0.0000e+00 +0.0000e+00 +0.0000e+00 +0.0000e+00 +0.0000e+00 +0.0000e+00 +0.0000e+00 +0.0000e+00 +0.0000e+00 +0.0000e+00 +0.0000e+00
6 0 +1.160121893e+03 +1.160121893e+03 +1.185591893e+03 +1.185591893e+03 +1.8565e-01 +1.4971e-01 +2.7231e-02 -8.0951e-01 -1.1176e+00 +2.9913e-02 -9.6075e-01 -1.2991e-02 +7.0791e-02 +1.3319e+00 +2.1599e-01 +1.2181e-02 -2.8092e-01 +4.7735e-01 +3.7216e-01 +6.4111e-02 +1.6393e+00 +1.2877e+00 -3.1375e+00 -2.6500e-02
12 0 +9.558573928e+02 +9.558573928e+02 +9.813273928e+02 +9.813273928e+02 -1.2708e+00 +4.7139e-02 +9.9827e-03 +2.7036e-01 -1.9134e+00 -4.5866e-02 +2.1483e-01 +2.9627e-01 +1.7084e-01 +1.2828e+00 +2.7742e-01 +4.2484e-02 +5.1195e-01 +6.8193e-01 +1.4940e-01 +2.8606e-01 +2.3430e+00 +5.3590e-01 -1.2427e+00 +1.1670e-02
24 0 +8.762347760e+02 +8.762347760e+02 +9.017047760e+02 +9.017047760e+02 -8.7945e-01 +3.5686e-01 -5.3488e-02 -8.2951e-01 -1.5605e+00 -8.1010e-02 -4.4375e-01 +4.2028e-01 +3.2329e-01 +1.7262e+00 -3.1968e-04 +9.1861e-02 +7.3514e-01 +7.9772e-01 +4.5819e-01 +5.0454e-01 +1.8877e+00 +4.0521e-01 -8.0223e-01 -1.8581e-02
27 0 +8.073943651e+02 +8.073943651e+02 +8.328643651e+02 +8.328643651e+02 -2.3868e+00 +9.3192e-02 -2.4608e-02 -1.5393e-01 -2.5599e+00 +1.6074e-01 +1.4056e+00 +3.4480e-01 +2.8301e-01 +8.2117e-01 +3.2179e-01 +2.2344e-01 -7.5349e-01 +9.9504e-01 +3.0546e-01 +1.3689e-01 +3.3822e-01 +1.4413e+00 -5.6761e-01 -6.1720e-03
38 0 +7.411038538e+02 +7.411038538e+02 +7.665738538e+02 +7.665738538e+02 -1.6882e+00 +3.2550e-01 -1.3214e-01 -7.1812e-02 -2.3838e+00 -1.7584e-01 -2.5682e-01 +5.9820e-01 +1.5790e-01 +5.7261e-01 +5.1401e-02 -3.4343e-02 -5.3180e-01 +1.6316e+00 +6.8585e-01 +4.4646e-01 +2.1678e+00 +1.5656e+00 -3.7307e-01 -1.9542e-02
48 0 +7.194110503e+02 +7.194110503e+02 +7.448810503e+02 +7.448810503e+02 -1.7939e+00 +4.3829e-01 -1.6453e-01 -8.3142e-01 -2.3437e+00 -1.2623e-01 -2.7189e-01 +3.2677e-01 +4.4160e-01 +1.3682e+00 +7.1997e-02 +1.6819e-01 -1.4760e+00 +2.5163e-01 +4.0174e-01 -1.1696e-01 +2.4391e+00 +1.5329e+00 -1.5583e+00 +2.9261e-02
56 0 +6.712049428e+02 +6.712049428e+02 +6.966749428e+02 +6.966749428e+02 -2.0996e+00 +3.8756e-01 -2.1159e-01 -1.1140e+00 -1.9467e+00 -8.1986e-03 -5.1518e-01 +7.6971e-01 +3.4055e-01 +2.0208e+00 -8.0839e-02 +1.7491e-01 -7.0110e-01 +6.2084e-01 +6.6357e-01 -1.1719e-01 +2.3547e+00 +2.3189e+00 -1.7468e+00 +2.0612e-02
61 0 +6.596483992e+02 +6.596483992e+02 +6.851183992e+02 +6.851183992e+02 -1.8039e+00 +3.8058e-01 -1.7313e-01 -1.1788e+00 -1.9137e+00 -8.3826e-02 -2.2917e+00 +6.1756e-01 +4.1213e-01 +1.1444e+00 +2.2330e-01 +8.3702e-02 -2.0758e+00 +9.3678e-02 +9.6942e-02 -2.1396e-02 +1.4101e+00 +2.0660e+00 -1.5721e+00 +4.5720e-02
63 0 +6.275433607e+02 +6.275433607e+02 +6.530133607e+02 +6.530133607e+02 -2.0394e+00 +4.5555e-01 -1.5197e-01 -1.2748e+00 -1.8810e+00 +1.4309e-02 -2.3101e+00 +9.2102e-01 +3.9491e-01 +2.2674e+00 +1.8586e-01 +1.6212e-01 -4.9549e-01 -6.5662e-01 +5.6101e-01 +3.9432e-02 +1.5238e+00 +1.3444e+00 -6.7534e-01 +4.1912e-02
66 0 +5.694610854e+02 +5.694610854e+02 +5.949310854e+02 +5.949310854e+02 -2.8883e+00 +3.7322e-01 -2.1803e-01 -4.8878e-01 -1.9026e+00 -1.1340e-01 -2.3864e+00 +5.4815e-01 +5.6818e-01 +5.6058e-01 +4.3689e-02 +2.1307e-01 +3.8355e-01 +6.9666e-02 +5.5293e-01 +1.1877e-01 +2.2539e+00 +2.7827e+00 -1.1207e+00 +1.8503e-02
68 0 +5.173145031e+02 +5.173145031e+02 +5.427845031e+02 +5.427845031e+02 -2.4208e+00 +3.3911e-01 -1.5564e-01 -1.5675e+00 -1.4055e+00 -1.7851e-01 -2.0216e+00 +8.7578e-01 +4.6718e-01 +1.3876e+00 +4.1455e-02 +1.7771e-01 -6.2972e-01 +8.6450e-01 +5.7799e-01 -3.1308e-01 +2.5643e+00 +1.4198e+00 -1.3059e+00 +1.6796e-02
94 0 +5.079827754e+02 +5.079827754e+02 +5.334527754e+02 +5.334527754e+02 -3.0435e+00 +4.9842e-01 -1.3228e-01 -1.3103e+00 -1.6721e+00 -2.3980e-01 -2.7727e+00 +1.6850e-01 +6.3188e-01 +1.4505e+00 -2.8146e-01 +2.7281e-01 +6.9444e-01 -5.5208e-02 +5.2038e-01 -3.2176e-01 +2.4897e+00 +2.5523e+00 +5.8873e-01 +3.2972e-02
99 0 +4.549498037e+02 +4.549498037e+02 +4.804198037e+02 +4.804198037e+02 -3.5173e+00 +4.8852e-01 -2.1574e-01 +1.5548e-01 -1.7243e+00 +2.7284e-03 -2.8210e+00 +7.5670e-01 +5.8599e-01 -3.1000e-01 -5.1258e-01 +2.5232e-01 -7.8155e-01 +1.3361e-01 +6.1568e-01 -2.5287e-01 +2.6340e+00 +1.4329e+00 +1.7012e-01 -3.3433e-02
113 0 +4.307188536e+02 +4.307188536e+02 +4.561888536e+02 +4.561888536e+02 -3.0408e+00 +4.4319e-01 -1.3256e-01 -5.6343e-01 -1.6305e+00 -1.5954e-01 -2.6164e+00 +4.1197e-01 +6.1229e-01 -8.3035e-01 -6.3595e-01 +1.6481e-01 +1.1992e+00 -1.8262e-01 +6.7530e-01 -9.8081e-01 -8.8767e-02 +1.4161e+00 +1.2766e+00 -3.9365e-02
144 0 +4.081182515e+02 +4.081182515e+02 +4.335882515e+02 +4.335882515e+02 -3.0363e+00 +3.9640e-01 -2.0178e-01 -1.0018e+00 -1.6985e+00 +1.9963e-01 -1.4039e+00 +1.1975e+00 +5.6144e-01 -1.1030e+00 -7.6359e-01 -2.7027e-02 +2.8117e+00 +6.1796e-01 +8.0676e-01 -1.1943e+00 +1.4622e+00 +2.6884e+00 +1.4768e+00 -1.1737e-01
151 0 +3.675536777e+02 +3.675536777e+02 +3.930236777e+02 +3.930236777e+02 -3.0792e+00 +3.8309e-01 -3.1284e-01 -1.2167e+00 -3.2821e+00 +1.8975e-01 -2.6683e+00 +1.5614e+00 +1.3926e+00 +1.8101e-01 -5.7670e-01 -6.3674e-03 +8.1968e-02 +1.1756e+00 +1.0314e+00 -1.1016e+00 +1.9627e+00 +2.2867e+00 +5.5653e-01 -2.2235e-02
155 0 +3.614475901e+02 +3.614475901e+02 +3.869175901e+02 +3.869175901e+02 -3.3027e+00 +2.9453e-01 -3.4377e-01 -1.9881e+00 -4.1948e+00 +1.4201e-01 -3.4104e+00 +1.3425e+00 +1.0925e+00 +6.7968e-02 -6.9137e-01 +2.9157e-02 +4.2201e-01 +9.6075e-01 +6.5039e-01 -1.2812e+00 +5.3353e-01 +2.8480e+00 +6.5399e-01 -4.5171e-02
165 0 +3.436557433e+02 +3.436557433e+02 +3.691257433e+02 +3.691257433e+02 -3.1415e+00 +1.6697e-01 -3.1097e-01 -2.7871e+00 -4.1884e+00 +1.3036e-01 -4.6538e+00 +1.6371e+00 +1.7061e+00 -8.5192e-01 -6.1026e-01 +9.4099e-02 +6.4745e-01 -1.0206e-01 +6.0855e-01 -1.7003e+00 +8.6466e-01 +2.8708e+00 -1.0346e+00 -3.8763e-02
184 0 +3.379544868e+02 +3.379544868e+02 +3.634244868e+02 +3.634244868e+02 -3.4556e+00 +2.7175e-01 -5.0987e-01 -3.2872e+00 -2.8185e+00 -9.6326e-02 -4.8301e+00 +1.3382e+00 +1.7229e+00 -2.6532e-01 -3.0162e-01 -1.1231e-02 +5.5896e-01 +2.1171e+00 +8.3669e-01 -1.3414e+00 +1.0149e+00 +5.4961e+00 +6.9242e-01 -8.0426e-03
247 0 +3.247321887e+02 +3.247321887e+02 +3.502021887e+02 +3.502021887e+02 -4.0157e+00 +3.8568e-01 -4.3635e-01 -2.1670e+00 -1.4377e+00 +8.9621e-02 -4.4143e+00 +5.8843e-01 +2.4739e+00 +7.9549e-01 -2.7391e-01 +6.7752e-02 +7.4293e-01 +7.8913e-01 +9.8863e-01 -1.2344e+00 +8.8891e-01 +6.6184e+00 -1.2884e+00 +1.3883e-02
272 0 +3.160892595e+02 +3.160892595e+02 +3.415592595e+02 +3.415592595e+02 -4.0884e+00 +5.4833e-01 -5.7039e-01 -2.1581e+00 -1.6799e+00 +2.5510e-01 -2.9443e+00 +1.0403e+00 +2.7041e+00 -6.2337e-01 -3.0661e-02 -9.1040e-02 +1.4528e+00 +2.3031e+00 +1.2880e+00 -1.3579e+00 +1.1129e+00 +6.2481e+00 -6.0963e-01 -6.6053e-03
432 0 +2.721681390e+02 +2.721681390e+02 +2.976381390e+02 +2.976381390e+02 -3.5108e+00 +3.5314e-01 -8.0183e-01 -4.0236e+00 -3.9137e+00 +2.0210e-01 -2.1743e+00 +6.0131e-01 +1.2008e+00 -2.5798e+00 -3.2360e-01 +5.5853e-01 +4.4944e-01 +1.7651e+00 +1.9091e+00 -2.0339e+00 +8.3375e-01 +6.0285e+00 +6.0342e-01 -9.9418e-02
760 0 +2.557139599e+02 +2.557139599e+02 +2.811839599e+02 +2.811839599e+02 -4.2670e+00 +3.8775e-01 -8.8227e-01 -4.2269e+00 -3.2325e+00 +1.1040e-01 -3.1267e+00 +5.8716e-01 +1.5127e+00 -1.7147e+00 -7.6117e-01 +4.7206e-01 +1.3617e+00 +3.0415e+00 +2.1566e+00 -1.2137e+00 +2.4539e+00 +4.8842e+00 +1.8920e+00 -8.3007e-02
% f evaluations | g evaluations | best noise-free fitness - Fopt | noise-free fitness - Fopt (-1.008100000000e+02) | measured fitness | best measured fitness | x1 | x2...
1 0 +6.498547399e+02 +6.498547399e+02 +5.490447399e+02 +5.490447399e+02 +0.0000e+00 +0.0000e+00 +0.0000e+00 +0.0000e+00 +0.0000e+00 +0.0000e+00 +0.0000e+00 +0.0000e+00 +0.0000e+00 +0.0000e+00 +0.0000e+00 +0.0000e+00 +0.0000e+00 +0.0000e+00 +0.0000e+00 +0.0000e+00 +0.0000e+00 +0.0000e+00 +0.0000e+00 +0.0000e+00
26 0 +5.155241564e+02 +5.155241564e+02 +4.147141564e+02 +4.147141564e+02 -1.4948e+00 +2.1590e+00 -1.1529e+00 +1.0222e+00 +9.8460e-01 +3.8956e-01 -4.3555e-01 +1.8679e-01 -3.0563e+00 -5.6687e-01 +7.0454e-01 -2.3899e-01 +1.1518e+00 +7.0638e-02 +2.3649e-01 +3.4119e-01 -3.3280e-01 -5.4753e-01 -1.3204e-01 +1.4998e-01
64 0 +4.807392977e+02 +4.807392977e+02 +3.799292977e+02 +3.799292977e+02 -1.8992e+00 +1.3769e+00 +1.1457e+00 +5.4808e-02 -3.5851e-01 +9.0072e-01 +8.4173e-01 -1.0213e-01 -2.6261e+00 -1.9202e+00 -3.0506e+00 +2.9163e-02 +6.7210e-01 +9.5507e-02 +3.0464e-01 +2.1382e-01 -3.2866e-01 -5.5998e-01 -1.9164e-02 +1.5254e+00
65 0 +4.385702921e+02 +4.385702921e+02 +3.377602921e+02 +3.377602921e+02 -1.0843e+00 +9.7127e-01 +1.1487e+00 +4.8210e-01 +7.8486e-01 +9.3438e-01 +6.2206e-02 +6.3144e-02 -2.1700e+00 -2.0059e+00 -8.8134e-01 -1.7874e-01 -1.6905e+00 -4.1521e-02 +2.0277e-01 +4.1727e-01 -2.6260e-01 -1.2285e-01 -1.4949e-01 +9.0937e-01
105 0 +3.947840638e+02 +3.947840638e+02 +2.939740638e+02 +2.939740638e+02 -1.1120e+00 -1.4510e+00 +5.1886e-01 +2.5126e-01 +2.9541e+00 +1.1152e+00 +2.3755e+00 -2.6049e-01 -3.5188e+00 -4.8951e-01 -1.1990e+00 -1.7208e-01 -1.9308e+00 -5.4066e-02 +5.2404e-01 +2.3220e-01 -1.6733e-01 -2.2994e+00 +1.0094e+00 +2.3725e+00
209 0 +3.611086721e+02 +3.611086721e+02 +2.602986721e+02 +2.602986721e+02 -2.3004e+00 -3.9769e+00 +9.0272e-01 -9.8148e-01 +6.7935e-01 +5.6812e-01 +2.2943e+00 +2.8018e-01 -3.2604e+00 -3.8896e-01 -3.5645e+00 +3.5627e-02 +2.3192e-01 -3.4242e-01 +2.8684e-01 -1.4955e-01 +4.2733e-01 -1.9717e+00 +8.1492e-01 +3.2112e+00
% f evaluations | g evaluations | best noise-free fitness - Fopt | noise-free fitness - Fopt (-3.531300000000e+02) | measured fitness | best measured fitness | x1 | x2...
1 0 +9.138868848e+02 +9.138868848e+02 +5.607568848e+02 +5.607568848e+02 +0.0000e+00 +0.0000e+00 +0.0000e+00 +0.0000e+00 +0.0000e+00 +0.0000e+00 +0.0000e+00 +0.0000e+00 +0.0000e+00 +0.0000e+00 +0.0000e+00 +0.0000e+00 +0.0000e+00 +0.0000e+00 +0.0000e+00 +0.0000e+00 +0.0000e+00 +0.0000e+00 +0.0000e+00 +0.0000e+00
7 0 +8.755077183e+02 +8.755077183e+02 +5.223777183e+02 +5.223777183e+02 -3.8651e-01 +3.4930e-01 +3.8168e-01 -4.0665e-02 +1.4656e+00 -2.9566e+00 -6.9365e-01 -3.2751e-01 +2.2012e-02 +1.0930e+00 -1.1464e+00 +1.2324e+00 +9.1636e-02 +1.1449e-01 -3.6385e-01 -8.0226e-01 -4.2997e-02 -1.1172e+00 +4.0695e+00 -1.7401e-01
9 0 +8.138247148e+02 +8.138247148e+02 +4.606947148e+02 +4.606947148e+02 -2.7388e-01 +1.8320e-01 +3.9562e-02 +1.2774e-01 +9.8224e-01 +6.4750e-02 +9.2045e-01 -1.1192e-01 +8.9686e-03 +2.4134e+00 -1.7926e+00 +6.4108e-01 +5.8127e-02 -3.9733e-01 -2.6314e-01 +4.2799e-01 -3.7569e-01 -3.6154e-02 +3.9596e-01 -6.7889e-02
14 0 +6.019327832e+02 +6.019327832e+02 +2.488027832e+02 +2.488027832e+02 -8.1752e-01 +4.1330e-01 -7.4628e-01 +1.9501e-01 +8.0302e-02 -9.1215e-01 +1.2332e+00 -3.7916e-02 -1.3276e-02 +2.6649e+00 -5.1466e-01 -3.0214e-01 +6.8837e-02 -2.8791e-01 -2.3165e-01 +3.2124e-01 -4.0016e-01 +2.2822e+00 +1.3955e-01 -2.9574e-01
22 0 +4.800638482e+02 +4.800638482e+02 +1.269338482e+02 +1.269338482e+02 -1.0148e+00 +1.2962e-01 -4.7966e-01 +1.4535e-01 +2.9071e-01 -1.1780e+00 +1.3434e+00 -2.4944e-02 +5.8564e-03 +3.9665e+00 -2.3357e+00 -1.5591e+00 -5.4704e-02 -6.6078e-01 -8.1491e-01 +1.0602e+00 -9.2873e-01 +2.6788e+00 +1.4469e+00 -1.6794e-01
26 0 +4.680644522e+02 +4.680644522e+02 +1.149344522e+02 +1.149344522e+02 -1.3658e+00 +4.1098e-01 -3.9545e-01 +2.5598e-01 -3.0250e-01 -1.8880e+00 +1.8260e+00 -6.5462e-02 -6.6074e-02 +3.9082e+00 -2.4704e+00 -3.4077e+00 +4.0495e-02 -2.1859e-01 -3.1371e-01 -2.8658e-01 -2.1267e+00 +2.8516e+00 +3.6326e+00 -7.6418e-02
36 0 +4.500050630e+02 +4.500050630e+02 +9.687506297e+01 +9.687506297e+01 -2.2648e+00 +1.2236e-01 -9.5230e-01 +3.9741e-02 -1.1432e+00 -2.4303e+00 +1.5367e+00 +8.9290e-02 -1.4203e-02 +2.4946e+00 -3.5414e+00 -2.0481e+00 +1.7783e-01 -2.4165e-01 -9.4540e-01 -2.0853e-01 -1.9433e+00 +3.2191e+00 +4.3771e+00 -7.3628e-03
60 0 +4.305218065e+02 +4.305218065e+02 +7.739180646e+01 +7.739180646e+01 -8.5761e-01 -1.9958e-01 -1.0471e+00 +7.7674e-02 -1.4785e+00 +3.6736e-01 -3.9445e+00 +2.7225e-01 +2.1599e-02 +7.6160e-01 -2.1132e+00 -5.2390e+00 +2.4199e-01 -1.6872e+00 -1.7408e+00 -2.2312e+00 -3.7861e+00 +4.3156e+00 +4.4899e+00 -4.5544e-01
% f evaluations | g evaluations | best noise-free fitness - Fopt | noise-free fitness - Fopt (8.716000000000e+01) | measured fitness | best measured fitness | x1 | x2...
1 0 +6.109840094e+02 +6.109840094e+02 +6.981440094e+02 +6.981440094e+02 +0.0000e+00 +0.0000e+00 +0.0000e+00 +0.0000e+00 +0.0000e+00 +0.0000e+00 +0.0000e+00 +0.0000e+00 +0.0000e+00 +0.0000e+00 +0.0000e+00 +0.0000e+00 +0.0000e+00 +0.0000e+00 +0.0000e+00 +0.0000e+00 +0.0000e+00 +0.0000e+00 +0.0000e+00 +0.0000e+00
9 0 +5.013201378e+02 +5.013201378e+02 +5.884801378e+02 +5.884801378e+02 +5.9798e-02 -4.2787e-02 -6.7358e-01 +5.5951e-01 -9.3350e-01 -1.0337e-03 +1.7626e-01 +4.5393e-01 -4.9042e-01 -5.7599e-02 +8.6578e-01 -3.8004e-01 +5.7154e-01 +1.6058e-01 -1.3654e+00 +1.5297e-01 -2.5283e-01 +1.4358e+00 -2.7414e+00 +9.5364e-02
15 0 +5.005823829e+02 +5.005823829e+02 +5.877423829e+02 +5.877423829e+02 -1.6880e-02 +5.0736e-01 -2.4813e-01 +1.4756e+00 -2.8242e-01 -1.1361e-02 +7.1708e-01 -4.6430e-01 -7.9881e-01 +4.1097e-02 -1.8736e+00 +4.2709e-01 +7.0288e-01 -5.7353e-02 -1.2334e+00 +4.2542e-01 +2.1605e-01 +2.9663e-01 +2.9471e-02 +1.9782e-01
21 0 +4.832305729e+02 +4.832305729e+02 +5.703905729e+02 +5.703905729e+02 +8.5471e-02 +2.5337e-01 -7.9908e-01 +1.3165e+00 +2.1409e+00 -7.3467e-03 -4.1196e-01 -4.7253e-01 -3.4375e+00 +4.3389e-02 -2.9947e+00 +1.7805e+00 +2.4446e-01 +9.9366e-02 -1.3201e+00 +2.5835e-02 -6.2593e-01 -1.0090e+00 -9.2639e-01 +5.0546e-01
34 0 +4.767606283e+02 +4.767606283e+02 +5.639206283e+02 +5.639206283e+02 +8.4078e-03 +3.2368e-01 -1.5282e+00 +8.6725e-01 -1.8588e+00 -9.3674e-03 +9.9184e-01 -1.7424e-02 -1.5730e+00 -4.0295e-02 +1.1825e+00 +8.7685e-01 +5.4730e-01 -1.2840e-01 -1.4265e+00 +4.6546e-01 -3.4434e-01 -1.8325e-01 -1.6810e+00 +3.1691e-01
40 0 +3.757863805e+02 +3.757863805e+02 +4.629463805e+02 +4.629463805e+02 +7.9091e-03 +5.8091e-01 -1.5759e-01 +7.2641e-01 -2.0460e-01 -1.9762e-03 +1.9019e+00 -4.4020e-01 -2.8707e+00 +1.8700e-02 +9.5038e-03 -2.9474e-01 +6.5017e-01 +9.8533e-02 -1.3113e+00 +1.4922e-01 +5.7514e-02 +1.5511e+00 -1.8034e+00 +9.2529e-02
87 0 +3.572739790e+02 +3.572739790e+02 +4.444339790e+02 +4.444339790e+02 +1.4078e-02 +1.3264e+00 -5.3067e-01 +2.1151e+00 +5.7839e-01 -1.4357e-02 +1.7631e+00 -7.1125e-01 -2.6127e+00 -6.5352e-02 -2.9025e+00 +2.8344e-01 -2.1038e-01 -1.6203e-01 -2.0593e-01 +5.1517e-01 -6.2193e-02 +4.2884e-01 -2.2460e+00 +5.0310e-01
158 0 +3.545065171e+02 +3.545065171e+02 +4.416665171e+02 +4.416665171e+02 +2.8296e-02 +1.6570e+00 -1.1223e+00 +2.1780e+00 +1.3998e+00 -1.3289e-02 +3.0409e+00 -9.3273e-01 -1.7891e+00 -8.0230e-02 -3.1745e+00 -1.2095e+00 -3.0916e-01 -1.3248e+00 +6.1913e-01 +2.9339e-01 +5.2455e-01 +8.2570e-01 -3.3756e+00 +8.3892e-02
209 0 +3.339150623e+02 +3.339150623e+02 +4.210750623e+02 +4.210750623e+02 +4.4359e-02 +1.8769e+00 -8.2702e-01 +1.6451e+00 +1.4715e+00 -3.8408e-03 +4.0920e+00 -1.1918e+00 -1.4244e+00 -9.4335e-02 -2.3556e+00 -2.1907e+00 -5.1509e-01 -1.3334e+00 +8.7964e-01 +2.9272e-01 +3.3447e-01 +2.0721e-01 -2.9511e+00 +1.4722e-01
370 0 +3.277471046e+02 +3.277471046e+02 +4.149071046e+02 +4.149071046e+02 +1.3061e-02 +3.1592e+00 -1.7256e+00 +2.0199e+00 +2.5706e+00 -1.9495e-02 +3.0704e+00 +7.3634e-01 -1.2135e+00 -3.5623e-02 -2.0577e+00 -3.1150e+00 +4.7571e-01 -2.9205e+00 +2.6340e+00 -8.1975e-03 -1.1276e+00 -3.9667e-01 -2.5099e+00 -1.0960e+00
428 0 +3.160291291e+02 +3.160291291e+02 +4.031891291e+02 +4.031891291e+02 -2.3144e-02 +2.0810e+00 -4.1781e+00 +4.1370e+00 -4.5644e-01 -3.6864e-02 +1.4929e+00 +1.2120e+00 -3.7873e+00 +1.6425e-01 -7.8992e-01 -4.1068e+00 -1.4925e-01 -1.3930e+00 +2.0018e+00 -7.9763e-01 -6.9657e-01 +1.6442e-01 -2.2785e+00 -3.0203e-01
492 0 +2.813081048e+02 +2.813081048e+02 +3.684681048e+02 +3.684681048e+02 +4.2698e-03 +1.8792e+00 -3.5775e+00 +2.9228e+00 +1.0699e+00 -3.7475e-02 +2.9059e+00 +4.5710e-02 -5.1017e+00 +1.7362e-01 +7.8153e-01 -3.7991e+00 +1.1975e+00 -1.0480e+00 +2.2942e+00 +9.0353e-02 -2.3517e+00 -5.5944e-01 -2.6504e+00 +1.6182e-01
558 0 +2.674388978e+02 +2.674388978e+02 +3.545988978e+02 +3.545988978e+02 +7.6416e-03 +1.5711e+00 -3.0767e+00 +3.5717e+00 +1.6809e+00 -3.8747e-02 +4.4427e+00 +1.3167e+00 -1.9434e+00 +1.4352e-01 -1.5921e-01 -2.1964e+00 +8.3696e-01 -1.8131e+00 +2.6535e+00 -3.8249e-02 -2.2967e+00 -1.4283e+00 -2.7857e+00 -1.1448e+00
571 0 +2.248890333e+02 +2.248890333e+02 +3.120490333e+02 +3.120490333e+02 +5.7621e-04 +1.2388e+00 -3.5964e+00 +3.5131e+00 +1.2981e+00 -4.9163e-02 +4.3468e+00 +8.3782e-01 -2.7928e+00 +1.9395e-01 +5.9758e-01 -3.1277e+00 +1.2335e+00 -2.0308e+00 +1.8960e+00 -2.2463e-02 -2.6980e+00 -1.3970e+00 -2.0441e+00 -1.1846e+00
% f evaluations | g evaluations | best noise-free fitness - Fopt | noise-free fitness - Fopt (-3.475000000000e+01) | measured fitness | best measured fitness | x1 | x2...
1 0 +7.040696691e+02 +7.040696691e+02 +6.693196691e+02 +6.693196691e+02 +0.0000e+00 +0.0000e+00 +0.0000e+00 +0.0000e+00 +0.0000e+00 +0.0000e+00 +0.0000e+00 +0.0000e+00 +0.0000e+00 +0.0000e+00 +0.0000e+00 +0.0000e+00 +0.0000e+00 +0.0000e+00 +0.0000e+00 +0.0000e+00 +0.0000e+00 +0.0000e+00 +0.0000e+00 +0.0000e+00
12 0 +6.585470284e+02 +6.585470284e+02 +6.237970284e+02 +6.237970284e+02 -2.2963e-01 +8.5092e-02 -1.1754e+00 +2.1516e+00 +6.2243e-01 -1.3891e-01 -1.2201e+00 -1.1641e+00 -1.0424e+00 -3.2855e-02 -7.8921e-01 -6.9689e-01 +1.2850e-01 -2.3426e-01 +4.6448e-01 +1.8975e-02 +5.5525e-01 -4.2657e-02 -4.0531e-01 +1.3819e-01
67 0 +6.379834908e+02 +6.379834908e+02 +6.032334908e+02 +6.032334908e+02 +8.6284e-01 +2.1662e-01 +3.6692e-01 +1.0274e+00 +3.4539e-02 -6.1272e-01 -2.3562e+00 -1.6660e+00 -2.5453e+00 +2.2332e-01 -6.1335e-01 -1.6764e-01 +3.3272e-01 -6.6680e-01 +9.3174e-01 +7.3573e-01 -1.3856e-01 -1.1511e-03 -5.7904e-01 +2.8177e-01
74 0 +5.887674839e+02 +5.887674839e+02 +5.540174839e+02 +5.540174839e+02 +1.0076e+00 -2.3275e-01 +3.0242e-01 +8.9257e-01 +1.0156e+00 -1.1761e+00 -2.7284e+00 -4.8412e+00 -3.5830e+00 +2.5094e-01 -1.3532e+00 +8.7418e-01 +5.2783e-01 -7.0585e-01 +1.5417e+00 +6.4083e-01 -2.5036e-01 -1.3300e-02 -3.4226e-01 +1.2274e-01
88 0 +5.348532640e+02 +5.348532640e+02 +5.001032640e+02 +5.001032640e+02 +8.7483e-01 -2.1223e-01 +4.1920e-02 -9.2092e-01 +5.7159e-01 -1.9066e+00 -2.7496e+00 -1.7665e+00 -8.5559e-01 +2.1175e-01 -1.6223e+00 +2.7191e-01 +1.0191e+00 -1.2363e+00 +1.4834e+00 +7.0245e-01 +1.1154e-01 -2.2750e-04 -3.8373e-01 +1.8123e-01
961 0 +4.168753049e+02 +4.168753049e+02 +3.821253049e+02 +3.821253049e+02 -3.8324e+00 -1.5615e+00 -2.2913e+00 -2.3853e-01 -1.2580e+00 -4.5994e+00 +1.6817e+00 -5.0856e+00 -1.5280e+00 +1.1436e+00 -4.8938e+00 +4.7073e+00 -7.3983e-01 -6.1202e+00 -3.7324e-01 +2.0493e+00 -1.6139e+00 +6.4887e-01 -9.7023e-01 +6.4889e-01
% f evaluations | g evaluations | best noise-free fitness - Fopt | noise-free fitness - Fopt (-1.000000000000e+03) | measured fitness | best measured fitness | x1 | x2...
1 0 +7.306238134e+02 +7.306238134e+02 -2.693761866e+02 -2.693761866e+02 +0.0000e+00 +0.0000e+00 +0.0000e+00 +0.0000e+00 +0.0000e+00 +0.0000e+00 +0.0000e+00 +0.0000e+00 +0.0000e+00 +0.0000e+00 +0.0000e+00 +0.0000e+00 +0.0000e+00 +0.0000e+00 +0.0000e+00 +0.0000e+00 +0.0000e+00 +0.0000e+00 +0.0000e+00 +0.0000e+00
3 0 +6.501218505e+02 +6.501218505e+02 -3.498781495e+02 -3.498781495e+02 -5.6523e-01 -2.0301e-01 +5.1860e-02 -4.4777e-02 +4.0776e-01 -8.2839e-02 +3.6834e-01 +2.4061e+00 +4.3320e-01 -1.6662e+00 -4.2641e-01 -9.4686e-01 -9.4983e-02 -2.9948e-01 -4.8313e-01 +1.4012e-01 -1.5282e+00 +5.6892e-01 +3.9368e-01 -5.5808e-01
9 0 +5.783916657e+02 +5.783916657e+02 -4.216083343e+02 -4.216083343e+02 -1.1510e+00 +7.1733e-01 +1.8042e-01 +9.7448e-02 -4.8616e-01 +3.8101e-03 -3.5642e-01 +1.4818e+00 -8.1735e-01 -1.4387e+00 -7.1693e-01 +1.2239e+00 +2.9671e-01 +1.9721e+00 -7.8126e-01 -4.0787e-02 +8.9590e-02 +9.9526e-01 +3.1221e-01 -1.0768e+00
15 0 +5.624760442e+02 +5.624760442e+02 -4.375239558e+02 -4.375239558e+02 -3.3550e-01 +6.9661e-01 +6.9227e-02 +2.0967e-02 +1.5393e-01 -6.8946e-02 -1.5337e-01 +2.5640e+00 -1.4345e+00 -2.3077e+00 -5.8555e-01 +2.6399e-01 +1.5138e+00 +2.9839e+00 -1.0825e+00 +1.0144e-01 -1.1196e+00 +8.3247e-01 +5.1730e-01 -3.7526e-01
18 0 +4.841111780e+02 +4.841111780e+02 -5.158888220e+02 -5.158888220e+02 -1.1328e+00 +1.3979e-01 +1.1637e-01 -1.0411e-01 -1.3340e+00 +1.6873e-02 -1.0848e-02 +2.4107e+00 +1.7267e-01 -6.8644e-01 -1.1228e+00 -3.2712e-01 +2.3979e-01 +4.2448e-02 -2.2448e-01 +9.4143e-02 -9.4426e-01 +2.3017e+00 +5.0798e-01 -7.5891e-01
85 0 +4.358864308e+02 +4.358864308e+02 -5.641135692e+02 -5.641135692e+02 -2.9046e+00 -1.0117e+00 +1.9013e-02 -4.6944e-01 -7.0270e-01 +1.1266e-01 -2.6204e-01 +2.6034e+00 +1.0845e+00 -2.8921e+00 -1.8125e-01 -1.8071e+00 -1.0453e-02 +3.2936e-01 -1.7834e+00 +8.3853e-02 +3.7231e-01 +1.6204e+00 +3.6866e-01 -5.2830e-01
% f evaluations | g evaluations | best noise-free fitness - Fopt | noise-free fitness - Fopt (-9.247000000000e+01) | measured fitness | best measured fitness | x1 | x2...
1 0 +6.219423854e+02 +6.219423854e+02 +5.294723854e+02 +5.294723854e+02 +0.0000e+00 +0.0000e+00 +0.0000e+00 +0.0000e+00 +0.0000e+00 +0.0000e+00 +0.0000e+00 +0.0000e+00 +0.0000e+00 +0.0000e+00 +0.0000e+00 +0.0000e+00 +0.0000e+00 +0.0000e+00 +0.0000e+00 +0.0000e+00 +0.0000e+00 +0.0000e+00 +0.0000e+00 +0.0000e+00
20 0 +6.204868789e+02 +6.204868789e+02 +5.280168789e+02 +5.280168789e+02 -3.1593e-01 -2.4852e-01 +3.9678e-02 -9.1161e-01 +4.3606e-02 -3.8800e+00 +7.9912e-01 -7.3911e-01 +1.1336e-01 +1.6308e+00 -1.9079e+00 -2.7243e-02 -5.1283e-01 -1.1985e+00 +1.9770e+00 -6.3493e-01 -1.2018e+00 -3.4477e-01 +7.9338e-01 -4.9944e-01
% f evaluations | g evaluations | best noise-free fitness - Fopt | noise-free fitness - Fopt (-2.153000000000e+02) | measured fitness | best measured fitness | x1 | x2...
1 0 +6.735127559e+02 +6.735127559e+02 +4.582127559e+02 +4.582127559e+02 +0.0000e+00 +0.0000e+00 +0.0000e+00 +0.0000e+00 +0.0000e+00 +0.0000e+00 +0.0000e+00 +0.0000e+00 +0.0000e+00 +0.0000e+00 +0.0000e+00 +0.0000e+00 +0.0000e+00 +0.0000e+00 +0.0000e+00 +0.0000e+00 +0.0000e+00 +0.0000e+00 +0.0000e+00 +0.0000e+00
2 0 +6.372135549e+02 +6.372135549e+02 +4.219135549e+02 +4.219135549e+02 +1.1081e-01 +4.4013e-01 -1.1409e-01 +1.8834e+00 -6.7412e-02 -1.4291e-01 +1.3322e-02 +8.8019e-01 +8.9686e-01 +7.0308e-01 -5.4439e-01 -2.6539e-01 -1.0068e-01 +8.8495e-01 -5.2854e-03 -2.0550e-01 +1.3241e-01 -2.1968e-01 +1.0732e-01 +3.2040e-01
4 0 +5.670924288e+02 +5.670924288e+02 +3.517924288e+02 +3.517924288e+02 +4.5035e-01 +4.2886e-01 -1.0022e+00 +2.1719e-01 -7.2178e-02 +3.6633e-01 +3.2557e-03 +2.8944e+00 +2.2798e-01 -1.6043e+00 +1.6956e-01 -3.4238e-01 +3.3704e-01 +1.1054e-01 -8.2987e-02 -4.1572e-01 -2.1811e-01 +1.7023e+00 -3.7212e-01 +7.1257e-01
11 0 +5.445055193e+02 +5.445055193e+02 +3.292055193e+02 +3.292055193e+02 -3.2564e-01 +5.4835e-02 -4.4863e-01 -4.2682e-01 -1.4907e-01 -2.8800e-01 +3.8133e-03 -7.2932e-01 +7.6217e-01 +1.6166e-02 -3.9958e-01 -4.1870e-01 +4.9170e-01 +7.0790e-02 -1.7093e-01 +6.8720e-02 -3.3074e-01 +4.3807e+00 -3.2195e-01 +9.2665e-01
23 0 +5.350353176e+02 +5.350353176e+02 +3.197353176e+02 +3.197353176e+02 +2.7932e-01 +2.6715e-01 -2.1139e-01 -5.5110e-01 -4.2772e-02 +2.4382e-01 +7.1342e-02 +2.9024e+00 +1.0647e+00 -2.7331e+00 +5.6225e-01 -3.4324e-01 -8.8367e-01 -3.3606e-01 -1.1045e-01 -4.1166e-01 -1.4748e-01 +4.9873e+00 -1.0982e-01 +1.2530e+00
% f evaluations | g evaluations | best noise-free fitness - Fopt | noise-free fitness - Fopt (-5.449000000000e+01) | measured fitness | best measured fitness | x1 | x2...
1 0 +5.443034746e+02 +5.443034746e+02 +4.898134746e+02 +4.898134746e+02 +0.0000e+00 +0.0000e+00 +0.0000e+00 +0.0000e+00 +0.0000e+00 +0.0000e+00 +0.0000e+00 +0.0000e+00 +0.0000e+00 +0.0000e+00 +0.0000e+00 +0.0000e+00 +0.0000e+00 +0.0000e+00 +0.0000e+00 +0.0000e+00 +0.0000e+00 +0.0000e+00 +0.0000e+00 +0.0000e+00
7 0 +5.208572986e+02 +5.208572986e+02 +4.663672986e+02 +4.663672986e+02 +1.1511e+00 -6.7313e-02 +6.3750e-02 +1.5985e-01 +1.1327e+00 -1.8639e+00 +1.7472e+00 -1.4338e-01 +6.9906e-01 -8.3208e-01 +1.2964e-01 -8.6570e-02 -1.3927e-01 +8.6782e-01 -2.3923e+00 +1.2333e+00 -5.1283e-01 -3.4732e-02 -3.0907e-02 +4.2597e-01
15 0 +4.567716670e+02 +4.567716670e+02 +4.022816670e+02 +4.022816670e+02 -4.5299e-02 +2.9006e-01 +1.2688e+00 -2.5667e-01 -7.1677e-01 -3.9356e-01 -1.2649e+00 +1.0537e+00 -3.6740e+00 -8.7015e-01 +9.5542e-01 +3.5804e-01 -1.2175e+00 +3.0059e+00 -1.3519e-01 +6.3551e+00 -1.1086e+00 -3.2340e-03 -2.8675e-01 +5.9461e-01
60 0 +4.401632975e+02 +4.401632975e+02 +3.856732975e+02 +3.856732975e+02 -4.6570e-01 +5.4486e-01 +1.7547e+00 -1.3874e+00 -5.2026e-01 -3.4165e-01 -6.8421e-01 +1.1878e+00 -4.1399e+00 -5.3171e-01 -2.3214e+00 +1.1261e-01 -2.2696e+00 +4.6695e+00 +2.8402e+00 +4.1068e+00 -6.2653e-01 -1.1092e-01 +6.5365e-01 +2.8560e-01
65 0 +3.482167438e+02 +3.482167438e+02 +2.937267438e+02 +2.937267438e+02 +8.9210e-01 +1.2434e-01 +2.8323e+00 -4.4895e-01 -1.1950e-01 -7.2999e-03 -2.1368e+00 -2.1802e-01 -3.8633e+00 -8.5392e-01 -1.7053e+00 +2.9804e-01 -1.2885e+00 +3.6055e+00 +1.5308e+00 +2.1487e+00 +1.1493e+00 -2.7542e-02 -7.3602e-01 +4.8430e-01
67 0 +3.421811395e+02 +3.421811395e+02 +2.876911395e+02 +2.876911395e+02 -5.1557e-01 +6.2050e-01 +2.6048e+00 -1.1762e+00 -6.0960e-01 -1.6135e+00 -1.3017e+00 -3.6167e-02 -3.7710e+00 -7.0633e-01 -1.7855e+00 -6.8448e-02 +2.9565e-01 +3.7833e+00 +3.5591e+00 +3.1977e+00 +7.5528e-01 +3.2420e-01 -6.2233e-01 +3.2755e-01
167 0 +3.387890351e+02 +3.387890351e+02 +2.842990351e+02 +2.842990351e+02 +1.7519e+00 +5.1024e-01 +2.0912e+00 +1.3568e+00 +5.9203e-01 -1.5794e+00 -2.3968e+00 -3.3223e-01 -8.6234e-01 -7.8508e-01 -2.3769e+00 +1.3164e-01 -4.9862e-01 +3.7787e+00 +4.6718e+00 +2.9246e+00 +2.5902e+00 +3.7677e-01 -1.9050e+00 -8.4806e-02
174 0 +3.210573042e+02 +3.210573042e+02 +2.665673042e+02 +2.665673042e+02 +1.4969e+00 +5.5852e-01 +1.9081e+00 +1.3321e+00 +5.8472e-01 -1.2648e+00 -2.7104e+00 -4.1227e-01 -1.4663e+00 -7.5084e-01 -1.7642e+00 +2.7762e-01 -1.6591e+00 +3.3987e+00 +4.0101e+00 +2.7074e+00 +2.8293e+00 +3.2085e-01 -2.2024e+00 -7.7331e-02
186 0 +2.966796356e+02 +2.966796356e+02 +2.421896356e+02 +2.421896356e+02 +1.6669e+00 +5.3507e-01 +2.0654e+00 +1.1899e+00 +5.9599e-01 -1.6841e+00 -2.3629e+00 -5.9309e-01 -1.8516e+00 -6.7181e-01 -1.6616e+00 +1.5844e-01 -1.9110e+00 +3.8285e+00 +3.8107e+00 +3.1843e+00 +2.8047e+00 +1.8568e-01 -1.8848e+00 -1.3303e-01
205 0 +2.890799718e+02 +2.890799718e+02 +2.345899718e+02 +2.345899718e+02 +1.7584e+00 +4.2971e-01 +1.9538e+00 +1.2878e+00 +3.7693e-01 -1.0127e+00 -1.9755e+00 -1.1245e+00 -1.3611e+00 -8.2388e-01 -1.8920e+00 +3.2615e-02 -1.8532e+00 +3.5229e+00 +3.0596e+00 +3.2305e+00 +2.9293e+00 +2.7666e-01 -1.8769e+00 -2.8717e-01
255 0 +2.831338160e+02 +2.831338160e+02 +2.286438160e+02 +2.286438160e+02 +2.1976e+00 +1.9122e-02 +1.0523e+00 +8.1557e-01 +1.1791e+00 -9.2331e-01 -5.3147e+00 -1.7793e+00 -1.2109e+00 -1.5652e-01 -1.4836e+00 -2.2372e-01 -2.2694e+00 +4.0717e+00 +1.1846e+00 +1.4686e+00 +1.1837e+00 +3.1372e-01 -2.1686e+00 -2.0197e-01
294 0 +2.799003712e+02 +2.799003712e+02 +2.254103712e+02 +2.254103712e+02 +1.7457e+00 +1.2810e-01 +3.6268e+00 -7.7668e-02 +8.4659e-01 -3.9730e-01 -5.3544e+00 -7.4362e-01 -1.0308e+00 -6.1130e-02 -1.8191e+00 -3.6330e-01 -3.3901e+00 +9.8668e-01 +3.1694e+00 +5.0321e-01 +6.9333e-01 -9.0271e-01 -6.0995e-01 +1.0447e-01
% f evaluations | g evaluations | best noise-free fitness - Fopt | noise-free fitness - Fopt (5.049000000000e+01) | measured fitness | best measured fitness | x1 | x2...
1 0 +2.187944593e+03 +2.187944593e+03 +2.238434593e+03 +2.238434593e+03 +0.0000e+00 +0.0000e+00 +0.0000e+00 +0.0000e+00 +0.0000e+00 +0.0000e+00 +0.0000e+00 +0.0000e+00 +0.0000e+00 +0.0000e+00 +0.0000e+00 +0.0000e+00 +0.0000e+00 +0.0000e+00 +0.0000e+00 +0.0000e+00 +0.0000e+00 +0.0000e+00 +0.0000e+00 +0.0000e+00
2 0 +1.423580449e+03 +1.423580449e+03 +1.474070449e+03 +1.474070449e+03 +1.4071e+00 -7.0067e-02 -2.3598e-01 -6.3023e-01 -2.3532e-01 -2.9321e-01 +3.1781e-02 -1.6627e-01 -7.3196e-02 +5.8014e-02 -4.6613e-01 -8.4697e-02 -5.8572e-01 -1.3978e-03 -6.5672e-01 -2.3115e-02 -4.6141e-01 -2.4949e+00 -2.7152e+00 -9.1945e-01
13 0 +1.302161187e+03 +1.302161187e+03 +1.352651187e+03 +1.352651187e+03 -1.8186e-01 +1.2855e-01 -2.9252e-01 -6.3607e-01 +1.4563e-01 -1.7805e-01 -4.9507e-01 -9.8329e-02 -5.3879e-01 +4.1705e-02 -1.3675e+00 +1.9566e-01 +2.6878e+00 +4.5667e-02 -2.8875e+00 -2.2552e-01 -3.6640e-01 -5.8154e-02 -1.9926e-01 -1.3160e+00
17 0 +1.266613535e+03 +1.266613535e+03 +1.317103535e+03 +1.317103535e+03 +1.3837e+00 -5.9415e-02 +1.4673e-01 +5.6242e-01 +2.5789e-01 -4.1028e-01 -6.1730e-01 -2.2404e-01 +3.8300e-01 +2.3285e-01 +8.1625e-02 +7.0320e-03 +3.6270e+00 -8.9220e-02 -2.0792e+00 -6.4431e-02 +9.5149e-01 +8.7771e-02 +6.6056e-01 +6.4805e-01
19 0 +1.035908934e+03 +1.035908934e+03 +1.086398934e+03 +1.086398934e+03 +3.0883e+00 +7.7424e-01 +3.7633e-01 +9.3450e-01 -2.6223e-01 -3.6398e-01 +1.4434e-01 -5.8964e-02 +2.4280e+00 +1.0778e-01 +1.0994e-01 -7.9981e-02 +2.5269e+00 -5.9516e-02 -3.4625e+00 -4.2427e-01 -1.6222e+00 +9.5915e-01 -6.8891e-01 +2.4156e-01
21 0 +9.807431589e+02 +9.807431589e+02 +1.031233159e+03 +1.031233159e+03 +7.5349e-01 +9.3949e-03 +1.5708e+00 +5.8292e-01 +3.5996e-01 -3.0650e-01 +3.5813e-01 -1.2188e-01 +8.8003e-01 -9.6810e-02 -9.0407e-02 +8.8936e-02 +3.3995e+00 +3.2457e-02 -2.0519e+00 +1.6396e-01 -7.9616e-01 -1.1613e+00 -1.8923e-01 -1.2107e+00
35 0 +9.264619655e+02 +9.264619655e+02 +9.769519655e+02 +9.769519655e+02 +2.4086e+00 +6.1056e-01 +1.4218e+00 +2.0473e+00 +5.6836e-01 -2.7778e-01 -1.0947e-01 -7.3108e-01 +2.8288e+00 -2.8756e-01 -8.8459e-02 -2.0608e-01 +3.9404e+00 -1.9662e-01 -3.7440e+00 -5.9750e-01 -1.8619e+00 +4.5171e-01 +1.8090e-01 +9.2252e-01
40 0 +8.953434504e+02 +8.953434504e+02 +9.458334504e+02 +9.458334504e+02 +5.0941e+00 +5.3543e-01 +1.6442e+00 +1.3950e+00 +3.2555e-02 -2.0622e-01 -2.1685e-01 -5.0308e-01 +9.9147e-01 +1.3412e-01 +3.6864e-01 -1.6580e-01 +2.9778e+00 -1.0731e-01 -3.8096e+00 -3.8640e-01 -9.9086e-01 +7.3752e-01 -1.2659e+00 +1.2780e+00
42 0 +7.557255007e+02 +7.557255007e+02 +8.062155007e+02 +8.062155007e+02 +5.0747e+00 +3.8015e-01 +1.4634e+00 +1.8426e+00 +1.9302e-01 -4.3582e-01 +1.4830e-01 -3.6923e-01 +1.0615e+00 -1.1304e-02 -7.7944e-04 -2.3768e-01 +3.5285e+00 -6.3200e-02 -2.4263e+00 -6.2075e-02 -1.4658e+00 -5.9358e-02 -1.6041e+00 +1.7401e+00
56 0 +7.252062731e+02 +7.252062731e+02 +7.756962731e+02 +7.756962731e+02 +5.8865e+00 +5.3021e-01 +2.0211e+00 +1.1961e+00 +1.8307e-01 -6.1058e-02 +1.6362e-01 -3.1088e-01 +2.1027e-01 +1.4925e-01 +2.4293e-01 -2.5065e-01 +2.4396e+00 -1.0120e-01 -4.5190e+00 -3.3072e-01 -1.3739e+00 -2.2868e+00 -9.7458e-01 +1.2635e+00
63 0 +6.745763027e+02 +6.745763027e+02 +7.250663027e+02 +7.250663027e+02 +4.4385e+00 +5.5612e-01 +1.4415e+00 +1.8151e+00 +2.6577e-01 -1.5597e-01 -1.0211e-01 -4.4382e-01 -5.8320e-01 +1.6764e-01 +1.1094e-01 -1.5678e-01 +2.5659e+00 -1.1512e-01 -5.0259e+00 -4.1468e-01 -7.2947e-01 -1.2253e+00 -6.6933e-01 +2.2211e-02
74 0 +6.425280565e+02 +6.425280565e+02 +6.930180565e+02 +6.930180565e+02 +4.3235e+00 +7.0667e-01 +1.7399e+00 +2.5091e+00 +2.8167e-01 -1.3966e-01 -1.1387e-01 -3.8928e-01 -6.3991e-01 +7.1582e-02 -1.5576e-01 -2.1378e-01 +3.3088e+00 -1.3508e-01 -3.9506e+00 -6.3023e-01 -1.4960e+00 -1.3288e+00 -2.1161e-01 +1.1363e+00
76 0 +5.986867483e+02 +5.986867483e+02 +6.491767483e+02 +6.491767483e+02 +4.5441e+00 +7.2348e-01 +2.1465e+00 +1.7755e+00 +1.7234e-01 -2.2881e-01 -7.9735e-03 -3.2672e-01 -3.6819e-01 +1.7175e-01 +1.1342e-01 -1.5190e-01 +2.8233e+00 -1.2653e-01 -3.8948e+00 -3.9510e-01 -1.4622e+00 -1.3623e+00 +1.7978e-03 +9.6184e-01
82 0 +5.092108988e+02 +5.092108988e+02 +5.597008988e+02 +5.597008988e+02 +4.7763e+00 +7.8056e-01 +2.1954e+00 +1.7940e+00 +2.4182e-01 -3.9760e-01 +1.1043e-01 -2.0782e-01 -1.2664e+00 +2.7286e-01 +7.1255e-01 -1.0702e-01 +2.3091e+00 -1.2982e-01 -2.5879e+00 -3.3028e-01 -1.0156e+00 -2.8033e+00 +7.6467e-02 -3.4433e-01
101 0 +4.852519223e+02 +4.852519223e+02 +5.357419223e+02 +5.357419223e+02 +5.2047e+00 +4.1313e-01 +1.5020e+00 +2.6288e+00 +3.9110e-01 -1.2975e-01 +1.9980e-01 -3.3406e-01 -2.3516e+00 +1.6710e-01 +5.7545e-01 -1.4259e-01 +1.7092e+00 -5.0126e-02 -1.8537e+00 -2.9846e-01 -1.9841e+00 -2.6920e+00 -6.4075e-01 +1.0035e+00
637 0 +4.619379790e+02 +4.619379790e+02 +5.124279790e+02 +5.124279790e+02 +3.5253e+00 -3.0700e+00 +3.4454e+00 +2.1890e+00 +1.9812e+00 -5.3532e-02 +1.4924e+00 +3.5517e+00 -4.1506e+00 +4.2990e-01 -7.4172e-01 -6.7277e-02 +2.4362e+00 -1.9855e-01 +2.6919e+00 -3.6631e+00 -6.0268e+00 -1.9536e+00 -1.7591e+00 -1.5930e-01
656 0 +4.526944200e+02 +4.526944200e+02 +5.031844200e+02 +5.031844200e+02 +5.0446e+00 -3.1803e+00 +3.8913e+00 +1.1821e+00 +2.1846e+00 +1.1751e-02 +1.3412e+00 +3.5486e+00 -3.9684e+00 +2.4187e-01 -3.6967e-01 -8.7855e-02 +1.9548e+00 -2.0334e-01 +3.1077e+00 -3.6754e+00 -5.9573e+00 -1.9776e+00 -2.0965e+00 -1.1657e-01
709 0 +4.236582574e+02 +4.236582574e+02 +4.741482574e+02 +4.741482574e+02 +3.6325e+00 -3.2336e+00 +3.3457e+00 +4.7950e-01 +2.0047e+00 -4.8739e-02 +1.2403e+00 +3.4069e+00 -4.3394e+00 +3.6907e-01 -5.3623e-01 +3.9648e-03 +2.9778e+00 -2.4778e-01 +2.5229e+00 -3.5318e+00 -6.0404e+00 -1.8876e+00 -1.1481e+00 -7.7152e-01
786 0 +4.125965661e+02 +4.125965661e+02 +4.630865661e+02 +4.630865661e+02 +4.1715e+00 -3.1148e+00 +3.3502e+00 +6.4216e-01 +2.0174e+00 -1.3977e-01 +1.5312e+00 +3.3920e+00 -4.4328e+00 +3.4726e-01 -8.5695e-01 +3.4478e-02 +2.9580e+00 -2.2788e-01 +2.4092e+00 -3.5624e+00 -6.1476e+00 -2.4281e+00 -1.3511e+00 -4.1774e-01
805 0 +4.049900576e+02 +4.049900576e+02 +4.554800576e+02 +4.554800576e+02 +4.4127e+00 -3.1186e+00 +3.2885e+00 +5.5041e-01 +1.9932e+00 -1.0218e-01 +1.5255e+00 +3.4345e+00 -4.5045e+00 +3.3566e-01 -8.5968e-01 +2.6613e-02 +3.0719e+00 -2.3002e-01 +2.4069e+00 -3.5707e+00 -5.9725e+00 -2.5889e+00 -1.3458e+00 -3.6297e-01
812 0 +3.797112551e+02 +3.797112551e+02 +4.302012551e+02 +4.302012551e+02 +4.3028e+00 -3.0761e+00 +3.3876e+00 +4.9682e-01 +1.9544e+00 -1.1690e-01 +1.4995e+00 +3.4380e+00 -4.3978e+00 +3.1352e-01 -8.6176e-01 +2.3402e-02 +3.0054e+00 -2.3461e-01 +2.5432e+00 -3.5394e+00 -6.0572e+00 -2.5933e+00 -1.3480e+00 -2.0723e-01
851 0 +3.598685059e+02 +3.598685059e+02 +4.103585059e+02 +4.103585059e+02 +4.3669e+00 -3.0812e+00 +3.3340e+00 +5.0244e-01 +1.9729e+00 -1.2267e-01 +1.4519e+00 +3.4280e+00 -4.2923e+00 +3.1610e-01 -9.0743e-01 +2.3466e-02 +2.9842e+00 -2.3265e-01 +2.4585e+00 -3.5309e+00 -6.0250e+00 -2.5315e+00 -1.3990e+00 -2.0169e-01
890 0 +3.518580740e+02 +3.518580740e+02 +4.023480740e+02 +4.023480740e+02 +4.3412e+00 -3.0512e+00 +3.3668e+00 +4.2063e-01 +2.0051e+00 -9.4031e-02 +1.4392e+00 +3.4303e+00 -4.1218e+00 +2.9854e-01 -9.0739e-01 +1.6692e-02 +3.1634e+00 -2.3394e-01 +2.4875e+00 -3.5498e+00 -6.0707e+00 -2.4452e+00 -1.3092e+00 -1.5359e-01
% f evaluations | g evaluations | best noise-free fitness - Fopt | noise-free fitness - Fopt (-3.641300000000e+02) | measured fitness | best measured fitness | x1 | x2...
1 0 +5.838198340e+02 +5.838198340e+02 +2.196898340e+02 +2.196898340e+02 +0.0000e+00 +0.0000e+00 +0.0000e+00 +0.0000e+00 +0.0000e+00 +0.0000e+00 +0.0000e+00 +0.0000e+00 +0.0000e+00 +0.0000e+00 +0.0000e+00 +0.0000e+00 +0.0000e+00 +0.0000e+00 +0.0000e+00 +0.0000e+00 +0.0000e+00 +0.0000e+00 +0.0000e+00 +0.0000e+00
2 0 +5.538344623e+02 +5.538344623e+02 +1.897044623e+02 +1.897044623e+02 +4.4414e-01 +5.1298e-02 -2.8787e-01 -1.1072e-01 +1.1974e+00 +1.9314e-02 +8.6156e-01 -2.8487e+00 -1.1695e+00 -2.5636e+00 -1.1168e+00 +4.1791e-01 +2.2823e-01 -5.2572e-01 +7.7587e-01 +1.4102e-01 -1.6245e-01 +6.3812e-01 -8.9946e-02 +1.7312e-01
11 0 +5.436553577e+02 +5.436553577e+02 +1.795253577e+02 +1.795253577e+02 -6.1006e-01 -2.2195e+00 +1.3214e+00 -3.2685e-01 +7.6093e-01 -1.1670e+00 +7.4729e-01 -8.2984e-01 +1.1127e+00 +7.0758e-01 -4.6056e-01 -4.2829e-01 -1.3627e-01 +5.8108e-01 -2.4971e-01 -7.7592e-02 -4.6544e-02 +2.6790e-01 +1.6124e-01 -9.0774e-02
15 0 +5.156967748e+02 +5.156967748e+02 +1.515667748e+02 +1.515667748e+02 +2.8968e-01 +1.5199e+00 +1.5423e-01 +9.2571e-02 +1.6031e+00 +4.3686e-01 -2.2997e-01 -4.1946e+00 -3.6313e-01 -4.0142e+00 +1.5491e-01 -3.6455e-01 -2.8229e-01 -2.9601e-01 +7.9065e-01 +5.3239e-01 -1.8120e-01 +6.6040e-01 -4.3251e-03 +1.3831e-01
29 0 +4.870090741e+02 +4.870090741e+02 +1.228790741e+02 +1.228790741e+02 -1.0158e+00 +2.6179e-01 +5.9149e-01 +1.7451e-01 +1.8166e+00 +6.5579e-02 +7.4182e-01 -1.2564e+00 +1.7618e+00 -1.8499e-02 -4.0802e-01 -9.3189e-01 -2.0411e-01 +3.7365e-01 +3.3566e-01 +3.3971e-01 -1.6203e-01 +7.0931e-01 +2.2909e-01 +2.7586e-01
35 0 +4.528972666e+02 +4.528972666e+02 +8.876726660e+01 +8.876726660e+01 -6.7236e-01 -1.3803e+00 -4.7878e-01 -6.6463e-02 +2.9834e+00 +3.8187e-01 +1.4823e+00 -1.7429e+00 +3.5325e-01 -8.2783e-01 -9.0410e-01 +7.4057e-01 -1.7522e-01 -1.8065e-01 -1.0482e+00 +7.1463e-01 -4.0329e-01 +1.3487e+00 +5.8063e-01 +2.5456e-01
41 0 +4.375520225e+02 +4.375520225e+02 +7.342202254e+01 +7.342202254e+01 -1.0318e+00 -8.0399e-01 +4.2548e-01 +1.6108e-01 +3.0541e+00 +2.9938e-01 +1.1879e+00 -6.2853e-01 +3.2763e+00 -1.6296e+00 +2.7184e-03 +7.3567e-01 -8.5001e-01 -3.3602e-01 +6.1999e-01 +1.3492e+00 -4.6187e-01 -5.7601e-02 +7.1891e-01 +1.7483e-01
53 0 +4.352069369e+02 +4.352069369e+02 +7.107693693e+01 +7.107693693e+01 -1.1534e-01 +2.4530e+00 -3.7397e-01 +4.3286e-01 +3.6751e+00 -1.2761e-01 -9.7486e-01 -2.3004e+00 +2.2266e+00 -7.0232e-01 +9.7847e-01 +1.5697e+00 -2.9079e-01 +2.5486e-01 +5.4025e-02 +1.2843e+00 -8.4382e-01 +1.1594e+00 +5.7417e-01 +3.0945e-01
55 0 +3.947592413e+02 +3.947592413e+02 +3.062924128e+01 +3.062924128e+01 +9.4474e-02 -1.1335e+00 -4.0730e-01 +3.1333e-02 +2.9112e+00 +1.2120e-01 -5.7606e-01 -2.4477e+00 -5.5567e-01 -1.7176e+00 +1.2057e+00 +5.7218e-01 -4.6981e-01 +4.9938e-01 -1.8469e+00 +6.1657e-01 -5.2851e-01 +1.7946e+00 +5.1467e-01 +2.8553e-01
56 0 +3.648895935e+02 +3.648895935e+02 +7.595935097e-01 +7.595935097e-01 -1.2822e+00 +1.2355e-01 -7.4760e-01 +1.8611e-01 +3.6360e+00 -2.9404e-01 +6.3810e-02 -1.9734e+00 +1.7667e+00 +6.5197e-01 -4.9950e-01 +9.5548e-01 -5.9925e-01 +1.0768e+00 +5.4049e-02 +1.5581e+00 -6.6102e-01 +2.0832e+00 +6.7508e-01 +4.6775e-01
68 0 +3.549312856e+02 +3.549312856e+02 -9.198714351e+00 -9.198714351e+00 +3.4705e-01 -2.7566e+00 -2.5073e-02 -7.8248e-03 +4.7006e+00 +6.7079e-01 +5.4503e-01 -2.1425e+00 +1.1412e+00 -1.1550e+00 +2.6547e-01 -4.8227e-01 -1.2561e+00 +1.0620e+00 +7.3108e-01 +1.4704e+00 -7.3454e-01 +2.3126e+00 +6.3397e-01 +6.1517e-01
98 0 +3.338358133e+02 +3.338358133e+02 -3.029418675e+01 -3.029418675e+01 +3.6997e-01 -1.1511e+00 +1.4457e+00 +1.4115e-01 +6.0502e+00 -2.2135e-01 +3.2726e+00 -3.1351e+00 +2.0745e+00 -2.5856e+00 +4.5624e-01 +5.6155e-01 -5.0356e-01 +2.0873e+00 -8.6681e-01 +2.3882e+00 -1.6220e+00 +2.8782e+00 +1.0602e+00 +1.1303e+00
932 0 +2.985618538e+02 +2.985618538e+02 -6.556814618e+01 -6.556814618e+01 -3.0532e+00 +2.6209e+00 +7.0771e-01 -1.3400e+00 +5.8541e+00 -2.6736e+00 +1.9287e+00 -1.0196e+00 -2.7549e+00 -1.1701e+00 +3.3132e+00 +1.3716e+00 -3.5752e+00 +1.4176e+00 +3.2990e-01 +2.3228e+00 -4.3848e+00 +3.9352e+00 +2.5705e+00 +6.4620e-01
% f evaluations | g evaluations | best noise-free fitness - Fopt | noise-free fitness - Fopt (1.592700000000e+02) | measured fitness | best measured fitness | x1 | x2...
1 0 +7.656554086e+02 +7.656554086e+02 +9.249254086e+02 +9.249254086e+02 +0.0000e+00 +0.0000e+00 +0.0000e+00 +0.0000e+00 +0.0000e+00 +0.0000e+00 +0.0000e+00 +0.0000e+00 +0.0000e+00 +0.0000e+00 +0.0000e+00 +0.0000e+00 +0.0000e+00 +0.0000e+00 +0.0000e+00 +0.0000e+00 +0.0000e+00 +0.0000e+00 +0.0000e+00 +0.0000e+00
2 0 +7.356294918e+02 +7.356294918e+02 +8.948994918e+02 +8.948994918e+02 -1.2218e-01 -2.1056e+00 +2.0295e-02 +1.4808e-01 -2.9291e+00 +5.6215e-01 -2.2045e+00 +2.6520e-01 +5.2592e-02 +2.5010e-01 +7.5015e-02 -2.9973e-01 +6.5153e-03 +1.0412e-01 -9.9226e-01 +4.5106e-02 -2.0794e+00 +1.7448e+00 +1.5044e+00 -1.1015e+00
3 0 +5.192956374e+02 +5.192956374e+02 +6.785656374e+02 +6.785656374e+02 -9.3619e-02 -1.5457e+00 -2.0515e-02 -8.5460e-02 -9.3980e-02 +2.5608e-01 -2.5935e+00 -3.0730e-01 +4.9202e-02 +3.0984e-01 +4.6961e-01 +8.4096e-01 -7.9928e-02 -2.2784e-01 -2.7260e-02 +5.7363e-04 -7.3358e-01 +1.0249e+00 -1.1346e+00 +6.7937e-01
44 0 +4.712861106e+02 +4.712861106e+02 +6.305561106e+02 +6.305561106e+02 -2.2264e-01 +6.6063e-01 +1.3125e-01 +5.5447e-01 -3.4659e+00 +1.8172e+00 -6.1694e+00 +2.2777e+00 -4.2105e-02 -6.3424e-01 -6.8476e-01 +2.4047e+00 -7.5023e-02 +1.0404e-01 +2.9952e-01 -1.7277e-01 +3.6304e-01 -2.4348e+00 +8.5820e-02 +2.7850e+00
45 0 +4.601733146e+02 +4.601733146e+02 +6.194433146e+02 +6.194433146e+02 -8.2488e-02 +5.4582e-01 +8.8239e-02 +6.5709e-01 -4.6133e+00 +1.5183e+00 -4.2562e+00 +4.6642e-01 +6.2671e-03 -1.4122e-01 -2.2286e-02 +1.5949e+00 +1.2506e-02 -5.2708e-02 -1.9375e-01 -3.0175e-02 -3.7542e-01 -3.0783e+00 -5.5830e-01 +2.3021e+00
50 0 +4.222454547e+02 +4.222454547e+02 +5.815154547e+02 +5.815154547e+02 -2.4924e-01 -4.4885e-01 -6.5096e-03 +5.0593e-01 -2.1260e+00 +1.1824e+00 -6.3604e+00 +9.7805e-01 -1.0469e-02 +1.3236e-01 -7.5156e-01 +2.3148e+00 -1.3385e-01 -3.3311e-01 -8.3861e-02 -1.7015e-01 -1.1546e+00 -1.6843e+00 +1.6067e-01 +3.3820e+00
75 0 +4.017234245e+02 +4.017234245e+02 +5.609934245e+02 +5.609934245e+02 -1.3115e+00 -9.8705e-01 -1.0743e-02 +7.9271e-01 -1.5170e+00 +1.3117e+00 -7.9947e+00 +6.5933e-01 +1.6131e-02 -1.1403e-01 -6.0429e-01 +1.2939e+00 +1.5523e-02 -3.0922e-01 -1.2684e-01 -1.8852e-01 -8.8334e-01 -2.5185e+00 +7.0123e-01 +3.1885e+00
80 0 +3.880058915e+02 +3.880058915e+02 +5.472758915e+02 +5.472758915e+02 -1.0759e+00 -2.1889e-01 +1.0641e-02 +8.1123e-01 -1.4341e+00 +1.4671e+00 -5.5348e+00 +6.3835e-01 +8.3555e-02 -4.1494e-01 +1.7541e-01 +1.1032e+00 -1.7303e-01 -3.0105e-01 -3.6496e-01 -1.5696e-01 -1.0044e+00 -2.3775e+00 +1.2939e+00 +3.0954e+00
96 0 +3.720764387e+02 +3.720764387e+02 +5.313464387e+02 +5.313464387e+02 -1.6131e+00 -1.0301e+00 -7.0896e-02 +7.6050e-01 -8.1027e-01 +1.4636e+00 -8.1263e+00 +2.7476e-02 -1.0452e-02 -6.3021e-01 -3.6920e-01 +2.1474e+00 -1.3917e-01 -3.4017e-01 -3.8553e-01 -1.8156e-01 +6.6269e-01 -2.3874e+00 +1.1022e+00 +2.0183e+00
121 0 +3.489187668e+02 +3.489187668e+02 +5.081887668e+02 +5.081887668e+02 -1.4947e+00 -1.3944e+00 +9.0883e-03 +6.1195e-01 -1.5605e+00 +1.1564e+00 -6.8768e+00 -4.7808e-01 +4.2940e-03 -4.6768e-01 -2.6422e-01 +2.2423e+00 -2.1670e-01 -1.7163e-01 -5.6186e-02 -1.3339e-01 +8.2900e-02 -3.0720e+00 +2.0743e+00 +2.7840e+00
127 0 +3.317824677e+02 +3.317824677e+02 +4.910524677e+02 +4.910524677e+02 -1.5906e+00 -1.5229e+00 -2.6794e-02 +5.6275e-01 -1.8287e+00 +1.5087e+00 -6.4780e+00 -5.8032e-01 +1.2734e-02 -3.6756e-01 -4.1346e-01 +1.8078e+00 -2.0860e-01 -2.1491e-01 -7.6127e-01 -1.4382e-01 -7.0901e-02 -2.2387e+00 +1.2200e+00 +2.2899e+00
