% f evaluations | g evaluations | best noise-free fitness - Fopt | noise-free fitness - Fopt (1.000000000000e+03) | measured fitness | best measured fitness | x1 | x2...
1 0 +3.833297738e+02 +3.833297738e+02 +1.383329774e+03 +1.383329774e+03 +0.0000e+00 +0.0000e+00 +0.0000e+00 +0.0000e+00 +0.0000e+00
2 0 +3.265006947e+02 +3.265006947e+02 +1.326500695e+03 +1.326500695e+03 -2.2573e+00 -1.3633e+00 +2.0649e-01 +5.6745e-01 -1.7938e-01
5 0 +2.784332431e+02 +2.784332431e+02 +1.278433243e+03 +1.278433243e+03 +3.2015e-01 -2.8569e-01 +1.2275e-01 +3.5147e+00 -6.2301e-01
12 0 +2.577065395e+02 +2.577065395e+02 +1.257706540e+03 +1.257706540e+03 +1.0577e+00 +1.1175e-01 +5.6023e-02 +3.2588e+00 -8.9358e-01
14 0 +2.148464684e+02 +2.148464684e+02 +1.214846468e+03 +1.214846468e+03 +8.0483e-01 +1.5970e+00 +7.3694e-02 +2.5754e+00 -6.5003e-01
23 0 +1.915340385e+02 +1.915340385e+02 +1.191534039e+03 +1.191534039e+03 +5.3202e-01 +1.1114e+00 +3.4862e-01 +3.4871e+00 -7.0518e-01
27 0 +1.897921663e+02 +1.897921663e+02 +1.189792166e+03 +1.189792166e+03 +1.1498e+00 +1.9317e+00 +1.0766e-01 +3.0428e+00 -6.4764e-01
29 0 +1.736852459e+02 +1.736852459e+02 +1.173685246e+03 +1.173685246e+03 +1.5363e+00 +1.5849e+00 +1.0005e-01 +3.7171e+00 -5.4525e-01
30 0 +1.561283507e+02 +1.561283507e+02 +1.156128351e+03 +1.156128351e+03 -4.8784e-01 +1.9724e+00 -8.4953e-02 +3.4943e+00 -2.1016e-01
32 0 +1.491152166e+02 +1.491152166e+02 +1.149115217e+03 +1.149115217e+03 +2.4700e-01 +2.2807e+00 -2.5958e-03 +3.4902e+00 +6.5215e-02
46 0 +1.105229524e+02 +1.105229524e+02 +1.110522952e+03 +1.110522952e+03 +4.7884e-01 +2.5185e+00 +3.9946e-01 +3.5857e+00 +1.7073e-01
86 0 +9.196109837e+01 +9.196109837e+01 +1.091961098e+03 +1.091961098e+03 +9.9302e-01 +4.5737e+00 +1.9708e+00 +2.5490e+00 +2.6842e-01
110 0 +8.382762780e+01 +8.382762780e+01 +1.083827628e+03 +1.083827628e+03 -3.0722e+00 +4.3323e+00 +2.6977e+00 +4.4590e+00 +9.9271e-01
122 0 +7.381647527e+01 +7.381647527e+01 +1.073816475e+03 +1.073816475e+03 -8.9384e-01 +4.0615e+00 +3.7237e+00 +4.5253e+00 +1.2577e+00
155 0 +6.077743297e+01 +6.077743297e+01 +1.060777433e+03 +1.060777433e+03 -3.1583e+00 +4.9814e+00 +3.2592e+00 +3.2139e+00 +6.0532e-01
194 0 +5.469525531e+01 +5.469525531e+01 +1.054695255e+03 +1.054695255e+03 -1.6511e+00 +2.1579e+00 +3.9724e+00 +3.8434e+00 +1.2855e+00
214 0 +5.088266625e+01 +5.088266625e+01 +1.050882666e+03 +1.050882666e+03 -2.3795e+00 +3.0925e+00 +3.9301e+00 +3.1375e+00 +1.2160e+00
238 0 +1.985271558e+01 +1.985271558e+01 +1.019852716e+03 +1.019852716e+03 -3.3575e+00 +2.8907e+00 +4.3376e+00 +3.4130e+00 +1.1195e+00
% f evaluations | g evaluations | best noise-free fitness - Fopt | noise-free fitness - Fopt (7.003000000000e+01) | measured fitness | best measured fitness | x1 | x2...
1 0 +1.421420674e+02 +1.421420674e+02 +2.121720674e+02 +2.121720674e+02 +0.0000e+00 +0.0000e+00 +0.0000e+00 +0.0000e+00 +0.0000e+00
2 0 +1.110171850e+02 +1.110171850e+02 +1.810471850e+02 +1.810471850e+02 +7.8164e-02 -1.4000e-02 -7.7620e-02 -2.3001e+00 -7.5699e-01
17 0 +1.090861461e+02 +1.090861461e+02 +1.791161461e+02 +1.791161461e+02 -9.7554e-01 +2.0268e-02 +1.1427e-01 -8.0541e-01 -2.9490e-01
28 0 +8.928279950e+01 +8.928279950e+01 +1.593127995e+02 +1.593127995e+02 -1.9386e+00 +6.0807e-02 -3.3874e-01 -2.7374e+00 -1.6915e-01
38 0 +8.897600830e+01 +8.897600830e+01 +1.590060083e+02 +1.590060083e+02 -5.9118e-01 +1.9687e-02 -2.4730e-01 -1.5204e+00 -2.7038e-01
39 0 +8.035042107e+01 +8.035042107e+01 +1.503804211e+02 +1.503804211e+02 -1.5666e+00 +1.3830e-02 -1.5058e-01 -1.9162e+00 -6.0590e-01
378 0 +6.142128891e+01 +6.142128891e+01 +1.314512889e+02 +1.314512889e+02 -1.5368e+00 +1.5687e-01 -3.8567e+00 -1.8590e+00 +1.6461e+00
493 0 +5.616398752e+01 +5.616398752e+01 +1.261939875e+02 +1.261939875e+02 -9.8423e-01 +2.9627e-01 -4.3254e+00 -1.7779e+00 +2.7880e+00
% f evaluations | g evaluations | best noise-free fitness - Fopt | noise-free fitness - Fopt (-4.822000000000e+01) | measured fitness | best measured fitness | x1 | x2...
1 0 +1.511162314e+02 +1.511162314e+02 +1.028962314e+02 +1.028962314e+02 +0.0000e+00 +0.0000e+00 +0.0000e+00 +0.0000e+00 +0.0000e+00
2 0 +1.225152639e+02 +1.225152639e+02 +7.429526388e+01 +7.429526388e+01 +7.1300e-01 -9.2633e-01 +1.4574e-01 -1.7390e-02 -7.0394e-01
6 0 +1.068985200e+02 +1.068985200e+02 +5.867852005e+01 +5.867852005e+01 -9.0149e-02 +6.2483e-01 -1.2180e+00 -1.0451e+00 -7.4316e-01
8 0 +1.031796177e+02 +1.031796177e+02 +5.495961775e+01 +5.495961775e+01 -7.8461e-01 +6.9451e-01 +4.1051e-01 +1.0927e-01 -1.8477e+00
12 0 +9.621996958e+01 +9.621996958e+01 +4.799996958e+01 +4.799996958e+01 -9.6361e-01 +3.2601e-01 +6.1442e-02 -2.2719e-02 -5.3572e-01
22 0 +7.856351780e+01 +7.856351780e+01 +3.034351780e+01 +3.034351780e+01 -8.3531e-01 -8.8875e-01 +2.9894e-01 +4.3650e-01 -2.9780e+00
26 0 +6.214123205e+01 +6.214123205e+01 +1.392123205e+01 +1.392123205e+01 -2.6034e-01 +2.8904e-01 +4.1421e-01 -5.9903e-01 -2.1933e+00
34 0 +4.256231853e+01 +4.256231853e+01 -5.657681469e+00 -5.657681469e+00 -1.7295e+00 -1.0118e+00 -8.1136e-01 +1.9643e-01 -4.0130e+00
578 0 +2.250924817e+01 +2.250924817e+01 -2.571075183e+01 -2.571075183e+01 -2.3931e+00 -1.1872e+00 -4.2745e+00 +3.8472e-01 -2.7893e+00
658 0 +1.749761982e+01 +1.749761982e+01 -3.072238018e+01 -3.072238018e+01 -2.8769e+00 -1.2719e+00 -2.2668e+00 +5.8048e-01 -2.8572e+00
767 0 +1.670334453e+01 +1.670334453e+01 -3.151665547e+01 -3.151665547e+01 -3.0814e+00 -9.0021e-01 -8.3872e-01 -2.0003e-01 -4.8412e+00
% f evaluations | g evaluations | best noise-free fitness - Fopt | noise-free fitness - Fopt (2.547000000000e+01) | measured fitness | best measured fitness | x1 | x2...
1 0 +1.434467868e+02 +1.434467868e+02 +1.689167868e+02 +1.689167868e+02 +0.0000e+00 +0.0000e+00 +0.0000e+00 +0.0000e+00 +0.0000e+00
3 0 +1.015134484e+02 +1.015134484e+02 +1.269834484e+02 +1.269834484e+02 -5.9428e-01 +3.1657e-02 -4.4919e-01 -9.2196e-01 +1.1573e-02
14 0 +7.448865816e+01 +7.448865816e+01 +9.995865816e+01 +9.995865816e+01 -9.5098e-01 +7.9793e-02 -2.2712e+00 -3.5811e+00 +2.6011e-01
17 0 +7.144400753e+01 +7.144400753e+01 +9.691400753e+01 +9.691400753e+01 -9.0865e-02 +2.7587e-02 -1.3333e+00 -2.1453e+00 +3.2492e-01
20 0 +6.109928904e+01 +6.109928904e+01 +8.656928904e+01 +8.656928904e+01 -1.5110e+00 +3.2075e-02 -2.3483e+00 -2.1470e+00 +2.9953e-02
22 0 +5.358994010e+01 +5.358994010e+01 +7.905994010e+01 +7.905994010e+01 -1.3159e+00 +4.6893e-02 -2.8896e+00 -3.1190e+00 -2.6671e-01
23 0 +3.505077775e+01 +3.505077775e+01 +6.052077775e+01 +6.052077775e+01 -1.5352e+00 +6.5618e-02 -1.6927e+00 -2.4243e+00 +1.1603e-02
30 0 +3.247879062e+01 +3.247879062e+01 +5.794879062e+01 +5.794879062e+01 -1.5230e+00 -1.1213e-01 -1.9076e+00 -3.2487e+00 -4.8643e-02
% f evaluations | g evaluations | best noise-free fitness - Fopt | noise-free fitness - Fopt (-1.008100000000e+02) | measured fitness | best measured fitness | x1 | x2...
1 0 +7.698999316e+01 +7.698999316e+01 -2.382000684e+01 -2.382000684e+01 +0.0000e+00 +0.0000e+00 +0.0000e+00 +0.0000e+00 +0.0000e+00
6 0 +7.110107248e+01 +7.110107248e+01 -2.970892752e+01 -2.970892752e+01 -9.8844e-02 -9.3036e-02 -3.0128e-01 -1.7144e-01 +1.4849e+00
9 0 +5.610660124e+01 +5.610660124e+01 -4.470339876e+01 -4.470339876e+01 -9.0332e-01 -2.8047e-01 -2.9802e-01 +1.9340e-01 +5.0009e-01
11 0 +5.394754033e+01 +5.394754033e+01 -4.686245967e+01 -4.686245967e+01 +2.0156e+00 +2.7568e-01 -1.2184e-01 +2.2935e-01 +3.5073e-01
13 0 +5.198592412e+01 +5.198592412e+01 -4.882407588e+01 -4.882407588e+01 +2.0612e+00 +1.6803e-01 +1.3478e-01 -4.6095e-03 +4.2466e-01
17 0 +4.988561157e+01 +4.988561157e+01 -5.092438843e+01 -5.092438843e+01 +1.6387e+00 +6.3251e-01 -1.6390e-01 +5.7429e-01 -9.8223e-01
38 0 +4.765723916e+01 +4.765723916e+01 -5.315276084e+01 -5.315276084e+01 +5.1746e-01 +1.9858e-01 -3.0967e-01 +4.8177e-01 +1.3965e+00
97 0 +4.622991815e+01 +4.622991815e+01 -5.458008185e+01 -5.458008185e+01 +4.4484e+00 -2.4476e-01 +4.3930e-01 +1.1534e+00 +3.1449e+00
211 0 +4.188800996e+01 +4.188800996e+01 -5.892199004e+01 -5.892199004e+01 +2.5002e+00 +1.2588e+00 +4.2418e-01 +2.4884e-01 +2.7769e+00
342 0 +4.117038792e+01 +4.117038792e+01 -5.963961208e+01 -5.963961208e+01 +1.4106e+00 +8.9092e-01 +1.5501e-02 +1.5160e+00 +1.2756e+00
349 0 +3.353465262e+01 +3.353465262e+01 -6.727534738e+01 -6.727534738e+01 +1.3425e+00 +1.3164e+00 -1.1518e-02 +9.2538e-01 +1.1092e+00
351 0 +2.762940904e+01 +2.762940904e+01 -7.318059096e+01 -7.318059096e+01 +1.9130e+00 +1.5141e+00 +5.3833e-02 +1.2865e+00 +6.0523e-01
381 0 +2.361950649e+01 +2.361950649e+01 -7.719049351e+01 -7.719049351e+01 +1.8743e+00 +1.6523e+00 +2.5528e-02 +1.3208e+00 +5.3427e-01
490 0 +1.619325253e+01 +1.619325253e+01 -8.461674747e+01 -8.461674747e+01 +1.2314e+00 +6.7971e-01 +6.3703e-02 +8.6310e-01 +8.3636e-01
% f evaluations | g evaluations | best noise-free fitness - Fopt | noise-free fitness - Fopt (-3.531300000000e+02) | measured fitness | best measured fitness | x1 | x2...
1 0 +1.711670615e+02 +1.711670615e+02 -1.819629385e+02 -1.819629385e+02 +0.0000e+00 +0.0000e+00 +0.0000e+00 +0.0000e+00 +0.0000e+00
2 0 +1.639289930e+02 +1.639289930e+02 -1.892010070e+02 -1.892010070e+02 -1.0823e+00 +7.3109e-01 +6.9882e-01 +1.4601e-01 -2.4129e-01
8 0 +1.477742444e+02 +1.477742444e+02 -2.053557556e+02 -2.053557556e+02 -1.3538e+00 -2.0720e-01 -4.5946e-01 -3.9127e-01 -6.9692e-01
15 0 +1.304216805e+02 +1.304216805e+02 -2.227083195e+02 -2.227083195e+02 -2.6556e+00 +1.9111e+00 +1.2710e+00 -5.9174e-01 +1.8489e+00
17 0 +1.285242268e+02 +1.285242268e+02 -2.246057732e+02 -2.246057732e+02 -1.9026e+00 -7.3641e-01 +4.2592e-02 -5.2470e-01 -9.7137e-01
18 0 +1.057974082e+02 +1.057974082e+02 -2.473325918e+02 -2.473325918e+02 -1.8263e+00 +1.8684e+00 +5.3027e-01 -3.2060e-01 -4.3164e-01
25 0 +8.728418172e+01 +8.728418172e+01 -2.658458183e+02 -2.658458183e+02 -2.1475e+00 +2.0801e+00 -6.0489e-01 -6.8361e-01 -2.3799e-01
45 0 +6.629744550e+01 +6.629744550e+01 -2.868325545e+02 -2.868325545e+02 -1.0615e+00 +2.4235e+00 -1.6899e+00 -2.4837e+00 -6.5504e-02
295 0 +4.868990432e+01 +4.868990432e+01 -3.044400957e+02 -3.044400957e+02 -2.4175e+00 -6.2907e-01 -3.8786e+00 -4.8862e+00 -8.9866e-01
324 0 +2.804355197e+01 +2.804355197e+01 -3.250864480e+02 -3.250864480e+02 -1.8547e+00 +5.4213e-01 -2.6792e+00 -4.5333e+00 -6.0262e-01
% f evaluations | g evaluations | best noise-free fitness - Fopt | noise-free fitness - Fopt (8.716000000000e+01) | measured fitness | best measured fitness | x1 | x2...
1 0 +1.685246855e+02 +1.685246855e+02 +2.556846855e+02 +2.556846855e+02 +0.0000e+00 +0.0000e+00 +0.0000e+00 +0.0000e+00 +0.0000e+00
6 0 +1.560623683e+02 +1.560623683e+02 +2.432223683e+02 +2.432223683e+02 +1.9438e-01 +2.9171e-01 -1.2217e+00 -5.0289e-01 +6.1949e-02
9 0 +1.525061251e+02 +1.525061251e+02 +2.396661251e+02 +2.396661251e+02 +2.0099e-01 -2.4456e-01 +1.6019e-01 +2.9082e-01 +3.8321e-01
13 0 +1.485784593e+02 +1.485784593e+02 +2.357384593e+02 +2.357384593e+02 +4.5400e-01 -1.6291e-01 -1.0393e+00 -5.6455e-01 +1.8658e-01
15 0 +1.377635025e+02 +1.377635025e+02 +2.249235025e+02 +2.249235025e+02 +2.0589e-01 -2.1640e-01 -9.7009e-01 +1.1124e-01 +3.2209e-01
23 0 +1.323520753e+02 +1.323520753e+02 +2.195120753e+02 +2.195120753e+02 +5.1617e-01 -1.5138e-02 -8.3099e-01 -2.6763e-01 +9.2569e-02
37 0 +1.293641774e+02 +1.293641774e+02 +2.165241774e+02 +2.165241774e+02 +4.1450e-01 -2.4463e-01 -9.3498e-01 +2.8749e-01 +1.7556e-01
42 0 +1.222597530e+02 +1.222597530e+02 +2.094197530e+02 +2.094197530e+02 +3.5257e-01 -2.1326e-01 -9.9466e-01 +3.5984e-01 -1.4974e-01
59 0 +1.195390397e+02 +1.195390397e+02 +2.066990397e+02 +2.066990397e+02 +2.4517e-02 -3.1604e-02 -1.3960e+00 +1.2021e-01 -1.3415e-01
96 0 +9.573803636e+01 +9.573803636e+01 +1.828980364e+02 +1.828980364e+02 +2.3073e-01 +6.5864e-02 -1.7639e+00 +3.0968e-01 -2.9633e-01
135 0 +9.264528785e+01 +9.264528785e+01 +1.798052879e+02 +1.798052879e+02 +4.0886e-01 +1.3779e-01 -1.9153e+00 +5.5890e-01 -3.3007e-01
197 0 +8.569473370e+01 +8.569473370e+01 +1.728547337e+02 +1.728547337e+02 +7.4272e-01 +4.1996e-01 -2.6513e+00 +5.8936e-01 -6.5078e-01
209 0 +7.799050436e+01 +7.799050436e+01 +1.651505044e+02 +1.651505044e+02 +4.5199e-01 +5.4616e-01 -2.6828e+00 +8.2193e-01 -6.0064e-01
235 0 +7.052719913e+01 +7.052719913e+01 +1.576871991e+02 +1.576871991e+02 +2.3078e-01 +5.4149e-01 -2.5554e+00 +1.3555e+00 -5.6442e-01
247 0 +6.843042446e+01 +6.843042446e+01 +1.555904245e+02 +1.555904245e+02 +2.4131e-01 +4.8946e-01 -2.5665e+00 +1.2838e+00 -4.6769e-01
282 0 +6.448788764e+01 +6.448788764e+01 +1.516478876e+02 +1.516478876e+02 +4.0191e-01 +3.5778e-01 -2.1331e+00 +1.7089e+00 -3.9772e-01
284 0 +6.229691120e+01 +6.229691120e+01 +1.494569112e+02 +1.494569112e+02 +4.6266e-01 +2.5520e-01 -2.3818e+00 +1.4394e+00 -4.6809e-01
293 0 +5.582178526e+01 +5.582178526e+01 +1.429817853e+02 +1.429817853e+02 +4.1042e-01 +3.2328e-01 -2.2195e+00 +1.6008e+00 -4.5091e-01
302 0 +5.270420088e+01 +5.270420088e+01 +1.398642009e+02 +1.398642009e+02 +5.2694e-01 +2.3424e-01 -2.3924e+00 +1.6163e+00 -4.6094e-01
327 0 +5.200205968e+01 +5.200205968e+01 +1.391620597e+02 +1.391620597e+02 +4.7223e-01 +2.3310e-01 -2.2694e+00 +1.6092e+00 -4.5082e-01
352 0 +4.265459229e+01 +4.265459229e+01 +1.298145923e+02 +1.298145923e+02 +1.0130e+00 +3.0339e-01 -2.8836e+00 +1.6488e+00 -6.6620e-01
485 0 +4.138857820e+01 +4.138857820e+01 +1.285485782e+02 +1.285485782e+02 +1.0092e+00 +2.4156e-01 -2.9019e+00 +1.6681e+00 -6.2001e-01
596 0 +4.055771633e+01 +4.055771633e+01 +1.277177163e+02 +1.277177163e+02 +9.7878e-01 +2.9130e-01 -2.9192e+00 +1.7099e+00 -6.2102e-01
979 0 +3.980852327e+01 +3.980852327e+01 +1.269685233e+02 +1.269685233e+02 +9.8702e-01 +3.3444e-01 -2.8999e+00 +1.7404e+00 -6.7816e-01
% f evaluations | g evaluations | best noise-free fitness - Fopt | noise-free fitness - Fopt (-3.475000000000e+01) | measured fitness | best measured fitness | x1 | x2...
1 0 +1.520519935e+02 +1.520519935e+02 +1.173019935e+02 +1.173019935e+02 +0.0000e+00 +0.0000e+00 +0.0000e+00 +0.0000e+00 +0.0000e+00
7 0 +9.834288337e+01 +9.834288337e+01 +6.359288337e+01 +6.359288337e+01 -4.1519e-01 -6.0043e-01 -1.1825e+00 +8.9431e-01 +8.8984e-01
10 0 +7.814347540e+01 +7.814347540e+01 +4.339347540e+01 +4.339347540e+01 -3.3429e-02 -4.3820e-01 -6.9984e-01 +8.1026e-01 +2.0309e-01
22 0 +7.258135103e+01 +7.258135103e+01 +3.783135103e+01 +3.783135103e+01 +5.4121e-02 +1.1231e-01 -1.7746e+00 +2.1396e-01 -1.0589e+00
28 0 +4.569041197e+01 +4.569041197e+01 +1.094041197e+01 +1.094041197e+01 +1.2459e-01 +7.1747e-01 -1.5386e+00 +8.4381e-01 -6.4843e-01
79 0 +3.281976333e+01 +3.281976333e+01 -1.930236674e+00 -1.930236674e+00 +4.4695e-01 +1.0493e+00 -1.8567e+00 +2.0384e+00 -8.0896e-01
146 0 +2.480048628e+01 +2.480048628e+01 -9.949513717e+00 -9.949513717e+00 +7.1512e-01 +2.0520e+00 -1.8428e+00 +2.0009e+00 -1.7188e+00
301 0 +2.145278678e+01 +2.145278678e+01 -1.329721322e+01 -1.329721322e+01 +6.2022e-01 +2.3437e+00 +1.3813e-02 +2.1395e+00 -2.3639e+00
331 0 +1.931979837e+01 +1.931979837e+01 -1.543020163e+01 -1.543020163e+01 +7.1519e-01 +2.4250e+00 +2.2462e-01 +2.3376e+00 -2.3319e+00
401 0 +1.853250475e+01 +1.853250475e+01 -1.621749525e+01 -1.621749525e+01 +6.4773e-01 +2.5678e+00 -4.9310e-01 +2.7024e+00 -2.4148e+00
461 0 +1.797984529e+01 +1.797984529e+01 -1.677015471e+01 -1.677015471e+01 +5.9340e-01 +2.5306e+00 -5.2623e-01 +2.6812e+00 -2.3827e+00
500 0 +1.728582792e+01 +1.728582792e+01 -1.746417208e+01 -1.746417208e+01 +5.5382e-01 +2.4245e+00 -4.9813e-01 +2.6801e+00 -2.4434e+00
513 0 +1.572912859e+01 +1.572912859e+01 -1.902087141e+01 -1.902087141e+01 +5.5550e-01 +2.4437e+00 -5.0909e-01 +2.6770e+00 -2.4481e+00
524 0 +1.252127280e+01 +1.252127280e+01 -2.222872720e+01 -2.222872720e+01 +5.1574e-01 +2.4795e+00 -5.4000e-01 +2.6523e+00 -2.4164e+00
% f evaluations | g evaluations | best noise-free fitness - Fopt | noise-free fitness - Fopt (-1.000000000000e+03) | measured fitness | best measured fitness | x1 | x2...
1 0 +1.320795830e+02 +1.320795830e+02 -8.679204170e+02 -8.679204170e+02 +0.0000e+00 +0.0000e+00 +0.0000e+00 +0.0000e+00 +0.0000e+00
7 0 +1.182368410e+02 +1.182368410e+02 -8.817631590e+02 -8.817631590e+02 +2.2505e-01 -1.7120e-01 -5.9937e-01 -1.8605e-01 +1.1389e+00
11 0 +1.047960991e+02 +1.047960991e+02 -8.952039009e+02 -8.952039009e+02 -6.5984e-01 +1.2585e-01 +3.2504e-01 -2.7700e-01 +1.4490e-01
33 0 +1.029704514e+02 +1.029704514e+02 -8.970295486e+02 -8.970295486e+02 -5.9510e-01 -6.8128e-01 -1.6348e+00 -5.1498e-03 +1.4942e+00
46 0 +1.014480750e+02 +1.014480750e+02 -8.985519250e+02 -8.985519250e+02 -1.6147e+00 -5.8857e-01 -7.4505e-01 -3.8955e-01 +1.5167e+00
55 0 +9.850997197e+01 +9.850997197e+01 -9.014900280e+02 -9.014900280e+02 -1.5192e+00 -1.4361e+00 +1.5453e-01 -7.8320e-01 +1.5674e+00
56 0 +9.323507259e+01 +9.323507259e+01 -9.067649274e+02 -9.067649274e+02 -2.2238e+00 -1.5262e+00 -1.1712e+00 -5.3616e-03 +5.6511e-01
84 0 +8.783106380e+01 +8.783106380e+01 -9.121689362e+02 -9.121689362e+02 -1.7349e+00 -3.6274e+00 +1.8416e-01 -9.6631e-01 -1.9831e-01
894 0 +8.415350827e+01 +8.415350827e+01 -9.158464917e+02 -9.158464917e+02 -5.3044e+00 -6.3421e+00 +2.1078e+00 +1.6894e+00 -3.1510e+00
994 0 +7.876947928e+01 +7.876947928e+01 -9.212305207e+02 -9.212305207e+02 -3.5557e+00 -6.1733e+00 +2.4084e+00 +1.0613e+00 -1.8142e+00
1002 0 +6.775036953e+01 +6.775036953e+01 -9.322496305e+02 -9.322496305e+02 -3.5557e+00 -6.1733e+00 +2.4389e+00 +1.2275e+00 -1.4910e+00
% f evaluations | g evaluations | best noise-free fitness - Fopt | noise-free fitness - Fopt (-9.247000000000e+01) | measured fitness | best measured fitness | x1 | x2...
1 0 +1.574781498e+02 +1.574781498e+02 +6.500814985e+01 +6.500814985e+01 +0.0000e+00 +0.0000e+00 +0.0000e+00 +0.0000e+00 +0.0000e+00
2 0 +1.432285086e+02 +1.432285086e+02 +5.075850860e+01 +5.075850860e+01 +5.6401e-01 -4.1389e-02 -3.5726e-01 +8.1960e-02 -1.0043e-01
3 0 +1.398028460e+02 +1.398028460e+02 +4.733284605e+01 +4.733284605e+01 +3.2404e-01 -9.4872e-02 -2.0379e-01 +9.7415e-02 +2.6394e-01
4 0 +1.345744833e+02 +1.345744833e+02 +4.210448333e+01 +4.210448333e+01 +7.3259e-01 -5.3376e-02 -2.3719e-02 +7.6012e-02 -1.7721e+00
6 0 +1.279920097e+02 +1.279920097e+02 +3.552200971e+01 +3.552200971e+01 +4.9723e-01 -4.1163e-01 -3.9610e-01 +4.5967e-03 +1.1531e+00
7 0 +1.120029004e+02 +1.120029004e+02 +1.953290039e+01 +1.953290039e+01 +9.4631e-01 -3.5425e-01 -5.5938e-02 -1.3589e-01 -1.2313e+00
12 0 +7.729739287e+01 +7.729739287e+01 -1.517260713e+01 -1.517260713e+01 +1.0148e+00 -7.1761e-02 +7.1005e-01 -1.0825e-01 +1.5633e+00
35 0 +7.125742110e+01 +7.125742110e+01 -2.121257890e+01 -2.121257890e+01 +1.5444e+00 +5.2403e-01 +1.9612e+00 +1.6117e-01 -2.0185e-01
57 0 +6.671285621e+01 +6.671285621e+01 -2.575714379e+01 -2.575714379e+01 +2.7975e+00 +2.6759e-01 +2.8649e+00 +3.3742e-01 +7.6917e-01
59 0 +5.263465576e+01 +5.263465576e+01 -3.983534424e+01 -3.983534424e+01 +1.4528e+00 -1.4623e+00 +2.2706e+00 +5.0164e-01 -1.2694e+00
175 0 +4.835541869e+01 +4.835541869e+01 -4.411458131e+01 -4.411458131e+01 +1.3912e+00 +1.5266e+00 +5.6799e+00 -3.8884e-01 +3.4260e-01
240 0 +4.663804563e+01 +4.663804563e+01 -4.583195437e+01 -4.583195437e+01 +2.8376e+00 +4.4121e-01 +3.5593e+00 -5.4147e-01 -1.1823e+00
260 0 +4.193673103e+01 +4.193673103e+01 -5.053326897e+01 -5.053326897e+01 +3.4659e+00 +1.4861e+00 +3.4638e+00 -4.3468e-01 -3.8400e-01
452 0 +2.549935064e+01 +2.549935064e+01 -6.697064936e+01 -6.697064936e+01 +4.2896e+00 -1.8973e+00 +1.5490e+00 -1.0379e-01 -3.0503e-01
617 0 +2.428241829e+01 +2.428241829e+01 -6.818758171e+01 -6.818758171e+01 +3.9489e+00 -6.4179e-01 +2.7069e+00 -3.4382e-01 -1.0473e+00
623 0 +1.740290064e+01 +1.740290064e+01 -7.506709936e+01 -7.506709936e+01 +3.8517e+00 -4.1039e-01 +1.8678e+00 -2.9140e-01 -1.1374e+00
% f evaluations | g evaluations | best noise-free fitness - Fopt | noise-free fitness - Fopt (-2.153000000000e+02) | measured fitness | best measured fitness | x1 | x2...
1 0 +4.223016308e+02 +4.223016308e+02 +2.070016308e+02 +2.070016308e+02 +0.0000e+00 +0.0000e+00 +0.0000e+00 +0.0000e+00 +0.0000e+00
4 0 +3.835426385e+02 +3.835426385e+02 +1.682426385e+02 +1.682426385e+02 -9.3279e-02 +1.7928e-01 +4.9584e-02 -3.4239e-02 +1.8441e-01
6 0 +2.540326843e+02 +2.540326843e+02 +3.873268427e+01 +3.873268427e+01 -2.2065e-01 +1.2932e+00 +3.1004e-02 -4.1437e-02 +9.4934e-01
12 0 +1.639292257e+02 +1.639292257e+02 -5.137077430e+01 -5.137077430e+01 -1.9652e-01 +1.8068e+00 -2.1916e-02 -1.9885e+00 -6.1609e-01
18 0 +1.410604549e+02 +1.410604549e+02 -7.423954512e+01 -7.423954512e+01 -1.1707e+00 +1.7499e+00 +1.3311e-01 +6.6806e-02 -6.7463e-01
23 0 +1.124155047e+02 +1.124155047e+02 -1.028844953e+02 -1.028844953e+02 -7.0375e-01 +2.7742e+00 -1.8678e-01 -1.9863e+00 -1.0824e+00
34 0 +8.321063401e+01 +8.321063401e+01 -1.320893660e+02 -1.320893660e+02 -1.2499e+00 +6.5466e+00 -2.1039e-01 -4.6210e-01 -1.0045e+00
38 0 +8.308341509e+01 +8.308341509e+01 -1.322165849e+02 -1.322165849e+02 -1.0375e+00 +3.4950e+00 -4.0979e-01 -1.3493e+00 +2.5529e-01
% f evaluations | g evaluations | best noise-free fitness - Fopt | noise-free fitness - Fopt (-5.449000000000e+01) | measured fitness | best measured fitness | x1 | x2...
1 0 +1.752913982e+02 +1.752913982e+02 +1.208013982e+02 +1.208013982e+02 +0.0000e+00 +0.0000e+00 +0.0000e+00 +0.0000e+00 +0.0000e+00
8 0 +9.149451039e+01 +9.149451039e+01 +3.700451039e+01 +3.700451039e+01 +6.6346e-01 -4.9269e-01 +5.1336e-01 +8.1320e-01 -1.7514e+00
36 0 +8.766996237e+01 +8.766996237e+01 +3.317996237e+01 +3.317996237e+01 +1.0378e+00 +9.9477e-01 +2.6989e-01 -2.5970e-01 -3.2485e+00
43 0 +8.004594188e+01 +8.004594188e+01 +2.555594188e+01 +2.555594188e+01 +8.2706e-01 -2.2311e-01 +4.7474e-01 -1.2423e-01 -2.6866e+00
46 0 +7.374071850e+01 +7.374071850e+01 +1.925071850e+01 +1.925071850e+01 +1.2711e+00 -1.3156e+00 +8.9990e-01 -9.7875e-01 -2.8480e+00
61 0 +6.079689578e+01 +6.079689578e+01 +6.306895785e+00 +6.306895785e+00 +1.4941e+00 -1.2682e+00 +1.7179e+00 -1.6839e+00 -3.5408e+00
85 0 +4.321452007e+01 +4.321452007e+01 -1.127547993e+01 -1.127547993e+01 +1.7139e+00 -7.0975e-01 +1.1985e+00 -1.4622e+00 -3.1003e+00
160 0 +3.816220318e+01 +3.816220318e+01 -1.632779682e+01 -1.632779682e+01 +1.6775e+00 -4.0851e-01 +6.5368e-01 -1.4601e+00 -2.7702e+00
175 0 +3.474203436e+01 +3.474203436e+01 -1.974796564e+01 -1.974796564e+01 +1.5026e+00 -6.0854e-01 +8.4057e-01 -1.9596e+00 -3.3638e+00
219 0 +3.386370532e+01 +3.386370532e+01 -2.062629468e+01 -2.062629468e+01 +1.4956e+00 -3.2880e-01 +8.6254e-01 -1.7813e+00 -3.1828e+00
266 0 +2.874777592e+01 +2.874777592e+01 -2.574222408e+01 -2.574222408e+01 +1.6286e+00 -4.0134e-01 +1.9345e+00 -1.6469e+00 -1.4906e+00
278 0 +2.419040548e+01 +2.419040548e+01 -3.029959452e+01 -3.029959452e+01 +1.6656e+00 +9.9559e-01 +1.1820e+00 -2.7862e+00 -4.3253e-01
815 0 +1.845148069e+01 +1.845148069e+01 -3.603851931e+01 -3.603851931e+01 +1.8191e+00 -3.3585e-01 +1.9904e+00 -3.2422e+00 +2.1278e-01
% f evaluations | g evaluations | best noise-free fitness - Fopt | noise-free fitness - Fopt (5.049000000000e+01) | measured fitness | best measured fitness | x1 | x2...
1 0 +1.906447449e+02 +1.906447449e+02 +2.411347449e+02 +2.411347449e+02 +0.0000e+00 +0.0000e+00 +0.0000e+00 +0.0000e+00 +0.0000e+00
3 0 +1.364244006e+02 +1.364244006e+02 +1.869144006e+02 +1.869144006e+02 -3.4951e-01 +1.0775e-01 +1.4531e+00 -1.5826e+00 +2.0148e-01
22 0 +1.269401077e+02 +1.269401077e+02 +1.774301077e+02 +1.774301077e+02 +3.8486e+00 +4.6770e-01 +3.8123e+00 -1.4816e+00 -5.9029e-01
24 0 +1.066144783e+02 +1.066144783e+02 +1.571044783e+02 +1.571044783e+02 +1.8770e+00 +8.1502e-01 +1.8204e+00 -1.0369e+00 +3.7343e-01
30 0 +1.021051175e+02 +1.021051175e+02 +1.525951175e+02 +1.525951175e+02 +4.5597e+00 -1.2756e+00 +2.7972e+00 -1.4895e+00 -1.5178e+00
31 0 +8.529928148e+01 +8.529928148e+01 +1.357892815e+02 +1.357892815e+02 +2.7213e+00 -8.0575e-02 +3.3560e+00 -2.6014e+00 -1.4459e+00
39 0 +7.582699067e+01 +7.582699067e+01 +1.263169907e+02 +1.263169907e+02 +6.7789e+00 -2.0377e-01 +2.7006e+00 -1.0631e+00 -1.2576e-01
67 0 +3.980735269e+01 +3.980735269e+01 +9.029735269e+01 +9.029735269e+01 +4.1383e+00 +8.3416e-01 +3.1560e+00 -3.2496e-01 +5.3540e+00
184 0 +2.464047773e+01 +2.464047773e+01 +7.513047773e+01 +7.513047773e+01 +4.8154e+00 -1.4935e+00 +3.7199e+00 +4.9573e-01 +3.2931e+00
857 0 +1.945739043e+01 +1.945739043e+01 +6.994739043e+01 +6.994739043e+01 +6.1960e+00 -6.1627e-01 +3.1166e+00 -7.3396e-02 +2.9232e+00
875 0 +1.612177603e+01 +1.612177603e+01 +6.661177603e+01 +6.661177603e+01 +6.2350e+00 -5.6974e-01 +3.1335e+00 -1.1039e-01 +2.9900e+00
893 0 +1.583588276e+01 +1.583588276e+01 +6.632588276e+01 +6.632588276e+01 +6.2277e+00 -5.8617e-01 +3.1556e+00 -7.8875e-02 +2.9283e+00
914 0 +1.527533728e+01 +1.527533728e+01 +6.576533728e+01 +6.576533728e+01 +6.2612e+00 -5.9747e-01 +3.1356e+00 -7.4918e-02 +2.9545e+00
% f evaluations | g evaluations | best noise-free fitness - Fopt | noise-free fitness - Fopt (-3.641300000000e+02) | measured fitness | best measured fitness | x1 | x2...
1 0 +1.178045519e+02 +1.178045519e+02 -2.463254481e+02 -2.463254481e+02 +0.0000e+00 +0.0000e+00 +0.0000e+00 +0.0000e+00 +0.0000e+00
5 0 +9.085330310e+01 +9.085330310e+01 -2.732766969e+02 -2.732766969e+02 -6.0710e-01 -1.3540e-01 -1.1634e-01 -2.7041e-01 -1.7940e-01
8 0 +7.360441455e+01 +7.360441455e+01 -2.905255854e+02 -2.905255854e+02 -6.7034e-01 -6.2039e-01 -2.2514e-01 -6.6818e-01 +1.1328e+00
15 0 +6.884369131e+01 +6.884369131e+01 -2.952863087e+02 -2.952863087e+02 -1.4024e+00 +2.3167e-01 -9.0985e-03 -6.3063e-01 +9.5994e-01
24 0 +5.225089673e+01 +5.225089673e+01 -3.118791033e+02 -3.118791033e+02 -3.2153e+00 +2.9327e-01 -1.4577e-01 +3.2893e-01 +1.1299e+00
27 0 +3.668554874e+01 +3.668554874e+01 -3.274444513e+02 -3.274444513e+02 -2.5179e+00 -1.0097e+00 -2.0540e-01 -3.7801e-01 +5.9170e-01
235 0 +3.567422536e+01 +3.567422536e+01 -3.284557746e+02 -3.284557746e+02 -5.8802e+00 -1.3506e+00 +8.5992e-01 -1.0388e+00 +7.3963e-01
290 0 +3.047849249e+01 +3.047849249e+01 -3.336515075e+02 -3.336515075e+02 -4.8440e+00 +2.8571e-02 -3.4848e-03 -1.0744e+00 +1.2959e+00
314 0 +2.391702899e+01 +2.391702899e+01 -3.402129710e+02 -3.402129710e+02 -4.1274e+00 -9.2548e-01 +7.2021e-01 -2.7404e-02 +2.0122e+00
494 0 +1.976305909e+01 +1.976305909e+01 -3.443669409e+02 -3.443669409e+02 -4.2825e+00 -4.0430e-01 -4.5676e-01 -1.5909e+00 +1.1833e+00
545 0 +1.538556456e+01 +1.538556456e+01 -3.487444354e+02 -3.487444354e+02 -4.6021e+00 -6.5365e-01 -1.5818e-01 -9.4907e-01 +1.0469e+00
548 0 +1.411134368e+01 +1.411134368e+01 -3.500186563e+02 -3.500186563e+02 -4.2423e+00 -5.7797e-01 +5.7475e-02 -1.3194e+00 +1.2036e+00
557 0 +1.325817335e+01 +1.325817335e+01 -3.508718267e+02 -3.508718267e+02 -4.2350e+00 -6.4183e-01 +2.7527e-02 -1.3245e+00 +1.2128e+00
563 0 +1.309442491e+01 +1.309442491e+01 -3.510355751e+02 -3.510355751e+02 -4.2193e+00 -6.5367e-01 +1.4616e-02 -1.3093e+00 +1.1378e+00
570 0 +1.268277409e+01 +1.268277409e+01 -3.514472259e+02 -3.514472259e+02 -4.2384e+00 -7.1096e-01 -3.1852e-02 -1.2979e+00 +1.1403e+00
775 0 +1.251936084e+01 +1.251936084e+01 -3.516106392e+02 -3.516106392e+02 -3.8077e+00 -7.7103e-01 -2.0561e-01 -1.0489e+00 +1.1487e+00
856 0 +1.125844726e+01 +1.125844726e+01 -3.528715527e+02 -3.528715527e+02 -3.9054e+00 -7.6862e-01 -1.1947e-01 -1.0036e+00 +1.2474e+00
858 0 +1.038740174e+01 +1.038740174e+01 -3.537425983e+02 -3.537425983e+02 -3.9172e+00 -7.8100e-01 -1.2800e-01 -9.6995e-01 +1.2592e+00
862 0 +8.507952274e+00 +8.507952274e+00 -3.556220477e+02 -3.556220477e+02 -3.8895e+00 -7.8321e-01 -1.2749e-01 -9.8924e-01 +1.2759e+00
863 0 +8.226318202e+00 +8.226318202e+00 -3.559036818e+02 -3.559036818e+02 -3.8707e+00 -7.6999e-01 -1.2171e-01 -1.0134e+00 +1.2558e+00
877 0 +7.982951519e+00 +7.982951519e+00 -3.561470485e+02 -3.561470485e+02 -3.8754e+00 -7.8363e-01 -1.2989e-01 -1.0030e+00 +1.2639e+00
879 0 +5.650936577e+00 +5.650936577e+00 -3.584790634e+02 -3.584790634e+02 -3.8418e+00 -7.3543e-01 -1.1898e-01 -1.0123e+00 +1.2454e+00
887 0 +5.540337322e+00 +5.540337322e+00 -3.585896627e+02 -3.585896627e+02 -3.8116e+00 -7.2154e-01 -1.0311e-01 -1.0065e+00 +1.2221e+00
923 0 +4.821113321e+00 +4.821113321e+00 -3.593088867e+02 -3.593088867e+02 -3.8092e+00 -7.5815e-01 -1.1857e-01 -1.0008e+00 +1.2182e+00
925 0 +4.652751828e+00 +4.652751828e+00 -3.594772482e+02 -3.594772482e+02 -3.7920e+00 -7.5468e-01 -1.1757e-01 -9.9496e-01 +1.2215e+00
926 0 +3.934833247e+00 +3.934833247e+00 -3.601951668e+02 -3.601951668e+02 -3.7873e+00 -7.3122e-01 -1.1182e-01 -1.0163e+00 +1.2556e+00
951 0 +3.846906305e+00 +3.846906305e+00 -3.602830937e+02 -3.602830937e+02 -3.7875e+00 -7.2784e-01 -1.1829e-01 -1.0185e+00 +1.2551e+00
967 0 +3.544387781e+00 +3.544387781e+00 -3.605856122e+02 -3.605856122e+02 -3.7779e+00 -7.3485e-01 -1.2036e-01 -1.0227e+00 +1.2469e+00
994 0 +3.413993513e+00 +3.413993513e+00 -3.607160065e+02 -3.607160065e+02 -3.7773e+00 -7.3693e-01 -1.2358e-01 -1.0197e+00 +1.2454e+00
% f evaluations | g evaluations | best noise-free fitness - Fopt | noise-free fitness - Fopt (1.592700000000e+02) | measured fitness | best measured fitness | x1 | x2...
1 0 +1.501655760e+02 +1.501655760e+02 +3.094355760e+02 +3.094355760e+02 +0.0000e+00 +0.0000e+00 +0.0000e+00 +0.0000e+00 +0.0000e+00
2 0 +1.263307077e+02 +1.263307077e+02 +2.856007077e+02 +2.856007077e+02 -4.1841e-03 +1.0589e+00 +1.3521e+00 -1.7944e+00 +1.0660e+00
3 0 +1.083594379e+02 +1.083594379e+02 +2.676294379e+02 +2.676294379e+02 +1.9812e-02 -1.1338e+00 +4.3557e-01 -5.7564e-01 -6.2308e-01
12 0 +9.245314849e+01 +9.245314849e+01 +2.517231485e+02 +2.517231485e+02 +7.6749e-02 +2.4703e-01 +1.4461e+00 -1.9922e+00 +1.5714e-01
16 0 +8.907462920e+01 +8.907462920e+01 +2.483446292e+02 +2.483446292e+02 -2.6994e-02 -6.7301e-01 +1.3345e+00 -1.9872e+00 -5.9657e-01
21 0 +8.203684902e+01 +8.203684902e+01 +2.413068490e+02 +2.413068490e+02 +4.7973e-03 +6.5935e-02 +1.7700e+00 -4.5354e-01 +3.4583e-01
25 0 +7.802188514e+01 +7.802188514e+01 +2.372918851e+02 +2.372918851e+02 -4.1843e-03 -7.3318e-02 +2.1782e+00 -2.4968e+00 -6.3043e-01
32 0 +7.146649386e+01 +7.146649386e+01 +2.307364939e+02 +2.307364939e+02 -3.7891e-02 -7.1297e-01 +2.3688e+00 -2.5298e+00 -1.0723e+00
36 0 +7.073510941e+01 +7.073510941e+01 +2.300051094e+02 +2.300051094e+02 -2.6368e-02 -3.6396e-02 +2.4332e+00 -2.7857e+00 -1.4117e+00
39 0 +5.464977098e+01 +5.464977098e+01 +2.139197710e+02 +2.139197710e+02 -4.1071e-02 -2.0092e-02 +2.8107e+00 -1.2821e+00 -5.9607e-02
352 0 +4.407097870e+01 +4.407097870e+01 +2.033409787e+02 +2.033409787e+02 -6.8066e-02 -5.7170e-01 +2.4995e+00 -1.7222e+00 -6.4801e-01
412 0 +4.145405299e+01 +4.145405299e+01 +2.007240530e+02 +2.007240530e+02 -1.2443e-01 -1.4063e+00 +3.4782e+00 -1.1229e+00 -2.0255e+00
528 0 +3.858155054e+01 +3.858155054e+01 +1.978515505e+02 +1.978515505e+02 -9.1054e-02 -2.0650e+00 +4.4959e+00 -3.1563e+00 -3.5623e+00
530 0 +3.616026213e+01 +3.616026213e+01 +1.954302621e+02 +1.954302621e+02 -1.7032e-03 -2.1710e+00 +5.3405e+00 -1.5100e+00 -4.7822e+00
582 0 +2.971375970e+01 +2.971375970e+01 +1.889837597e+02 +1.889837597e+02 -3.1375e-04 -3.3822e+00 +4.4414e+00 -8.0342e-01 -4.7123e+00
