% f evaluations | g evaluations | best noise-free fitness - Fopt | noise-free fitness - Fopt (1.000000000000e+03) | measured fitness | best measured fitness | x1 | x2...
1 0 +3.071729850e+02 +3.071729850e+02 +1.307172985e+03 +1.307172985e+03 +0.0000e+00 +0.0000e+00 +0.0000e+00 +0.0000e+00 +0.0000e+00 +0.0000e+00 +0.0000e+00 +0.0000e+00 +0.0000e+00 +0.0000e+00
2 0 +2.967717607e+02 +2.967717607e+02 +1.296771761e+03 +1.296771761e+03 +2.7177e-01 -1.1987e-02 -2.4603e-01 -2.3670e-01 +4.9602e-02 +4.2495e-01 +2.3810e-01 +9.3014e-02 -2.1753e-01 -5.9619e-03
6 0 +2.517641905e+02 +2.517641905e+02 +1.251764190e+03 +1.251764190e+03 +2.9645e-01 +1.0953e-01 -1.7600e-01 -2.9489e-01 +6.7708e-01 -6.0451e-02 -4.0300e-01 +1.2275e-02 -2.9331e-01 -2.3799e-02
11 0 +2.407171880e+02 +2.407171880e+02 +1.240717188e+03 +1.240717188e+03 +1.0138e-01 +1.9386e-01 -1.9163e-01 +7.1449e-01 +1.2931e-01 -2.6692e-01 -6.3186e-01 -3.9557e-02 +5.9968e-01 -8.1631e-02
18 0 +1.787084746e+02 +1.787084746e+02 +1.178708475e+03 +1.178708475e+03 +5.6967e-01 +3.7377e-01 -3.9910e-02 +5.1805e-01 +7.7102e-01 -3.2257e-01 -1.3118e+00 -3.8463e-02 -3.7543e-02 -7.5124e-02
54 0 +1.767707133e+02 +1.767707133e+02 +1.176770713e+03 +1.176770713e+03 +1.0568e-01 -2.0740e-01 -3.1076e-01 +1.3934e+00 +2.8674e-01 -1.2558e+00 -2.1928e+00 -1.1908e-01 -3.7462e-01 -1.3653e-01
440 0 +1.728791155e+02 +1.728791155e+02 +1.172879115e+03 +1.172879115e+03 -7.4492e+00 +4.8506e+00 +4.9263e+00 +3.4907e+00 +2.7870e-01 -7.3893e+00 -2.2764e+00 -8.0314e-01 -5.5002e+00 -1.1934e+00
486 0 +1.527635978e+02 +1.527635978e+02 +1.152763598e+03 +1.152763598e+03 -7.8692e+00 +4.1443e+00 +4.7488e+00 +4.8103e+00 +1.5662e+00 -6.6027e+00 -3.2198e+00 -7.8986e-01 -4.9247e+00 -1.1684e+00
% f evaluations | g evaluations | best noise-free fitness - Fopt | noise-free fitness - Fopt (7.003000000000e+01) | measured fitness | best measured fitness | x1 | x2...
1 0 +3.532304115e+02 +3.532304115e+02 +4.232604115e+02 +4.232604115e+02 +0.0000e+00 +0.0000e+00 +0.0000e+00 +0.0000e+00 +0.0000e+00 +0.0000e+00 +0.0000e+00 +0.0000e+00 +0.0000e+00 +0.0000e+00
3 0 +3.332165352e+02 +3.332165352e+02 +4.032465352e+02 +4.032465352e+02 +9.9689e-02 -6.9678e-01 +3.5480e-01 -1.7042e-01 -1.4915e-03 -6.1667e-01 -1.1370e-01 -6.3454e-01 +1.1362e-02 -6.8691e-01
4 0 +3.046541366e+02 +3.046541366e+02 +3.746841366e+02 +3.746841366e+02 +1.6967e+00 +2.4378e-02 -7.0959e-01 +5.6102e-01 +8.5549e-01 -2.9231e-01 -2.5101e-02 +5.5544e-01 +7.8991e-02 -4.8315e-01
11 0 +2.076394811e+02 +2.076394811e+02 +2.776694811e+02 +2.776694811e+02 +5.8527e-01 -2.4924e+00 -3.0176e+00 -1.3375e+00 -6.5594e-01 -3.1397e-01 +6.5019e-02 -2.5241e-01 +7.0319e-02 +7.9194e-01
22 0 +1.815247017e+02 +1.815247017e+02 +2.515547017e+02 +2.515547017e+02 +2.2678e+00 -7.6935e-01 -1.1684e+00 +5.3678e-01 +1.0025e+00 -5.2131e+00 -2.7462e-02 +4.5600e-01 +1.6974e-01 -1.2314e+00
26 0 +1.605043634e+02 +1.605043634e+02 +2.305343634e+02 +2.305343634e+02 +1.4626e+00 -1.3598e+00 -1.5858e+00 -9.6468e-02 +8.0951e-01 -1.8031e+00 +9.1778e-02 +1.8060e+00 +8.8300e-02 -8.4267e-01
36 0 +1.410048871e+02 +1.410048871e+02 +2.110348871e+02 +2.110348871e+02 +1.1389e+00 -1.8361e+00 -1.5454e+00 -4.4256e-01 +3.5427e-01 -1.5517e+00 +2.4361e-01 +1.5361e+00 +1.4680e-01 -5.6142e-01
% f evaluations | g evaluations | best noise-free fitness - Fopt | noise-free fitness - Fopt (-4.822000000000e+01) | measured fitness | best measured fitness | x1 | x2...
1 0 +6.524062290e+02 +6.524062290e+02 +6.041862290e+02 +6.041862290e+02 +0.0000e+00 +0.0000e+00 +0.0000e+00 +0.0000e+00 +0.0000e+00 +0.0000e+00 +0.0000e+00 +0.0000e+00 +0.0000e+00 +0.0000e+00
2 0 +6.360294567e+02 +6.360294567e+02 +5.878094567e+02 +5.878094567e+02 +1.3707e-01 -6.8999e-01 -4.8647e-01 +4.5521e-01 +1.0026e+00 +5.4954e-02 -5.4762e-01 +7.3907e-02 +8.3962e-02 +1.2506e+00
6 0 +4.973944701e+02 +4.973944701e+02 +4.491744701e+02 +4.491744701e+02 -1.3232e-02 +3.5070e-01 +3.3909e-02 +4.4162e-01 -2.0497e+00 +2.5151e-02 -9.2376e-02 -1.0852e-01 +2.7183e-01 -1.9788e-01
7 0 +4.292762457e+02 +4.292762457e+02 +3.810562457e+02 +3.810562457e+02 +6.9682e-02 -1.3527e+00 -1.1650e-01 +3.2618e-01 -4.2408e-02 -1.7566e-01 -2.4877e-01 -5.0630e-02 -1.2558e+00 +5.6927e-01
9 0 +3.464456520e+02 +3.464456520e+02 +2.982256520e+02 +2.982256520e+02 -9.6572e-03 -4.6949e-01 -7.4210e-01 -1.8544e-01 -2.6989e+00 +3.0796e-01 -4.5482e-01 -4.7933e-01 +1.9643e-01 +9.8322e-01
12 0 +2.923938322e+02 +2.923938322e+02 +2.441738322e+02 +2.441738322e+02 -1.1746e-02 -6.7235e-01 -9.1184e-01 +2.8362e-01 -9.5562e-01 +2.7684e-02 -6.0249e-01 -7.7604e-01 -1.7388e+00 +1.8037e+00
21 0 +2.544424737e+02 +2.544424737e+02 +2.062224737e+02 +2.062224737e+02 -3.0599e-02 -2.0201e-01 -9.7261e-03 +4.2222e-01 -4.2418e+00 +9.0488e-02 -1.2573e+00 -1.3579e+00 -9.2140e-01 +1.6024e+00
35 0 +2.494057854e+02 +2.494057854e+02 +2.011857854e+02 +2.011857854e+02 -1.0006e-01 -9.2384e-01 -7.2179e-01 -2.5525e-02 -9.6508e-01 -1.9945e-01 -7.4844e-02 +8.0899e-01 -3.3809e+00 +4.2522e+00
38 0 +2.081704809e+02 +2.081704809e+02 +1.599504809e+02 +1.599504809e+02 +2.9792e-02 +4.1430e-01 -2.3577e-01 +3.1517e-01 -4.0481e+00 +2.7051e-01 -5.2130e-01 -1.7110e+00 -2.5597e+00 +3.5319e+00
118 0 +1.938804651e+02 +1.938804651e+02 +1.456604651e+02 +1.456604651e+02 -5.6820e-02 -2.8071e+00 -4.5551e-01 +8.8383e-01 -1.8695e+00 +7.5830e-01 -1.3736e+00 -2.2312e-01 -5.0764e+00 +3.3502e+00
147 0 +1.860347130e+02 +1.860347130e+02 +1.378147130e+02 +1.378147130e+02 -9.2360e-02 -2.0223e+00 -4.8120e-01 +1.5394e+00 -1.3725e+00 +1.0298e+00 -1.0900e+00 +9.9556e-01 -2.8115e+00 +1.9322e+00
155 0 +1.761639278e+02 +1.761639278e+02 +1.279439278e+02 +1.279439278e+02 -2.6565e-03 -1.6111e+00 -1.8002e+00 +1.6510e+00 -9.7024e-01 +1.0626e+00 -2.1062e+00 -3.9801e-01 -5.0022e+00 +3.3601e+00
159 0 +1.513103404e+02 +1.513103404e+02 +1.030903404e+02 +1.030903404e+02 -2.9371e-01 -9.5757e-01 -1.1368e+00 +1.1308e+00 -3.7974e+00 +1.2921e+00 -7.5966e-01 +7.6938e-01 -2.6756e+00 +2.8928e+00
250 0 +1.408187653e+02 +1.408187653e+02 +9.259876528e+01 +9.259876528e+01 -3.7760e-01 -4.3146e-01 -2.3317e+00 +1.8932e-01 -3.6382e+00 +1.4381e+00 -1.4200e+00 -7.1197e-01 -3.1086e+00 +1.1770e+00
252 0 +1.262247427e+02 +1.262247427e+02 +7.800474267e+01 +7.800474267e+01 -3.9622e-01 -2.9048e-01 -2.7247e+00 +4.5381e-01 -4.0883e+00 +1.5057e+00 -1.2006e+00 -3.2287e-01 -1.1190e+00 +1.3891e+00
299 0 +1.119520469e+02 +1.119520469e+02 +6.373204686e+01 +6.373204686e+01 -5.5722e-01 -5.5531e-01 -2.6258e+00 +4.2987e-01 -2.1480e+00 +1.5110e+00 -2.1416e+00 +2.4279e-01 -1.6787e+00 +2.0796e+00
% f evaluations | g evaluations | best noise-free fitness - Fopt | noise-free fitness - Fopt (2.547000000000e+01) | measured fitness | best measured fitness | x1 | x2...
1 0 +3.185738813e+02 +3.185738813e+02 +3.440438813e+02 +3.440438813e+02 +0.0000e+00 +0.0000e+00 +0.0000e+00 +0.0000e+00 +0.0000e+00 +0.0000e+00 +0.0000e+00 +0.0000e+00 +0.0000e+00 +0.0000e+00
3 0 +3.021452143e+02 +3.021452143e+02 +3.276152143e+02 +3.276152143e+02 +8.0270e-02 -9.2193e-01 +6.1313e-03 +1.3780e-02 -2.5434e-01 -6.5742e-01 +9.3469e-01 -1.3016e-01 -6.8933e-01 +1.4635e-01
8 0 +2.867356462e+02 +2.867356462e+02 +3.122056462e+02 +3.122056462e+02 -7.1564e-01 +1.3333e-01 +6.3126e-01 -4.1287e-03 -2.8153e-01 -8.1237e-01 -2.0911e-01 +3.7764e-01 -1.4145e-01 +4.1057e-01
16 0 +2.551594480e+02 +2.551594480e+02 +2.806294480e+02 +2.806294480e+02 -8.7777e-01 +3.1145e-01 +1.9077e-01 +9.9863e-03 +9.1513e-02 -1.1101e+00 +7.8288e-01 +5.8032e-02 +1.4701e+00 +5.1970e-02
24 0 +2.333668579e+02 +2.333668579e+02 +2.588368579e+02 +2.588368579e+02 -8.3065e-01 -3.0378e+00 +5.6686e-01 -3.5570e-02 +1.9700e-02 -1.0047e+00 -7.3406e-02 +2.9020e-01 +2.8140e+00 +1.7677e-01
26 0 +2.223692863e+02 +2.223692863e+02 +2.478392863e+02 +2.478392863e+02 -1.2130e+00 -1.5193e-01 +5.8363e-01 +4.1004e-02 -2.3368e-01 +1.7012e-01 +2.0804e-02 +6.2744e-03 +1.8464e+00 +3.8405e-01
32 0 +2.096093426e+02 +2.096093426e+02 +2.350793426e+02 +2.350793426e+02 -8.6822e-01 +3.5325e-01 +5.7593e-01 +3.3355e-02 -8.7838e-02 -1.1974e+00 -2.1843e-01 +1.3056e-01 +2.6932e+00 -1.2201e-01
35 0 +2.005619640e+02 +2.005619640e+02 +2.260319640e+02 +2.260319640e+02 -1.8559e+00 -6.3475e-02 +4.7989e-01 +5.8428e-02 -4.6458e-01 -8.4664e-01 +5.8757e-01 +3.9921e-01 +1.6109e+00 +1.5455e-01
49 0 +1.768448094e+02 +1.768448094e+02 +2.023148094e+02 +2.023148094e+02 -1.2908e+00 -2.1171e+00 +8.1754e-01 +1.1079e-02 -4.6782e-01 -1.9140e+00 +5.4642e-01 +3.0218e-01 +1.4542e+00 +1.3591e-01
69 0 +1.735817363e+02 +1.735817363e+02 +1.990517363e+02 +1.990517363e+02 -1.2590e+00 -9.7097e-01 +3.9278e-01 +4.5919e-02 -7.8588e-01 -5.0424e-01 +5.0838e-01 +8.5567e-01 +2.2880e+00 -1.0834e+00
75 0 +1.581046216e+02 +1.581046216e+02 +1.835746216e+02 +1.835746216e+02 -1.8626e+00 -1.8001e+00 +2.6551e-02 +2.0740e-02 -1.4989e+00 -1.3746e+00 +6.8013e-01 +7.5535e-01 +1.2381e+00 -7.5194e-01
99 0 +1.321860105e+02 +1.321860105e+02 +1.576560105e+02 +1.576560105e+02 -1.6490e+00 -3.4485e+00 -1.0113e+00 +3.2810e-02 -1.2311e+00 -1.1631e+00 -6.2550e-01 +5.4795e-01 +1.5992e+00 -1.5454e+00
% f evaluations | g evaluations | best noise-free fitness - Fopt | noise-free fitness - Fopt (-1.008100000000e+02) | measured fitness | best measured fitness | x1 | x2...
1 0 +1.920731690e+02 +1.920731690e+02 +9.126316903e+01 +9.126316903e+01 +0.0000e+00 +0.0000e+00 +0.0000e+00 +0.0000e+00 +0.0000e+00 +0.0000e+00 +0.0000e+00 +0.0000e+00 +0.0000e+00 +0.0000e+00
4 0 +1.502105729e+02 +1.502105729e+02 +4.940057285e+01 +4.940057285e+01 -7.0944e-02 +3.7809e-01 +1.1822e-02 +2.1860e-01 -4.7112e-01 +2.3184e+00 +9.2405e-01 +1.8587e-01 -1.3636e+00 +2.5323e+00
68 0 +1.345657236e+02 +1.345657236e+02 +3.375572363e+01 +3.375572363e+01 +6.7419e-01 +6.9175e-01 +9.4911e-02 -1.6312e+00 -2.4719e-01 +3.3352e+00 -1.2379e+00 +3.5649e-01 -2.9033e+00 +1.4177e+00
146 0 +1.220936052e+02 +1.220936052e+02 +2.128360519e+01 +2.128360519e+01 +1.3838e+00 -5.7143e-01 +5.2522e-02 -9.5534e-01 -3.7273e-01 +2.6126e+00 -1.2894e+00 +1.5740e-01 -3.3440e+00 +1.7519e+00
195 0 +1.002353110e+02 +1.002353110e+02 -5.746889883e-01 -5.746889883e-01 +3.7416e-01 -1.2703e-01 +7.2119e-02 -7.0817e-01 -2.6233e-01 +2.1652e+00 -9.6260e-01 +4.4815e-01 -2.8330e+00 +1.7143e+00
606 0 +9.944514045e+01 +9.944514045e+01 -1.364859551e+00 -1.364859551e+00 +2.1403e-01 +1.8152e-02 +8.2760e-02 -8.3208e-01 -4.7190e-01 +1.9825e+00 -1.0934e+00 +2.7663e-01 -3.3303e+00 +5.2447e-01
699 0 +9.770593581e+01 +9.770593581e+01 -3.104064193e+00 -3.104064193e+00 +3.1490e-01 +2.4005e-04 +8.5693e-02 -9.4326e-01 -5.7538e-01 +1.9083e+00 -1.1520e+00 +2.9591e-01 -3.4255e+00 +5.0374e-01
738 0 +9.488515129e+01 +9.488515129e+01 -5.924848715e+00 -5.924848715e+00 +2.8974e-01 +2.0408e-02 +8.4750e-02 -9.2607e-01 -5.4256e-01 +1.9214e+00 -1.1573e+00 +3.0793e-01 -3.4271e+00 +4.7186e-01
772 0 +9.325627853e+01 +9.325627853e+01 -7.553721470e+00 -7.553721470e+00 +2.6811e-01 +3.8495e-02 +8.3301e-02 -9.2542e-01 -5.4774e-01 +1.9382e+00 -1.1557e+00 +3.1044e-01 -3.4198e+00 +5.3034e-01
867 0 +9.113627660e+01 +9.113627660e+01 -9.673723402e+00 -9.673723402e+00 +2.7696e-01 +2.0121e-02 +8.2582e-02 -9.0990e-01 -5.2583e-01 +1.9416e+00 -1.1495e+00 +3.1593e-01 -3.4143e+00 +5.1031e-01
964 0 +8.886769299e+01 +8.886769299e+01 -1.194230701e+01 -1.194230701e+01 +2.9423e-01 -3.3816e-03 +8.0853e-02 -8.4417e-01 -4.7641e-01 +1.9449e+00 -1.1643e+00 +3.3688e-01 -3.3783e+00 +4.7158e-01
% f evaluations | g evaluations | best noise-free fitness - Fopt | noise-free fitness - Fopt (-3.531300000000e+02) | measured fitness | best measured fitness | x1 | x2...
1 0 +2.885280905e+02 +2.885280905e+02 -6.460190953e+01 -6.460190953e+01 +0.0000e+00 +0.0000e+00 +0.0000e+00 +0.0000e+00 +0.0000e+00 +0.0000e+00 +0.0000e+00 +0.0000e+00 +0.0000e+00 +0.0000e+00
2 0 +2.694520016e+02 +2.694520016e+02 -8.367799837e+01 -8.367799837e+01 -3.4682e-02 -1.5799e+00 -4.3405e-01 -2.0896e-01 -3.3789e-01 -3.4494e-01 -1.4523e-01 +1.2692e+00 +3.8613e-02 +2.1120e-01
15 0 +2.365907899e+02 +2.365907899e+02 -1.165392101e+02 -1.165392101e+02 -2.7690e-01 -2.2978e+00 -6.1397e-01 +1.1311e-01 +1.9888e+00 +1.9534e-01 -1.0400e+00 +1.3430e+00 +3.8729e-01 -4.2956e-01
23 0 +2.189535252e+02 +2.189535252e+02 -1.341764748e+02 -1.341764748e+02 +4.4421e-01 -3.4456e+00 -4.9974e-01 +1.4281e-01 -2.4611e-01 +6.0011e-01 -1.1222e+00 +4.6303e+00 +4.7442e-02 +1.0024e+00
41 0 +2.134543908e+02 +2.134543908e+02 -1.396756092e+02 -1.396756092e+02 -4.1577e-03 -2.3171e+00 -9.6665e-01 -1.1191e-01 +3.1332e+00 -5.5903e-01 -2.7654e-01 +7.6474e+00 -1.7008e-01 +2.7845e+00
52 0 +1.951338745e+02 +1.951338745e+02 -1.579961255e+02 -1.579961255e+02 +8.2035e-01 +1.1218e-01 -8.9159e-01 -3.9091e-02 +2.4338e+00 -1.5667e+00 +7.4084e-01 +3.4172e+00 +4.7217e-01 +2.8692e+00
54 0 +1.655362606e+02 +1.655362606e+02 -1.875937394e+02 -1.875937394e+02 -5.8361e-01 +6.5326e-01 -2.4008e+00 +2.0135e-01 +1.4611e+00 +3.6907e-01 -8.5518e-02 +7.9285e+00 +5.6484e-01 +2.1200e+00
611 0 +1.560694399e+02 +1.560694399e+02 -1.970605601e+02 -1.970605601e+02 +2.1667e+00 +8.9081e-02 -2.8426e+00 +3.9546e-01 -2.9737e-02 -2.4468e+00 -1.7049e+00 +4.5927e+00 -6.0416e-01 +5.6360e-01
% f evaluations | g evaluations | best noise-free fitness - Fopt | noise-free fitness - Fopt (8.716000000000e+01) | measured fitness | best measured fitness | x1 | x2...
1 0 +3.272544691e+02 +3.272544691e+02 +4.144144691e+02 +4.144144691e+02 +0.0000e+00 +0.0000e+00 +0.0000e+00 +0.0000e+00 +0.0000e+00 +0.0000e+00 +0.0000e+00 +0.0000e+00 +0.0000e+00 +0.0000e+00
7 0 +2.988320786e+02 +2.988320786e+02 +3.859920786e+02 +3.859920786e+02 -8.8190e-01 +6.4605e-01 -9.8977e-01 +1.6020e-01 +4.6400e-02 +2.8210e-02 -3.3746e-01 -1.2785e-01 -4.3359e-01 -1.2162e+00
13 0 +2.530849231e+02 +2.530849231e+02 +3.402449231e+02 +3.402449231e+02 -8.7449e-01 +2.7130e+00 -2.0143e+00 +1.6695e-03 +7.8466e-01 -9.2528e-01 -9.4414e-01 +7.9809e-02 -1.8212e-01 -9.8925e-01
16 0 +1.852732780e+02 +1.852732780e+02 +2.724332780e+02 +2.724332780e+02 +5.0504e-01 +1.1226e+00 -5.0116e+00 -4.8639e-02 +3.8936e-03 +7.1033e-01 -4.1856e-01 +1.6047e+00 -1.3712e+00 +9.7916e-01
25 0 +1.788409802e+02 +1.788409802e+02 +2.660009802e+02 +2.660009802e+02 +1.4736e+00 -5.5326e-01 -2.6832e+00 +4.0740e-01 -3.4393e-01 -2.6193e+00 -1.4605e+00 +2.0062e+00 -5.7738e-01 -2.4190e+00
27 0 +1.715665521e+02 +1.715665521e+02 +2.587265521e+02 +2.587265521e+02 +4.9031e-01 +5.2251e-02 -1.9944e+00 +6.2905e-01 +3.3846e-01 -7.8680e-01 -4.4749e-01 +1.1954e+00 -6.7032e-01 -2.6201e+00
41 0 +1.650342080e+02 +1.650342080e+02 +2.521942080e+02 +2.521942080e+02 +5.7847e-01 +1.3106e+00 -3.0131e+00 +6.2708e-01 +2.7134e-01 -4.3232e+00 -1.1497e+00 +3.0540e+00 -8.5344e-01 -1.1029e+00
42 0 +1.568677307e+02 +1.568677307e+02 +2.440277307e+02 +2.440277307e+02 -2.3072e-02 +8.5873e-01 -2.8884e+00 +4.6589e-01 +1.8130e-01 -1.7910e+00 -1.8669e+00 +3.1615e+00 -6.3115e-01 -2.3179e+00
48 0 +1.385764636e+02 +1.385764636e+02 +2.257364636e+02 +2.257364636e+02 +3.3624e-01 +1.8918e+00 -3.7632e+00 +5.5559e-01 +2.8312e-01 -3.3658e+00 -9.9924e-01 +2.0937e+00 -7.6503e-01 -2.5297e+00
55 0 +1.359280546e+02 +1.359280546e+02 +2.230880546e+02 +2.230880546e+02 +1.1850e+00 +2.0620e+00 -3.3358e+00 +8.2387e-01 +2.9611e-01 -1.3731e+00 -1.1177e+00 +2.2983e+00 -1.2826e+00 +1.1886e+00
67 0 +1.146761571e+02 +1.146761571e+02 +2.018361571e+02 +2.018361571e+02 +7.2930e-01 +1.2305e+00 -1.8434e+00 +6.3198e-01 +5.2362e-01 -2.7008e+00 -1.1875e+00 +3.1028e+00 -1.4682e+00 +1.8995e-01
94 0 +8.452707896e+01 +8.452707896e+01 +1.716870790e+02 +1.716870790e+02 +1.1026e+00 +3.0739e-01 -3.8692e+00 +3.8670e-01 +2.1178e-01 -1.9031e+00 -1.1042e+00 +2.1623e+00 -6.5659e-01 +4.2965e-01
259 0 +7.903502492e+01 +7.903502492e+01 +1.661950249e+02 +1.661950249e+02 +1.6237e+00 +1.1813e+00 -3.4391e+00 +6.0150e-01 +1.5913e-01 -2.7234e+00 -1.3635e+00 +1.8404e+00 -7.1974e-01 +3.3787e-01
717 0 +7.532918848e+01 +7.532918848e+01 +1.624891885e+02 +1.624891885e+02 +2.5253e+00 +1.6701e+00 -1.7286e+00 +6.6023e-01 -4.7569e-01 -1.7750e+00 -1.7450e+00 +1.8644e+00 -9.4271e-02 -1.7778e+00
% f evaluations | g evaluations | best noise-free fitness - Fopt | noise-free fitness - Fopt (-3.475000000000e+01) | measured fitness | best measured fitness | x1 | x2...
1 0 +6.336600325e+02 +6.336600325e+02 +5.989100325e+02 +5.989100325e+02 +0.0000e+00 +0.0000e+00 +0.0000e+00 +0.0000e+00 +0.0000e+00 +0.0000e+00 +0.0000e+00 +0.0000e+00 +0.0000e+00 +0.0000e+00
3 0 +4.642889690e+02 +4.642889690e+02 +4.295389690e+02 +4.295389690e+02 +1.8181e+00 +2.4712e+00 +5.5131e-02 +1.2558e-02 +4.9909e-01 -1.7001e+00 -4.4348e-01 +1.7061e-01 +1.0488e+00 -7.3302e-01
10 0 +3.674773201e+02 +3.674773201e+02 +3.327273201e+02 +3.327273201e+02 +1.1761e-01 -2.8447e-01 +8.6751e-01 +2.4025e-01 -1.6540e-01 -1.4244e+00 +9.9120e-02 -9.5537e-01 -5.8210e-01 +1.8441e-01
17 0 +3.419820848e+02 +3.419820848e+02 +3.072320848e+02 +3.072320848e+02 +1.1344e+00 +4.9553e-02 +2.1456e-01 +1.2058e+00 -2.5631e-01 -3.1412e+00 +4.9961e-01 -6.6110e-01 +4.4667e-01 -3.9835e-01
22 0 +3.217430382e+02 +3.217430382e+02 +2.869930382e+02 +2.869930382e+02 -2.4875e-02 +2.1794e+00 -9.0284e-01 +6.4469e-01 -1.0681e-01 -7.6700e-01 +1.3386e+00 -3.0672e+00 +6.1444e-02 -6.4801e-01
27 0 +2.942913018e+02 +2.942913018e+02 +2.595413018e+02 +2.595413018e+02 -8.5233e-01 +9.9515e-01 +5.0225e-01 +8.9439e-01 -4.7131e-01 -3.2176e+00 +1.0547e+00 -3.8667e+00 +9.3843e-01 -3.5647e-01
28 0 +1.940380602e+02 +1.940380602e+02 +1.592880602e+02 +1.592880602e+02 +1.2981e+00 +8.6468e-01 -3.0821e-01 +9.3215e-01 -2.0280e-01 -3.9212e+00 +1.0080e+00 -4.0427e+00 +9.0284e-02 -2.1309e-01
65 0 +1.774872078e+02 +1.774872078e+02 +1.427372078e+02 +1.427372078e+02 +2.2103e+00 +2.4138e+00 -1.4561e+00 +1.5310e+00 -6.3327e-01 -3.5442e+00 +8.7839e-01 -4.4358e+00 -1.0524e-01 -7.1037e-01
77 0 +1.658819111e+02 +1.658819111e+02 +1.311319111e+02 +1.311319111e+02 +9.2452e-01 +3.5961e+00 -1.4936e+00 +6.7245e-01 -1.3147e+00 -3.1629e+00 +1.1090e+00 -3.7694e+00 -3.1789e-01 +1.0674e-01
295 0 +1.598859633e+02 +1.598859633e+02 +1.251359633e+02 +1.251359633e+02 -2.3350e+00 +2.5214e+00 +2.6374e+00 +3.1074e+00 -3.3353e-01 -5.8026e+00 +1.7576e+00 -1.3704e+00 -2.6126e+00 -5.3697e-01
327 0 +1.571126546e+02 +1.571126546e+02 +1.223626546e+02 +1.223626546e+02 -1.7659e+00 +2.7018e+00 +2.8514e+00 +3.6591e+00 -3.2675e-01 -5.8421e+00 +1.8435e+00 -1.0415e+00 -2.6623e+00 -3.4518e-01
330 0 +1.484132331e+02 +1.484132331e+02 +1.136632331e+02 +1.136632331e+02 -1.8760e+00 +2.6814e+00 +3.2557e+00 +3.4503e+00 -2.6189e-01 -6.0346e+00 +1.9827e+00 -1.4991e+00 -2.7347e+00 -2.4187e-01
342 0 +1.373603825e+02 +1.373603825e+02 +1.026103825e+02 +1.026103825e+02 -1.4798e+00 +2.5916e+00 +2.7217e+00 +3.6665e+00 -3.3054e-01 -5.8348e+00 +2.0293e+00 -1.2638e+00 -2.7691e+00 -3.5111e-01
349 0 +1.300900899e+02 +1.300900899e+02 +9.534008994e+01 +9.534008994e+01 -1.3747e+00 +2.7650e+00 +2.4179e+00 +3.6086e+00 -3.1342e-01 -5.7486e+00 +1.8852e+00 -1.2690e+00 -2.8074e+00 -2.6826e-01
383 0 +1.193674638e+02 +1.193674638e+02 +8.461746376e+01 +8.461746376e+01 -1.3560e+00 +2.6450e+00 +1.6846e+00 +3.6409e+00 -3.5890e-01 -5.6934e+00 +2.1818e+00 -1.5898e+00 -2.7801e+00 -1.3691e-01
415 0 +9.904937420e+01 +9.904937420e+01 +6.429937420e+01 +6.429937420e+01 -1.3166e+00 +2.2055e+00 +1.8420e+00 +3.8006e+00 -4.2498e-01 -5.8892e+00 +2.1055e+00 -1.8494e+00 -2.7342e+00 -9.3163e-02
695 0 +9.415119654e+01 +9.415119654e+01 +5.940119654e+01 +5.940119654e+01 +5.8027e-01 +2.4241e+00 -3.3909e-02 +4.1800e+00 +1.4254e-01 -5.4395e+00 +1.0678e+00 -2.8232e+00 -2.6884e+00 -4.2738e-01
870 0 +6.741372731e+01 +6.741372731e+01 +3.266372731e+01 +3.266372731e+01 +1.4523e+00 +2.8921e+00 -2.1539e+00 +3.3252e+00 +3.7029e-01 -4.6450e+00 +6.2544e-01 -3.4641e+00 -2.9735e+00 +5.8785e-01
% f evaluations | g evaluations | best noise-free fitness - Fopt | noise-free fitness - Fopt (-1.000000000000e+03) | measured fitness | best measured fitness | x1 | x2...
1 0 +3.064735575e+02 +3.064735575e+02 -6.935264425e+02 -6.935264425e+02 +0.0000e+00 +0.0000e+00 +0.0000e+00 +0.0000e+00 +0.0000e+00 +0.0000e+00 +0.0000e+00 +0.0000e+00 +0.0000e+00 +0.0000e+00
3 0 +3.019403827e+02 +3.019403827e+02 -6.980596173e+02 -6.980596173e+02 +1.5847e+00 -5.3661e-01 +2.8959e+00 -1.0283e-01 +1.5907e+00 -1.6151e-01 +2.2753e-02 -1.3096e-01 -8.7588e-02 -1.4930e+00
6 0 +2.448305919e+02 +2.448305919e+02 -7.551694081e+02 -7.551694081e+02 -1.2582e+00 -1.2257e+00 -3.9089e-01 -1.1359e-01 +7.1329e-01 +2.1728e-03 -9.7672e-03 +1.9136e-02 +1.4673e-02 -1.1768e+00
10 0 +2.362300624e+02 +2.362300624e+02 -7.637699376e+02 -7.637699376e+02 +5.8450e-01 -1.4898e+00 +1.1763e+00 -1.0587e-02 +8.6619e-01 +5.0009e-02 -5.4110e-03 +3.1054e-02 +7.4163e-02 -4.0345e-01
21 0 +2.273171041e+02 +2.273171041e+02 -7.726828959e+02 -7.726828959e+02 -1.5609e+00 -5.2606e-01 -8.5402e-01 +9.2741e-02 +2.3675e-01 -1.3534e-02 -1.9383e-02 +1.0868e-03 +6.0206e-02 -1.7120e+00
33 0 +2.134778205e+02 +2.134778205e+02 -7.865221795e+02 -7.865221795e+02 -1.3595e+00 -4.1174e-01 +2.1012e+00 +7.0988e-02 +1.4145e+00 +4.9235e-02 -2.0796e-02 +9.8720e-02 +8.1385e-02 -3.0239e+00
45 0 +1.994090296e+02 +1.994090296e+02 -8.005909704e+02 -8.005909704e+02 -1.0932e+00 +2.0273e-01 +1.5159e+00 -1.7814e-02 +7.0369e-01 -4.6914e-02 -2.4007e-02 +6.4898e-02 +9.2584e-02 -2.6597e+00
82 0 +1.796328937e+02 +1.796328937e+02 -8.203671063e+02 -8.203671063e+02 -9.2228e-01 -2.5018e-01 +8.3982e-01 +7.1046e-02 +7.7499e-01 -7.5194e-02 -2.6807e-02 +6.6719e-02 +7.7718e-02 -2.8263e+00
153 0 +1.658677839e+02 +1.658677839e+02 -8.341322161e+02 -8.341322161e+02 -2.8908e+00 -1.0887e+00 +7.3068e-01 -1.8354e-01 +2.1559e+00 -2.3246e-01 +7.3636e-02 +1.7747e-01 +1.5206e-01 -2.8731e+00
307 0 +1.602425755e+02 +1.602425755e+02 -8.397574245e+02 -8.397574245e+02 -2.8238e+00 -2.3420e+00 +3.4587e-01 +1.4288e-01 +1.0033e+00 -1.4224e-01 +5.4108e-02 -1.5906e-02 +1.9721e-01 -2.7912e+00
435 0 +1.524890578e+02 +1.524890578e+02 -8.475109422e+02 -8.475109422e+02 -2.4703e+00 -2.4401e+00 +3.8252e-01 -1.2099e-02 +5.3937e-01 -1.6228e-01 +7.2663e-02 -1.7416e-02 +2.6366e-01 -2.3288e+00
436 0 +1.430692027e+02 +1.430692027e+02 -8.569307973e+02 -8.569307973e+02 -2.5486e+00 -2.5602e+00 +1.5277e-01 -1.0238e-02 +7.4444e-01 -1.5517e-01 +8.0212e-02 -2.4036e-02 +2.7487e-01 -2.1722e+00
456 0 +1.400168839e+02 +1.400168839e+02 -8.599831161e+02 -8.599831161e+02 -2.6538e+00 -2.3543e+00 +3.6248e-01 +1.9845e-02 +6.6345e-01 -1.6197e-01 +7.9373e-02 -5.7471e-03 +2.8288e-01 -2.4192e+00
488 0 +1.338989815e+02 +1.338989815e+02 -8.661010185e+02 -8.661010185e+02 -2.5119e+00 -2.3153e+00 +3.1104e-01 +1.9433e-02 +6.6490e-01 -1.7070e-01 +8.0771e-02 -1.8249e-02 +2.8172e-01 -2.2677e+00
497 0 +1.246115329e+02 +1.246115329e+02 -8.753884671e+02 -8.753884671e+02 -2.5736e+00 -2.4084e+00 +3.2569e-01 +1.2763e-02 +7.1305e-01 -1.7049e-01 +8.1488e-02 -2.3057e-02 +2.8153e-01 -2.2310e+00
520 0 +1.192886689e+02 +1.192886689e+02 -8.807113311e+02 -8.807113311e+02 -2.5836e+00 -2.4126e+00 +2.4888e-01 -1.6690e-02 +6.8146e-01 -1.7571e-01 +8.0572e-02 -1.4499e-02 +2.7599e-01 -2.1585e+00
566 0 +1.170910837e+02 +1.170910837e+02 -8.829089163e+02 -8.829089163e+02 -2.6316e+00 -2.5372e+00 +2.9220e-01 -4.2338e-03 +6.7681e-01 -1.6342e-01 +8.1055e-02 -7.5149e-03 +2.7777e-01 -2.1645e+00
668 0 +1.134127568e+02 +1.134127568e+02 -8.865872432e+02 -8.865872432e+02 -2.6213e+00 -2.5056e+00 +2.8389e-01 +2.1121e-02 +6.4258e-01 -1.6416e-01 +8.2428e-02 -1.0954e-02 +2.8340e-01 -2.1618e+00
% f evaluations | g evaluations | best noise-free fitness - Fopt | noise-free fitness - Fopt (-9.247000000000e+01) | measured fitness | best measured fitness | x1 | x2...
1 0 +3.754195373e+02 +3.754195373e+02 +2.829495373e+02 +2.829495373e+02 +0.0000e+00 +0.0000e+00 +0.0000e+00 +0.0000e+00 +0.0000e+00 +0.0000e+00 +0.0000e+00 +0.0000e+00 +0.0000e+00 +0.0000e+00
3 0 +2.861094825e+02 +2.861094825e+02 +1.936394825e+02 +1.936394825e+02 -3.4124e-02 -3.8509e-01 -2.1952e-01 -5.6848e-01 -4.5069e-01 -1.0109e+00 -2.0250e-02 +2.8866e-01 +6.0475e-01 +6.0614e-01
13 0 +2.564104216e+02 +2.564104216e+02 +1.639404216e+02 +1.639404216e+02 -2.5450e-02 -5.8952e-01 -4.6749e-02 -4.0064e-01 +5.5751e-02 -9.1820e-01 +1.9612e-01 +1.0554e+00 +5.9974e-01 +5.8588e-01
15 0 +2.409593080e+02 +2.409593080e+02 +1.484893080e+02 +1.484893080e+02 +2.0728e-02 -3.0961e-01 -3.6218e-01 +9.2190e-02 -2.3555e-01 -1.1796e+00 +4.2492e-01 +1.4810e-01 +1.3643e+00 +2.1279e-01
29 0 +2.330083787e+02 +2.330083787e+02 +1.405383787e+02 +1.405383787e+02 +4.5510e-02 -6.2014e-01 -2.1697e-01 -2.7485e-01 +1.4663e-01 -1.1783e+00 +3.5727e-01 +6.9775e-01 +1.0659e+00 +3.7997e-01
42 0 +2.185428925e+02 +2.185428925e+02 +1.260728925e+02 +1.260728925e+02 -6.2587e-03 +5.3073e-02 -1.6189e-01 -2.8257e-01 -2.0155e-01 -1.1484e+00 +2.5816e-02 +7.6944e-01 +1.3401e+00 +2.1637e-01
51 0 +1.979183161e+02 +1.979183161e+02 +1.054483161e+02 +1.054483161e+02 -7.4766e-03 -5.8052e-02 +1.0306e-01 -7.3530e-01 -7.6090e-02 -1.4565e+00 +9.4222e-02 +7.0141e-01 +1.6613e+00 +2.5349e-01
58 0 +1.898521895e+02 +1.898521895e+02 +9.738218953e+01 +9.738218953e+01 -3.3280e-03 +3.5228e-01 -1.7926e-01 -5.1543e-01 -2.2247e-01 -1.2739e+00 +1.4870e-02 +1.0785e+00 +1.3635e+00 -5.9258e-03
61 0 +1.832320345e+02 +1.832320345e+02 +9.076203452e+01 +9.076203452e+01 -3.2029e-02 -1.3056e-01 -2.3856e-01 -1.0798e-01 -4.3697e-01 -1.4763e+00 +1.8438e-01 +5.1089e-01 +1.3565e+00 -1.6642e-01
64 0 +1.817818469e+02 +1.817818469e+02 +8.931184691e+01 +8.931184691e+01 +3.3849e-02 +1.5873e-01 +2.3672e-02 -4.0899e-01 -4.5413e-01 -1.6626e+00 +2.6758e-01 +1.1387e+00 +1.1077e+00 +1.7019e-02
79 0 +1.693395158e+02 +1.693395158e+02 +7.686951585e+01 +7.686951585e+01 +4.3148e-02 +3.9978e-01 +4.1814e-02 -5.6603e-01 -3.1440e-01 -1.8211e+00 +1.4170e-01 +1.4251e+00 +1.3732e+00 -1.4789e-01
83 0 +1.367869258e+02 +1.367869258e+02 +4.431692580e+01 +4.431692580e+01 +5.4915e-02 +2.5984e-01 -1.1927e-01 -4.0769e-01 -4.2534e-01 -1.9423e+00 +8.8292e-02 +1.2824e+00 +1.4118e+00 -1.6491e-01
101 0 +1.311362336e+02 +1.311362336e+02 +3.866623359e+01 +3.866623359e+01 +6.7348e-02 +3.9096e-01 -7.9249e-02 -4.1985e-01 -4.7759e-01 -1.8262e+00 +7.7437e-02 +1.3945e+00 +1.4125e+00 -1.0740e-01
133 0 +1.260409899e+02 +1.260409899e+02 +3.357098993e+01 +3.357098993e+01 +6.3052e-02 +4.4921e-01 +1.6457e-01 -2.2855e-01 -4.4645e-01 -1.8232e+00 +1.3138e-01 +1.5701e+00 +1.3260e+00 -2.9221e-01
151 0 +1.242199770e+02 +1.242199770e+02 +3.174997705e+01 +3.174997705e+01 +7.2445e-02 +3.9183e-01 +3.3527e-01 -2.1884e-01 -3.2764e-01 -1.9602e+00 -4.4735e-02 +1.3301e+00 +1.3351e+00 -4.3384e-01
333 0 +1.214005172e+02 +1.214005172e+02 +2.893051719e+01 +2.893051719e+01 +1.1428e-01 +5.0685e-01 +4.9267e-01 +7.6727e-01 +6.6958e-01 -2.6742e+00 +2.2155e-01 +2.2905e+00 +2.2845e+00 -2.6315e-01
% f evaluations | g evaluations | best noise-free fitness - Fopt | noise-free fitness - Fopt (-2.153000000000e+02) | measured fitness | best measured fitness | x1 | x2...
1 0 +5.117247593e+02 +5.117247593e+02 +2.964247593e+02 +2.964247593e+02 +0.0000e+00 +0.0000e+00 +0.0000e+00 +0.0000e+00 +0.0000e+00 +0.0000e+00 +0.0000e+00 +0.0000e+00 +0.0000e+00 +0.0000e+00
3 0 +4.943192247e+02 +4.943192247e+02 +2.790192247e+02 +2.790192247e+02 -2.1377e-02 +2.4746e-01 -8.4020e-01 +5.1254e-01 -6.0503e-01 -9.0637e-01 +9.1852e-01 -1.2655e-01 +2.6513e+00 -5.1587e-01
4 0 +2.680420663e+02 +2.680420663e+02 +5.274206628e+01 +5.274206628e+01 +2.7441e-01 +6.8983e-01 -8.4541e-01 -2.3633e-01 -5.0653e-02 -2.1946e+00 +4.4938e-01 +1.3377e+00 +1.2156e+00 +1.6325e-01
11 0 +2.380571835e+02 +2.380571835e+02 +2.275718352e+01 +2.275718352e+01 -1.7195e-01 -3.3231e-01 +1.9821e-01 +5.5396e-01 +4.2084e-01 -2.2534e+00 +1.7330e-02 -1.3545e+00 -5.7053e-01 +9.5277e-01
13 0 +2.067234440e+02 +2.067234440e+02 -8.576555990e+00 -8.576555990e+00 +1.6726e-01 -3.8778e-01 -6.5184e-01 -4.7461e-01 +1.4899e-01 -2.2027e+00 +1.6390e-01 -1.7977e-01 +6.1637e-01 +1.0490e+00
27 0 +2.030120808e+02 +2.030120808e+02 -1.228791918e+01 -1.228791918e+01 +1.5193e-01 +1.4420e+00 -7.9392e-01 -2.5016e-01 -1.1039e-01 -3.5890e+00 +7.7948e-01 +2.7540e-01 -8.7890e-01 +6.9039e-01
32 0 +1.474348887e+02 +1.474348887e+02 -6.786511125e+01 -6.786511125e+01 -1.3323e-01 +2.6731e+00 -7.5028e-01 -7.5438e-01 -2.1884e-01 -6.0696e+00 -3.8709e-01 +1.1836e+00 +2.2463e-01 +1.3206e+00
216 0 +1.288392735e+02 +1.288392735e+02 -8.646072652e+01 -8.646072652e+01 -3.1159e-01 +4.5444e+00 -2.1665e+00 -8.2140e-01 +4.4039e-01 -4.7868e+00 -3.3187e-01 +1.8167e+00 -1.3359e-02 -1.5471e+00
221 0 +1.167413448e+02 +1.167413448e+02 -9.855865517e+01 -9.855865517e+01 -3.0596e-01 +2.8855e+00 -1.2404e+00 -1.0436e-01 +1.8304e-01 -4.6154e+00 -1.2256e+00 +1.0368e+00 +3.9413e-01 +6.3730e-01
% f evaluations | g evaluations | best noise-free fitness - Fopt | noise-free fitness - Fopt (-5.449000000000e+01) | measured fitness | best measured fitness | x1 | x2...
1 0 +2.155978129e+02 +2.155978129e+02 +1.611078129e+02 +1.611078129e+02 +0.0000e+00 +0.0000e+00 +0.0000e+00 +0.0000e+00 +0.0000e+00 +0.0000e+00 +0.0000e+00 +0.0000e+00 +0.0000e+00 +0.0000e+00
2 0 +1.970663404e+02 +1.970663404e+02 +1.425763404e+02 +1.425763404e+02 +1.3450e+00 +7.7997e-01 -7.1207e-02 -5.7273e-01 +1.0265e+00 +2.5694e-01 -1.3987e+00 -8.2181e-01 -1.0027e+00 +8.6122e-03
3 0 +1.928428689e+02 +1.928428689e+02 +1.383528689e+02 +1.383528689e+02 +1.4102e+00 -1.0340e+00 -9.6964e-01 -1.0052e+00 -6.6816e-01 -1.2570e-01 +7.7457e-01 +1.4827e+00 +8.8385e-01 +2.2753e-02
19 0 +1.651474677e+02 +1.651474677e+02 +1.106574677e+02 +1.106574677e+02 +1.3531e+00 -1.2413e-01 -7.6368e-01 -4.3339e-01 -2.2964e+00 -3.3135e-01 +3.1666e-03 +5.3494e-01 +1.0127e+00 -1.6767e-02
26 0 +1.547320669e+02 +1.547320669e+02 +1.002420669e+02 +1.002420669e+02 -3.0384e-01 -6.5493e-01 -1.2829e+00 -9.9496e-01 -1.7196e+00 -4.4350e-01 -1.0758e+00 +1.0432e+00 +6.7622e-01 -5.5657e-03
152 0 +1.246978321e+02 +1.246978321e+02 +7.020783215e+01 +7.020783215e+01 +2.8328e+00 -5.5880e-01 +9.2615e-01 -3.8846e-01 -1.1500e+00 -2.1074e+00 -3.5779e+00 -4.1138e-01 +1.5314e+00 -1.8530e-02
176 0 +1.209794975e+02 +1.209794975e+02 +6.648949751e+01 +6.648949751e+01 +3.5301e+00 -1.1027e+00 +2.0328e+00 -8.1559e-01 -1.0217e+00 -1.7445e+00 -3.9632e+00 -2.0055e+00 +2.4489e+00 +1.3904e-02
194 0 +1.166227888e+02 +1.166227888e+02 +6.213278882e+01 +6.213278882e+01 +2.8491e+00 -3.2826e+00 +1.6758e+00 -7.6758e-01 +6.7741e-02 -1.4211e+00 -2.6194e+00 -2.1087e+00 +2.2543e+00 +5.5928e-02
279 0 +1.054340560e+02 +1.054340560e+02 +5.094405600e+01 +5.094405600e+01 +1.9230e+00 -3.8658e+00 +1.5280e+00 -6.2172e-01 -1.4536e+00 -9.5026e-01 -4.8624e+00 -7.5158e-01 +1.1781e+00 +6.5009e-02
339 0 +8.910963244e+01 +8.910963244e+01 +3.461963244e+01 +3.461963244e+01 +1.7535e+00 -3.1934e+00 +1.5512e+00 -1.0709e+00 -2.4267e-01 +1.9729e-01 -2.8901e+00 -4.1985e-01 +1.2011e+00 +4.0625e-02
% f evaluations | g evaluations | best noise-free fitness - Fopt | noise-free fitness - Fopt (5.049000000000e+01) | measured fitness | best measured fitness | x1 | x2...
1 0 +2.418755890e+02 +2.418755890e+02 +2.923655890e+02 +2.923655890e+02 +0.0000e+00 +0.0000e+00 +0.0000e+00 +0.0000e+00 +0.0000e+00 +0.0000e+00 +0.0000e+00 +0.0000e+00 +0.0000e+00 +0.0000e+00
8 0 +2.038015573e+02 +2.038015573e+02 +2.542915573e+02 +2.542915573e+02 -2.1830e-01 -3.4010e-01 +4.0776e-03 +7.9886e-01 +2.8334e+00 -2.5418e-01 +6.0276e-01 +6.6410e-02 -1.1257e+00 +4.4984e-01
20 0 +1.955040655e+02 +1.955040655e+02 +2.459940655e+02 +2.459940655e+02 -2.7872e-02 +1.8119e-01 -6.9143e-03 +1.4457e+00 +3.4178e-01 -2.9494e-01 +1.7039e+00 +2.5059e-02 -2.4838e+00 +1.9694e+00
23 0 +1.942681442e+02 +1.942681442e+02 +2.447581442e+02 +2.447581442e+02 +6.1327e-02 +6.0047e-01 -3.5988e-03 +2.3218e-01 +2.8794e-02 -2.8839e-01 +6.2603e-01 +1.8981e-01 -3.0568e+00 +1.0597e+00
26 0 +1.870969734e+02 +1.870969734e+02 +2.375869734e+02 +2.375869734e+02 -1.3048e-02 +1.1213e-01 +1.3305e-02 +5.2071e-01 +3.3990e+00 -2.1915e-01 +1.1011e+00 -1.3088e-01 -1.7763e+00 +3.4565e-01
34 0 +1.703301706e+02 +1.703301706e+02 +2.208201706e+02 +2.208201706e+02 +9.9481e-01 +2.8627e-02 -8.6650e-03 -2.1667e-01 +6.0710e-01 -1.8408e-01 -2.8945e-01 -6.2191e-03 -2.9524e+00 +1.8531e+00
49 0 +1.570179222e+02 +1.570179222e+02 +2.075079222e+02 +2.075079222e+02 +8.6318e-01 +3.7044e-01 +7.0576e-03 -4.4449e-01 +1.7212e+00 -1.9118e-01 -6.4506e-01 -1.4233e-01 -2.3599e+00 +1.7909e+00
72 0 +1.499623853e+02 +1.499623853e+02 +2.004523853e+02 +2.004523853e+02 +1.8390e+00 +7.7458e-01 -1.6559e-03 -5.4866e-01 +2.9029e+00 +7.6998e-02 -1.2214e+00 -2.0191e-01 -2.6266e+00 +3.2246e+00
88 0 +8.020747832e+01 +8.020747832e+01 +1.306974783e+02 +1.306974783e+02 +2.2778e+00 +8.1429e-01 -4.6184e-03 -2.1679e-01 +5.2873e+00 +1.7694e-01 -1.0787e+00 -1.4527e-01 -2.5572e+00 +1.4410e+00
% f evaluations | g evaluations | best noise-free fitness - Fopt | noise-free fitness - Fopt (-3.641300000000e+02) | measured fitness | best measured fitness | x1 | x2...
1 0 +3.420922698e+02 +3.420922698e+02 -2.203773022e+01 -2.203773022e+01 +0.0000e+00 +0.0000e+00 +0.0000e+00 +0.0000e+00 +0.0000e+00 +0.0000e+00 +0.0000e+00 +0.0000e+00 +0.0000e+00 +0.0000e+00
3 0 +3.124901813e+02 +3.124901813e+02 -5.163981874e+01 -5.163981874e+01 -4.5413e-01 +1.0434e-01 +8.7981e-02 -1.5578e-01 -1.4576e-02 -2.4271e-01 +2.0399e-01 +4.2436e-01 -1.4316e-01 +1.0620e+00
5 0 +1.898156466e+02 +1.898156466e+02 -1.743143534e+02 -1.743143534e+02 +7.8828e-01 -2.4158e-01 +8.4146e-01 -8.3230e-01 +2.0536e-01 -5.8454e+00 -1.1324e+00 -1.2866e+00 -6.6818e-02 -1.3890e-02
12 0 +1.502776645e+02 +1.502776645e+02 -2.138523355e+02 -2.138523355e+02 -8.1765e-01 +6.9316e-02 +8.0740e-01 +2.8614e-01 +9.9660e-01 -1.7040e+00 -1.1265e+00 -1.7745e+00 -2.0341e-01 -8.2044e-01
23 0 +1.448351838e+02 +1.448351838e+02 -2.192948162e+02 -2.192948162e+02 -1.6711e+00 +9.0400e-02 +9.2660e-01 +6.9940e-02 +9.7632e-01 -3.8200e+00 -1.2003e+00 -3.0496e+00 +4.9193e-01 -3.2522e+00
27 0 +1.360823991e+02 +1.360823991e+02 -2.280476009e+02 -2.280476009e+02 -2.8244e-01 -1.2715e-01 +1.0414e+00 -5.3165e-01 +1.1672e+00 -2.6957e+00 -1.0132e-01 -2.8650e+00 -4.7866e-02 -2.0967e+00
40 0 +1.212612691e+02 +1.212612691e+02 -2.428687309e+02 -2.428687309e+02 -1.7066e+00 -1.4832e-02 +1.2484e+00 +1.7754e-01 +8.8321e-01 -3.8876e+00 +1.1509e-01 -2.7716e+00 +6.5929e-01 -2.8687e+00
47 0 +1.187608967e+02 +1.187608967e+02 -2.453691033e+02 -2.453691033e+02 -1.4234e+00 -2.4152e-02 +1.2906e+00 -9.7775e-01 +1.3170e+00 -3.3742e+00 +5.8827e-01 -2.9742e+00 +3.8268e-01 -1.5139e+00
52 0 +9.045175497e+01 +9.045175497e+01 -2.736782450e+02 -2.736782450e+02 -1.8181e+00 +1.4086e-02 +1.1298e+00 -6.2990e-01 +9.9823e-01 -4.0973e+00 +2.2099e-01 -1.2493e+00 +6.7114e-01 -2.6266e+00
90 0 +8.318592801e+01 +8.318592801e+01 -2.809440720e+02 -2.809440720e+02 -2.0730e+00 -1.3522e-02 +1.4561e+00 +4.1296e-01 +1.4436e-02 -4.1439e+00 +1.3926e+00 +5.9896e-02 +9.3531e-01 -2.8491e+00
254 0 +7.532582771e+01 +7.532582771e+01 -2.888041723e+02 -2.888041723e+02 -2.6788e+00 -4.8561e-02 +1.7254e+00 -4.5457e-02 +2.3241e-01 -3.2135e+00 +1.2241e+00 -3.9532e-01 +1.1280e+00 -1.1096e+00
277 0 +7.362561953e+01 +7.362561953e+01 -2.905043805e+02 -2.905043805e+02 -2.5254e+00 -3.8314e-02 +1.6583e+00 -4.8688e-01 +1.5118e-01 -3.8019e+00 +1.3508e+00 -3.5940e-01 +1.1849e+00 -1.4805e+00
287 0 +6.597144555e+01 +6.597144555e+01 -2.981585545e+02 -2.981585545e+02 -2.5410e+00 -2.3619e-02 +1.5939e+00 -3.6896e-01 +2.0979e-01 -3.2948e+00 +1.3762e+00 -2.5127e-01 +1.1881e+00 -1.3500e+00
305 0 +6.191579329e+01 +6.191579329e+01 -3.022142067e+02 -3.022142067e+02 -2.5648e+00 -1.7561e-02 +1.6886e+00 -4.2638e-01 +1.8555e-01 -3.6027e+00 +1.4237e+00 -2.6677e-01 +1.1962e+00 -1.3189e+00
385 0 +5.397272778e+01 +5.397272778e+01 -3.101572722e+02 -3.101572722e+02 -2.4679e+00 -4.7027e-02 +1.7738e+00 -4.1657e-01 +1.9137e-01 -4.2294e+00 +1.3585e+00 -3.2464e-01 +1.1193e+00 -1.3441e+00
398 0 +5.202521194e+01 +5.202521194e+01 -3.121047881e+02 -3.121047881e+02 -2.4829e+00 -4.4993e-02 +1.7567e+00 -3.5216e-01 +2.2652e-01 -4.1364e+00 +1.4017e+00 -3.9382e-01 +1.0971e+00 -1.3465e+00
402 0 +4.722342597e+01 +4.722342597e+01 -3.169065740e+02 -3.169065740e+02 -2.4694e+00 -3.9943e-02 +1.7558e+00 -3.8754e-01 +2.1039e-01 -4.2070e+00 +1.3798e+00 -3.8022e-01 +1.1101e+00 -1.4345e+00
418 0 +4.517172292e+01 +4.517172292e+01 -3.189582771e+02 -3.189582771e+02 -2.4719e+00 -3.8691e-02 +1.7662e+00 -4.2024e-01 +2.2257e-01 -4.1245e+00 +1.3708e+00 -3.8315e-01 +1.1001e+00 -1.4204e+00
432 0 +4.428704583e+01 +4.428704583e+01 -3.198429542e+02 -3.198429542e+02 -2.4443e+00 -4.5721e-02 +1.7893e+00 -4.3634e-01 +2.0460e-01 -4.1860e+00 +1.4364e+00 -3.9708e-01 +1.1012e+00 -1.4388e+00
442 0 +4.137897389e+01 +4.137897389e+01 -3.227510261e+02 -3.227510261e+02 -2.4594e+00 -4.3421e-02 +1.7829e+00 -4.0704e-01 +2.4114e-01 -4.1835e+00 +1.3557e+00 -4.0355e-01 +1.0948e+00 -1.4348e+00
472 0 +4.019383242e+01 +4.019383242e+01 -3.239361676e+02 -3.239361676e+02 -2.4431e+00 -4.9904e-02 +1.7832e+00 -4.1883e-01 +2.2669e-01 -4.1971e+00 +1.3681e+00 -3.2751e-01 +1.0867e+00 -1.4203e+00
509 0 +3.975984025e+01 +3.975984025e+01 -3.243701597e+02 -3.243701597e+02 -2.4328e+00 -5.5113e-02 +1.7892e+00 -4.1405e-01 +2.6075e-01 -4.1807e+00 +1.3629e+00 -3.5581e-01 +1.0953e+00 -1.4364e+00
511 0 +3.865622429e+01 +3.865622429e+01 -3.254737757e+02 -3.254737757e+02 -2.4305e+00 -5.4696e-02 +1.8004e+00 -3.9670e-01 +2.3863e-01 -4.1777e+00 +1.3441e+00 -3.1314e-01 +1.0940e+00 -1.4638e+00
560 0 +3.800039832e+01 +3.800039832e+01 -3.261296017e+02 -3.261296017e+02 -2.4247e+00 -5.4514e-02 +1.8050e+00 -3.7315e-01 +2.3685e-01 -4.1495e+00 +1.3576e+00 -3.2308e-01 +1.0864e+00 -1.4420e+00
696 0 +3.710226784e+01 +3.710226784e+01 -3.270277322e+02 -3.270277322e+02 -2.4094e+00 -5.2031e-02 +1.8181e+00 -3.7907e-01 +2.1362e-01 -4.1597e+00 +1.3591e+00 -3.3399e-01 +1.0781e+00 -1.4449e+00
% f evaluations | g evaluations | best noise-free fitness - Fopt | noise-free fitness - Fopt (1.592700000000e+02) | measured fitness | best measured fitness | x1 | x2...
1 0 +4.308385903e+02 +4.308385903e+02 +5.901085903e+02 +5.901085903e+02 +0.0000e+00 +0.0000e+00 +0.0000e+00 +0.0000e+00 +0.0000e+00 +0.0000e+00 +0.0000e+00 +0.0000e+00 +0.0000e+00 +0.0000e+00
2 0 +4.160570346e+02 +4.160570346e+02 +5.753270346e+02 +5.753270346e+02 +4.3002e-01 +4.9628e-01 -2.2914e-03 -6.7551e-01 -6.9215e-01 +7.8906e-02 +1.3246e-02 -2.1082e-01 -2.0307e-01 +1.2404e-01
4 0 +3.694587855e+02 +3.694587855e+02 +5.287287855e+02 +5.287287855e+02 -8.8850e-01 +3.6826e-01 +5.1625e-02 +9.1736e-01 +2.0909e-02 -7.6157e-01 +2.0758e-01 +7.4191e-01 +6.8661e-01 +7.0503e-03
8 0 +3.174938438e+02 +3.174938438e+02 +4.767638438e+02 +4.767638438e+02 -1.1854e+00 -1.9805e-01 -6.0670e-01 +2.5144e-01 +4.1815e-01 +7.0182e-01 +2.1753e-01 -1.7582e+00 +1.3076e+00 -1.9638e-01
13 0 +2.598599958e+02 +2.598599958e+02 +4.191299958e+02 +4.191299958e+02 -1.1052e+00 +3.0449e-01 -2.2719e-01 -5.0532e-02 -1.0835e-01 +7.8137e-01 +4.4515e-01 -3.9907e+00 +1.6303e+00 -2.5722e-01
19 0 +2.417785144e+02 +2.417785144e+02 +4.010485144e+02 +4.010485144e+02 -2.1516e+00 -1.2108e-01 -3.4551e-01 +9.4733e-01 +3.6941e-01 +2.8229e-01 +2.5754e-01 -2.9143e+00 +9.2652e-01 -3.5016e-01
28 0 +2.292451235e+02 +2.292451235e+02 +3.885151235e+02 +3.885151235e+02 -1.8138e+00 -4.8970e-01 -4.1632e-01 +1.0090e+00 +7.8700e-02 -5.8226e-01 +3.4533e-01 -4.1235e+00 +1.4688e+00 -2.0111e-01
44 0 +2.229554637e+02 +2.229554637e+02 +3.822254637e+02 +3.822254637e+02 -3.8926e+00 +1.6151e+00 +9.5087e-02 -6.0604e-01 +1.7765e-01 +5.8435e-01 +2.5372e-01 -3.7699e-01 +2.9700e+00 -2.0672e-02
98 0 +2.091061880e+02 +2.091061880e+02 +3.683761880e+02 +3.683761880e+02 -4.6399e+00 +1.4019e+00 -5.5753e-01 +3.3337e-01 -1.8389e+00 -6.3325e-01 +1.4256e+00 -2.0635e+00 +1.7568e+00 -2.0889e-01
104 0 +1.755091577e+02 +1.755091577e+02 +3.347791577e+02 +3.347791577e+02 -4.6547e+00 +1.6001e+00 +5.7234e-02 -8.7824e-01 -1.1564e+00 -3.6989e-01 +4.7307e-01 -1.2392e+00 +2.1727e+00 -7.7816e-02
129 0 +1.675136206e+02 +1.675136206e+02 +3.267836206e+02 +3.267836206e+02 -4.4964e+00 +2.3431e+00 +1.6399e-01 -1.1467e+00 -1.6360e+00 -1.2448e-01 +1.3383e+00 -3.2855e+00 +1.7542e+00 -5.8744e-01
138 0 +1.570238180e+02 +1.570238180e+02 +3.162938180e+02 +3.162938180e+02 -4.7994e+00 +2.2816e+00 +4.7956e-01 -4.0596e-01 -1.4893e+00 +4.0108e-01 +1.3703e+00 -1.9386e+00 +1.8691e+00 -7.2497e-01
266 0 +1.326240316e+02 +1.326240316e+02 +2.918940316e+02 +2.918940316e+02 -2.8444e+00 -1.3798e+00 +1.5499e+00 -1.7109e+00 -2.8850e+00 +1.7712e+00 -9.5470e-01 -5.3713e-01 +1.6371e+00 -1.1506e+00
282 0 +1.305032374e+02 +1.305032374e+02 +2.897732374e+02 +2.897732374e+02 -4.0232e+00 -1.6243e+00 +1.6202e+00 -9.6340e-01 -2.5608e+00 +8.0664e-01 -5.0106e-01 -3.8627e+00 +6.0727e-01 -1.9573e+00
320 0 +1.254096559e+02 +1.254096559e+02 +2.846796559e+02 +2.846796559e+02 -4.1409e+00 -1.7803e+00 +1.6130e+00 -1.5187e+00 -1.1935e+00 +7.5817e-01 -2.1998e-01 -6.6397e-01 +3.9267e+00 -1.7840e+00
341 0 +1.212486986e+02 +1.212486986e+02 +2.805186986e+02 +2.805186986e+02 -2.6996e+00 -1.6626e+00 +1.4523e+00 -1.0633e+00 -2.9267e+00 +6.4444e-01 -5.1814e-01 -1.8146e+00 +1.5045e+00 -1.1911e+00
376 0 +1.187376258e+02 +1.187376258e+02 +2.780076258e+02 +2.780076258e+02 -2.6086e+00 -1.9457e+00 +1.6630e+00 -1.9563e+00 -2.3516e+00 +9.3484e-01 -4.2503e-01 -1.3668e+00 +2.8765e+00 -1.2899e+00
377 0 +1.081016583e+02 +1.081016583e+02 +2.673716583e+02 +2.673716583e+02 -3.0154e+00 -1.8001e+00 +2.1266e+00 -1.0706e+00 -1.8612e+00 +4.9797e-01 -3.8442e-01 -3.0761e+00 +2.7716e+00 -1.1112e+00
386 0 +8.478003053e+01 +8.478003053e+01 +2.440500305e+02 +2.440500305e+02 -2.5205e+00 -1.8058e+00 +2.3261e+00 -1.2552e+00 -2.6139e+00 +7.5023e-01 -4.1239e-01 -1.5802e+00 +3.0090e+00 -1.0746e+00
436 0 +5.440016697e+01 +5.440016697e+01 +2.136701670e+02 +2.136701670e+02 -1.8929e+00 -2.0356e+00 +2.4766e+00 -2.1287e+00 -2.4774e+00 +3.1848e-01 -1.0254e+00 -1.7516e+00 +3.6444e+00 -1.0883e+00
