% f evaluations | g evaluations | best noise-free fitness - Fopt | noise-free fitness - Fopt (-9.210000000000e+00) | measured fitness | best measured fitness | x1 | x2...
1 0 +1.078198516e+02 +1.078198516e+02 +9.860985161e+01 +9.860985161e+01 +0.0000e+00 +0.0000e+00 +0.0000e+00 +0.0000e+00 +0.0000e+00
3 0 +1.035399094e+02 +1.035399094e+02 +9.432990943e+01 +9.432990943e+01 +5.4638e-01 +2.5702e-01 -4.2392e-01 +1.6602e+00 +4.7191e-01
5 0 +9.877669866e+01 +9.877669866e+01 +8.956669866e+01 +8.956669866e+01 +1.8824e-01 -3.7790e-01 +1.3489e+00 -1.1851e+00 -1.1926e+00
13 0 +9.636402967e+01 +9.636402967e+01 +8.715402967e+01 +8.715402967e+01 +1.6782e-02 +4.4114e-01 +3.6015e+00 -1.1510e+00 -5.7385e-01
18 0 +8.501002209e+01 +8.501002209e+01 +7.580002209e+01 +7.580002209e+01 -2.7674e-01 +1.0092e-01 +3.6980e+00 -5.4540e-01 -1.4280e+00
22 0 +7.060742186e+01 +7.060742186e+01 +6.139742186e+01 +6.139742186e+01 -3.8208e-01 +3.0228e-01 +5.8841e+00 +3.6366e-01 -1.9201e+00
45 0 +6.892206292e+01 +6.892206292e+01 +5.971206292e+01 +5.971206292e+01 -2.6283e-01 -4.8396e-02 +4.8610e+00 +9.5618e-01 -1.8498e+00
53 0 +6.686130406e+01 +6.686130406e+01 +5.765130406e+01 +5.765130406e+01 -4.7610e-01 -1.6670e-01 +4.2306e+00 +1.4899e+00 -1.9974e+00
55 0 +6.499783783e+01 +6.499783783e+01 +5.578783783e+01 +5.578783783e+01 -2.9809e-02 -2.3639e-01 +5.5370e+00 +1.3293e+00 -1.9985e+00
61 0 +6.245150922e+01 +6.245150922e+01 +5.324150922e+01 +5.324150922e+01 -2.8625e-01 +2.6583e-01 +5.1872e+00 +2.0306e+00 -1.7952e+00
62 0 +5.867544511e+01 +5.867544511e+01 +4.946544511e+01 +4.946544511e+01 +7.4277e-02 -3.8834e-01 +8.5250e+00 +2.2742e+00 -2.1160e+00
63 0 +5.459007685e+01 +5.459007685e+01 +4.538007685e+01 +4.538007685e+01 +2.8392e-01 +7.8546e-01 +6.3019e+00 +3.2581e+00 -1.7416e+00
72 0 +4.224692494e+01 +4.224692494e+01 +3.303692494e+01 +3.303692494e+01 -2.1114e-01 -8.2561e-01 +5.0037e+00 +2.1825e+00 -3.9168e+00
73 0 +3.426806094e+01 +3.426806094e+01 +2.505806094e+01 +2.505806094e+01 +3.3072e-01 -2.5464e+00 +3.8662e+00 +2.7605e+00 -5.1826e+00
84 0 +2.189600198e+01 +2.189600198e+01 +1.268600198e+01 +1.268600198e+01 -1.4708e+00 -1.7340e+00 +7.9817e+00 +4.3864e+00 -7.6449e+00
95 0 +1.776634998e+01 +1.776634998e+01 +8.556349982e+00 +8.556349982e+00 -2.1453e+00 -9.7268e-01 +1.0423e+01 +5.6603e+00 -7.2071e+00
112 0 +1.594207337e+01 +1.594207337e+01 +6.732073371e+00 +6.732073371e+00 -1.2021e+00 -4.7719e-01 +1.3548e+01 +1.3512e+01 -5.9066e+00
114 0 +1.562375092e+01 +1.562375092e+01 +6.413750922e+00 +6.413750922e+00 -2.4938e-03 -9.7277e-01 +9.4721e+00 +6.0200e+00 -6.5723e+00
123 0 +1.546055866e+01 +1.546055866e+01 +6.250558660e+00 +6.250558660e+00 -4.0624e-01 +1.3068e+00 +8.4611e+00 +4.3799e+00 -1.0143e+01
128 0 +1.348427750e+01 +1.348427750e+01 +4.274277504e+00 +4.274277504e+00 -2.7169e-01 +3.8173e-01 +1.0308e+01 +1.3964e+01 -5.2337e+00
133 0 +1.099906307e+01 +1.099906307e+01 +1.789063066e+00 +1.789063066e+00 +2.6782e-01 +1.4759e+00 +7.6091e+00 +1.2198e+01 -6.5068e+00
144 0 +1.009847108e+01 +1.009847108e+01 +8.884710808e-01 +8.884710808e-01 -1.3856e-01 +4.2346e+00 +3.8620e+00 +1.3946e+01 -9.3082e+00
147 0 +5.063906126e+00 +5.063906126e+00 -4.146093874e+00 -4.146093874e+00 -6.3906e-02 +6.3758e+00 +2.4170e+01 +6.9403e+00 -1.2809e+01
153 0 +5.005519474e+00 +5.005519474e+00 -4.204480526e+00 -4.204480526e+00 -5.5195e-03 +5.2639e+00 +1.6884e+01 +1.4817e+01 -8.1639e+00
159 0 +2.714043282e+00 +2.714043282e+00 -6.495956718e+00 -6.495956718e+00 +2.2860e+00 +6.5226e+00 +3.4856e+01 +1.0169e+01 -1.2029e+01
163 0 +1.270940827e+00 +1.270940827e+00 -7.939059173e+00 -7.939059173e+00 +3.7291e+00 +8.9463e+00 +2.5297e+01 +9.5327e+00 -7.3415e+00
171 0 +8.784763935e-01 +8.784763935e-01 -8.331523606e+00 -8.331523606e+00 +4.1215e+00 +6.6342e+00 +3.7279e+01 +1.8574e+01 -9.0556e+00
181 0 +0.000000000e+00 +0.000000000e+00 -9.210000000e+00 -9.210000000e+00 +8.0968e+00 +2.3673e+01 +5.3682e+01 +1.8729e+01 -1.2712e+01
% f evaluations | g evaluations | best noise-free fitness - Fopt | noise-free fitness - Fopt (6.559900000000e+02) | measured fitness | best measured fitness | x1 | x2...
1 0 +1.078198516e+02 +1.078198516e+02 +7.638098516e+02 +7.638098516e+02 +0.0000e+00 +0.0000e+00 +0.0000e+00 +0.0000e+00 +0.0000e+00
3 0 +9.199986820e+01 +9.199986820e+01 +7.479898682e+02 +7.479898682e+02 -4.3742e+00 +1.7267e-01 -2.8539e-01 +1.3583e+00 -1.1960e+00
12 0 +7.161689574e+01 +7.161689574e+01 +7.276068957e+02 +7.276068957e+02 -4.0966e+00 +4.0713e-02 +1.7273e-01 +2.1782e+00 -2.8669e+00
22 0 +6.614383598e+01 +6.614383598e+01 +7.221338360e+02 +7.221338360e+02 -1.5356e+00 +2.0453e-01 +6.5677e-02 +3.0226e+00 -2.6786e+00
26 0 +6.414551218e+01 +6.414551218e+01 +7.201355122e+02 +7.201355122e+02 -4.1731e+00 -7.4082e-02 -4.9020e-01 +2.4694e+00 -3.2279e+00
32 0 +4.824645149e+01 +4.824645149e+01 +7.042364515e+02 +7.042364515e+02 -4.0970e+00 -6.3441e-02 -7.0647e-01 +3.5461e+00 -4.1382e+00
38 0 +4.528752710e+01 +4.528752710e+01 +7.012775271e+02 +7.012775271e+02 -9.3469e+00 +2.6811e-01 -1.4714e+00 +3.1481e+00 -5.7576e+00
42 0 +3.907273828e+01 +3.907273828e+01 +6.950627383e+02 +6.950627383e+02 -1.1104e+01 -1.8747e-01 -3.5932e+00 +3.7808e+00 -4.6894e+00
55 0 +2.546827486e+01 +2.546827486e+01 +6.814582749e+02 +6.814582749e+02 -5.8651e+00 +3.0163e-01 -3.3634e+00 +5.2926e+00 -2.1599e+01
59 0 +2.475462697e+01 +2.475462697e+01 +6.807446270e+02 +6.807446270e+02 +2.1805e+01 -1.8286e-01 +1.1922e-01 +9.4029e+00 -5.5777e+00
63 0 +1.603845032e+01 +1.603845032e+01 +6.720284503e+02 +6.720284503e+02 +7.9692e+00 -6.9141e-01 -2.3511e+00 +5.0627e+00 -1.9297e+01
67 0 +1.174466560e+01 +1.174466560e+01 +6.677346656e+02 +6.677346656e+02 +2.0648e+01 +4.3560e-01 -4.5241e+00 +4.8980e+00 -2.9762e+01
68 0 +1.010262347e+01 +1.010262347e+01 +6.660926235e+02 +6.660926235e+02 +2.0236e+01 +6.8112e-01 -5.1797e+00 +8.5383e+00 -1.8931e+01
69 0 +5.201634653e+00 +5.201634653e+00 +6.611916347e+02 +6.611916347e+02 +2.0135e+01 -2.0749e+00 -6.6340e+00 +1.0465e+01 -2.3023e+01
86 0 +3.865045589e+00 +3.865045589e+00 +6.598550456e+02 +6.598550456e+02 +1.1104e+01 -2.8265e+00 -8.2438e+00 +1.1131e+01 -2.1054e+01
99 0 +2.260347704e+00 +2.260347704e+00 +6.582503477e+02 +6.582503477e+02 +5.7722e+01 -5.5770e+00 -4.2852e+00 +5.9663e+00 -4.0260e+01
107 0 +1.271022962e+00 +1.271022962e+00 +6.572610230e+02 +6.572610230e+02 +1.6985e+01 -4.2853e+00 -1.4132e+01 +1.5999e+01 -5.8066e+01
123 0 +0.000000000e+00 +0.000000000e+00 +6.559900000e+02 +6.559900000e+02 +5.9762e+01 -5.4227e+00 -6.7251e+00 +2.2783e+01 -8.1043e+00
% f evaluations | g evaluations | best noise-free fitness - Fopt | noise-free fitness - Fopt (6.671000000000e+01) | measured fitness | best measured fitness | x1 | x2...
1 0 +1.078198516e+02 +1.078198516e+02 +1.745298516e+02 +1.745298516e+02 +0.0000e+00 +0.0000e+00 +0.0000e+00 +0.0000e+00 +0.0000e+00
2 0 +1.065586308e+02 +1.065586308e+02 +1.732686308e+02 +1.732686308e+02 -4.5459e-01 +3.8484e-02 +2.6573e-01 +2.6133e-02 -1.5684e-01
3 0 +9.651879687e+01 +9.651879687e+01 +1.632287969e+02 +1.632287969e+02 +1.0077e-01 +2.8604e-01 -9.3028e-01 +6.2176e-01 -5.4723e-01
10 0 +9.538205617e+01 +9.538205617e+01 +1.620920562e+02 +1.620920562e+02 +7.5753e-01 +8.1416e-02 -5.1639e-01 +2.7126e-01 -1.0182e+00
12 0 +9.144107981e+01 +9.144107981e+01 +1.581510798e+02 +1.581510798e+02 +5.1929e-01 +1.5145e-01 -1.9420e+00 +9.1339e-01 -5.8899e-01
13 0 +8.810211780e+01 +8.810211780e+01 +1.548121178e+02 +1.548121178e+02 +4.6771e-01 +5.6480e-01 -2.9211e+00 +6.9580e-01 -8.0398e-01
15 0 +8.474601382e+01 +8.474601382e+01 +1.514560138e+02 +1.514560138e+02 +8.7004e-01 +3.6061e-01 -1.3511e+00 +6.5879e-01 -1.6608e+00
16 0 +8.005319782e+01 +8.005319782e+01 +1.467631978e+02 +1.467631978e+02 +8.0671e-01 +2.7004e-01 -1.3925e+00 +3.8176e-01 -2.2503e+00
24 0 +6.839185085e+01 +6.839185085e+01 +1.351018508e+02 +1.351018508e+02 +4.6949e-01 +4.0116e-01 -1.6222e+00 +1.0405e+00 -2.9629e+00
33 0 +6.326397993e+01 +6.326397993e+01 +1.299739799e+02 +1.299739799e+02 +4.3636e-01 +2.9253e-01 -1.4429e+00 +8.3078e-01 -3.6278e+00
36 0 +5.603604132e+01 +5.603604132e+01 +1.227460413e+02 +1.227460413e+02 +2.4040e-01 +1.0486e-01 -1.2807e+00 +1.0876e+00 -4.2045e+00
46 0 +5.356318741e+01 +5.356318741e+01 +1.202731874e+02 +1.202731874e+02 +4.2823e-01 +3.9295e-01 -1.6890e+00 +7.6486e-01 -4.5741e+00
50 0 +5.170303573e+01 +5.170303573e+01 +1.184130357e+02 +1.184130357e+02 +5.3105e-01 +1.1476e-01 -2.5768e+00 +9.0290e-01 -4.3626e+00
51 0 +4.853517098e+01 +4.853517098e+01 +1.152451710e+02 +1.152451710e+02 +8.0190e-01 -6.5406e-02 -2.0590e+00 +9.9551e-01 -4.7861e+00
54 0 +4.347810990e+01 +4.347810990e+01 +1.101881099e+02 +1.101881099e+02 +2.0688e-01 -3.2774e-01 -3.9339e+00 +2.7134e-01 -5.5051e+00
62 0 +3.416187213e+01 +3.416187213e+01 +1.008718721e+02 +1.008718721e+02 +3.4129e-01 -7.1298e-01 -4.9372e+00 +1.2659e+00 -5.9472e+00
68 0 +3.189318187e+01 +3.189318187e+01 +9.860318187e+01 +9.860318187e+01 +9.1298e-02 +4.5252e-01 -9.3359e+00 +1.9581e+00 -9.1455e+00
78 0 +3.157947053e+01 +3.157947053e+01 +9.828947053e+01 +9.828947053e+01 -1.0237e+00 -1.0388e+00 -1.4284e+00 +3.3525e+00 -1.0450e+01
81 0 +2.187038197e+01 +2.187038197e+01 +8.858038197e+01 +8.858038197e+01 +2.0634e+00 -7.4889e-01 -1.8772e+01 +3.7112e+00 -1.1106e+01
82 0 +1.876175015e+01 +1.876175015e+01 +8.547175015e+01 +8.547175015e+01 +2.4781e+00 +1.3453e+00 -3.1107e+01 +8.6325e+00 -1.9137e+01
85 0 +1.041149405e+01 +1.041149405e+01 +7.712149405e+01 +7.712149405e+01 -4.3073e-02 -3.7828e+00 -8.2650e+00 +5.5762e+00 -4.6710e+00
102 0 +9.314924994e+00 +9.314924994e+00 +7.602492499e+01 +7.602492499e+01 -6.9499e-01 -2.1827e+00 -1.7614e+01 +6.5938e+00 -6.5622e+00
115 0 +8.099102882e+00 +8.099102882e+00 +7.480910288e+01 +7.480910288e+01 -5.3760e-02 -3.2270e+00 -1.5351e+01 +7.2410e+00 -5.2534e+00
116 0 +5.962884375e+00 +5.962884375e+00 +7.267288437e+01 +7.267288437e+01 -1.3606e+00 -3.6934e+00 -2.0904e+01 +6.7188e+00 -1.3680e+01
117 0 +3.910991133e+00 +3.910991133e+00 +7.062099113e+01 +7.062099113e+01 -1.0890e+00 -5.5989e+00 -1.9428e+01 +5.9771e+00 -9.4953e+00
123 0 +2.471423286e+00 +2.471423286e+00 +6.918142329e+01 +6.918142329e+01 -5.3757e+00 -7.4548e+00 -1.9373e+01 +4.5605e+00 -2.6479e+01
152 0 +1.134288372e+00 +1.134288372e+00 +6.784428837e+01 +6.784428837e+01 -3.8657e+00 -2.8489e+01 -6.8017e+01 +3.7336e+01 -1.0882e+02
164 0 +0.000000000e+00 +0.000000000e+00 +6.671000000e+01 +6.671000000e+01 -4.7471e+01 -3.6571e+01 -1.5881e+02 +6.5415e+01 -2.3012e+02
% f evaluations | g evaluations | best noise-free fitness - Fopt | noise-free fitness - Fopt (9.416700000000e+02) | measured fitness | best measured fitness | x1 | x2...
1 0 +1.078198516e+02 +1.078198516e+02 +1.049489852e+03 +1.049489852e+03 +0.0000e+00 +0.0000e+00 +0.0000e+00 +0.0000e+00 +0.0000e+00
4 0 +1.059204088e+02 +1.059204088e+02 +1.047590409e+03 +1.047590409e+03 -1.0765e-01 +1.1246e+00 +1.7512e+00 +6.4053e-02 +2.1062e-01
5 0 +9.992368908e+01 +9.992368908e+01 +1.041593689e+03 +1.041593689e+03 -1.2293e-01 -2.4911e-01 +1.8749e+00 +2.8680e-01 +2.1159e-02
12 0 +9.695735251e+01 +9.695735251e+01 +1.038627353e+03 +1.038627353e+03 -4.9395e-01 -3.9088e+00 +3.9391e-01 +4.2853e-01 +2.3795e-02
13 0 +9.340445658e+01 +9.340445658e+01 +1.035074457e+03 +1.035074457e+03 +6.0927e-01 -2.8982e+00 +3.6585e+00 -6.0040e-01 -1.6780e-01
19 0 +9.300882437e+01 +9.300882437e+01 +1.034678824e+03 +1.034678824e+03 +1.9622e-01 -2.1296e+00 +1.0108e+00 +1.2038e+00 -1.2546e-01
28 0 +8.925109313e+01 +8.925109313e+01 +1.030921093e+03 +1.030921093e+03 +1.0565e+00 -5.5372e+00 +2.3240e+00 +9.7015e-01 +2.0708e-01
33 0 +8.250340275e+01 +8.250340275e+01 +1.024173403e+03 +1.024173403e+03 +8.6017e-01 -4.9934e+00 +2.9813e+00 +1.9257e+00 +2.9598e-01
42 0 +7.890472137e+01 +7.890472137e+01 +1.020574721e+03 +1.020574721e+03 +1.0306e+00 -7.1350e+00 +4.6382e+00 -2.0969e-01 -7.5662e-01
43 0 +7.109999859e+01 +7.109999859e+01 +1.012769999e+03 +1.012769999e+03 +1.0062e+00 -5.2597e+00 +5.5121e+00 +1.3207e+00 -5.5962e-01
53 0 +6.943334234e+01 +6.943334234e+01 +1.011103342e+03 +1.011103342e+03 +8.2725e-01 -7.8962e+00 +6.5891e+00 +1.0382e-01 -1.3927e+00
58 0 +6.685458329e+01 +6.685458329e+01 +1.008524583e+03 +1.008524583e+03 +8.0701e-01 -7.6725e+00 +8.7479e+00 +1.5262e+00 -8.4871e-01
64 0 +6.153924777e+01 +6.153924777e+01 +1.003209248e+03 +1.003209248e+03 +4.1736e-01 -5.9159e+00 +5.8388e+00 +1.5825e+00 -1.3096e+00
75 0 +5.584299391e+01 +5.584299391e+01 +9.975129939e+02 +9.975129939e+02 +1.0251e+00 -2.2443e+00 +5.1559e+00 +3.3080e+00 -1.4598e+00
82 0 +5.059903600e+01 +5.059903600e+01 +9.922690360e+02 +9.922690360e+02 +1.2300e+00 -4.2475e+00 +9.5135e+00 +3.4998e+00 -1.5405e+00
96 0 +4.343417202e+01 +4.343417202e+01 +9.851041720e+02 +9.851041720e+02 +9.6513e-01 -7.8968e+00 +4.8370e+00 +4.1431e+00 -1.7865e+00
111 0 +4.247121363e+01 +4.247121363e+01 +9.841412136e+02 +9.841412136e+02 +1.2043e+00 -5.5710e+00 +5.2544e+00 +3.6116e+00 -2.1541e+00
120 0 +4.084363590e+01 +4.084363590e+01 +9.825136359e+02 +9.825136359e+02 +1.3042e+00 -6.3506e+00 +7.6995e+00 +5.0002e+00 -1.5461e+00
121 0 +3.816921333e+01 +3.816921333e+01 +9.798392133e+02 +9.798392133e+02 +3.1827e-01 -7.1940e+00 +7.4988e+00 +4.6916e+00 -1.8883e+00
123 0 +3.562207817e+01 +3.562207817e+01 +9.772920782e+02 +9.772920782e+02 -4.2708e-01 -5.1953e+00 +9.6566e+00 +6.1048e+00 -1.8951e+00
149 0 +3.342497594e+01 +3.342497594e+01 +9.750949759e+02 +9.750949759e+02 -3.1118e-02 -6.5937e+00 +4.8186e+00 +6.0193e+00 -2.2117e+00
157 0 +2.948099878e+01 +2.948099878e+01 +9.711509988e+02 +9.711509988e+02 -2.4444e-01 -6.7510e+00 +1.0230e+01 +7.1427e+00 -2.5275e+00
165 0 +2.851259084e+01 +2.851259084e+01 +9.701825908e+02 +9.701825908e+02 +1.4050e-01 -8.9187e+00 +1.1794e+01 +6.6787e+00 -2.6628e+00
166 0 +2.663244572e+01 +2.663244572e+01 +9.683024457e+02 +9.683024457e+02 +1.6392e-01 -6.8635e+00 +1.2967e+01 +7.0233e+00 -2.8531e+00
179 0 +2.173266999e+01 +2.173266999e+01 +9.634026700e+02 +9.634026700e+02 +3.5746e-01 -6.7376e+00 +1.2266e+01 +6.2639e+00 -3.3625e+00
185 0 +1.806648316e+01 +1.806648316e+01 +9.597364832e+02 +9.597364832e+02 +3.5968e-01 -5.5474e+00 +1.1341e+01 +7.1686e+00 -3.7293e+00
193 0 +1.322897689e+01 +1.322897689e+01 +9.548989769e+02 +9.548989769e+02 +4.3509e-01 -8.4960e+00 +1.0349e+01 +7.9803e+00 -4.2206e+00
203 0 +9.515378685e+00 +9.515378685e+00 +9.511853787e+02 +9.511853787e+02 -9.0782e-01 -9.5975e+00 +7.8980e+00 +6.6477e+00 -4.4577e+00
213 0 +8.368200222e+00 +8.368200222e+00 +9.500382002e+02 +9.500382002e+02 +1.9165e+00 -6.8122e+00 +7.7282e+00 +1.0071e+01 -4.8548e+00
215 0 +3.838195440e+00 +3.838195440e+00 +9.455081954e+02 +9.455081954e+02 -1.1618e+00 -1.4954e+01 +1.9042e+01 +1.0900e+01 -6.4252e+00
221 0 +2.024665386e+00 +2.024665386e+00 +9.436946654e+02 +9.436946654e+02 -2.9753e+00 -7.4397e+00 +6.6415e+00 +7.6153e+00 -5.0555e+00
248 0 +7.406395845e-01 +7.406395845e-01 +9.424106396e+02 +9.424106396e+02 -4.2594e+00 -1.4467e+01 +1.4528e+01 +1.4824e+01 -6.0100e+00
252 0 +2.746009919e-01 +2.746009919e-01 +9.419446010e+02 +9.419446010e+02 -4.7254e+00 -1.3174e+01 +1.6452e+01 +1.4873e+01 -6.2861e+00
254 0 +0.000000000e+00 +0.000000000e+00 +9.416700000e+02 +9.416700000e+02 -5.1175e+00 -2.0850e+01 +7.3296e+00 +1.1918e+01 -6.0622e+00
% f evaluations | g evaluations | best noise-free fitness - Fopt | noise-free fitness - Fopt (-3.745000000000e+01) | measured fitness | best measured fitness | x1 | x2...
1 0 +1.078198516e+02 +1.078198516e+02 +7.036985161e+01 +7.036985161e+01 +0.0000e+00 +0.0000e+00 +0.0000e+00 +0.0000e+00 +0.0000e+00
3 0 +1.043514729e+02 +1.043514729e+02 +6.690147287e+01 +6.690147287e+01 -1.6218e-01 +8.9383e-01 +1.0712e+00 -6.1688e-02 +1.6934e-01
8 0 +9.885942152e+01 +9.885942152e+01 +6.140942152e+01 +6.140942152e+01 -4.4605e-01 +4.5478e-01 +2.4357e+00 +1.8472e-01 -1.9341e-01
10 0 +8.433724206e+01 +8.433724206e+01 +4.688724206e+01 +4.688724206e+01 -5.9485e-01 +1.2362e+00 +4.1580e+00 +1.2577e-01 -9.4375e-01
13 0 +7.799824043e+01 +7.799824043e+01 +4.054824043e+01 +4.054824043e+01 -6.9796e-02 +1.3050e+00 +1.4646e+00 +5.2110e-02 -2.3232e+00
32 0 +7.523060163e+01 +7.523060163e+01 +3.778060163e+01 +3.778060163e+01 -5.2048e-02 +6.1738e-01 +4.4449e+00 +9.0679e-02 -1.7997e+00
35 0 +7.247103808e+01 +7.247103808e+01 +3.502103808e+01 +3.502103808e+01 +1.3410e-01 +1.7593e+00 +5.3867e+00 +2.8251e-01 -1.7863e+00
41 0 +6.856901353e+01 +6.856901353e+01 +3.111901353e+01 +3.111901353e+01 +3.1320e-01 +1.7729e+00 +5.6128e+00 +2.3148e-01 -2.1275e+00
43 0 +6.455729727e+01 +6.455729727e+01 +2.710729727e+01 +2.710729727e+01 +9.3587e-02 +5.9723e-01 +5.5109e+00 +3.9921e-01 -2.8540e+00
46 0 +6.187169895e+01 +6.187169895e+01 +2.442169895e+01 +2.442169895e+01 +3.6126e-01 +1.9779e+00 +6.0373e+00 +3.8810e-01 -2.8441e+00
50 0 +5.780708499e+01 +5.780708499e+01 +2.035708499e+01 +2.035708499e+01 -1.0952e-02 +2.3860e+00 +5.9044e+00 +1.5152e-01 -3.0821e+00
57 0 +5.437840792e+01 +5.437840792e+01 +1.692840792e+01 +1.692840792e+01 -4.4880e-01 +2.4593e+00 +7.0236e+00 +1.8980e-01 -3.4773e+00
61 0 +5.083373455e+01 +5.083373455e+01 +1.338373455e+01 +1.338373455e+01 +7.8761e-01 +1.4204e+00 +6.7138e+00 +2.0961e-01 -3.9040e+00
63 0 +4.905985039e+01 +4.905985039e+01 +1.160985039e+01 +1.160985039e+01 -1.1677e+00 +2.0953e+00 +6.3022e+00 +2.0499e-01 -4.1543e+00
64 0 +3.995894928e+01 +3.995894928e+01 +2.508949282e+00 +2.508949282e+00 -4.9990e-01 +2.0231e+00 +6.1716e+00 +2.9746e-02 -4.9119e+00
72 0 +3.971949067e+01 +3.971949067e+01 +2.269490672e+00 +2.269490672e+00 +1.2576e-02 +1.3992e+00 +8.7986e+00 +3.7648e-02 -5.0257e+00
82 0 +3.770951088e+01 +3.770951088e+01 +2.595108848e-01 +2.595108848e-01 +4.7647e-01 +2.5214e+00 +1.0361e+01 +1.1760e-01 -5.4449e+00
85 0 +3.608599276e+01 +3.608599276e+01 -1.364007237e+00 -1.364007237e+00 -5.0443e-01 +3.8576e+00 +7.1413e+00 +7.7007e-02 -5.2016e+00
111 0 +3.532901509e+01 +3.532901509e+01 -2.120984907e+00 -2.120984907e+00 -1.8396e-01 +3.5409e+00 +9.3767e+00 -1.0078e-01 -5.0766e+00
124 0 +3.193469460e+01 +3.193469460e+01 -5.515305402e+00 -5.515305402e+00 +2.7072e+00 +3.3675e+00 +1.3511e+01 -2.4508e-01 -5.3104e+00
133 0 +3.064974141e+01 +3.064974141e+01 -6.800258588e+00 -6.800258588e+00 +1.1235e+00 +6.5710e+00 +1.6032e+01 -2.3897e-01 -5.9534e+00
143 0 +3.006273968e+01 +3.006273968e+01 -7.387260320e+00 -7.387260320e+00 -5.7472e-01 +4.9728e+00 +1.7818e+01 -6.5395e-01 -5.7797e+00
145 0 +2.723254233e+01 +2.723254233e+01 -1.021745767e+01 -1.021745767e+01 +3.4125e+00 +6.5993e+00 +2.1962e+01 -4.3960e-01 -5.0896e+00
156 0 +2.520312942e+01 +2.520312942e+01 -1.224687058e+01 -1.224687058e+01 +5.8011e+00 +8.2251e+00 +1.3138e+01 -5.1818e-01 -8.0611e+00
164 0 +2.421492646e+01 +2.421492646e+01 -1.323507354e+01 -1.323507354e+01 +7.7345e+00 +6.2907e+00 +1.1703e+01 -6.9391e-01 -6.9752e+00
175 0 +2.380351860e+01 +2.380351860e+01 -1.364648140e+01 -1.364648140e+01 +8.1404e+00 +4.2189e+00 +4.9396e+00 -1.0480e+00 -7.6566e+00
176 0 +2.334980745e+01 +2.334980745e+01 -1.410019255e+01 -1.410019255e+01 +6.9355e+00 +5.7818e+00 +1.6591e+01 -8.4775e-01 -5.6479e+00
181 0 +2.279035148e+01 +2.279035148e+01 -1.465964852e+01 -1.465964852e+01 +4.5503e+00 +6.6504e+00 +1.0086e+01 -1.0272e+00 -5.1951e+00
184 0 +2.122715554e+01 +2.122715554e+01 -1.622284446e+01 -1.622284446e+01 +4.8941e+00 +6.7216e+00 +1.6482e+01 -1.2441e+00 -5.8555e+00
190 0 +2.006227780e+01 +2.006227780e+01 -1.738772220e+01 -1.738772220e+01 +4.9626e+00 +7.4828e+00 +1.0632e+01 -1.4390e+00 -6.0025e+00
194 0 +1.841922482e+01 +1.841922482e+01 -1.903077518e+01 -1.903077518e+01 +7.6544e+00 +7.1924e+00 +1.4340e+01 -1.7245e+00 -6.2127e+00
209 0 +1.641010480e+01 +1.641010480e+01 -2.103989520e+01 -2.103989520e+01 +6.3175e+00 +9.1621e+00 +7.0892e+00 -2.0818e+00 -7.8327e+00
214 0 +1.590579787e+01 +1.590579787e+01 -2.154420213e+01 -2.154420213e+01 +6.0560e+00 +1.3322e+01 +6.6595e+00 -2.1715e+00 -1.0213e+01
224 0 +1.446598272e+01 +1.446598272e+01 -2.298401728e+01 -2.298401728e+01 +4.3521e+00 +4.8148e+00 +7.7005e+00 -2.6013e+00 -8.3733e+00
242 0 +1.430453532e+01 +1.430453532e+01 -2.314546468e+01 -2.314546468e+01 +4.3851e+00 +7.4357e+00 +1.8292e+01 -2.5656e+00 -1.0465e+01
254 0 +1.321823521e+01 +1.321823521e+01 -2.423176479e+01 -2.423176479e+01 +3.9843e+00 +5.6654e+00 +1.5485e+01 -2.8301e+00 -1.1192e+01
255 0 +1.197035892e+01 +1.197035892e+01 -2.547964108e+01 -2.547964108e+01 +5.2347e+00 +8.7346e+00 +2.3081e+01 -2.8713e+00 -9.8444e+00
263 0 +1.073094260e+01 +1.073094260e+01 -2.671905740e+01 -2.671905740e+01 +7.0995e+00 +9.4673e+00 +2.2737e+01 -3.0917e+00 -8.3337e+00
272 0 +9.915986726e+00 +9.915986726e+00 -2.753401327e+01 -2.753401327e+01 +5.6679e+00 +1.0546e+01 +1.8384e+01 -3.2367e+00 -9.0645e+00
274 0 +9.425689694e+00 +9.425689694e+00 -2.802431031e+01 -2.802431031e+01 +4.9377e+00 +7.4481e+00 +2.7457e+01 -3.3349e+00 -8.7150e+00
285 0 +8.447412539e+00 +8.447412539e+00 -2.900258746e+01 -2.900258746e+01 +7.2476e+00 +1.0227e+01 +1.6441e+01 -3.4978e+00 -8.6798e+00
292 0 +7.432249458e+00 +7.432249458e+00 -3.001775054e+01 -3.001775054e+01 +6.3925e+00 +8.7968e+00 +1.9569e+01 -3.6783e+00 -9.8406e+00
307 0 +6.028736433e+00 +6.028736433e+00 -3.142126357e+01 -3.142126357e+01 +6.4006e+00 +8.8659e+00 +2.1514e+01 -3.9279e+00 -8.4482e+00
326 0 +5.293979330e+00 +5.293979330e+00 -3.215602067e+01 -3.215602067e+01 +7.1292e+00 +8.5648e+00 +2.4818e+01 -4.0586e+00 -9.8001e+00
332 0 +4.832401370e+00 +4.832401370e+00 -3.261759863e+01 -3.261759863e+01 +7.1815e+00 +7.7583e+00 +2.5253e+01 -4.1407e+00 -8.9821e+00
337 0 +4.365400031e+00 +4.365400031e+00 -3.308459997e+01 -3.308459997e+01 +7.7357e+00 +6.5051e+00 +2.4271e+01 -4.2237e+00 -9.7310e+00
339 0 +4.268623329e+00 +4.268623329e+00 -3.318137667e+01 -3.318137667e+01 +7.5701e+00 +6.4353e+00 +2.6902e+01 -4.2409e+00 -9.3789e+00
341 0 +4.125511012e+00 +4.125511012e+00 -3.332448899e+01 -3.332448899e+01 +8.2560e+00 +1.1367e+01 +2.1021e+01 -4.2664e+00 -1.0878e+01
343 0 +2.586357584e+00 +2.586357584e+00 -3.486364242e+01 -3.486364242e+01 +7.7972e+00 +8.2571e+00 +1.7338e+01 -4.5401e+00 -1.0134e+01
344 0 +2.526216068e+00 +2.526216068e+00 -3.492378393e+01 -3.492378393e+01 +6.2624e+00 +1.1551e+01 +2.3048e+01 -4.5508e+00 -1.0700e+01
350 0 +1.513005487e+00 +1.513005487e+00 -3.593699451e+01 -3.593699451e+01 +8.3976e+00 +7.2182e+00 +3.0589e+01 -4.7309e+00 -9.3715e+00
353 0 +5.576440166e-01 +5.576440166e-01 -3.689235598e+01 -3.689235598e+01 +5.8074e+00 +1.0635e+01 +3.5829e+01 -4.9008e+00 -7.6836e+00
358 0 +4.609717216e-01 +4.609717216e-01 -3.698902828e+01 -3.698902828e+01 +8.4896e+00 +1.3149e+01 +2.0354e+01 -4.9180e+00 -1.1003e+01
361 0 +0.000000000e+00 +0.000000000e+00 -3.745000000e+01 -3.745000000e+01 +5.1698e+00 +1.3579e+01 +3.0508e+01 -5.1104e+00 -1.0515e+01
% f evaluations | g evaluations | best noise-free fitness - Fopt | noise-free fitness - Fopt (-6.639000000000e+01) | measured fitness | best measured fitness | x1 | x2...
1 0 +1.078198516e+02 +1.078198516e+02 +4.142985161e+01 +4.142985161e+01 +0.0000e+00 +0.0000e+00 +0.0000e+00 +0.0000e+00 +0.0000e+00
2 0 +1.066097074e+02 +1.066097074e+02 +4.021970740e+01 +4.021970740e+01 -1.4819e+00 +3.4877e+00 -6.1369e-03 +5.9776e-01 +9.8547e-01
3 0 +9.397108922e+01 +9.397108922e+01 +2.758108922e+01 +2.758108922e+01 +4.3418e-01 +2.2828e+00 -1.5263e-01 +3.3877e-01 -7.8358e-01
12 0 +8.303213479e+01 +8.303213479e+01 +1.664213479e+01 +1.664213479e+01 -9.9589e-01 +5.0052e+00 -1.4556e-01 +3.1947e-01 -1.2644e+00
25 0 +7.153588785e+01 +7.153588785e+01 +5.145887847e+00 +5.145887847e+00 -1.9469e+00 +3.7387e+00 -1.2338e-01 +1.6688e+00 -1.7914e+00
29 0 +6.679769393e+01 +6.679769393e+01 +4.076939308e-01 +4.076939308e-01 -8.1703e-01 +4.9337e+00 -1.8861e-02 +1.0889e+00 -2.5249e+00
33 0 +6.379218819e+01 +6.379218819e+01 -2.597811810e+00 -2.597811810e+00 -8.6562e-01 +2.8809e+00 -1.0918e-01 +1.7137e+00 -2.8057e+00
34 0 +5.983186808e+01 +5.983186808e+01 -6.558131917e+00 -6.558131917e+00 -1.2758e+00 +6.7249e+00 -9.4022e-02 +1.0013e+00 -3.1893e+00
36 0 +5.534886836e+01 +5.534886836e+01 -1.104113164e+01 -1.104113164e+01 -1.7065e+00 +5.9450e+00 -6.5211e-02 +1.7261e+00 -3.1961e+00
44 0 +5.133940392e+01 +5.133940392e+01 -1.505059608e+01 -1.505059608e+01 -1.3902e+00 +6.2872e+00 -8.6718e-02 +2.6255e+00 -3.1161e+00
55 0 +4.899259328e+01 +4.899259328e+01 -1.739740672e+01 -1.739740672e+01 -1.4182e+00 +6.3674e+00 -1.1031e-01 +2.2341e+00 -3.5606e+00
60 0 +4.677527216e+01 +4.677527216e+01 -1.961472784e+01 -1.961472784e+01 -1.1913e+00 +6.1725e+00 -1.4215e-01 +1.9330e+00 -3.9642e+00
68 0 +4.640513207e+01 +4.640513207e+01 -1.998486793e+01 -1.998486793e+01 -1.4898e+00 +6.8766e+00 -1.2628e-01 +2.2722e+00 -3.7857e+00
69 0 +4.375892049e+01 +4.375892049e+01 -2.263107951e+01 -2.263107951e+01 -1.6315e+00 +6.9029e+00 -1.6316e-01 +2.3153e+00 -4.0002e+00
73 0 +4.195592221e+01 +4.195592221e+01 -2.443407779e+01 -2.443407779e+01 -1.3548e+00 +6.6986e+00 -1.3547e-01 +2.4613e+00 -4.1349e+00
80 0 +4.129424903e+01 +4.129424903e+01 -2.509575097e+01 -2.509575097e+01 -1.4403e+00 +6.8808e+00 -1.3425e-01 +2.6138e+00 -4.1071e+00
82 0 +3.919493814e+01 +3.919493814e+01 -2.719506186e+01 -2.719506186e+01 -1.4799e+00 +6.9731e+00 -1.3590e-01 +2.6671e+00 -4.2826e+00
103 0 +3.861692796e+01 +3.861692796e+01 -2.777307204e+01 -2.777307204e+01 -1.1678e+00 +5.7525e+00 -1.3312e-01 +2.7215e+00 -4.3419e+00
104 0 +3.784306225e+01 +3.784306225e+01 -2.854693775e+01 -2.854693775e+01 -1.3088e+00 +6.4424e+00 -1.3398e-01 +2.6995e+00 -4.4173e+00
109 0 +3.706175367e+01 +3.706175367e+01 -2.932824633e+01 -2.932824633e+01 -1.2116e+00 +6.5372e+00 -1.3304e-01 +2.8124e+00 -4.4419e+00
113 0 +3.557348845e+01 +3.557348845e+01 -3.081651155e+01 -3.081651155e+01 -1.2154e+00 +6.1862e+00 -1.2809e-01 +2.7332e+00 -4.6365e+00
128 0 +3.520118801e+01 +3.520118801e+01 -3.118881199e+01 -3.118881199e+01 -1.3892e+00 +6.5300e+00 -1.5924e-01 +3.0382e+00 -4.4749e+00
132 0 +3.365036383e+01 +3.365036383e+01 -3.273963617e+01 -3.273963617e+01 -1.3963e+00 +6.0764e+00 -1.4967e-01 +3.1145e+00 -4.5894e+00
140 0 +3.270014433e+01 +3.270014433e+01 -3.368985567e+01 -3.368985567e+01 -1.3754e+00 +6.3224e+00 -1.5744e-01 +3.1577e+00 -4.6598e+00
142 0 +3.042116395e+01 +3.042116395e+01 -3.596883605e+01 -3.596883605e+01 -1.3612e+00 +6.2452e+00 -1.3888e-01 +3.2651e+00 -4.8346e+00
154 0 +2.863011504e+01 +2.863011504e+01 -3.775988496e+01 -3.775988496e+01 -1.3145e+00 +6.5920e+00 -1.5217e-01 +3.2903e+00 -5.0137e+00
164 0 +2.770811244e+01 +2.770811244e+01 -3.868188756e+01 -3.868188756e+01 -1.1591e+00 +6.0125e+00 -1.3299e-01 +3.4927e+00 -5.0711e+00
173 0 +2.741897173e+01 +2.741897173e+01 -3.897102827e+01 -3.897102827e+01 -1.1092e+00 +6.1638e+00 -1.1976e-01 +3.5604e+00 -5.0708e+00
174 0 +2.668865146e+01 +2.668865146e+01 -3.970134854e+01 -3.970134854e+01 -1.1344e+00 +6.0340e+00 -1.2356e-01 +3.6836e+00 -5.0143e+00
182 0 +2.548211801e+01 +2.548211801e+01 -4.090788199e+01 -4.090788199e+01 -1.1854e+00 +6.0658e+00 -1.3305e-01 +3.8838e+00 -5.3089e+00
206 0 +2.482970427e+01 +2.482970427e+01 -4.156029573e+01 -4.156029573e+01 -1.0616e+00 +6.3082e+00 -1.2129e-01 +4.0284e+00 -5.2026e+00
209 0 +2.438818647e+01 +2.438818647e+01 -4.200181353e+01 -4.200181353e+01 -1.1679e+00 +6.3487e+00 -1.3673e-01 +4.0794e+00 -5.4311e+00
212 0 +2.392089321e+01 +2.392089321e+01 -4.246910679e+01 -4.246910679e+01 -1.2010e+00 +6.4159e+00 -1.3326e-01 +4.1585e+00 -5.3233e+00
222 0 +2.246960699e+01 +2.246960699e+01 -4.392039301e+01 -4.392039301e+01 -1.3322e+00 +6.2871e+00 -1.3832e-01 +4.3904e+00 -5.5676e+00
234 0 +2.194234594e+01 +2.194234594e+01 -4.444765406e+01 -4.444765406e+01 -1.4275e+00 +4.9187e+00 -1.1718e-01 +4.5048e+00 -5.7385e+00
245 0 +2.182226523e+01 +2.182226523e+01 -4.456773477e+01 -4.456773477e+01 -1.7247e+00 +4.9823e+00 -7.6906e-02 +4.4759e+00 -5.9468e+00
253 0 +2.081354035e+01 +2.081354035e+01 -4.557645965e+01 -4.557645965e+01 -1.6131e+00 +5.3347e+00 -1.2119e-01 +4.6446e+00 -5.5748e+00
257 0 +2.034120530e+01 +2.034120530e+01 -4.604879470e+01 -4.604879470e+01 -1.6012e+00 +5.7347e+00 -1.1043e-01 +4.7368e+00 -5.2373e+00
263 0 +1.859019948e+01 +1.859019948e+01 -4.779980052e+01 -4.779980052e+01 -1.7470e+00 +6.5840e+00 -1.6405e-01 +4.9921e+00 -5.5065e+00
274 0 +1.806174643e+01 +1.806174643e+01 -4.832825357e+01 -4.832825357e+01 -2.2660e+00 +7.4966e+00 -1.5294e-01 +5.2053e+00 -5.6210e+00
285 0 +1.766399404e+01 +1.766399404e+01 -4.872600596e+01 -4.872600596e+01 -2.5886e+00 +7.7459e+00 -1.7670e-01 +5.5000e+00 -5.5977e+00
302 0 +1.712407150e+01 +1.712407150e+01 -4.926592850e+01 -4.926592850e+01 -2.8652e+00 +6.3967e+00 -2.5999e-01 +5.8977e+00 -5.7099e+00
313 0 +1.687930514e+01 +1.687930514e+01 -4.951069486e+01 -4.951069486e+01 -3.7891e+00 +4.6977e+00 -2.1523e-01 +5.4225e+00 -5.9342e+00
320 0 +1.608567757e+01 +1.608567757e+01 -5.030432243e+01 -5.030432243e+01 -4.1609e+00 +5.7944e+00 -1.7861e-01 +6.6265e+00 -5.5813e+00
322 0 +1.513297622e+01 +1.513297622e+01 -5.125702378e+01 -5.125702378e+01 -5.0427e+00 +7.4660e+00 -2.1453e-01 +5.6511e+00 -6.6714e+00
339 0 +1.447090933e+01 +1.447090933e+01 -5.191909067e+01 -5.191909067e+01 -9.5358e+00 +6.5780e+00 -4.2390e-01 +7.9892e+00 -6.2222e+00
343 0 +1.427342851e+01 +1.427342851e+01 -5.211657149e+01 -5.211657149e+01 -8.4164e+00 +6.1394e+00 -4.8635e-01 +1.0069e+01 -8.2556e+00
347 0 +1.382733064e+01 +1.382733064e+01 -5.256266936e+01 -5.256266936e+01 -7.8994e+00 +8.4820e+00 -6.2741e-01 +8.1798e+00 -5.9242e+00
351 0 +1.351049879e+01 +1.351049879e+01 -5.287950121e+01 -5.287950121e+01 -1.1318e+01 +1.0449e+01 -7.2761e-01 +7.0800e+00 -7.8504e+00
355 0 +1.322845273e+01 +1.322845273e+01 -5.316154727e+01 -5.316154727e+01 -1.3225e+01 +1.2158e+01 -8.1680e-01 +9.7583e+00 -6.1733e+00
358 0 +1.136981918e+01 +1.136981918e+01 -5.502018082e+01 -5.502018082e+01 -1.0482e+01 +1.9385e+01 -1.4045e+00 +9.5975e+00 -7.6304e+00
370 0 +1.061004560e+01 +1.061004560e+01 -5.577995440e+01 -5.577995440e+01 -8.1738e+00 +2.7362e+01 -1.6448e+00 +1.1858e+01 -8.0120e+00
372 0 +9.080894848e+00 +9.080894848e+00 -5.730910515e+01 -5.730910515e+01 -1.1796e+01 +3.8429e+01 -2.1284e+00 +5.0471e+00 -1.1506e+01
382 0 +8.096154237e+00 +8.096154237e+00 -5.829384576e+01 -5.829384576e+01 -1.0089e+01 +3.9138e+01 -2.4398e+00 +6.4739e+00 -1.2215e+01
395 0 +7.613065870e+00 +7.613065870e+00 -5.877693413e+01 -5.877693413e+01 -6.2982e+00 +4.3027e+01 -2.5925e+00 +7.5237e+00 -1.1031e+01
400 0 +6.772723554e+00 +6.772723554e+00 -5.961727645e+01 -5.961727645e+01 -9.2333e+00 +4.4552e+01 -2.8583e+00 +5.1536e+00 -1.4002e+01
402 0 +6.652296084e+00 +6.652296084e+00 -5.973770392e+01 -5.973770392e+01 -6.5827e+00 +3.9285e+01 -2.8964e+00 +5.0526e+00 -1.4610e+01
403 0 +5.950010516e+00 +5.950010516e+00 -6.043998948e+01 -6.043998948e+01 -9.5340e+00 +4.7221e+01 -3.1184e+00 +5.6993e+00 -7.0615e+00
419 0 +5.449030377e+00 +5.449030377e+00 -6.094096962e+01 -6.094096962e+01 -7.5064e+00 +4.3065e+01 -3.2769e+00 +7.9626e+00 -1.0258e+01
422 0 +5.168478843e+00 +5.168478843e+00 -6.122152116e+01 -6.122152116e+01 -9.9740e+00 +4.6621e+01 -3.3656e+00 +8.0132e+00 -8.1805e+00
423 0 +4.869640203e+00 +4.869640203e+00 -6.152035980e+01 -6.152035980e+01 -7.6467e+00 +3.6011e+01 -3.4601e+00 +5.9694e+00 -8.1932e+00
435 0 +4.428561080e+00 +4.428561080e+00 -6.196143892e+01 -6.196143892e+01 -8.7224e+00 +3.5161e+01 -3.5996e+00 +1.0632e+01 -7.3093e+00
441 0 +4.188464939e+00 +4.188464939e+00 -6.220153506e+01 -6.220153506e+01 -8.2487e+00 +3.8146e+01 -3.6755e+00 +1.0599e+01 -7.5534e+00
445 0 +3.791807343e+00 +3.791807343e+00 -6.259819266e+01 -6.259819266e+01 -8.2373e+00 +3.3583e+01 -3.8009e+00 +1.0921e+01 -7.9296e+00
451 0 +3.346078319e+00 +3.346078319e+00 -6.304392168e+01 -6.304392168e+01 -8.1663e+00 +3.3658e+01 -3.9419e+00 +1.4189e+01 -1.0875e+01
459 0 +2.527773329e+00 +2.527773329e+00 -6.386222667e+01 -6.386222667e+01 -8.9394e+00 +3.2751e+01 -4.2006e+00 +1.0499e+01 -1.0915e+01
466 0 +2.125386417e+00 +2.125386417e+00 -6.426461358e+01 -6.426461358e+01 -1.1104e+01 +4.0780e+01 -4.3279e+00 +1.7807e+01 -7.9963e+00
471 0 +1.736056578e+00 +1.736056578e+00 -6.465394342e+01 -6.465394342e+01 -1.1180e+01 +3.0511e+01 -4.4510e+00 +1.4637e+01 -5.4349e+00
479 0 +1.678156599e+00 +1.678156599e+00 -6.471184340e+01 -6.471184340e+01 -1.5939e+01 +3.9362e+01 -4.4693e+00 +1.6537e+01 -9.5093e+00
480 0 +1.611755249e+00 +1.611755249e+00 -6.477824475e+01 -6.477824475e+01 -1.2026e+01 +3.5931e+01 -4.4903e+00 +1.3044e+01 -8.4691e+00
482 0 +0.000000000e+00 +0.000000000e+00 -6.639000000e+01 -6.639000000e+01 -7.0864e+00 +3.1010e+01 -5.1056e+00 +8.8748e+00 -9.3457e+00
% f evaluations | g evaluations | best noise-free fitness - Fopt | noise-free fitness - Fopt (-2.260100000000e+02) | measured fitness | best measured fitness | x1 | x2...
1 0 +1.078198516e+02 +1.078198516e+02 -1.181901484e+02 -1.181901484e+02 +0.0000e+00 +0.0000e+00 +0.0000e+00 +0.0000e+00 +0.0000e+00
2 0 +9.935638869e+01 +9.935638869e+01 -1.266536113e+02 -1.266536113e+02 +1.6509e-01 +6.8277e-02 -6.7457e-01 -3.5622e-01 -1.2643e+00
5 0 +9.599599814e+01 +9.599599814e+01 -1.300140019e+02 -1.300140019e+02 -7.0457e-02 -4.8827e-01 +1.3207e+00 +8.0124e-01 -3.9394e-01
12 0 +9.545595150e+01 +9.545595150e+01 -1.305540485e+02 -1.305540485e+02 -8.8992e-04 -1.5136e-01 +1.0328e+00 +6.0656e-01 -5.9552e-01
14 0 +9.164049356e+01 +9.164049356e+01 -1.343695064e+02 -1.343695064e+02 -4.2091e-01 -5.1849e-01 +2.4053e+00 +8.5090e-01 -4.2894e-01
19 0 +8.786219685e+01 +8.786219685e+01 -1.381478032e+02 -1.381478032e+02 -2.1431e-01 +1.3596e+00 +1.8321e+00 +2.9976e-01 -9.8463e-01
23 0 +8.141160156e+01 +8.141160156e+01 -1.445983984e+02 -1.445983984e+02 -1.3112e+00 -2.8070e-01 +1.0524e+00 +1.6485e+00 -1.2998e+00
24 0 +7.779610370e+01 +7.779610370e+01 -1.482138963e+02 -1.482138963e+02 -4.3386e-01 +2.7918e-01 +2.1888e+00 +1.0366e+00 -1.6342e+00
37 0 +7.063793141e+01 +7.063793141e+01 -1.553720686e+02 -1.553720686e+02 -1.7764e+00 +1.3007e+00 +2.4151e+00 +2.2568e+00 -1.2764e+00
43 0 +6.415792839e+01 +6.415792839e+01 -1.618520716e+02 -1.618520716e+02 -1.2804e+00 +1.6623e+00 +1.9751e+00 +3.0008e+00 -1.6305e+00
52 0 +5.860534141e+01 +5.860534141e+01 -1.674046586e+02 -1.674046586e+02 -1.6501e+00 +2.7109e+00 +1.4269e+00 +2.1560e+00 -2.6107e+00
60 0 +5.738809369e+01 +5.738809369e+01 -1.686219063e+02 -1.686219063e+02 -1.1563e+00 +1.6576e+00 +1.6150e+00 +2.2516e+00 -2.8559e+00
62 0 +5.458857805e+01 +5.458857805e+01 -1.714214219e+02 -1.714214219e+02 -6.5777e-01 +1.3347e+00 +2.9748e+00 +2.4924e+00 -2.6777e+00
64 0 +4.705271866e+01 +4.705271866e+01 -1.789572813e+02 -1.789572813e+02 -2.0817e+00 +1.5935e+00 +1.1849e+00 +2.9136e+00 -3.5720e+00
72 0 +4.425865274e+01 +4.425865274e+01 -1.817513473e+02 -1.817513473e+02 -2.1885e+00 +2.8698e+00 +1.3202e+00 +2.7103e+00 -3.6853e+00
74 0 +4.255105091e+01 +4.255105091e+01 -1.834589491e+02 -1.834589491e+02 -1.8073e+00 +3.2277e+00 +2.9246e+00 +2.2752e+00 -3.5679e+00
87 0 +3.618207908e+01 +3.618207908e+01 -1.898279209e+02 -1.898279209e+02 -1.9463e+00 +1.1966e+00 +1.7133e+00 +2.8480e+00 -4.6130e+00
88 0 +3.444685402e+01 +3.444685402e+01 -1.915631460e+02 -1.915631460e+02 -1.8445e+00 +1.5258e+00 +1.6127e+00 +2.9387e+00 -4.7190e+00
94 0 +3.013464858e+01 +3.013464858e+01 -1.958753514e+02 -1.958753514e+02 -1.7317e+00 +6.5431e-01 +1.7548e+00 +3.4215e+00 -5.2419e+00
102 0 +2.683943572e+01 +2.683943572e+01 -1.991705643e+02 -1.991705643e+02 -2.9564e+00 +1.4338e+00 +1.4717e+00 +3.7024e+00 -5.2909e+00
111 0 +2.479215480e+01 +2.479215480e+01 -2.012178452e+02 -2.012178452e+02 -2.2269e+00 +3.6706e+00 +2.1109e+00 +3.1294e+00 -5.6639e+00
112 0 +2.083051434e+01 +2.083051434e+01 -2.051794857e+02 -2.051794857e+02 -1.8252e+00 +2.9592e+00 +2.6986e+00 +4.0454e+00 -4.8619e+00
121 0 +2.029607479e+01 +2.029607479e+01 -2.057139252e+02 -2.057139252e+02 -2.4828e+00 +2.5744e+00 +2.8744e+00 +3.8008e+00 -5.5653e+00
135 0 +1.612702166e+01 +1.612702166e+01 -2.098829783e+02 -2.098829783e+02 -4.0670e+00 +7.3855e+00 +7.1672e+00 +3.8684e+00 -4.1170e+00
141 0 +1.437853926e+01 +1.437853926e+01 -2.116314607e+02 -2.116314607e+02 -2.1437e+00 +4.7873e+00 +8.1474e+00 +3.0183e+00 -8.2257e+00
143 0 +1.205441060e+01 +1.205441060e+01 -2.139555894e+02 -2.139555894e+02 -1.6037e+00 +1.3120e-01 +1.2056e+01 +5.0076e+00 -8.1546e+00
144 0 +1.007733908e+01 +1.007733908e+01 -2.159326609e+02 -2.159326609e+02 -2.2701e+00 +4.5795e+00 +9.9816e+00 +3.8264e+00 -6.0715e+00
151 0 +9.152257489e+00 +9.152257489e+00 -2.168577425e+02 -2.168577425e+02 -3.6757e+00 +5.9804e-01 +5.1061e+00 +5.1042e+00 -5.6261e+00
153 0 +8.888480979e+00 +8.888480979e+00 -2.171215190e+02 -2.171215190e+02 -5.9809e+00 +2.4366e+00 +6.2937e+00 +4.2300e+00 -5.2157e+00
155 0 +7.947271784e-01 +7.947271784e-01 -2.252152728e+02 -2.252152728e+02 -4.2053e+00 +8.0031e+00 +8.0510e+00 +6.4613e+00 -5.4988e+00
169 0 +0.000000000e+00 +0.000000000e+00 -2.260100000e+02 -2.260100000e+02 -6.8165e+00 +5.3556e+00 +9.6185e+00 +8.3043e+00 -5.5037e+00
% f evaluations | g evaluations | best noise-free fitness - Fopt | noise-free fitness - Fopt (1.000000000000e+03) | measured fitness | best measured fitness | x1 | x2...
1 0 +1.078198516e+02 +1.078198516e+02 +1.107819852e+03 +1.107819852e+03 +0.0000e+00 +0.0000e+00 +0.0000e+00 +0.0000e+00 +0.0000e+00
5 0 +8.484761084e+01 +8.484761084e+01 +1.084847611e+03 +1.084847611e+03 +8.2595e-01 +2.8616e-01 +4.6712e-01 +7.3595e-01 -1.7674e+00
13 0 +7.667579117e+01 +7.667579117e+01 +1.076675791e+03 +1.076675791e+03 +8.7667e-01 +3.2582e-01 +1.2001e+00 -9.3729e-01 -3.2917e+00
24 0 +7.511732254e+01 +7.511732254e+01 +1.075117323e+03 +1.075117323e+03 +1.8429e-01 +1.0360e+00 -1.2492e-01 -4.3695e-01 -3.3897e+00
25 0 +7.401580755e+01 +7.401580755e+01 +1.074015808e+03 +1.074015808e+03 +1.2040e+00 +6.6184e-01 +2.5536e-01 +1.5030e+00 -2.4571e+00
26 0 +4.834128257e+01 +4.834128257e+01 +1.048341283e+03 +1.048341283e+03 +6.8804e-01 +6.1268e-01 +2.7901e-01 +1.4573e+00 -5.1950e+00
33 0 +3.866741689e+01 +3.866741689e+01 +1.038667417e+03 +1.038667417e+03 +6.9441e-01 +1.5902e-01 +5.0616e-01 +4.1940e+00 -4.4379e+00
45 0 +3.634916491e+01 +3.634916491e+01 +1.036349165e+03 +1.036349165e+03 +6.8912e-01 +1.1957e+00 +1.0571e+00 +2.9681e+00 -6.3980e+00
47 0 +3.132300750e+01 +3.132300750e+01 +1.031323008e+03 +1.031323008e+03 +9.7187e-01 +1.0101e+00 -7.2306e-01 +4.9719e+00 -5.8516e+00
48 0 +2.895603578e+01 +2.895603578e+01 +1.028956036e+03 +1.028956036e+03 +1.0709e-01 +4.3352e-01 +2.6222e-02 +5.8844e+00 -6.9367e+00
55 0 +2.682264850e+01 +2.682264850e+01 +1.026822648e+03 +1.026822648e+03 +2.1946e-01 +1.8133e+00 -3.9532e-02 +5.9814e+00 -8.9360e+00
66 0 +2.055127458e+01 +2.055127458e+01 +1.020551275e+03 +1.020551275e+03 -6.3203e-02 +2.2203e+00 +1.6254e+00 +8.4713e+00 -7.6809e+00
75 0 +1.148811611e+01 +1.148811611e+01 +1.011488116e+03 +1.011488116e+03 -1.0758e-01 +4.6654e+00 +3.1024e+00 +7.5992e+00 -6.0816e+00
91 0 +1.716478787e+00 +1.716478787e+00 +1.001716479e+03 +1.001716479e+03 -3.5542e+00 +4.8478e+00 +6.2260e+00 +1.0802e+01 -5.8759e+00
114 0 +1.536282133e-01 +1.536282133e-01 +1.000153628e+03 +1.000153628e+03 -4.8464e+00 +5.8553e+00 +1.4427e+01 +3.0988e+01 -3.9499e+01
125 0 +0.000000000e+00 +0.000000000e+00 +1.000000000e+03 +1.000000000e+03 -8.7391e+00 +1.2088e+01 +2.2740e+01 +4.8290e+01 -4.3063e+01
% f evaluations | g evaluations | best noise-free fitness - Fopt | noise-free fitness - Fopt (-1.830200000000e+02) | measured fitness | best measured fitness | x1 | x2...
1 0 +1.078198516e+02 +1.078198516e+02 -7.520014839e+01 -7.520014839e+01 +0.0000e+00 +0.0000e+00 +0.0000e+00 +0.0000e+00 +0.0000e+00
3 0 +1.047697541e+02 +1.047697541e+02 -7.825024590e+01 -7.825024590e+01 +1.9337e+00 +1.1868e-01 -2.3776e+00 +6.5985e-01 +2.4806e-01
4 0 +9.207940398e+01 +9.207940398e+01 -9.094059602e+01 -9.094059602e+01 +2.5750e+00 -9.9221e-03 +2.1982e+00 -2.5497e+00 -5.7610e-01
12 0 +8.595906245e+01 +8.595906245e+01 -9.706093755e+01 -9.706093755e+01 +3.9378e+00 -2.0130e-02 +8.3681e-01 -2.5119e+00 -6.4078e-01
19 0 +7.474634625e+01 +7.474634625e+01 -1.082736538e+02 -1.082736538e+02 +2.6110e+00 -3.6017e-02 +1.6759e+00 -4.4469e+00 -1.0692e+00
25 0 +7.065299137e+01 +7.065299137e+01 -1.123670086e+02 -1.123670086e+02 +9.8904e-01 -1.9088e-01 +3.0288e+00 -5.2194e+00 -1.7299e+00
33 0 +4.523913724e+01 +4.523913724e+01 -1.377808628e+02 -1.377808628e+02 -4.7041e+00 -2.7500e-01 -2.8194e+00 -5.8952e+00 -2.9763e+00
44 0 +3.683811813e+01 +3.683811813e+01 -1.461818819e+02 -1.461818819e+02 -9.7130e+00 -3.2906e+00 -1.1067e+01 -5.3544e+00 -3.0915e+00
45 0 +3.045491278e+01 +3.045491278e+01 -1.525650872e+02 -1.525650872e+02 +6.8380e+00 +3.5124e-01 +1.4958e+00 -1.0890e+01 -4.9602e+00
47 0 +7.417817944e+00 +7.417817944e+00 -1.756021821e+02 -1.756021821e+02 +5.5204e+00 -8.2865e-01 -9.9069e+00 -1.2219e+01 -6.5084e+00
70 0 +0.000000000e+00 +0.000000000e+00 -1.830200000e+02 -1.830200000e+02 +5.3074e+01 -5.1342e+00 -5.2489e+01 -6.7745e+01 -1.7632e+01
% f evaluations | g evaluations | best noise-free fitness - Fopt | noise-free fitness - Fopt (-1.026200000000e+02) | measured fitness | best measured fitness | x1 | x2...
1 0 +1.078198516e+02 +1.078198516e+02 +5.199851611e+00 +5.199851611e+00 +0.0000e+00 +0.0000e+00 +0.0000e+00 +0.0000e+00 +0.0000e+00
2 0 +1.067688754e+02 +1.067688754e+02 +4.148875444e+00 +4.148875444e+00 -6.4475e-01 +9.9116e-01 +3.2494e-01 -6.1079e-01 -2.3840e-02
3 0 +9.077871311e+01 +9.077871311e+01 -1.184128689e+01 -1.184128689e+01 -1.4673e+00 +3.0340e-01 +7.0846e-01 -2.0327e+00 +6.9232e-01
12 0 +8.219156570e+01 +8.219156570e+01 -2.042843430e+01 -2.042843430e+01 -1.4238e+00 -1.1330e+00 +5.1202e-01 -2.9102e+00 +7.4433e-01
29 0 +7.680663884e+01 +7.680663884e+01 -2.581336116e+01 -2.581336116e+01 -1.5174e+00 -5.8878e-01 +1.0067e+00 -4.2378e+00 +7.8012e-01
36 0 +6.932937926e+01 +6.932937926e+01 -3.329062074e+01 -3.329062074e+01 -2.2310e+00 -2.0972e+00 +1.0330e+00 -4.2531e+00 +1.1880e+00
42 0 +6.144940040e+01 +6.144940040e+01 -4.117059960e+01 -4.117059960e+01 -9.2568e-01 -2.0627e+00 -1.1020e+00 -5.8363e+00 +1.0175e+00
48 0 +5.631571145e+01 +5.631571145e+01 -4.630428855e+01 -4.630428855e+01 -3.7405e+00 -3.3287e+00 +7.3756e-03 -4.7743e+00 +1.5020e+00
53 0 +5.224898179e+01 +5.224898179e+01 -5.037101821e+01 -5.037101821e+01 -6.8880e+00 -3.9994e+00 -3.3838e+00 -1.1441e+01 +4.6411e-01
54 0 +5.091110992e+01 +5.091110992e+01 -5.170889008e+01 -5.170889008e+01 -1.3318e+01 -9.2070e-01 +2.7497e-02 -7.8204e+00 +2.2241e+00
56 0 +4.182879863e+01 +4.182879863e+01 -6.079120137e+01 -6.079120137e+01 -8.9983e+00 -2.4842e+00 -1.4609e+00 -3.3089e+00 +3.3346e+00
64 0 +3.697801070e+01 +3.697801070e+01 -6.564198930e+01 -6.564198930e+01 -1.1697e+01 -3.7453e+00 -6.5272e-01 -4.2680e+00 +3.3117e+00
66 0 +3.617703200e+01 +3.617703200e+01 -6.644296800e+01 -6.644296800e+01 -1.5216e+01 -4.5525e+00 -2.0144e+00 -3.3462e+00 +3.3360e+00
67 0 +3.171698815e+01 +3.171698815e+01 -7.090301185e+01 -7.090301185e+01 -1.8445e+01 -2.6405e+00 -3.4498e+00 -8.0364e+00 +2.7381e+00
72 0 +9.793357206e+00 +9.793357206e+00 -9.282664279e+01 -9.282664279e+01 -2.5209e+01 -7.0967e+00 -1.9031e+00 -1.9897e+01 +5.0833e+00
76 0 +0.000000000e+00 +0.000000000e+00 -1.026200000e+02 -1.026200000e+02 -6.4149e+00 -9.8615e+00 -6.7659e+00 -1.7105e+01 +5.2164e+00
% f evaluations | g evaluations | best noise-free fitness - Fopt | noise-free fitness - Fopt (9.953000000000e+01) | measured fitness | best measured fitness | x1 | x2...
1 0 +1.078198516e+02 +1.078198516e+02 +2.073498516e+02 +2.073498516e+02 +0.0000e+00 +0.0000e+00 +0.0000e+00 +0.0000e+00 +0.0000e+00
3 0 +9.810811801e+01 +9.810811801e+01 +1.976381180e+02 +1.976381180e+02 -9.3401e-02 -2.3480e-01 -6.1022e-02 +1.0680e-01 +8.4073e-01
12 0 +9.748275733e+01 +9.748275733e+01 +1.970127573e+02 +1.970127573e+02 -1.1844e-01 -6.5156e-02 -1.9847e-01 +4.7995e-01 +6.7762e-01
20 0 +9.497833085e+01 +9.497833085e+01 +1.945083309e+02 +1.945083309e+02 -1.7734e-01 -1.2078e+00 -1.9080e-01 -3.6585e-01 +1.1970e+00
23 0 +9.125775340e+01 +9.125775340e+01 +1.907877534e+02 +1.907877534e+02 -1.2143e-01 -1.9521e+00 -4.5589e-01 +1.7081e-01 +1.0567e+00
25 0 +8.065025548e+01 +8.065025548e+01 +1.801802555e+02 +1.801802555e+02 -3.0834e-01 -2.4672e+00 -2.8007e-01 +1.2477e-01 +2.0887e+00
49 0 +7.904529518e+01 +7.904529518e+01 +1.785752952e+02 +1.785752952e+02 -2.8020e-01 -2.4240e+00 -3.1959e-01 +1.3670e-01 +2.2404e+00
54 0 +7.481798086e+01 +7.481798086e+01 +1.743479809e+02 +1.743479809e+02 -3.3890e-01 -3.1102e+00 -2.4166e-01 +3.7847e-01 +2.4240e+00
59 0 +7.098558973e+01 +7.098558973e+01 +1.705155897e+02 +1.705155897e+02 -2.3546e-01 -2.7319e+00 -3.3220e-01 +2.2762e-01 +2.9410e+00
62 0 +6.911851899e+01 +6.911851899e+01 +1.686485190e+02 +1.686485190e+02 -4.9299e-02 -2.6996e+00 -2.0808e-01 +3.9209e-01 +3.0989e+00
67 0 +6.443839842e+01 +6.443839842e+01 +1.639683984e+02 +1.639683984e+02 -2.3781e-01 -1.9859e+00 -4.1715e-01 +5.5127e-01 +3.5193e+00
82 0 +5.788390189e+01 +5.788390189e+01 +1.574139019e+02 +1.574139019e+02 +4.4267e-02 -4.9059e+00 +3.4284e-01 +7.4219e-01 +3.8167e+00
92 0 +5.508584394e+01 +5.508584394e+01 +1.546158439e+02 +1.546158439e+02 +1.8901e-01 -3.3705e+00 +3.4339e-01 +5.5129e-01 +4.4915e+00
94 0 +5.352834581e+01 +5.352834581e+01 +1.530583458e+02 +1.530583458e+02 -8.9660e-02 -3.9933e+00 -4.7649e-01 +6.3050e-01 +4.2048e+00
104 0 +4.674071341e+01 +4.674071341e+01 +1.462707134e+02 +1.462707134e+02 -3.0730e-01 -4.3190e+00 -3.7145e-01 +3.4088e-01 +5.1517e+00
112 0 +4.439590248e+01 +4.439590248e+01 +1.439259025e+02 +1.439259025e+02 -2.2155e-01 -5.7234e+00 -3.0732e-01 +5.9380e-01 +5.5498e+00
115 0 +4.324013285e+01 +4.324013285e+01 +1.427701329e+02 +1.427701329e+02 -1.1353e-01 -5.6462e+00 -3.5835e-01 +7.8984e-01 +5.3262e+00
123 0 +4.209644401e+01 +4.209644401e+01 +1.416264440e+02 +1.416264440e+02 -1.4338e-01 -6.2186e+00 -5.8603e-01 +8.5988e-01 +5.6035e+00
137 0 +4.131947710e+01 +4.131947710e+01 +1.408494771e+02 +1.408494771e+02 -1.2418e-01 -6.2043e+00 -5.2083e-01 +1.0381e+00 +6.0334e+00
142 0 +4.027465675e+01 +4.027465675e+01 +1.398046568e+02 +1.398046568e+02 -2.0293e-01 -5.1950e+00 -8.7159e-01 +1.0127e+00 +6.9230e+00
144 0 +3.961209141e+01 +3.961209141e+01 +1.391420914e+02 +1.391420914e+02 -8.5186e-02 -5.8759e+00 -8.0183e-01 +1.1907e+00 +7.2578e+00
154 0 +3.617098584e+01 +3.617098584e+01 +1.357009858e+02 +1.357009858e+02 -1.5798e-02 -6.5298e+00 -7.4143e-01 +1.8489e+00 +7.4167e+00
168 0 +3.302768084e+01 +3.302768084e+01 +1.325576808e+02 +1.325576808e+02 -2.1966e-01 -6.2007e+00 -2.0989e+00 +1.6082e+00 +5.1827e+00
176 0 +3.032249872e+01 +3.032249872e+01 +1.298524987e+02 +1.298524987e+02 -1.2954e-01 -4.2317e+00 -1.3641e+00 +2.7615e+00 +5.6762e+00
184 0 +2.514235416e+01 +2.514235416e+01 +1.246723542e+02 +1.246723542e+02 -2.9383e-01 -4.7118e+00 -1.6509e+00 +3.3403e+00 +5.4484e+00
194 0 +2.460817210e+01 +2.460817210e+01 +1.241381721e+02 +1.241381721e+02 -2.8843e-01 -5.6457e+00 -1.4447e+00 +3.4611e+00 +5.7968e+00
204 0 +2.392616862e+01 +2.392616862e+01 +1.234561686e+02 +1.234561686e+02 -3.1254e-01 -4.8962e+00 -1.8822e+00 +3.3649e+00 +5.5096e+00
205 0 +2.287677905e+01 +2.287677905e+01 +1.224067790e+02 +1.224067790e+02 -3.2573e-01 -5.4699e+00 -1.9337e+00 +3.4874e+00 +5.0523e+00
212 0 +2.111383581e+01 +2.111383581e+01 +1.206438358e+02 +1.206438358e+02 -5.0445e-01 -5.2831e+00 -1.5277e+00 +3.9974e+00 +5.6004e+00
232 0 +2.087078597e+01 +2.087078597e+01 +1.204007860e+02 +1.204007860e+02 -8.2136e-01 -5.2893e+00 -1.6542e+00 +3.9131e+00 +6.8976e+00
233 0 +1.996169547e+01 +1.996169547e+01 +1.194916955e+02 +1.194916955e+02 -5.2201e-01 -7.8124e+00 -1.8824e+00 +3.9997e+00 +6.2042e+00
235 0 +1.863440151e+01 +1.863440151e+01 +1.181644015e+02 +1.181644015e+02 -3.6060e-01 -7.1058e+00 -1.6175e+00 +4.4134e+00 +6.3961e+00
246 0 +1.710410262e+01 +1.710410262e+01 +1.166341026e+02 +1.166341026e+02 -6.5474e-01 -7.1802e+00 -1.6552e+00 +4.6121e+00 +6.1510e+00
254 0 +1.597661963e+01 +1.597661963e+01 +1.155066196e+02 +1.155066196e+02 -5.1875e-01 -7.7503e+00 -1.6418e+00 +4.8442e+00 +5.5189e+00
267 0 +1.474165659e+01 +1.474165659e+01 +1.142716566e+02 +1.142716566e+02 -6.4246e-01 -8.5333e+00 -1.7163e+00 +5.1189e+00 +7.0317e+00
275 0 +1.419768153e+01 +1.419768153e+01 +1.137276815e+02 +1.137276815e+02 -7.7050e-01 -9.0909e+00 -1.8478e+00 +5.0286e+00 +6.5466e+00
280 0 +1.297606017e+01 +1.297606017e+01 +1.125060602e+02 +1.125060602e+02 -9.0182e-01 -8.5299e+00 -2.1926e+00 +5.1938e+00 +6.6613e+00
285 0 +1.241722102e+01 +1.241722102e+01 +1.119472210e+02 +1.119472210e+02 -8.0745e-01 -9.9284e+00 -2.3994e+00 +4.9999e+00 +7.4627e+00
286 0 +1.204509176e+01 +1.204509176e+01 +1.115750918e+02 +1.115750918e+02 -7.5110e-01 -7.3414e+00 -2.5502e+00 +4.9912e+00 +5.9323e+00
304 0 +1.095206493e+01 +1.095206493e+01 +1.104820649e+02 +1.104820649e+02 -7.7111e-01 -9.1462e+00 -2.8739e+00 +5.3150e+00 +7.7096e+00
309 0 +1.068414174e+01 +1.068414174e+01 +1.102141417e+02 +1.102141417e+02 -3.3872e-01 -8.5100e+00 -3.0954e+00 +5.1243e+00 +6.8690e+00
311 0 +9.714485770e+00 +9.714485770e+00 +1.092444858e+02 +1.092444858e+02 -5.3068e-01 -7.0388e+00 -3.3413e+00 +5.2116e+00 +7.4573e+00
331 0 +9.378747518e+00 +9.378747518e+00 +1.089087475e+02 +1.089087475e+02 -3.8617e-01 -6.8200e+00 -3.4932e+00 +5.3757e+00 +7.5966e+00
332 0 +8.666521520e+00 +8.666521520e+00 +1.081965215e+02 +1.081965215e+02 -5.3394e-01 -6.3589e+00 -3.6717e+00 +5.1982e+00 +7.6278e+00
342 0 +7.200828104e+00 +7.200828104e+00 +1.067308281e+02 +1.067308281e+02 -8.1716e-01 -6.3413e+00 -4.0456e+00 +5.2758e+00 +7.1321e+00
352 0 +6.054251840e+00 +6.054251840e+00 +1.055842518e+02 +1.055842518e+02 -9.4543e-01 -7.3696e+00 -4.3676e+00 +6.8162e+00 +9.0408e+00
353 0 +5.517169212e+00 +5.517169212e+00 +1.050471692e+02 +1.050471692e+02 -2.6465e-01 -5.2553e+00 -4.7528e+00 +5.3063e+00 +7.1139e+00
358 0 +4.096584049e+00 +4.096584049e+00 +1.036265840e+02 +1.036265840e+02 -1.1321e+00 -7.2337e+00 -4.9277e+00 +5.2985e+00 +6.1640e+00
388 0 +3.725379849e+00 +3.725379849e+00 +1.032553798e+02 +1.032553798e+02 -1.2746e+00 -7.3711e+00 -1.0943e+01 +1.0832e+01 +1.2887e+01
400 0 +2.943817727e+00 +2.943817727e+00 +1.024738177e+02 +1.024738177e+02 -2.0562e+00 -3.8991e+01 -8.7183e+00 +7.2477e+00 +3.3092e+01
405 0 +0.000000000e+00 +0.000000000e+00 +9.953000000e+01 +9.953000000e+01 -5.9826e+00 -5.2475e+01 -1.2544e+01 +1.4616e+01 +8.8606e+00
% f evaluations | g evaluations | best noise-free fitness - Fopt | noise-free fitness - Fopt (1.495900000000e+02) | measured fitness | best measured fitness | x1 | x2...
1 0 +1.078198516e+02 +1.078198516e+02 +2.574098516e+02 +2.574098516e+02 +0.0000e+00 +0.0000e+00 +0.0000e+00 +0.0000e+00 +0.0000e+00
2 0 +9.146251760e+01 +9.146251760e+01 +2.410525176e+02 +2.410525176e+02 -3.0828e-01 -1.5440e+00 -1.3076e+00 +1.9475e-01 +1.5755e+00
13 0 +7.586634239e+01 +7.586634239e+01 +2.254563424e+02 +2.254563424e+02 -7.6367e-01 -2.0315e-01 -2.1908e+00 -5.9570e-01 +2.1273e+00
22 0 +6.337628877e+01 +6.337628877e+01 +2.129662888e+02 +2.129662888e+02 -3.0235e+00 +1.9318e-01 -1.0777e+00 -7.6467e-01 +3.3369e+00
32 0 +4.847636493e+01 +4.847636493e+01 +1.980663649e+02 +1.980663649e+02 -2.8696e+00 +7.3078e-01 -2.7984e+00 +6.5348e-01 +7.0377e+00
33 0 +4.117905919e+01 +4.117905919e+01 +1.907690592e+02 +1.907690592e+02 -8.0983e-01 -1.0543e+00 +6.9404e-01 -3.5389e+00 +5.5434e+00
43 0 +2.510312953e+01 +2.510312953e+01 +1.746931295e+02 +1.746931295e+02 +1.6587e+00 +7.5216e-02 -3.4412e+00 -4.1540e+00 +5.4664e+00
52 0 +2.291242635e+01 +2.291242635e+01 +1.725024264e+02 +1.725024264e+02 -1.9546e+00 -1.2386e+00 -3.4334e+00 -4.5980e+00 +4.8442e+00
55 0 +1.833026362e+01 +1.833026362e+01 +1.679202636e+02 +1.679202636e+02 -3.1740e+00 -1.5987e+00 -3.7522e+00 -4.8534e+00 +5.7886e+00
57 0 +1.796199541e+01 +1.796199541e+01 +1.675519954e+02 +1.675519954e+02 +1.3821e+00 +1.0672e+00 -3.5497e+00 -6.2053e+00 +7.2703e+00
64 0 +1.600481120e+01 +1.600481120e+01 +1.655948112e+02 +1.655948112e+02 -2.1040e+00 -7.2169e-01 -4.0722e+00 -8.0310e+00 +7.4069e+00
67 0 +1.342837469e+01 +1.342837469e+01 +1.630183747e+02 +1.630183747e+02 -3.9557e-01 +1.2660e+00 -4.3094e+00 -5.7081e+00 +9.2954e+00
77 0 +5.822825795e+00 +5.822825795e+00 +1.554128258e+02 +1.554128258e+02 -6.8616e+00 +2.0032e+00 -5.8240e+00 -7.8862e+00 +4.9506e+00
105 0 +5.408636308e+00 +5.408636308e+00 +1.549986363e+02 +1.549986363e+02 -1.0221e+01 +1.9585e+00 -1.1187e+01 -1.7905e+01 +1.0048e+01
109 0 +5.265348675e+00 +5.265348675e+00 +1.548553487e+02 +1.548553487e+02 -8.3539e-01 +4.3810e+00 -1.1580e+01 -7.6945e+00 +1.9579e+01
112 0 +4.546496919e+00 +4.546496919e+00 +1.541364969e+02 +1.541364969e+02 -3.6506e+00 +3.2021e+00 -1.8092e+01 -2.5906e+01 +1.1367e+01
126 0 +0.000000000e+00 +0.000000000e+00 +1.495900000e+02 +1.495900000e+02 -7.5367e+00 +1.0298e+01 -2.0876e+01 -2.3947e+01 +1.1249e+01
% f evaluations | g evaluations | best noise-free fitness - Fopt | noise-free fitness - Fopt (-1.000000000000e+03) | measured fitness | best measured fitness | x1 | x2...
1 0 +1.078198516e+02 +1.078198516e+02 -8.921801484e+02 -8.921801484e+02 +0.0000e+00 +0.0000e+00 +0.0000e+00 +0.0000e+00 +0.0000e+00
2 0 +1.071723842e+02 +1.071723842e+02 -8.928276158e+02 -8.928276158e+02 +2.8552e-01 -8.9097e-01 +2.9678e-01 +1.6165e-01 +6.2508e-02
4 0 +9.172091556e+01 +9.172091556e+01 -9.082790844e+02 -9.082790844e+02 -7.1922e-01 -1.5759e-01 +6.3531e-01 -8.7842e-01 +1.3607e+00
6 0 +8.994163925e+01 +8.994163925e+01 -9.100583608e+02 -9.100583608e+02 +6.5905e-01 +7.9556e-01 +1.6805e-01 -2.0863e+00 +7.4332e-01
7 0 +8.889603733e+01 +8.889603733e+01 -9.111039627e+02 -9.111039627e+02 -8.6703e-02 -6.3411e-02 +1.9362e-01 -1.9456e+00 +8.5691e-01
11 0 +7.127886604e+01 +7.127886604e+01 -9.287211340e+02 -9.287211340e+02 -1.0513e-01 +8.5194e-01 -1.5113e-01 -3.3463e+00 +1.8865e+00
12 0 +6.073327980e+01 +6.073327980e+01 -9.392667202e+02 -9.392667202e+02 -1.2336e-01 -4.1517e-02 +5.2970e-02 -4.0248e+00 +2.4671e+00
13 0 +5.885226076e+01 +5.885226076e+01 -9.411477392e+02 -9.411477392e+02 +1.1428e-01 +4.3959e-01 -7.0954e-02 -4.7278e+00 +2.2824e+00
20 0 +5.710757525e+01 +5.710757525e+01 -9.428924248e+02 -9.428924248e+02 +3.0830e-01 +5.5083e-01 -4.1525e-01 -4.4399e+00 +2.5103e+00
27 0 +5.194606025e+01 +5.194606025e+01 -9.480539397e+02 -9.480539397e+02 +4.1821e-01 +8.8665e-01 -3.7172e-01 -5.8856e+00 +2.7740e+00
33 0 +5.102594956e+01 +5.102594956e+01 -9.489740504e+02 -9.489740504e+02 -6.6987e-01 +5.8170e-01 -7.1924e-01 -6.1428e+00 +2.8107e+00
35 0 +4.878083426e+01 +4.878083426e+01 -9.512191657e+02 -9.512191657e+02 -5.8521e-02 +9.1794e-01 -5.5389e-01 -6.0760e+00 +3.0861e+00
36 0 +4.592063125e+01 +4.592063125e+01 -9.540793687e+02 -9.540793687e+02 -2.0321e-01 +2.6474e-01 -7.5247e-01 -4.3279e+00 +3.5856e+00
44 0 +4.530634536e+01 +4.530634536e+01 -9.546936546e+02 -9.546936546e+02 -4.9764e-01 +8.5614e-01 -3.6597e-02 -6.0088e+00 +3.6301e+00
45 0 +4.346856785e+01 +4.346856785e+01 -9.565314322e+02 -9.565314322e+02 +5.8690e-02 +1.4357e+00 -1.5061e-01 -5.7664e+00 +3.8252e+00
48 0 +3.545220863e+01 +3.545220863e+01 -9.645477914e+02 -9.645477914e+02 +3.4411e-01 +1.1831e+00 -6.9954e-01 -5.3124e+00 +4.3798e+00
53 0 +3.406210211e+01 +3.406210211e+01 -9.659378979e+02 -9.659378979e+02 -1.6138e-01 +8.8842e-01 -9.1406e-01 -5.6300e+00 +4.4491e+00
55 0 +3.160929945e+01 +3.160929945e+01 -9.683907005e+02 -9.683907005e+02 -1.0286e-01 +7.7620e-01 -6.7057e-01 -5.3618e+00 +4.7456e+00
60 0 +2.992028763e+01 +2.992028763e+01 -9.700797124e+02 -9.700797124e+02 +1.9751e-01 +8.1090e-01 -8.4686e-01 -4.8464e+00 +4.9212e+00
63 0 +2.848357216e+01 +2.848357216e+01 -9.715164278e+02 -9.715164278e+02 +3.6544e-01 +8.6550e-01 -7.5669e-01 -5.4768e+00 +5.2585e+00
73 0 +2.766360471e+01 +2.766360471e+01 -9.723363953e+02 -9.723363953e+02 +8.7062e-01 +9.1835e-01 -8.8596e-01 -5.3225e+00 +5.0210e+00
77 0 +2.734517299e+01 +2.734517299e+01 -9.726548270e+02 -9.726548270e+02 +2.6815e-01 +8.2951e-01 -1.1272e+00 -5.4028e+00 +5.4200e+00
87 0 +2.644948249e+01 +2.644948249e+01 -9.735505175e+02 -9.735505175e+02 +7.6359e-01 +1.0204e+00 -1.3611e+00 -5.5493e+00 +5.3575e+00
103 0 +2.594235165e+01 +2.594235165e+01 -9.740576483e+02 -9.740576483e+02 +1.1036e-01 +7.3871e-01 -1.5697e+00 -6.8088e+00 +5.6987e+00
113 0 +2.452894346e+01 +2.452894346e+01 -9.754710565e+02 -9.754710565e+02 +6.4372e-01 +8.7873e-01 -1.9267e+00 -8.3355e+00 +5.2180e+00
123 0 +1.994462000e+01 +1.994462000e+01 -9.800553800e+02 -9.800553800e+02 +2.4033e+00 +4.7394e-01 -2.5923e+00 -9.7132e+00 +7.0681e+00
133 0 +1.020252761e+01 +1.020252761e+01 -9.897974724e+02 -9.897974724e+02 +9.0921e-01 -3.1755e+00 -4.0933e+00 -1.0450e+01 +1.2595e+01
156 0 +8.695712796e+00 +8.695712796e+00 -9.913042872e+02 -9.913042872e+02 +6.0584e+00 -6.7809e-01 -4.6806e+00 -2.7828e+01 +1.1938e+01
164 0 +1.080057896e+00 +1.080057896e+00 -9.989199421e+02 -9.989199421e+02 +6.9908e+00 -4.3926e+00 -7.9621e+00 -8.3426e+00 +1.9406e+01
177 0 +3.685810320e-01 +3.685810320e-01 -9.996314190e+02 -9.996314190e+02 +1.5864e+01 -4.7927e+00 -8.0835e+00 -1.7954e+01 +9.5103e+00
179 0 +2.756154532e-01 +2.756154532e-01 -9.997243845e+02 -9.997243845e+02 +1.2365e+01 -4.8450e+00 -7.1587e+00 -2.3420e+01 +1.5126e+01
184 0 +0.000000000e+00 +0.000000000e+00 -1.000000000e+03 -1.000000000e+03 +1.2295e+01 -9.2676e+00 -1.1756e+01 -1.6176e+01 +7.9410e+00
% f evaluations | g evaluations | best noise-free fitness - Fopt | noise-free fitness - Fopt (-2.922000000000e+01) | measured fitness | best measured fitness | x1 | x2...
1 0 +1.078198516e+02 +1.078198516e+02 +7.859985161e+01 +7.859985161e+01 +0.0000e+00 +0.0000e+00 +0.0000e+00 +0.0000e+00 +0.0000e+00
2 0 +9.334325911e+01 +9.334325911e+01 +6.412325911e+01 +6.412325911e+01 -1.4081e-01 +1.4886e-01 -5.8320e-02 +4.6038e-02 +1.4157e+00
12 0 +8.198779163e+01 +8.198779163e+01 +5.276779163e+01 +5.276779163e+01 -1.2338e-01 +2.8737e-01 -6.4619e-01 +5.8832e-02 +2.3845e+00
22 0 +7.915884018e+01 +7.915884018e+01 +4.993884018e+01 +4.993884018e+01 +1.7446e-01 +2.4941e-01 -1.0933e+00 -1.5679e-02 +2.5910e+00
24 0 +5.604541350e+01 +5.604541350e+01 +2.682541350e+01 +2.682541350e+01 +3.5149e-01 +1.5218e-01 -7.6186e-01 -2.2520e-03 +5.2142e+00
48 0 +5.395380739e+01 +5.395380739e+01 +2.473380739e+01 +2.473380739e+01 +7.0031e-01 -1.5792e-02 -1.7765e+00 -1.9194e-01 +5.1972e+00
58 0 +5.316635143e+01 +5.316635143e+01 +2.394635143e+01 +2.394635143e+01 +1.0775e+00 +2.8096e-02 -2.7519e+00 -5.1947e-01 +8.2787e+00
61 0 +4.848852788e+01 +4.848852788e+01 +1.926852788e+01 +1.926852788e+01 -1.2427e-01 -1.5233e-01 -2.1555e+00 +3.7696e-01 +6.3443e+00
72 0 +4.750329092e+01 +4.750329092e+01 +1.828329092e+01 +1.828329092e+01 -5.4531e-01 -5.4743e-01 -5.7698e+00 -1.2472e+00 +9.4380e+00
75 0 +4.573452848e+01 +4.573452848e+01 +1.651452848e+01 +1.651452848e+01 -1.7996e-01 -9.2491e-01 -3.3013e+00 -3.1826e-02 +5.2981e+00
82 0 +4.381636145e+01 +4.381636145e+01 +1.459636145e+01 +1.459636145e+01 -9.1959e-01 -3.3458e+00 -3.5157e+00 -7.0835e-01 +1.0006e+01
83 0 +3.778857474e+01 +3.778857474e+01 +8.568574744e+00 +8.568574744e+00 -3.6571e+00 +2.6785e-01 -6.4389e+00 +1.8477e-01 +8.5198e+00
97 0 +3.712607189e+01 +3.712607189e+01 +7.906071892e+00 +7.906071892e+00 -5.1442e+00 +6.1472e-01 -6.1781e+00 +1.7348e-01 +1.2489e+01
99 0 +3.504128158e+01 +3.504128158e+01 +5.821281584e+00 +5.821281584e+00 -3.9402e+00 -1.9029e-01 -5.8708e+00 +4.7811e-01 +8.7884e+00
103 0 +3.464552000e+01 +3.464552000e+01 +5.425519996e+00 +5.425519996e+00 -4.7308e+00 -1.4340e-01 -5.5554e+00 +4.2272e-01 +9.3836e+00
105 0 +3.163079234e+01 +3.163079234e+01 +2.410792344e+00 +2.410792344e+00 -5.9868e+00 -5.2531e-01 -5.4860e+00 +7.9018e-01 +8.0526e+00
115 0 +3.045755124e+01 +3.045755124e+01 +1.237551242e+00 +1.237551242e+00 -2.0772e+00 -1.3885e+00 -5.4809e+00 +1.2456e+00 +1.0755e+01
126 0 +2.945742651e+01 +2.945742651e+01 +2.374265068e-01 +2.374265068e-01 -3.1604e+00 -2.1293e+00 -6.0627e+00 +9.9657e-01 +8.5249e+00
132 0 +2.815828540e+01 +2.815828540e+01 -1.061714602e+00 -1.061714602e+00 -3.9719e+00 -1.8002e+00 -5.2616e+00 +1.2099e+00 +4.9873e+00
140 0 +2.737422755e+01 +2.737422755e+01 -1.845772455e+00 -1.845772455e+00 -4.0573e+00 -2.6915e+00 -6.5202e+00 +1.0297e+00 +7.4452e+00
146 0 +2.340402875e+01 +2.340402875e+01 -5.815971249e+00 -5.815971249e+00 -4.6309e+00 -2.2711e+00 -5.0236e+00 +1.7667e+00 +5.0695e+00
161 0 +2.186743253e+01 +2.186743253e+01 -7.352567472e+00 -7.352567472e+00 -5.0731e+00 -2.8832e+00 -5.4800e+00 +1.7808e+00 +5.3076e+00
174 0 +1.982940092e+01 +1.982940092e+01 -9.390599080e+00 -9.390599080e+00 -5.5312e+00 -3.4450e+00 -6.4873e+00 +1.9655e+00 +1.1311e+01
188 0 +1.878323044e+01 +1.878323044e+01 -1.043676956e+01 -1.043676956e+01 -4.3697e+00 -3.9523e+00 -5.6008e+00 +2.1032e+00 +1.1282e+01
192 0 +1.775298485e+01 +1.775298485e+01 -1.146701515e+01 -1.146701515e+01 -4.8850e+00 -4.0576e+00 -7.8460e+00 +2.1615e+00 +1.4014e+01
204 0 +1.668337461e+01 +1.668337461e+01 -1.253662539e+01 -1.253662539e+01 -4.9654e+00 -4.4426e+00 -7.0002e+00 +2.2156e+00 +1.5728e+01
209 0 +1.635217604e+01 +1.635217604e+01 -1.286782396e+01 -1.286782396e+01 -4.4719e+00 -4.9273e+00 -6.0946e+00 +2.2090e+00 +1.3771e+01
210 0 +1.554580912e+01 +1.554580912e+01 -1.367419088e+01 -1.367419088e+01 -5.1177e+00 -4.4682e+00 -6.9381e+00 +2.4037e+00 +1.3965e+01
213 0 +1.543201341e+01 +1.543201341e+01 -1.378798659e+01 -1.378798659e+01 -5.0710e+00 -4.7111e+00 -6.7990e+00 +2.3471e+00 +1.3429e+01
217 0 +1.448650672e+01 +1.448650672e+01 -1.473349328e+01 -1.473349328e+01 -4.7286e+00 -4.5001e+00 -7.5969e+00 +2.6302e+00 +1.4416e+01
226 0 +1.415360038e+01 +1.415360038e+01 -1.506639962e+01 -1.506639962e+01 -5.0069e+00 -4.7973e+00 -6.6491e+00 +2.5472e+00 +1.4825e+01
227 0 +1.322512844e+01 +1.322512844e+01 -1.599487156e+01 -1.599487156e+01 -5.4990e+00 -5.3438e+00 -6.2636e+00 +2.6482e+00 +1.5207e+01
232 0 +1.283273160e+01 +1.283273160e+01 -1.638726840e+01 -1.638726840e+01 -4.3816e+00 -5.4061e+00 -6.7557e+00 +2.8279e+00 +1.4920e+01
246 0 +1.138947517e+01 +1.138947517e+01 -1.783052483e+01 -1.783052483e+01 -5.1105e+00 -5.1411e+00 -5.5524e+00 +2.9746e+00 +1.6137e+01
252 0 +1.105745655e+01 +1.105745655e+01 -1.816254345e+01 -1.816254345e+01 -4.4106e+00 -5.3998e+00 -5.8639e+00 +3.1385e+00 +1.7759e+01
260 0 +1.004426550e+01 +1.004426550e+01 -1.917573450e+01 -1.917573450e+01 -5.1006e+00 -5.2534e+00 -6.2073e+00 +3.2138e+00 +1.5808e+01
262 0 +9.255075287e+00 +9.255075287e+00 -1.996492471e+01 -1.996492471e+01 -4.9524e+00 -5.4223e+00 -5.7446e+00 +3.3626e+00 +1.7417e+01
286 0 +8.058793756e+00 +8.058793756e+00 -2.116120624e+01 -2.116120624e+01 -5.5293e+00 -6.1882e+00 -6.3945e+00 +3.5669e+00 +1.6592e+01
302 0 +7.770197083e+00 +7.770197083e+00 -2.144980292e+01 -2.144980292e+01 -5.4754e+00 -5.7406e+00 -6.4135e+00 +3.6182e+00 +1.7033e+01
314 0 +7.673246831e+00 +7.673246831e+00 -2.154675317e+01 -2.154675317e+01 -5.4958e+00 -5.2021e+00 -6.3265e+00 +3.6355e+00 +1.7226e+01
315 0 +7.331438228e+00 +7.331438228e+00 -2.188856177e+01 -2.188856177e+01 -5.2928e+00 -5.5465e+00 -6.0521e+00 +3.6963e+00 +1.5962e+01
327 0 +6.883064481e+00 +6.883064481e+00 -2.233693552e+01 -2.233693552e+01 -5.2789e+00 -5.5228e+00 -6.0652e+00 +3.7760e+00 +1.5758e+01
332 0 +6.310072340e+00 +6.310072340e+00 -2.290992766e+01 -2.290992766e+01 -5.2547e+00 -5.4943e+00 -6.1952e+00 +3.8779e+00 +1.5284e+01
335 0 +5.943250224e+00 +5.943250224e+00 -2.327674978e+01 -2.327674978e+01 -5.0930e+00 -5.8875e+00 -6.0952e+00 +3.9431e+00 +1.5806e+01
342 0 +5.490911333e+00 +5.490911333e+00 -2.372908867e+01 -2.372908867e+01 -5.3878e+00 -5.7981e+00 -6.4394e+00 +4.0236e+00 +1.4980e+01
352 0 +4.957198308e+00 +4.957198308e+00 -2.426280169e+01 -2.426280169e+01 -5.5084e+00 -5.9821e+00 -5.9485e+00 +4.1185e+00 +1.5328e+01
366 0 +4.787473035e+00 +4.787473035e+00 -2.443252696e+01 -2.443252696e+01 -5.5893e+00 -5.8946e+00 -5.8293e+00 +4.1487e+00 +1.5528e+01
367 0 +4.550120023e+00 +4.550120023e+00 -2.466987998e+01 -2.466987998e+01 -5.3381e+00 -5.8203e+00 -5.9257e+00 +4.1909e+00 +1.5208e+01
377 0 +4.370922355e+00 +4.370922355e+00 -2.484907765e+01 -2.484907765e+01 -5.3578e+00 -5.9361e+00 -5.6771e+00 +4.2227e+00 +1.5362e+01
381 0 +4.308840941e+00 +4.308840941e+00 -2.491115906e+01 -2.491115906e+01 -5.3364e+00 -5.7685e+00 -5.7733e+00 +4.2338e+00 +1.5110e+01
382 0 +4.217556578e+00 +4.217556578e+00 -2.500244342e+01 -2.500244342e+01 -5.3101e+00 -5.8900e+00 -5.8419e+00 +4.2500e+00 +1.5455e+01
383 0 +3.947886711e+00 +3.947886711e+00 -2.527211329e+01 -2.527211329e+01 -5.2063e+00 -5.6762e+00 -5.6930e+00 +4.2980e+00 +1.5143e+01
389 0 +3.802375655e+00 +3.802375655e+00 -2.541762434e+01 -2.541762434e+01 -5.4031e+00 -5.5483e+00 -5.9090e+00 +4.3238e+00 +1.5668e+01
393 0 +2.714330681e+00 +2.714330681e+00 -2.650566932e+01 -2.650566932e+01 -5.5226e+00 -5.9168e+00 -5.3582e+00 +4.5173e+00 +1.4259e+01
402 0 +2.095576134e+00 +2.095576134e+00 -2.712442387e+01 -2.712442387e+01 -5.4177e+00 -5.3362e+00 -5.1315e+00 +4.6273e+00 +1.4381e+01
406 0 +1.581512405e+00 +1.581512405e+00 -2.763848759e+01 -2.763848759e+01 -4.8994e+00 -5.3076e+00 -5.8480e+00 +4.7366e+00 +1.6036e+01
410 0 +8.064614381e-01 +8.064614381e-01 -2.841353856e+01 -2.841353856e+01 -5.2577e+00 -5.9942e+00 -5.5357e+00 +4.8566e+00 +1.6336e+01
414 0 +7.905154470e-01 +7.905154470e-01 -2.842948455e+01 -2.842948455e+01 -5.4114e+00 -6.4958e+00 -6.9245e+00 +4.8594e+00 +1.5205e+01
415 0 +7.708867809e-01 +7.708867809e-01 -2.844911322e+01 -2.844911322e+01 -6.2562e+00 -6.5914e+00 -4.7562e+00 +5.3248e+00 +1.9237e+01
416 0 +5.632168868e-01 +5.632168868e-01 -2.865678311e+01 -2.865678311e+01 -4.8041e+00 -6.9308e+00 -7.3554e+00 +4.9347e+00 +1.7427e+01
418 0 +1.370746321e-01 +1.370746321e-01 -2.908292537e+01 -2.908292537e+01 -5.8016e+00 -6.4427e+00 -6.3735e+00 +4.9756e+00 +1.3532e+01
420 0 +0.000000000e+00 +0.000000000e+00 -2.922000000e+01 -2.922000000e+01 -5.9035e+00 -6.9600e+00 -6.3766e+00 +5.0121e+00 +1.4818e+01
% f evaluations | g evaluations | best noise-free fitness - Fopt | noise-free fitness - Fopt (-4.096000000000e+01) | measured fitness | best measured fitness | x1 | x2...
1 0 +1.078198516e+02 +1.078198516e+02 +6.685985161e+01 +6.685985161e+01 +0.0000e+00 +0.0000e+00 +0.0000e+00 +0.0000e+00 +0.0000e+00
2 0 +9.785826164e+01 +9.785826164e+01 +5.689826164e+01 +5.689826164e+01 +2.3875e-01 +3.4276e-02 +2.8311e-01 +1.0459e-01 -8.1785e-01
3 0 +9.517307273e+01 +9.517307273e+01 +5.421307273e+01 +5.421307273e+01 +3.3817e-01 +7.7768e-02 +1.4548e-01 +5.8870e-01 -8.3998e-01
11 0 +9.081695817e+01 +9.081695817e+01 +4.985695817e+01 +4.985695817e+01 +1.0260e-01 +4.9304e-02 +5.1205e-01 +2.6096e-01 -1.3726e+00
15 0 +6.817073682e+01 +6.817073682e+01 +2.721073682e+01 +2.721073682e+01 -3.8908e-02 -6.0707e-02 +1.1139e+00 -5.3832e-01 -3.9301e+00
18 0 +5.068074780e+01 +5.068074780e+01 +9.720747798e+00 +9.720747798e+00 +5.4547e-01 -1.5229e-02 +1.9683e-01 +1.0667e+00 -5.0059e+00
23 0 +4.767768640e+01 +4.767768640e+01 +6.717686396e+00 +6.717686396e+00 +1.6071e+00 -8.0434e-02 +1.7483e+00 +5.6008e-01 -5.5426e+00
27 0 +4.130823830e+01 +4.130823830e+01 +3.482382956e-01 +3.482382956e-01 -2.2574e-01 -1.1097e-02 +4.2165e+00 +6.0876e-01 -5.3251e+00
32 0 +4.058140325e+01 +4.058140325e+01 -3.785967460e-01 -3.785967460e-01 -2.6673e-01 +1.3005e-02 +7.0544e+00 +2.9709e-01 -9.0120e+00
33 0 +3.778529413e+01 +3.778529413e+01 -3.174705875e+00 -3.174705875e+00 -9.8040e-01 -1.6569e-01 +7.5618e+00 +9.7774e-01 -5.3449e+00
40 0 +3.403920559e+01 +3.403920559e+01 -6.920794407e+00 -6.920794407e+00 -4.6465e-01 -4.0867e-02 +5.0929e+00 +1.5127e+00 -7.8479e+00
43 0 +3.310442815e+01 +3.310442815e+01 -7.855571845e+00 -7.855571845e+00 -5.3142e-01 -8.2705e-02 +5.6278e+00 +1.7040e+00 -5.0926e+00
57 0 +2.570539709e+01 +2.570539709e+01 -1.525460291e+01 -1.525460291e+01 -7.1511e-01 +1.7381e-01 +7.0812e+00 +2.9713e+00 -8.1457e+00
64 0 +1.958161278e+01 +1.958161278e+01 -2.137838722e+01 -2.137838722e+01 -1.8875e+00 +5.4132e-01 +6.7515e+00 +4.1526e+00 -1.6032e+01
73 0 +1.595224341e+01 +1.595224341e+01 -2.500775659e+01 -2.500775659e+01 +2.9670e-01 +3.5127e-01 +1.1483e+01 +4.4697e+00 -1.5768e+01
78 0 +1.383086462e+01 +1.383086462e+01 -2.712913538e+01 -2.712913538e+01 -1.5556e-01 +1.2152e-01 +7.8960e+00 +5.0365e+00 -1.1423e+01
86 0 +1.249900073e+01 +1.249900073e+01 -2.846099927e+01 -2.846099927e+01 +9.6033e-01 +2.4297e-01 +1.6755e+01 +5.2236e+00 -1.3065e+01
114 0 +8.829667997e+00 +8.829667997e+00 -3.213033200e+01 -3.213033200e+01 +5.2517e+00 +3.4713e-02 +1.2659e+01 +8.1647e+00 -1.3637e+01
134 0 +6.250640407e+00 +6.250640407e+00 -3.470935959e+01 -3.470935959e+01 +1.0107e+01 +1.4850e+00 +3.9357e+01 +2.4792e+01 -3.7858e+01
144 0 +4.228566774e+00 +4.228566774e+00 -3.673143323e+01 -3.673143323e+01 +6.3076e+01 +2.6221e+00 +1.1794e+02 +1.1642e+01 -1.5867e+02
148 0 +0.000000000e+00 +0.000000000e+00 -4.096000000e+01 -4.096000000e+01 +2.4048e+01 +5.7015e+00 +3.8695e+01 +2.8593e+01 -1.4439e+02
