% f evaluations | g evaluations | best noise-free fitness - Fopt | noise-free fitness - Fopt (-9.210000000000e+00) | measured fitness | best measured fitness | x1 | x2...
1 0 +7.899082053e+02 +7.899082053e+02 +7.806982053e+02 +7.806982053e+02
2 0 +7.829162691e+02 +7.829162691e+02 +7.737062691e+02 +7.737062691e+02
5 0 +7.677050254e+02 +7.677050254e+02 +7.584950254e+02 +7.584950254e+02
13 0 +7.504055723e+02 +7.504055723e+02 +7.411955723e+02 +7.411955723e+02
15 0 +7.321590434e+02 +7.321590434e+02 +7.229490434e+02 +7.229490434e+02
26 0 +6.828683259e+02 +6.828683259e+02 +6.736583259e+02 +6.736583259e+02
36 0 +6.633905862e+02 +6.633905862e+02 +6.541805862e+02 +6.541805862e+02
44 0 +6.492741183e+02 +6.492741183e+02 +6.400641183e+02 +6.400641183e+02
47 0 +6.440422076e+02 +6.440422076e+02 +6.348322076e+02 +6.348322076e+02
59 0 +6.211319797e+02 +6.211319797e+02 +6.119219797e+02 +6.119219797e+02
64 0 +6.164042831e+02 +6.164042831e+02 +6.071942831e+02 +6.071942831e+02
83 0 +6.017220695e+02 +6.017220695e+02 +5.925120695e+02 +5.925120695e+02
90 0 +5.858343003e+02 +5.858343003e+02 +5.766243003e+02 +5.766243003e+02
97 0 +5.705531091e+02 +5.705531091e+02 +5.613431091e+02 +5.613431091e+02
108 0 +5.502527458e+02 +5.502527458e+02 +5.410427458e+02 +5.410427458e+02
113 0 +5.470547785e+02 +5.470547785e+02 +5.378447785e+02 +5.378447785e+02
123 0 +5.277979776e+02 +5.277979776e+02 +5.185879776e+02 +5.185879776e+02
136 0 +4.912725865e+02 +4.912725865e+02 +4.820625865e+02 +4.820625865e+02
142 0 +4.893947664e+02 +4.893947664e+02 +4.801847664e+02 +4.801847664e+02
154 0 +4.595366996e+02 +4.595366996e+02 +4.503266996e+02 +4.503266996e+02
162 0 +4.219215947e+02 +4.219215947e+02 +4.127115947e+02 +4.127115947e+02
172 0 +4.054478138e+02 +4.054478138e+02 +3.962378138e+02 +3.962378138e+02
205 0 +3.808442796e+02 +3.808442796e+02 +3.716342796e+02 +3.716342796e+02
214 0 +3.788908949e+02 +3.788908949e+02 +3.696808949e+02 +3.696808949e+02
224 0 +3.641909893e+02 +3.641909893e+02 +3.549809893e+02 +3.549809893e+02
243 0 +3.545069513e+02 +3.545069513e+02 +3.452969513e+02 +3.452969513e+02
253 0 +3.399413112e+02 +3.399413112e+02 +3.307313112e+02 +3.307313112e+02
274 0 +3.383347868e+02 +3.383347868e+02 +3.291247868e+02 +3.291247868e+02
276 0 +3.054174876e+02 +3.054174876e+02 +2.962074876e+02 +2.962074876e+02
289 0 +2.907350772e+02 +2.907350772e+02 +2.815250772e+02 +2.815250772e+02
294 0 +2.760317265e+02 +2.760317265e+02 +2.668217265e+02 +2.668217265e+02
307 0 +2.666002400e+02 +2.666002400e+02 +2.573902400e+02 +2.573902400e+02
315 0 +2.578285504e+02 +2.578285504e+02 +2.486185504e+02 +2.486185504e+02
326 0 +2.566050455e+02 +2.566050455e+02 +2.473950455e+02 +2.473950455e+02
331 0 +2.484209282e+02 +2.484209282e+02 +2.392109282e+02 +2.392109282e+02
341 0 +2.372573248e+02 +2.372573248e+02 +2.280473248e+02 +2.280473248e+02
347 0 +2.329723086e+02 +2.329723086e+02 +2.237623086e+02 +2.237623086e+02
353 0 +2.202939472e+02 +2.202939472e+02 +2.110839472e+02 +2.110839472e+02
370 0 +2.171084632e+02 +2.171084632e+02 +2.078984632e+02 +2.078984632e+02
372 0 +2.116878709e+02 +2.116878709e+02 +2.024778709e+02 +2.024778709e+02
389 0 +2.052805532e+02 +2.052805532e+02 +1.960705532e+02 +1.960705532e+02
419 0 +1.916720961e+02 +1.916720961e+02 +1.824620961e+02 +1.824620961e+02
442 0 +1.894189390e+02 +1.894189390e+02 +1.802089390e+02 +1.802089390e+02
459 0 +1.831218029e+02 +1.831218029e+02 +1.739118029e+02 +1.739118029e+02
466 0 +1.790483123e+02 +1.790483123e+02 +1.698383123e+02 +1.698383123e+02
470 0 +1.709936093e+02 +1.709936093e+02 +1.617836093e+02 +1.617836093e+02
495 0 +1.619643694e+02 +1.619643694e+02 +1.527543694e+02 +1.527543694e+02
502 0 +1.546517715e+02 +1.546517715e+02 +1.454417715e+02 +1.454417715e+02
508 0 +1.482572859e+02 +1.482572859e+02 +1.390472859e+02 +1.390472859e+02
516 0 +1.478623047e+02 +1.478623047e+02 +1.386523047e+02 +1.386523047e+02
534 0 +1.444736618e+02 +1.444736618e+02 +1.352636618e+02 +1.352636618e+02
536 0 +1.343410616e+02 +1.343410616e+02 +1.251310616e+02 +1.251310616e+02
557 0 +1.224757167e+02 +1.224757167e+02 +1.132657167e+02 +1.132657167e+02
564 0 +1.163332665e+02 +1.163332665e+02 +1.071232665e+02 +1.071232665e+02
577 0 +1.097896767e+02 +1.097896767e+02 +1.005796767e+02 +1.005796767e+02
579 0 +1.026401673e+02 +1.026401673e+02 +9.343016730e+01 +9.343016730e+01
587 0 +1.021114084e+02 +1.021114084e+02 +9.290140840e+01 +9.290140840e+01
595 0 +9.885743483e+01 +9.885743483e+01 +8.964743483e+01 +8.964743483e+01
596 0 +9.682306462e+01 +9.682306462e+01 +8.761306462e+01 +8.761306462e+01
605 0 +9.436498134e+01 +9.436498134e+01 +8.515498134e+01 +8.515498134e+01
617 0 +9.084428176e+01 +9.084428176e+01 +8.163428176e+01 +8.163428176e+01
624 0 +8.672983478e+01 +8.672983478e+01 +7.751983478e+01 +7.751983478e+01
642 0 +8.213718525e+01 +8.213718525e+01 +7.292718525e+01 +7.292718525e+01
662 0 +8.033504994e+01 +8.033504994e+01 +7.112504994e+01 +7.112504994e+01
678 0 +7.929634224e+01 +7.929634224e+01 +7.008634224e+01 +7.008634224e+01
683 0 +7.741556522e+01 +7.741556522e+01 +6.820556522e+01 +6.820556522e+01
694 0 +7.582380784e+01 +7.582380784e+01 +6.661380784e+01 +6.661380784e+01
704 0 +7.292813462e+01 +7.292813462e+01 +6.371813462e+01 +6.371813462e+01
708 0 +7.207187953e+01 +7.207187953e+01 +6.286187953e+01 +6.286187953e+01
713 0 +7.002278788e+01 +7.002278788e+01 +6.081278788e+01 +6.081278788e+01
731 0 +6.749798567e+01 +6.749798567e+01 +5.828798567e+01 +5.828798567e+01
744 0 +6.247447934e+01 +6.247447934e+01 +5.326447934e+01 +5.326447934e+01
754 0 +6.145699519e+01 +6.145699519e+01 +5.224699519e+01 +5.224699519e+01
768 0 +5.524389157e+01 +5.524389157e+01 +4.603389157e+01 +4.603389157e+01
772 0 +5.229759231e+01 +5.229759231e+01 +4.308759231e+01 +4.308759231e+01
803 0 +4.985060516e+01 +4.985060516e+01 +4.064060516e+01 +4.064060516e+01
808 0 +4.383778794e+01 +4.383778794e+01 +3.462778794e+01 +3.462778794e+01
866 0 +4.236036086e+01 +4.236036086e+01 +3.315036086e+01 +3.315036086e+01
899 0 +3.990533076e+01 +3.990533076e+01 +3.069533076e+01 +3.069533076e+01
913 0 +3.912845682e+01 +3.912845682e+01 +2.991845682e+01 +2.991845682e+01
914 0 +3.833012503e+01 +3.833012503e+01 +2.912012503e+01 +2.912012503e+01
922 0 +3.777650044e+01 +3.777650044e+01 +2.856650044e+01 +2.856650044e+01
924 0 +3.607814580e+01 +3.607814580e+01 +2.686814580e+01 +2.686814580e+01
937 0 +3.507247633e+01 +3.507247633e+01 +2.586247633e+01 +2.586247633e+01
940 0 +3.465618173e+01 +3.465618173e+01 +2.544618173e+01 +2.544618173e+01
942 0 +3.284192208e+01 +3.284192208e+01 +2.363192208e+01 +2.363192208e+01
972 0 +3.153111404e+01 +3.153111404e+01 +2.232111404e+01 +2.232111404e+01
979 0 +3.068576950e+01 +3.068576950e+01 +2.147576950e+01 +2.147576950e+01
990 0 +3.019191652e+01 +3.019191652e+01 +2.098191652e+01 +2.098191652e+01
992 0 +2.787222204e+01 +2.787222204e+01 +1.866222204e+01 +1.866222204e+01
% f evaluations | g evaluations | best noise-free fitness - Fopt | noise-free fitness - Fopt (6.559900000000e+02) | measured fitness | best measured fitness | x1 | x2...
1 0 +7.899082053e+02 +7.899082053e+02 +1.445898205e+03 +1.445898205e+03
3 0 +7.531538776e+02 +7.531538776e+02 +1.409143878e+03 +1.409143878e+03
13 0 +7.127265985e+02 +7.127265985e+02 +1.368716599e+03 +1.368716599e+03
22 0 +6.919067283e+02 +6.919067283e+02 +1.347896728e+03 +1.347896728e+03
24 0 +6.592742812e+02 +6.592742812e+02 +1.315264281e+03 +1.315264281e+03
34 0 +6.432848437e+02 +6.432848437e+02 +1.299274844e+03 +1.299274844e+03
37 0 +6.242480072e+02 +6.242480072e+02 +1.280238007e+03 +1.280238007e+03
44 0 +6.042784304e+02 +6.042784304e+02 +1.260268430e+03 +1.260268430e+03
55 0 +5.837792602e+02 +5.837792602e+02 +1.239769260e+03 +1.239769260e+03
64 0 +5.702070217e+02 +5.702070217e+02 +1.226197022e+03 +1.226197022e+03
76 0 +5.568686845e+02 +5.568686845e+02 +1.212858685e+03 +1.212858685e+03
84 0 +5.412654047e+02 +5.412654047e+02 +1.197255405e+03 +1.197255405e+03
93 0 +5.334700280e+02 +5.334700280e+02 +1.189460028e+03 +1.189460028e+03
94 0 +5.223145526e+02 +5.223145526e+02 +1.178304553e+03 +1.178304553e+03
112 0 +4.960220505e+02 +4.960220505e+02 +1.152012051e+03 +1.152012051e+03
125 0 +4.823033942e+02 +4.823033942e+02 +1.138293394e+03 +1.138293394e+03
128 0 +4.655440943e+02 +4.655440943e+02 +1.121534094e+03 +1.121534094e+03
155 0 +4.546940058e+02 +4.546940058e+02 +1.110684006e+03 +1.110684006e+03
162 0 +4.331866887e+02 +4.331866887e+02 +1.089176689e+03 +1.089176689e+03
173 0 +4.176238966e+02 +4.176238966e+02 +1.073613897e+03 +1.073613897e+03
175 0 +4.094719225e+02 +4.094719225e+02 +1.065461923e+03 +1.065461923e+03
192 0 +3.877720080e+02 +3.877720080e+02 +1.043762008e+03 +1.043762008e+03
202 0 +3.756508664e+02 +3.756508664e+02 +1.031640866e+03 +1.031640866e+03
213 0 +3.686487845e+02 +3.686487845e+02 +1.024638784e+03 +1.024638784e+03
215 0 +3.613458853e+02 +3.613458853e+02 +1.017335885e+03 +1.017335885e+03
232 0 +3.523699535e+02 +3.523699535e+02 +1.008359953e+03 +1.008359953e+03
242 0 +3.397502788e+02 +3.397502788e+02 +9.957402788e+02 +9.957402788e+02
258 0 +3.295997008e+02 +3.295997008e+02 +9.855897008e+02 +9.855897008e+02
268 0 +3.186504105e+02 +3.186504105e+02 +9.746404105e+02 +9.746404105e+02
276 0 +3.137039326e+02 +3.137039326e+02 +9.696939326e+02 +9.696939326e+02
298 0 +2.984716195e+02 +2.984716195e+02 +9.544616195e+02 +9.544616195e+02
308 0 +2.934435888e+02 +2.934435888e+02 +9.494335888e+02 +9.494335888e+02
312 0 +2.879693648e+02 +2.879693648e+02 +9.439593648e+02 +9.439593648e+02
339 0 +2.780328041e+02 +2.780328041e+02 +9.340228041e+02 +9.340228041e+02
353 0 +2.711316171e+02 +2.711316171e+02 +9.271216171e+02 +9.271216171e+02
354 0 +2.687637702e+02 +2.687637702e+02 +9.247537702e+02 +9.247537702e+02
362 0 +2.556004497e+02 +2.556004497e+02 +9.115904497e+02 +9.115904497e+02
386 0 +2.475736493e+02 +2.475736493e+02 +9.035636493e+02 +9.035636493e+02
401 0 +2.405435172e+02 +2.405435172e+02 +8.965335172e+02 +8.965335172e+02
405 0 +2.385459320e+02 +2.385459320e+02 +8.945359320e+02 +8.945359320e+02
448 0 +2.265792074e+02 +2.265792074e+02 +8.825692074e+02 +8.825692074e+02
454 0 +2.214268004e+02 +2.214268004e+02 +8.774168004e+02 +8.774168004e+02
569 0 +1.937118318e+02 +1.937118318e+02 +8.497018318e+02 +8.497018318e+02
578 0 +1.782433898e+02 +1.782433898e+02 +8.342333898e+02 +8.342333898e+02
600 0 +1.589657943e+02 +1.589657943e+02 +8.149557943e+02 +8.149557943e+02
641 0 +1.572895001e+02 +1.572895001e+02 +8.132795001e+02 +8.132795001e+02
644 0 +1.419012275e+02 +1.419012275e+02 +7.978912275e+02 +7.978912275e+02
657 0 +1.382507175e+02 +1.382507175e+02 +7.942407175e+02 +7.942407175e+02
660 0 +1.281370469e+02 +1.281370469e+02 +7.841270469e+02 +7.841270469e+02
662 0 +1.250911863e+02 +1.250911863e+02 +7.810811863e+02 +7.810811863e+02
693 0 +1.230229218e+02 +1.230229218e+02 +7.790129218e+02 +7.790129218e+02
696 0 +1.194462465e+02 +1.194462465e+02 +7.754362465e+02 +7.754362465e+02
706 0 +1.165659436e+02 +1.165659436e+02 +7.725559436e+02 +7.725559436e+02
709 0 +1.128371905e+02 +1.128371905e+02 +7.688271905e+02 +7.688271905e+02
726 0 +1.088700765e+02 +1.088700765e+02 +7.648600765e+02 +7.648600765e+02
764 0 +1.065479034e+02 +1.065479034e+02 +7.625379034e+02 +7.625379034e+02
814 0 +1.030064699e+02 +1.030064699e+02 +7.589964699e+02 +7.589964699e+02
828 0 +1.011907578e+02 +1.011907578e+02 +7.571807578e+02 +7.571807578e+02
869 0 +9.469398568e+01 +9.469398568e+01 +7.506839857e+02 +7.506839857e+02
878 0 +9.249955621e+01 +9.249955621e+01 +7.484895562e+02 +7.484895562e+02
929 0 +7.836426666e+01 +7.836426666e+01 +7.343542667e+02 +7.343542667e+02
% f evaluations | g evaluations | best noise-free fitness - Fopt | noise-free fitness - Fopt (6.671000000000e+01) | measured fitness | best measured fitness | x1 | x2...
1 0 +7.899082053e+02 +7.899082053e+02 +8.566182053e+02 +8.566182053e+02
3 0 +7.324644173e+02 +7.324644173e+02 +7.991744173e+02 +7.991744173e+02
14 0 +6.930866033e+02 +6.930866033e+02 +7.597966033e+02 +7.597966033e+02
28 0 +6.720106402e+02 +6.720106402e+02 +7.387206402e+02 +7.387206402e+02
32 0 +6.257031402e+02 +6.257031402e+02 +6.924131402e+02 +6.924131402e+02
49 0 +6.110779456e+02 +6.110779456e+02 +6.777879456e+02 +6.777879456e+02
53 0 +5.997457331e+02 +5.997457331e+02 +6.664557331e+02 +6.664557331e+02
54 0 +5.872217918e+02 +5.872217918e+02 +6.539317918e+02 +6.539317918e+02
70 0 +5.599795079e+02 +5.599795079e+02 +6.266895079e+02 +6.266895079e+02
71 0 +5.184266434e+02 +5.184266434e+02 +5.851366434e+02 +5.851366434e+02
73 0 +5.114747059e+02 +5.114747059e+02 +5.781847059e+02 +5.781847059e+02
78 0 +4.776164007e+02 +4.776164007e+02 +5.443264007e+02 +5.443264007e+02
87 0 +4.597998450e+02 +4.597998450e+02 +5.265098450e+02 +5.265098450e+02
88 0 +4.548385283e+02 +4.548385283e+02 +5.215485283e+02 +5.215485283e+02
94 0 +4.140747514e+02 +4.140747514e+02 +4.807847514e+02 +4.807847514e+02
108 0 +4.072380759e+02 +4.072380759e+02 +4.739480759e+02 +4.739480759e+02
112 0 +3.915151041e+02 +3.915151041e+02 +4.582251041e+02 +4.582251041e+02
119 0 +3.790410093e+02 +3.790410093e+02 +4.457510093e+02 +4.457510093e+02
122 0 +3.621561285e+02 +3.621561285e+02 +4.288661285e+02 +4.288661285e+02
135 0 +3.528728815e+02 +3.528728815e+02 +4.195828815e+02 +4.195828815e+02
142 0 +3.428447047e+02 +3.428447047e+02 +4.095547047e+02 +4.095547047e+02
148 0 +3.366845183e+02 +3.366845183e+02 +4.033945183e+02 +4.033945183e+02
152 0 +3.261587298e+02 +3.261587298e+02 +3.928687298e+02 +3.928687298e+02
162 0 +3.187761687e+02 +3.187761687e+02 +3.854861687e+02 +3.854861687e+02
163 0 +2.893846434e+02 +2.893846434e+02 +3.560946434e+02 +3.560946434e+02
171 0 +2.740744622e+02 +2.740744622e+02 +3.407844622e+02 +3.407844622e+02
211 0 +2.594089540e+02 +2.594089540e+02 +3.261189540e+02 +3.261189540e+02
217 0 +2.565998517e+02 +2.565998517e+02 +3.233098517e+02 +3.233098517e+02
235 0 +2.407532961e+02 +2.407532961e+02 +3.074632961e+02 +3.074632961e+02
239 0 +2.243350754e+02 +2.243350754e+02 +2.910450754e+02 +2.910450754e+02
243 0 +2.169831588e+02 +2.169831588e+02 +2.836931588e+02 +2.836931588e+02
252 0 +1.985864051e+02 +1.985864051e+02 +2.652964051e+02 +2.652964051e+02
274 0 +1.942144444e+02 +1.942144444e+02 +2.609244444e+02 +2.609244444e+02
286 0 +1.868266339e+02 +1.868266339e+02 +2.535366339e+02 +2.535366339e+02
292 0 +1.780482059e+02 +1.780482059e+02 +2.447582059e+02 +2.447582059e+02
313 0 +1.746774718e+02 +1.746774718e+02 +2.413874718e+02 +2.413874718e+02
337 0 +1.684448130e+02 +1.684448130e+02 +2.351548130e+02 +2.351548130e+02
378 0 +1.614592246e+02 +1.614592246e+02 +2.281692246e+02 +2.281692246e+02
382 0 +1.552413928e+02 +1.552413928e+02 +2.219513928e+02 +2.219513928e+02
385 0 +1.494979905e+02 +1.494979905e+02 +2.162079905e+02 +2.162079905e+02
394 0 +1.424370624e+02 +1.424370624e+02 +2.091470624e+02 +2.091470624e+02
402 0 +1.299506619e+02 +1.299506619e+02 +1.966606619e+02 +1.966606619e+02
434 0 +1.243016720e+02 +1.243016720e+02 +1.910116720e+02 +1.910116720e+02
444 0 +1.211960854e+02 +1.211960854e+02 +1.879060854e+02 +1.879060854e+02
453 0 +1.200560291e+02 +1.200560291e+02 +1.867660291e+02 +1.867660291e+02
462 0 +1.170683657e+02 +1.170683657e+02 +1.837783657e+02 +1.837783657e+02
472 0 +1.146187994e+02 +1.146187994e+02 +1.813287994e+02 +1.813287994e+02
493 0 +1.120015358e+02 +1.120015358e+02 +1.787115358e+02 +1.787115358e+02
502 0 +1.071028326e+02 +1.071028326e+02 +1.738128326e+02 +1.738128326e+02
527 0 +1.021422482e+02 +1.021422482e+02 +1.688522482e+02 +1.688522482e+02
542 0 +9.974716150e+01 +9.974716150e+01 +1.664571615e+02 +1.664571615e+02
553 0 +9.476296866e+01 +9.476296866e+01 +1.614729687e+02 +1.614729687e+02
564 0 +9.314028250e+01 +9.314028250e+01 +1.598502825e+02 +1.598502825e+02
574 0 +9.077734865e+01 +9.077734865e+01 +1.574873486e+02 +1.574873486e+02
592 0 +8.653803306e+01 +8.653803306e+01 +1.532480331e+02 +1.532480331e+02
613 0 +8.507546844e+01 +8.507546844e+01 +1.517854684e+02 +1.517854684e+02
652 0 +8.306881605e+01 +8.306881605e+01 +1.497788160e+02 +1.497788160e+02
706 0 +8.122076522e+01 +8.122076522e+01 +1.479307652e+02 +1.479307652e+02
727 0 +7.936293497e+01 +7.936293497e+01 +1.460729350e+02 +1.460729350e+02
754 0 +7.743515248e+01 +7.743515248e+01 +1.441451525e+02 +1.441451525e+02
796 0 +7.564709021e+01 +7.564709021e+01 +1.423570902e+02 +1.423570902e+02
824 0 +7.388053596e+01 +7.388053596e+01 +1.405905360e+02 +1.405905360e+02
836 0 +7.208837195e+01 +7.208837195e+01 +1.387983719e+02 +1.387983719e+02
883 0 +7.061252677e+01 +7.061252677e+01 +1.373225268e+02 +1.373225268e+02
911 0 +6.916640211e+01 +6.916640211e+01 +1.358764021e+02 +1.358764021e+02
933 0 +6.693508448e+01 +6.693508448e+01 +1.336450845e+02 +1.336450845e+02
944 0 +6.578033563e+01 +6.578033563e+01 +1.324903356e+02 +1.324903356e+02
963 0 +6.439203763e+01 +6.439203763e+01 +1.311020376e+02 +1.311020376e+02
975 0 +6.245680202e+01 +6.245680202e+01 +1.291668020e+02 +1.291668020e+02
983 0 +5.963463076e+01 +5.963463076e+01 +1.263446308e+02 +1.263446308e+02
992 0 +5.811490633e+01 +5.811490633e+01 +1.248249063e+02 +1.248249063e+02
% f evaluations | g evaluations | best noise-free fitness - Fopt | noise-free fitness - Fopt (9.416700000000e+02) | measured fitness | best measured fitness | x1 | x2...
1 0 +7.899082053e+02 +7.899082053e+02 +1.731578205e+03 +1.731578205e+03
3 0 +7.510628549e+02 +7.510628549e+02 +1.692732855e+03 +1.692732855e+03
12 0 +7.011783615e+02 +7.011783615e+02 +1.642848362e+03 +1.642848362e+03
22 0 +6.366779117e+02 +6.366779117e+02 +1.578347912e+03 +1.578347912e+03
27 0 +6.142682349e+02 +6.142682349e+02 +1.555938235e+03 +1.555938235e+03
32 0 +6.008761872e+02 +6.008761872e+02 +1.542546187e+03 +1.542546187e+03
33 0 +5.839020667e+02 +5.839020667e+02 +1.525572067e+03 +1.525572067e+03
42 0 +5.621613617e+02 +5.621613617e+02 +1.503831362e+03 +1.503831362e+03
54 0 +5.480381742e+02 +5.480381742e+02 +1.489708174e+03 +1.489708174e+03
57 0 +5.327226791e+02 +5.327226791e+02 +1.474392679e+03 +1.474392679e+03
58 0 +5.207482529e+02 +5.207482529e+02 +1.462418253e+03 +1.462418253e+03
64 0 +4.971808567e+02 +4.971808567e+02 +1.438850857e+03 +1.438850857e+03
82 0 +4.548724194e+02 +4.548724194e+02 +1.396542419e+03 +1.396542419e+03
96 0 +4.225317812e+02 +4.225317812e+02 +1.364201781e+03 +1.364201781e+03
106 0 +3.852338006e+02 +3.852338006e+02 +1.326903801e+03 +1.326903801e+03
115 0 +3.367227941e+02 +3.367227941e+02 +1.278392794e+03 +1.278392794e+03
128 0 +3.098227768e+02 +3.098227768e+02 +1.251492777e+03 +1.251492777e+03
178 0 +2.990967860e+02 +2.990967860e+02 +1.240766786e+03 +1.240766786e+03
182 0 +2.796486869e+02 +2.796486869e+02 +1.221318687e+03 +1.221318687e+03
185 0 +2.695667872e+02 +2.695667872e+02 +1.211236787e+03 +1.211236787e+03
197 0 +2.687285518e+02 +2.687285518e+02 +1.210398552e+03 +1.210398552e+03
204 0 +2.453203660e+02 +2.453203660e+02 +1.186990366e+03 +1.186990366e+03
317 0 +2.190335323e+02 +2.190335323e+02 +1.160703532e+03 +1.160703532e+03
334 0 +2.183285194e+02 +2.183285194e+02 +1.159998519e+03 +1.159998519e+03
336 0 +2.111073654e+02 +2.111073654e+02 +1.152777365e+03 +1.152777365e+03
342 0 +1.988893474e+02 +1.988893474e+02 +1.140559347e+03 +1.140559347e+03
353 0 +1.822623307e+02 +1.822623307e+02 +1.123932331e+03 +1.123932331e+03
356 0 +1.799654006e+02 +1.799654006e+02 +1.121635401e+03 +1.121635401e+03
360 0 +1.688878613e+02 +1.688878613e+02 +1.110557861e+03 +1.110557861e+03
363 0 +1.616574943e+02 +1.616574943e+02 +1.103327494e+03 +1.103327494e+03
392 0 +1.577629880e+02 +1.577629880e+02 +1.099432988e+03 +1.099432988e+03
403 0 +1.169679127e+02 +1.169679127e+02 +1.058637913e+03 +1.058637913e+03
430 0 +1.142527602e+02 +1.142527602e+02 +1.055922760e+03 +1.055922760e+03
456 0 +8.974292697e+01 +8.974292697e+01 +1.031412927e+03 +1.031412927e+03
468 0 +8.636533333e+01 +8.636533333e+01 +1.028035333e+03 +1.028035333e+03
481 0 +8.180160152e+01 +8.180160152e+01 +1.023471602e+03 +1.023471602e+03
498 0 +8.041776800e+01 +8.041776800e+01 +1.022087768e+03 +1.022087768e+03
502 0 +7.810568730e+01 +7.810568730e+01 +1.019775687e+03 +1.019775687e+03
513 0 +7.526438507e+01 +7.526438507e+01 +1.016934385e+03 +1.016934385e+03
525 0 +7.129972553e+01 +7.129972553e+01 +1.012969726e+03 +1.012969726e+03
555 0 +7.020278060e+01 +7.020278060e+01 +1.011872781e+03 +1.011872781e+03
575 0 +6.846011781e+01 +6.846011781e+01 +1.010130118e+03 +1.010130118e+03
635 0 +6.706324983e+01 +6.706324983e+01 +1.008733250e+03 +1.008733250e+03
686 0 +6.516434846e+01 +6.516434846e+01 +1.006834348e+03 +1.006834348e+03
714 0 +6.406922474e+01 +6.406922474e+01 +1.005739225e+03 +1.005739225e+03
722 0 +6.292904719e+01 +6.292904719e+01 +1.004599047e+03 +1.004599047e+03
% f evaluations | g evaluations | best noise-free fitness - Fopt | noise-free fitness - Fopt (-3.745000000000e+01) | measured fitness | best measured fitness | x1 | x2...
1 0 +7.899082053e+02 +7.899082053e+02 +7.524582053e+02 +7.524582053e+02
2 0 +7.730346014e+02 +7.730346014e+02 +7.355846014e+02 +7.355846014e+02
8 0 +7.584007602e+02 +7.584007602e+02 +7.209507602e+02 +7.209507602e+02
9 0 +7.338970051e+02 +7.338970051e+02 +6.964470051e+02 +6.964470051e+02
15 0 +7.110413011e+02 +7.110413011e+02 +6.735913011e+02 +6.735913011e+02
16 0 +7.062210903e+02 +7.062210903e+02 +6.687710903e+02 +6.687710903e+02
27 0 +6.649325808e+02 +6.649325808e+02 +6.274825808e+02 +6.274825808e+02
32 0 +6.600156490e+02 +6.600156490e+02 +6.225656490e+02 +6.225656490e+02
42 0 +6.323818808e+02 +6.323818808e+02 +5.949318808e+02 +5.949318808e+02
50 0 +6.262120731e+02 +6.262120731e+02 +5.887620731e+02 +5.887620731e+02
53 0 +5.984642675e+02 +5.984642675e+02 +5.610142675e+02 +5.610142675e+02
63 0 +5.864351248e+02 +5.864351248e+02 +5.489851248e+02 +5.489851248e+02
72 0 +5.730037199e+02 +5.730037199e+02 +5.355537199e+02 +5.355537199e+02
82 0 +5.487124730e+02 +5.487124730e+02 +5.112624730e+02 +5.112624730e+02
99 0 +5.291153893e+02 +5.291153893e+02 +4.916653893e+02 +4.916653893e+02
103 0 +5.151704407e+02 +5.151704407e+02 +4.777204407e+02 +4.777204407e+02
107 0 +5.112089422e+02 +5.112089422e+02 +4.737589422e+02 +4.737589422e+02
115 0 +4.878234234e+02 +4.878234234e+02 +4.503734234e+02 +4.503734234e+02
125 0 +4.699859028e+02 +4.699859028e+02 +4.325359028e+02 +4.325359028e+02
130 0 +4.504650348e+02 +4.504650348e+02 +4.130150348e+02 +4.130150348e+02
137 0 +4.447227774e+02 +4.447227774e+02 +4.072727774e+02 +4.072727774e+02
143 0 +4.275031067e+02 +4.275031067e+02 +3.900531067e+02 +3.900531067e+02
150 0 +4.057225586e+02 +4.057225586e+02 +3.682725586e+02 +3.682725586e+02
170 0 +3.839593887e+02 +3.839593887e+02 +3.465093887e+02 +3.465093887e+02
172 0 +3.750352981e+02 +3.750352981e+02 +3.375852981e+02 +3.375852981e+02
185 0 +3.626004363e+02 +3.626004363e+02 +3.251504363e+02 +3.251504363e+02
193 0 +3.379288745e+02 +3.379288745e+02 +3.004788745e+02 +3.004788745e+02
211 0 +3.275233969e+02 +3.275233969e+02 +2.900733969e+02 +2.900733969e+02
227 0 +3.051208073e+02 +3.051208073e+02 +2.676708073e+02 +2.676708073e+02
252 0 +2.871170235e+02 +2.871170235e+02 +2.496670235e+02 +2.496670235e+02
270 0 +2.751456381e+02 +2.751456381e+02 +2.376956381e+02 +2.376956381e+02
286 0 +2.574294116e+02 +2.574294116e+02 +2.199794116e+02 +2.199794116e+02
293 0 +2.538778067e+02 +2.538778067e+02 +2.164278067e+02 +2.164278067e+02
295 0 +2.482590629e+02 +2.482590629e+02 +2.108090629e+02 +2.108090629e+02
296 0 +2.448676237e+02 +2.448676237e+02 +2.074176237e+02 +2.074176237e+02
326 0 +2.394692434e+02 +2.394692434e+02 +2.020192434e+02 +2.020192434e+02
338 0 +2.334480104e+02 +2.334480104e+02 +1.959980104e+02 +1.959980104e+02
348 0 +2.285924215e+02 +2.285924215e+02 +1.911424215e+02 +1.911424215e+02
375 0 +2.234632276e+02 +2.234632276e+02 +1.860132276e+02 +1.860132276e+02
392 0 +2.187757328e+02 +2.187757328e+02 +1.813257328e+02 +1.813257328e+02
405 0 +2.134117646e+02 +2.134117646e+02 +1.759617646e+02 +1.759617646e+02
438 0 +2.088534625e+02 +2.088534625e+02 +1.714034625e+02 +1.714034625e+02
463 0 +2.031474223e+02 +2.031474223e+02 +1.656974223e+02 +1.656974223e+02
483 0 +1.991445408e+02 +1.991445408e+02 +1.616945408e+02 +1.616945408e+02
529 0 +1.946475923e+02 +1.946475923e+02 +1.571975923e+02 +1.571975923e+02
560 0 +1.881288407e+02 +1.881288407e+02 +1.506788407e+02 +1.506788407e+02
575 0 +1.861978066e+02 +1.861978066e+02 +1.487478066e+02 +1.487478066e+02
599 0 +1.817338436e+02 +1.817338436e+02 +1.442838436e+02 +1.442838436e+02
616 0 +1.767579643e+02 +1.767579643e+02 +1.393079643e+02 +1.393079643e+02
628 0 +1.726602701e+02 +1.726602701e+02 +1.352102701e+02 +1.352102701e+02
832 0 +1.201105966e+02 +1.201105966e+02 +8.266059658e+01 +8.266059658e+01
862 0 +9.815459165e+01 +9.815459165e+01 +6.070459165e+01 +6.070459165e+01
893 0 +9.286281400e+01 +9.286281400e+01 +5.541281400e+01 +5.541281400e+01
905 0 +8.785361386e+01 +8.785361386e+01 +5.040361386e+01 +5.040361386e+01
912 0 +8.005711599e+01 +8.005711599e+01 +4.260711599e+01 +4.260711599e+01
915 0 +7.859059464e+01 +7.859059464e+01 +4.114059464e+01 +4.114059464e+01
924 0 +7.537514754e+01 +7.537514754e+01 +3.792514754e+01 +3.792514754e+01
933 0 +6.954243400e+01 +6.954243400e+01 +3.209243400e+01 +3.209243400e+01
942 0 +6.707425360e+01 +6.707425360e+01 +2.962425360e+01 +2.962425360e+01
957 0 +6.570749077e+01 +6.570749077e+01 +2.825749077e+01 +2.825749077e+01
972 0 +6.298564278e+01 +6.298564278e+01 +2.553564278e+01 +2.553564278e+01
994 0 +6.163577393e+01 +6.163577393e+01 +2.418577393e+01 +2.418577393e+01
% f evaluations | g evaluations | best noise-free fitness - Fopt | noise-free fitness - Fopt (-6.639000000000e+01) | measured fitness | best measured fitness | x1 | x2...
1 0 +7.899082053e+02 +7.899082053e+02 +7.235182053e+02 +7.235182053e+02
2 0 +7.568783571e+02 +7.568783571e+02 +6.904883571e+02 +6.904883571e+02
12 0 +7.342137642e+02 +7.342137642e+02 +6.678237642e+02 +6.678237642e+02
28 0 +7.234601520e+02 +7.234601520e+02 +6.570701520e+02 +6.570701520e+02
38 0 +6.889647207e+02 +6.889647207e+02 +6.225747207e+02 +6.225747207e+02
45 0 +6.647364135e+02 +6.647364135e+02 +5.983464135e+02 +5.983464135e+02
53 0 +6.549490919e+02 +6.549490919e+02 +5.885590919e+02 +5.885590919e+02
64 0 +6.375470837e+02 +6.375470837e+02 +5.711570837e+02 +5.711570837e+02
73 0 +6.194899823e+02 +6.194899823e+02 +5.530999823e+02 +5.530999823e+02
74 0 +6.092820504e+02 +6.092820504e+02 +5.428920504e+02 +5.428920504e+02
86 0 +5.811014369e+02 +5.811014369e+02 +5.147114369e+02 +5.147114369e+02
92 0 +5.698601955e+02 +5.698601955e+02 +5.034701955e+02 +5.034701955e+02
100 0 +5.502912944e+02 +5.502912944e+02 +4.839012944e+02 +4.839012944e+02
103 0 +5.326681397e+02 +5.326681397e+02 +4.662781397e+02 +4.662781397e+02
113 0 +5.180419081e+02 +5.180419081e+02 +4.516519081e+02 +4.516519081e+02
142 0 +5.109208500e+02 +5.109208500e+02 +4.445308500e+02 +4.445308500e+02
147 0 +4.855398288e+02 +4.855398288e+02 +4.191498288e+02 +4.191498288e+02
152 0 +4.771899930e+02 +4.771899930e+02 +4.107999930e+02 +4.107999930e+02
171 0 +4.469326916e+02 +4.469326916e+02 +3.805426916e+02 +3.805426916e+02
180 0 +4.458829836e+02 +4.458829836e+02 +3.794929836e+02 +3.794929836e+02
189 0 +4.243292023e+02 +4.243292023e+02 +3.579392023e+02 +3.579392023e+02
204 0 +4.146194416e+02 +4.146194416e+02 +3.482294416e+02 +3.482294416e+02
223 0 +4.058013613e+02 +4.058013613e+02 +3.394113613e+02 +3.394113613e+02
236 0 +3.953471750e+02 +3.953471750e+02 +3.289571750e+02 +3.289571750e+02
248 0 +3.884895778e+02 +3.884895778e+02 +3.220995778e+02 +3.220995778e+02
265 0 +3.746042227e+02 +3.746042227e+02 +3.082142227e+02 +3.082142227e+02
277 0 +3.605696743e+02 +3.605696743e+02 +2.941796743e+02 +2.941796743e+02
291 0 +3.527770051e+02 +3.527770051e+02 +2.863870051e+02 +2.863870051e+02
313 0 +3.404905887e+02 +3.404905887e+02 +2.741005887e+02 +2.741005887e+02
318 0 +3.366619379e+02 +3.366619379e+02 +2.702719379e+02 +2.702719379e+02
327 0 +3.114815544e+02 +3.114815544e+02 +2.450915544e+02 +2.450915544e+02
385 0 +3.005567020e+02 +3.005567020e+02 +2.341667020e+02 +2.341667020e+02
395 0 +2.927895076e+02 +2.927895076e+02 +2.263995076e+02 +2.263995076e+02
405 0 +2.883838673e+02 +2.883838673e+02 +2.219938673e+02 +2.219938673e+02
415 0 +2.668972657e+02 +2.668972657e+02 +2.005072657e+02 +2.005072657e+02
426 0 +2.620557500e+02 +2.620557500e+02 +1.956657500e+02 +1.956657500e+02
437 0 +2.510222143e+02 +2.510222143e+02 +1.846322143e+02 +1.846322143e+02
440 0 +2.361061889e+02 +2.361061889e+02 +1.697161889e+02 +1.697161889e+02
476 0 +2.313813783e+02 +2.313813783e+02 +1.649913783e+02 +1.649913783e+02
483 0 +2.256917698e+02 +2.256917698e+02 +1.593017698e+02 +1.593017698e+02
496 0 +2.230004239e+02 +2.230004239e+02 +1.566104239e+02 +1.566104239e+02
554 0 +2.115073191e+02 +2.115073191e+02 +1.451173191e+02 +1.451173191e+02
581 0 +2.059005896e+02 +2.059005896e+02 +1.395105896e+02 +1.395105896e+02
605 0 +1.965468600e+02 +1.965468600e+02 +1.301568600e+02 +1.301568600e+02
644 0 +1.893021249e+02 +1.893021249e+02 +1.229121249e+02 +1.229121249e+02
848 0 +1.812969320e+02 +1.812969320e+02 +1.149069320e+02 +1.149069320e+02
878 0 +1.662276206e+02 +1.662276206e+02 +9.983762060e+01 +9.983762060e+01
914 0 +1.216543116e+02 +1.216543116e+02 +5.526431159e+01 +5.526431159e+01
965 0 +1.060550557e+02 +1.060550557e+02 +3.966505574e+01 +3.966505574e+01
% f evaluations | g evaluations | best noise-free fitness - Fopt | noise-free fitness - Fopt (-2.260100000000e+02) | measured fitness | best measured fitness | x1 | x2...
1 0 +7.899082053e+02 +7.899082053e+02 +5.638982053e+02 +5.638982053e+02
5 0 +7.372904405e+02 +7.372904405e+02 +5.112804405e+02 +5.112804405e+02
21 0 +7.156402527e+02 +7.156402527e+02 +4.896302527e+02 +4.896302527e+02
35 0 +6.615551833e+02 +6.615551833e+02 +4.355451833e+02 +4.355451833e+02
53 0 +6.423320808e+02 +6.423320808e+02 +4.163220808e+02 +4.163220808e+02
64 0 +6.230247628e+02 +6.230247628e+02 +3.970147628e+02 +3.970147628e+02
72 0 +5.929101790e+02 +5.929101790e+02 +3.669001790e+02 +3.669001790e+02
82 0 +5.726185535e+02 +5.726185535e+02 +3.466085535e+02 +3.466085535e+02
95 0 +5.478628732e+02 +5.478628732e+02 +3.218528732e+02 +3.218528732e+02
96 0 +5.216135158e+02 +5.216135158e+02 +2.956035158e+02 +2.956035158e+02
104 0 +5.127409307e+02 +5.127409307e+02 +2.867309307e+02 +2.867309307e+02
108 0 +4.933272694e+02 +4.933272694e+02 +2.673172694e+02 +2.673172694e+02
121 0 +4.479233961e+02 +4.479233961e+02 +2.219133961e+02 +2.219133961e+02
135 0 +4.451233178e+02 +4.451233178e+02 +2.191133178e+02 +2.191133178e+02
150 0 +4.315890473e+02 +4.315890473e+02 +2.055790473e+02 +2.055790473e+02
153 0 +4.232398963e+02 +4.232398963e+02 +1.972298963e+02 +1.972298963e+02
162 0 +4.112372868e+02 +4.112372868e+02 +1.852272868e+02 +1.852272868e+02
163 0 +3.965987176e+02 +3.965987176e+02 +1.705887176e+02 +1.705887176e+02
182 0 +3.805946818e+02 +3.805946818e+02 +1.545846818e+02 +1.545846818e+02
187 0 +3.744545171e+02 +3.744545171e+02 +1.484445171e+02 +1.484445171e+02
194 0 +3.643868302e+02 +3.643868302e+02 +1.383768302e+02 +1.383768302e+02
201 0 +3.601037896e+02 +3.601037896e+02 +1.340937896e+02 +1.340937896e+02
203 0 +3.515378607e+02 +3.515378607e+02 +1.255278607e+02 +1.255278607e+02
212 0 +3.416781190e+02 +3.416781190e+02 +1.156681190e+02 +1.156681190e+02
215 0 +3.360013551e+02 +3.360013551e+02 +1.099913551e+02 +1.099913551e+02
223 0 +3.179209664e+02 +3.179209664e+02 +9.191096639e+01 +9.191096639e+01
246 0 +3.124103052e+02 +3.124103052e+02 +8.640030519e+01 +8.640030519e+01
262 0 +3.061614531e+02 +3.061614531e+02 +8.015145311e+01 +8.015145311e+01
276 0 +3.019123166e+02 +3.019123166e+02 +7.590231665e+01 +7.590231665e+01
285 0 +2.935788185e+02 +2.935788185e+02 +6.756881845e+01 +6.756881845e+01
352 0 +2.868895258e+02 +2.868895258e+02 +6.087952581e+01 +6.087952581e+01
370 0 +2.815581009e+02 +2.815581009e+02 +5.554810088e+01 +5.554810088e+01
453 0 +2.751156295e+02 +2.751156295e+02 +4.910562950e+01 +4.910562950e+01
543 0 +2.689597875e+02 +2.689597875e+02 +4.294978755e+01 +4.294978755e+01
600 0 +2.630163629e+02 +2.630163629e+02 +3.700636287e+01 +3.700636287e+01
665 0 +2.541764433e+02 +2.541764433e+02 +2.816644332e+01 +2.816644332e+01
696 0 +2.511508651e+02 +2.511508651e+02 +2.514086510e+01 +2.514086510e+01
732 0 +2.427564014e+02 +2.427564014e+02 +1.674640143e+01 +1.674640143e+01
744 0 +2.394576255e+02 +2.394576255e+02 +1.344762554e+01 +1.344762554e+01
752 0 +2.329354905e+02 +2.329354905e+02 +6.925490512e+00 +6.925490512e+00
783 0 +2.289294641e+02 +2.289294641e+02 +2.919464054e+00 +2.919464054e+00
% f evaluations | g evaluations | best noise-free fitness - Fopt | noise-free fitness - Fopt (1.000000000000e+03) | measured fitness | best measured fitness | x1 | x2...
1 0 +7.899082053e+02 +7.899082053e+02 +1.789908205e+03 +1.789908205e+03
2 0 +7.635502159e+02 +7.635502159e+02 +1.763550216e+03 +1.763550216e+03
13 0 +7.540681256e+02 +7.540681256e+02 +1.754068126e+03 +1.754068126e+03
21 0 +7.334167436e+02 +7.334167436e+02 +1.733416744e+03 +1.733416744e+03
24 0 +7.177905962e+02 +7.177905962e+02 +1.717790596e+03 +1.717790596e+03
31 0 +7.057364057e+02 +7.057364057e+02 +1.705736406e+03 +1.705736406e+03
32 0 +6.901955588e+02 +6.901955588e+02 +1.690195559e+03 +1.690195559e+03
33 0 +6.729326226e+02 +6.729326226e+02 +1.672932623e+03 +1.672932623e+03
45 0 +6.587523479e+02 +6.587523479e+02 +1.658752348e+03 +1.658752348e+03
57 0 +6.289263438e+02 +6.289263438e+02 +1.628926344e+03 +1.628926344e+03
66 0 +5.976043310e+02 +5.976043310e+02 +1.597604331e+03 +1.597604331e+03
82 0 +5.814844587e+02 +5.814844587e+02 +1.581484459e+03 +1.581484459e+03
105 0 +5.662410016e+02 +5.662410016e+02 +1.566241002e+03 +1.566241002e+03
112 0 +5.599202589e+02 +5.599202589e+02 +1.559920259e+03 +1.559920259e+03
114 0 +5.456254271e+02 +5.456254271e+02 +1.545625427e+03 +1.545625427e+03
133 0 +5.236706607e+02 +5.236706607e+02 +1.523670661e+03 +1.523670661e+03
156 0 +5.063247149e+02 +5.063247149e+02 +1.506324715e+03 +1.506324715e+03
163 0 +4.848249326e+02 +4.848249326e+02 +1.484824933e+03 +1.484824933e+03
165 0 +4.704547110e+02 +4.704547110e+02 +1.470454711e+03 +1.470454711e+03
171 0 +4.595945067e+02 +4.595945067e+02 +1.459594507e+03 +1.459594507e+03
179 0 +4.369487497e+02 +4.369487497e+02 +1.436948750e+03 +1.436948750e+03
191 0 +4.285321713e+02 +4.285321713e+02 +1.428532171e+03 +1.428532171e+03
195 0 +4.230676733e+02 +4.230676733e+02 +1.423067673e+03 +1.423067673e+03
218 0 +4.157194823e+02 +4.157194823e+02 +1.415719482e+03 +1.415719482e+03
224 0 +3.819491742e+02 +3.819491742e+02 +1.381949174e+03 +1.381949174e+03
232 0 +3.684039374e+02 +3.684039374e+02 +1.368403937e+03 +1.368403937e+03
234 0 +3.469282817e+02 +3.469282817e+02 +1.346928282e+03 +1.346928282e+03
237 0 +3.385635201e+02 +3.385635201e+02 +1.338563520e+03 +1.338563520e+03
247 0 +3.220001172e+02 +3.220001172e+02 +1.322000117e+03 +1.322000117e+03
256 0 +3.095190015e+02 +3.095190015e+02 +1.309519002e+03 +1.309519002e+03
268 0 +2.909566498e+02 +2.909566498e+02 +1.290956650e+03 +1.290956650e+03
274 0 +2.865926712e+02 +2.865926712e+02 +1.286592671e+03 +1.286592671e+03
281 0 +2.807873539e+02 +2.807873539e+02 +1.280787354e+03 +1.280787354e+03
288 0 +2.525382690e+02 +2.525382690e+02 +1.252538269e+03 +1.252538269e+03
324 0 +2.510211506e+02 +2.510211506e+02 +1.251021151e+03 +1.251021151e+03
364 0 +2.380598031e+02 +2.380598031e+02 +1.238059803e+03 +1.238059803e+03
374 0 +2.301815270e+02 +2.301815270e+02 +1.230181527e+03 +1.230181527e+03
385 0 +2.257894495e+02 +2.257894495e+02 +1.225789450e+03 +1.225789450e+03
397 0 +2.140221160e+02 +2.140221160e+02 +1.214022116e+03 +1.214022116e+03
446 0 +2.125551489e+02 +2.125551489e+02 +1.212555149e+03 +1.212555149e+03
451 0 +1.948552596e+02 +1.948552596e+02 +1.194855260e+03 +1.194855260e+03
462 0 +1.893886182e+02 +1.893886182e+02 +1.189388618e+03 +1.189388618e+03
467 0 +1.861986362e+02 +1.861986362e+02 +1.186198636e+03 +1.186198636e+03
479 0 +1.779926860e+02 +1.779926860e+02 +1.177992686e+03 +1.177992686e+03
% f evaluations | g evaluations | best noise-free fitness - Fopt | noise-free fitness - Fopt (-1.830200000000e+02) | measured fitness | best measured fitness | x1 | x2...
1 0 +7.899082053e+02 +7.899082053e+02 +6.068882053e+02 +6.068882053e+02
2 0 +7.707156894e+02 +7.707156894e+02 +5.876956894e+02 +5.876956894e+02
12 0 +7.386736782e+02 +7.386736782e+02 +5.556536782e+02 +5.556536782e+02
22 0 +7.139818696e+02 +7.139818696e+02 +5.309618696e+02 +5.309618696e+02
25 0 +6.722040407e+02 +6.722040407e+02 +4.891840407e+02 +4.891840407e+02
34 0 +6.317348208e+02 +6.317348208e+02 +4.487148208e+02 +4.487148208e+02
46 0 +5.906417846e+02 +5.906417846e+02 +4.076217846e+02 +4.076217846e+02
65 0 +5.856210910e+02 +5.856210910e+02 +4.026010910e+02 +4.026010910e+02
66 0 +5.543670457e+02 +5.543670457e+02 +3.713470457e+02 +3.713470457e+02
74 0 +5.469590543e+02 +5.469590543e+02 +3.639390543e+02 +3.639390543e+02
97 0 +5.366115131e+02 +5.366115131e+02 +3.535915131e+02 +3.535915131e+02
100 0 +5.232163308e+02 +5.232163308e+02 +3.401963308e+02 +3.401963308e+02
117 0 +4.916726214e+02 +4.916726214e+02 +3.086526214e+02 +3.086526214e+02
141 0 +4.889763086e+02 +4.889763086e+02 +3.059563086e+02 +3.059563086e+02
142 0 +4.741817403e+02 +4.741817403e+02 +2.911617403e+02 +2.911617403e+02
157 0 +4.547050300e+02 +4.547050300e+02 +2.716850300e+02 +2.716850300e+02
158 0 +4.434584970e+02 +4.434584970e+02 +2.604384970e+02 +2.604384970e+02
172 0 +4.351281915e+02 +4.351281915e+02 +2.521081915e+02 +2.521081915e+02
173 0 +4.245437304e+02 +4.245437304e+02 +2.415237304e+02 +2.415237304e+02
183 0 +4.163372984e+02 +4.163372984e+02 +2.333172984e+02 +2.333172984e+02
196 0 +4.030661621e+02 +4.030661621e+02 +2.200461621e+02 +2.200461621e+02
212 0 +3.913242948e+02 +3.913242948e+02 +2.083042948e+02 +2.083042948e+02
223 0 +3.884025191e+02 +3.884025191e+02 +2.053825191e+02 +2.053825191e+02
240 0 +3.800089759e+02 +3.800089759e+02 +1.969889759e+02 +1.969889759e+02
261 0 +3.706206058e+02 +3.706206058e+02 +1.876006058e+02 +1.876006058e+02
285 0 +3.589884443e+02 +3.589884443e+02 +1.759684443e+02 +1.759684443e+02
291 0 +3.525705844e+02 +3.525705844e+02 +1.695505844e+02 +1.695505844e+02
298 0 +3.423327124e+02 +3.423327124e+02 +1.593127124e+02 +1.593127124e+02
309 0 +3.362732951e+02 +3.362732951e+02 +1.532532951e+02 +1.532532951e+02
327 0 +3.251729076e+02 +3.251729076e+02 +1.421529076e+02 +1.421529076e+02
338 0 +3.198810989e+02 +3.198810989e+02 +1.368610989e+02 +1.368610989e+02
344 0 +3.096440312e+02 +3.096440312e+02 +1.266240312e+02 +1.266240312e+02
357 0 +3.076684990e+02 +3.076684990e+02 +1.246484990e+02 +1.246484990e+02
360 0 +2.957841254e+02 +2.957841254e+02 +1.127641254e+02 +1.127641254e+02
390 0 +2.877224872e+02 +2.877224872e+02 +1.047024872e+02 +1.047024872e+02
429 0 +2.804231247e+02 +2.804231247e+02 +9.740312473e+01 +9.740312473e+01
440 0 +2.742529997e+02 +2.742529997e+02 +9.123299967e+01 +9.123299967e+01
458 0 +2.681503329e+02 +2.681503329e+02 +8.513033292e+01 +8.513033292e+01
460 0 +2.629500323e+02 +2.629500323e+02 +7.993003228e+01 +7.993003228e+01
465 0 +2.563222747e+02 +2.563222747e+02 +7.330227469e+01 +7.330227469e+01
467 0 +2.470538364e+02 +2.470538364e+02 +6.403383641e+01 +6.403383641e+01
475 0 +2.245779296e+02 +2.245779296e+02 +4.155792956e+01 +4.155792956e+01
482 0 +2.217655804e+02 +2.217655804e+02 +3.874558038e+01 +3.874558038e+01
486 0 +2.179312957e+02 +2.179312957e+02 +3.491129572e+01 +3.491129572e+01
492 0 +2.131597138e+02 +2.131597138e+02 +3.013971381e+01 +3.013971381e+01
500 0 +1.989969175e+02 +1.989969175e+02 +1.597691752e+01 +1.597691752e+01
514 0 +1.914876936e+02 +1.914876936e+02 +8.467693563e+00 +8.467693563e+00
515 0 +1.899970441e+02 +1.899970441e+02 +6.977044092e+00 +6.977044092e+00
528 0 +1.826458356e+02 +1.826458356e+02 -3.741644228e-01 -3.741644228e-01
529 0 +1.781185072e+02 +1.781185072e+02 -4.901492786e+00 -4.901492786e+00
536 0 +1.736944649e+02 +1.736944649e+02 -9.325535074e+00 -9.325535074e+00
540 0 +1.683272433e+02 +1.683272433e+02 -1.469275666e+01 -1.469275666e+01
545 0 +1.525936563e+02 +1.525936563e+02 -3.042634367e+01 -3.042634367e+01
721 0 +1.452712944e+02 +1.452712944e+02 -3.774870555e+01 -3.774870555e+01
723 0 +1.280607453e+02 +1.280607453e+02 -5.495925470e+01 -5.495925470e+01
732 0 +1.247003574e+02 +1.247003574e+02 -5.831964255e+01 -5.831964255e+01
734 0 +1.105511191e+02 +1.105511191e+02 -7.246888093e+01 -7.246888093e+01
736 0 +1.080182188e+02 +1.080182188e+02 -7.500178116e+01 -7.500178116e+01
743 0 +1.052132946e+02 +1.052132946e+02 -7.780670538e+01 -7.780670538e+01
744 0 +8.454373294e+01 +8.454373294e+01 -9.847626706e+01 -9.847626706e+01
773 0 +6.071145311e+01 +6.071145311e+01 -1.223085469e+02 -1.223085469e+02
812 0 +5.815527156e+01 +5.815527156e+01 -1.248647284e+02 -1.248647284e+02
822 0 +5.241000494e+01 +5.241000494e+01 -1.306099951e+02 -1.306099951e+02
857 0 +4.486141313e+01 +4.486141313e+01 -1.381585869e+02 -1.381585869e+02
865 0 +4.463593175e+01 +4.463593175e+01 -1.383840683e+02 -1.383840683e+02
874 0 +4.270704572e+01 +4.270704572e+01 -1.403129543e+02 -1.403129543e+02
886 0 +4.196460203e+01 +4.196460203e+01 -1.410553980e+02 -1.410553980e+02
896 0 +4.150854786e+01 +4.150854786e+01 -1.415114521e+02 -1.415114521e+02
902 0 +3.483619460e+01 +3.483619460e+01 -1.481838054e+02 -1.481838054e+02
904 0 +3.415969197e+01 +3.415969197e+01 -1.488603080e+02 -1.488603080e+02
914 0 +2.590892384e+01 +2.590892384e+01 -1.571110762e+02 -1.571110762e+02
940 0 +2.481139122e+01 +2.481139122e+01 -1.582086088e+02 -1.582086088e+02
942 0 +2.414958462e+01 +2.414958462e+01 -1.588704154e+02 -1.588704154e+02
945 0 +2.368698040e+01 +2.368698040e+01 -1.593330196e+02 -1.593330196e+02
953 0 +2.013938103e+01 +2.013938103e+01 -1.628806190e+02 -1.628806190e+02
979 0 +1.872212671e+01 +1.872212671e+01 -1.642978733e+02 -1.642978733e+02
988 0 +1.731026040e+01 +1.731026040e+01 -1.657097396e+02 -1.657097396e+02
994 0 +1.687819362e+01 +1.687819362e+01 -1.661418064e+02 -1.661418064e+02
% f evaluations | g evaluations | best noise-free fitness - Fopt | noise-free fitness - Fopt (-1.026200000000e+02) | measured fitness | best measured fitness | x1 | x2...
1 0 +7.899082053e+02 +7.899082053e+02 +6.872882053e+02 +6.872882053e+02
2 0 +7.865899083e+02 +7.865899083e+02 +6.839699083e+02 +6.839699083e+02
5 0 +7.729378607e+02 +7.729378607e+02 +6.703178607e+02 +6.703178607e+02
15 0 +7.540396855e+02 +7.540396855e+02 +6.514196855e+02 +6.514196855e+02
20 0 +7.393701945e+02 +7.393701945e+02 +6.367501945e+02 +6.367501945e+02
23 0 +7.242335758e+02 +7.242335758e+02 +6.216135758e+02 +6.216135758e+02
32 0 +7.047812353e+02 +7.047812353e+02 +6.021612353e+02 +6.021612353e+02
51 0 +6.900737400e+02 +6.900737400e+02 +5.874537400e+02 +5.874537400e+02
66 0 +6.681147913e+02 +6.681147913e+02 +5.654947913e+02 +5.654947913e+02
72 0 +6.489527190e+02 +6.489527190e+02 +5.463327190e+02 +5.463327190e+02
78 0 +6.425369670e+02 +6.425369670e+02 +5.399169670e+02 +5.399169670e+02
100 0 +6.296753045e+02 +6.296753045e+02 +5.270553045e+02 +5.270553045e+02
107 0 +5.966835406e+02 +5.966835406e+02 +4.940635406e+02 +4.940635406e+02
111 0 +5.881446766e+02 +5.881446766e+02 +4.855246766e+02 +4.855246766e+02
117 0 +5.538042346e+02 +5.538042346e+02 +4.511842346e+02 +4.511842346e+02
129 0 +4.822818908e+02 +4.822818908e+02 +3.796618908e+02 +3.796618908e+02
139 0 +4.460699189e+02 +4.460699189e+02 +3.434499189e+02 +3.434499189e+02
163 0 +4.277203716e+02 +4.277203716e+02 +3.251003716e+02 +3.251003716e+02
164 0 +3.895226081e+02 +3.895226081e+02 +2.869026081e+02 +2.869026081e+02
277 0 +3.670797709e+02 +3.670797709e+02 +2.644597709e+02 +2.644597709e+02
294 0 +3.048462476e+02 +3.048462476e+02 +2.022262476e+02 +2.022262476e+02
556 0 +3.013393127e+02 +3.013393127e+02 +1.987193127e+02 +1.987193127e+02
571 0 +2.088812660e+02 +2.088812660e+02 +1.062612660e+02 +1.062612660e+02
876 0 +4.303649946e+01 +4.303649946e+01 -5.958350054e+01 -5.958350054e+01
882 0 +2.484758300e+01 +2.484758300e+01 -7.777241700e+01 -7.777241700e+01
884 0 +2.338906326e+01 +2.338906326e+01 -7.923093674e+01 -7.923093674e+01
893 0 +2.229413692e+01 +2.229413692e+01 -8.032586308e+01 -8.032586308e+01
909 0 +2.081137788e+01 +2.081137788e+01 -8.180862212e+01 -8.180862212e+01
914 0 +1.688945524e+01 +1.688945524e+01 -8.573054476e+01 -8.573054476e+01
942 0 +1.461897246e+01 +1.461897246e+01 -8.800102754e+01 -8.800102754e+01
956 0 +1.309978478e+01 +1.309978478e+01 -8.952021522e+01 -8.952021522e+01
963 0 +1.114927855e+01 +1.114927855e+01 -9.147072145e+01 -9.147072145e+01
967 0 +1.053236857e+01 +1.053236857e+01 -9.208763143e+01 -9.208763143e+01
977 0 +8.476456012e+00 +8.476456012e+00 -9.414354399e+01 -9.414354399e+01
984 0 +8.040441820e+00 +8.040441820e+00 -9.457955818e+01 -9.457955818e+01
% f evaluations | g evaluations | best noise-free fitness - Fopt | noise-free fitness - Fopt (9.953000000000e+01) | measured fitness | best measured fitness | x1 | x2...
1 0 +7.899082053e+02 +7.899082053e+02 +8.894382053e+02 +8.894382053e+02
10 0 +7.717325764e+02 +7.717325764e+02 +8.712625764e+02 +8.712625764e+02
13 0 +7.443398225e+02 +7.443398225e+02 +8.438698225e+02 +8.438698225e+02
22 0 +7.408161198e+02 +7.408161198e+02 +8.403461198e+02 +8.403461198e+02
37 0 +7.045462539e+02 +7.045462539e+02 +8.040762539e+02 +8.040762539e+02
47 0 +6.797019416e+02 +6.797019416e+02 +7.792319416e+02 +7.792319416e+02
50 0 +6.756051454e+02 +6.756051454e+02 +7.751351454e+02 +7.751351454e+02
56 0 +6.451372224e+02 +6.451372224e+02 +7.446672224e+02 +7.446672224e+02
84 0 +5.928470092e+02 +5.928470092e+02 +6.923770092e+02 +6.923770092e+02
102 0 +5.490213028e+02 +5.490213028e+02 +6.485513028e+02 +6.485513028e+02
113 0 +5.007987668e+02 +5.007987668e+02 +6.003287668e+02 +6.003287668e+02
123 0 +4.564546348e+02 +4.564546348e+02 +5.559846348e+02 +5.559846348e+02
126 0 +4.421547928e+02 +4.421547928e+02 +5.416847928e+02 +5.416847928e+02
139 0 +4.150071085e+02 +4.150071085e+02 +5.145371085e+02 +5.145371085e+02
145 0 +3.974609060e+02 +3.974609060e+02 +4.969909060e+02 +4.969909060e+02
147 0 +3.847214221e+02 +3.847214221e+02 +4.842514221e+02 +4.842514221e+02
149 0 +3.734208529e+02 +3.734208529e+02 +4.729508529e+02 +4.729508529e+02
153 0 +3.573325459e+02 +3.573325459e+02 +4.568625459e+02 +4.568625459e+02
159 0 +3.285976178e+02 +3.285976178e+02 +4.281276178e+02 +4.281276178e+02
166 0 +3.158392264e+02 +3.158392264e+02 +4.153692264e+02 +4.153692264e+02
195 0 +2.681948309e+02 +2.681948309e+02 +3.677248309e+02 +3.677248309e+02
471 0 +2.411312499e+02 +2.411312499e+02 +3.406612499e+02 +3.406612499e+02
476 0 +2.301792380e+02 +2.301792380e+02 +3.297092380e+02 +3.297092380e+02
477 0 +2.267935404e+02 +2.267935404e+02 +3.263235404e+02 +3.263235404e+02
481 0 +2.083891135e+02 +2.083891135e+02 +3.079191135e+02 +3.079191135e+02
507 0 +2.031772317e+02 +2.031772317e+02 +3.027072317e+02 +3.027072317e+02
514 0 +1.827762863e+02 +1.827762863e+02 +2.823062863e+02 +2.823062863e+02
530 0 +1.813217482e+02 +1.813217482e+02 +2.808517482e+02 +2.808517482e+02
536 0 +1.467455942e+02 +1.467455942e+02 +2.462755942e+02 +2.462755942e+02
540 0 +1.369453376e+02 +1.369453376e+02 +2.364753376e+02 +2.364753376e+02
542 0 +1.304582820e+02 +1.304582820e+02 +2.299882820e+02 +2.299882820e+02
558 0 +1.279175192e+02 +1.279175192e+02 +2.274475192e+02 +2.274475192e+02
560 0 +1.172966736e+02 +1.172966736e+02 +2.168266736e+02 +2.168266736e+02
569 0 +1.107031688e+02 +1.107031688e+02 +2.102331688e+02 +2.102331688e+02
573 0 +1.094892350e+02 +1.094892350e+02 +2.090192350e+02 +2.090192350e+02
574 0 +1.068112106e+02 +1.068112106e+02 +2.063412106e+02 +2.063412106e+02
578 0 +1.035236868e+02 +1.035236868e+02 +2.030536868e+02 +2.030536868e+02
579 0 +1.015733266e+02 +1.015733266e+02 +2.011033266e+02 +2.011033266e+02
583 0 +9.908038798e+01 +9.908038798e+01 +1.986103880e+02 +1.986103880e+02
594 0 +9.252358355e+01 +9.252358355e+01 +1.920535836e+02 +1.920535836e+02
604 0 +9.117873968e+01 +9.117873968e+01 +1.907087397e+02 +1.907087397e+02
623 0 +8.722533193e+01 +8.722533193e+01 +1.867553319e+02 +1.867553319e+02
627 0 +7.971684049e+01 +7.971684049e+01 +1.792468405e+02 +1.792468405e+02
634 0 +7.906334940e+01 +7.906334940e+01 +1.785933494e+02 +1.785933494e+02
644 0 +7.686817459e+01 +7.686817459e+01 +1.763981746e+02 +1.763981746e+02
645 0 +7.407788831e+01 +7.407788831e+01 +1.736078883e+02 +1.736078883e+02
659 0 +6.997034430e+01 +6.997034430e+01 +1.695003443e+02 +1.695003443e+02
663 0 +6.720806435e+01 +6.720806435e+01 +1.667380644e+02 +1.667380644e+02
665 0 +5.929850034e+01 +5.929850034e+01 +1.588285003e+02 +1.588285003e+02
681 0 +4.607834207e+01 +4.607834207e+01 +1.456083421e+02 +1.456083421e+02
684 0 +4.123815174e+01 +4.123815174e+01 +1.407681517e+02 +1.407681517e+02
802 0 +3.366572767e+01 +3.366572767e+01 +1.331957277e+02 +1.331957277e+02
835 0 +3.300296112e+01 +3.300296112e+01 +1.325329611e+02 +1.325329611e+02
836 0 +3.200296146e+01 +3.200296146e+01 +1.315329615e+02 +1.315329615e+02
841 0 +3.150935117e+01 +3.150935117e+01 +1.310393512e+02 +1.310393512e+02
850 0 +2.967581524e+01 +2.967581524e+01 +1.292058152e+02 +1.292058152e+02
867 0 +2.251441717e+01 +2.251441717e+01 +1.220444172e+02 +1.220444172e+02
895 0 +2.116406054e+01 +2.116406054e+01 +1.206940605e+02 +1.206940605e+02
926 0 +2.067199008e+01 +2.067199008e+01 +1.202019901e+02 +1.202019901e+02
990 0 +2.041594320e+01 +2.041594320e+01 +1.199459432e+02 +1.199459432e+02
% f evaluations | g evaluations | best noise-free fitness - Fopt | noise-free fitness - Fopt (1.495900000000e+02) | measured fitness | best measured fitness | x1 | x2...
1 0 +7.899082053e+02 +7.899082053e+02 +9.394982053e+02 +9.394982053e+02
4 0 +7.783539999e+02 +7.783539999e+02 +9.279439999e+02 +9.279439999e+02
11 0 +7.173432304e+02 +7.173432304e+02 +8.669332304e+02 +8.669332304e+02
15 0 +6.682027558e+02 +6.682027558e+02 +8.177927558e+02 +8.177927558e+02
24 0 +6.269097411e+02 +6.269097411e+02 +7.764997411e+02 +7.764997411e+02
38 0 +5.943686711e+02 +5.943686711e+02 +7.439586711e+02 +7.439586711e+02
54 0 +5.873674529e+02 +5.873674529e+02 +7.369574529e+02 +7.369574529e+02
62 0 +5.467620668e+02 +5.467620668e+02 +6.963520668e+02 +6.963520668e+02
83 0 +5.119686430e+02 +5.119686430e+02 +6.615586430e+02 +6.615586430e+02
98 0 +4.804828593e+02 +4.804828593e+02 +6.300728593e+02 +6.300728593e+02
100 0 +4.750579777e+02 +4.750579777e+02 +6.246479777e+02 +6.246479777e+02
102 0 +4.589491277e+02 +4.589491277e+02 +6.085391277e+02 +6.085391277e+02
116 0 +4.516433114e+02 +4.516433114e+02 +6.012333114e+02 +6.012333114e+02
122 0 +4.426561888e+02 +4.426561888e+02 +5.922461888e+02 +5.922461888e+02
138 0 +4.360523183e+02 +4.360523183e+02 +5.856423183e+02 +5.856423183e+02
143 0 +4.196624750e+02 +4.196624750e+02 +5.692524750e+02 +5.692524750e+02
154 0 +4.162140141e+02 +4.162140141e+02 +5.658040141e+02 +5.658040141e+02
176 0 +4.067271608e+02 +4.067271608e+02 +5.563171608e+02 +5.563171608e+02
204 0 +3.923214928e+02 +3.923214928e+02 +5.419114928e+02 +5.419114928e+02
216 0 +3.803876290e+02 +3.803876290e+02 +5.299776290e+02 +5.299776290e+02
227 0 +3.782537855e+02 +3.782537855e+02 +5.278437855e+02 +5.278437855e+02
238 0 +3.693557242e+02 +3.693557242e+02 +5.189457242e+02 +5.189457242e+02
250 0 +3.608003243e+02 +3.608003243e+02 +5.103903243e+02 +5.103903243e+02
267 0 +3.532517966e+02 +3.532517966e+02 +5.028417966e+02 +5.028417966e+02
276 0 +3.420648554e+02 +3.420648554e+02 +4.916548554e+02 +4.916548554e+02
286 0 +3.349478099e+02 +3.349478099e+02 +4.845378099e+02 +4.845378099e+02
293 0 +3.298261830e+02 +3.298261830e+02 +4.794161830e+02 +4.794161830e+02
302 0 +3.171097320e+02 +3.171097320e+02 +4.666997320e+02 +4.666997320e+02
315 0 +3.111535092e+02 +3.111535092e+02 +4.607435092e+02 +4.607435092e+02
323 0 +3.039953615e+02 +3.039953615e+02 +4.535853615e+02 +4.535853615e+02
335 0 +3.004837241e+02 +3.004837241e+02 +4.500737241e+02 +4.500737241e+02
347 0 +2.950793667e+02 +2.950793667e+02 +4.446693667e+02 +4.446693667e+02
353 0 +2.861064728e+02 +2.861064728e+02 +4.356964728e+02 +4.356964728e+02
354 0 +2.817236815e+02 +2.817236815e+02 +4.313136815e+02 +4.313136815e+02
372 0 +2.743734075e+02 +2.743734075e+02 +4.239634075e+02 +4.239634075e+02
392 0 +2.640342200e+02 +2.640342200e+02 +4.136242200e+02 +4.136242200e+02
402 0 +2.613537578e+02 +2.613537578e+02 +4.109437578e+02 +4.109437578e+02
413 0 +2.557800939e+02 +2.557800939e+02 +4.053700939e+02 +4.053700939e+02
418 0 +2.511807478e+02 +2.511807478e+02 +4.007707478e+02 +4.007707478e+02
478 0 +2.448540170e+02 +2.448540170e+02 +3.944440170e+02 +3.944440170e+02
482 0 +2.367596588e+02 +2.367596588e+02 +3.863496588e+02 +3.863496588e+02
488 0 +2.318836749e+02 +2.318836749e+02 +3.814736749e+02 +3.814736749e+02
520 0 +2.039078551e+02 +2.039078551e+02 +3.534978551e+02 +3.534978551e+02
554 0 +1.992886149e+02 +1.992886149e+02 +3.488786149e+02 +3.488786149e+02
568 0 +1.936919777e+02 +1.936919777e+02 +3.432819777e+02 +3.432819777e+02
582 0 +1.845186806e+02 +1.845186806e+02 +3.341086806e+02 +3.341086806e+02
% f evaluations | g evaluations | best noise-free fitness - Fopt | noise-free fitness - Fopt (-1.000000000000e+03) | measured fitness | best measured fitness | x1 | x2...
1 0 +7.899082053e+02 +7.899082053e+02 -2.100917947e+02 -2.100917947e+02
3 0 +7.763837513e+02 +7.763837513e+02 -2.236162487e+02 -2.236162487e+02
6 0 +7.445281962e+02 +7.445281962e+02 -2.554718038e+02 -2.554718038e+02
14 0 +7.234559096e+02 +7.234559096e+02 -2.765440904e+02 -2.765440904e+02
23 0 +6.908193649e+02 +6.908193649e+02 -3.091806351e+02 -3.091806351e+02
33 0 +6.202217743e+02 +6.202217743e+02 -3.797782257e+02 -3.797782257e+02
43 0 +6.020243698e+02 +6.020243698e+02 -3.979756302e+02 -3.979756302e+02
56 0 +5.878226450e+02 +5.878226450e+02 -4.121773550e+02 -4.121773550e+02
68 0 +5.639199293e+02 +5.639199293e+02 -4.360800707e+02 -4.360800707e+02
69 0 +5.542556948e+02 +5.542556948e+02 -4.457443052e+02 -4.457443052e+02
72 0 +5.213839845e+02 +5.213839845e+02 -4.786160155e+02 -4.786160155e+02
77 0 +5.042515705e+02 +5.042515705e+02 -4.957484295e+02 -4.957484295e+02
82 0 +4.809671285e+02 +4.809671285e+02 -5.190328715e+02 -5.190328715e+02
89 0 +4.617028603e+02 +4.617028603e+02 -5.382971397e+02 -5.382971397e+02
107 0 +4.404446745e+02 +4.404446745e+02 -5.595553255e+02 -5.595553255e+02
118 0 +4.127959931e+02 +4.127959931e+02 -5.872040069e+02 -5.872040069e+02
128 0 +4.018289230e+02 +4.018289230e+02 -5.981710770e+02 -5.981710770e+02
131 0 +3.978342156e+02 +3.978342156e+02 -6.021657844e+02 -6.021657844e+02
132 0 +3.846628303e+02 +3.846628303e+02 -6.153371697e+02 -6.153371697e+02
139 0 +3.742603191e+02 +3.742603191e+02 -6.257396809e+02 -6.257396809e+02
141 0 +3.680266429e+02 +3.680266429e+02 -6.319733571e+02 -6.319733571e+02
148 0 +3.438513937e+02 +3.438513937e+02 -6.561486063e+02 -6.561486063e+02
153 0 +3.369340989e+02 +3.369340989e+02 -6.630659011e+02 -6.630659011e+02
182 0 +3.273927692e+02 +3.273927692e+02 -6.726072308e+02 -6.726072308e+02
192 0 +3.105691211e+02 +3.105691211e+02 -6.894308789e+02 -6.894308789e+02
195 0 +3.036320980e+02 +3.036320980e+02 -6.963679020e+02 -6.963679020e+02
203 0 +2.870338913e+02 +2.870338913e+02 -7.129661087e+02 -7.129661087e+02
212 0 +2.734494190e+02 +2.734494190e+02 -7.265505810e+02 -7.265505810e+02
247 0 +2.558805670e+02 +2.558805670e+02 -7.441194330e+02 -7.441194330e+02
287 0 +2.300126906e+02 +2.300126906e+02 -7.699873094e+02 -7.699873094e+02
617 0 +2.261826672e+02 +2.261826672e+02 -7.738173328e+02 -7.738173328e+02
626 0 +2.008142100e+02 +2.008142100e+02 -7.991857900e+02 -7.991857900e+02
638 0 +1.551202801e+02 +1.551202801e+02 -8.448797199e+02 -8.448797199e+02
649 0 +1.375419895e+02 +1.375419895e+02 -8.624580105e+02 -8.624580105e+02
652 0 +1.185533118e+02 +1.185533118e+02 -8.814466882e+02 -8.814466882e+02
664 0 +9.285525970e+01 +9.285525970e+01 -9.071447403e+02 -9.071447403e+02
679 0 +7.454088966e+01 +7.454088966e+01 -9.254591103e+02 -9.254591103e+02
697 0 +7.243307935e+01 +7.243307935e+01 -9.275669207e+02 -9.275669207e+02
706 0 +5.145857791e+01 +5.145857791e+01 -9.485414221e+02 -9.485414221e+02
712 0 +4.566045997e+01 +4.566045997e+01 -9.543395400e+02 -9.543395400e+02
717 0 +4.295566005e+01 +4.295566005e+01 -9.570443399e+02 -9.570443399e+02
721 0 +3.595637444e+01 +3.595637444e+01 -9.640436256e+02 -9.640436256e+02
723 0 +2.795615078e+01 +2.795615078e+01 -9.720438492e+02 -9.720438492e+02
760 0 +1.755327259e+01 +1.755327259e+01 -9.824467274e+02 -9.824467274e+02
% f evaluations | g evaluations | best noise-free fitness - Fopt | noise-free fitness - Fopt (-2.922000000000e+01) | measured fitness | best measured fitness | x1 | x2...
1 0 +7.899082053e+02 +7.899082053e+02 +7.606882053e+02 +7.606882053e+02
3 0 +7.648611746e+02 +7.648611746e+02 +7.356411746e+02 +7.356411746e+02
10 0 +7.335418027e+02 +7.335418027e+02 +7.043218027e+02 +7.043218027e+02
15 0 +7.147115806e+02 +7.147115806e+02 +6.854915806e+02 +6.854915806e+02
19 0 +6.761910498e+02 +6.761910498e+02 +6.469710498e+02 +6.469710498e+02
22 0 +6.561923365e+02 +6.561923365e+02 +6.269723365e+02 +6.269723365e+02
35 0 +6.329338492e+02 +6.329338492e+02 +6.037138492e+02 +6.037138492e+02
55 0 +6.277815030e+02 +6.277815030e+02 +5.985615030e+02 +5.985615030e+02
63 0 +6.025858287e+02 +6.025858287e+02 +5.733658287e+02 +5.733658287e+02
75 0 +5.998493649e+02 +5.998493649e+02 +5.706293649e+02 +5.706293649e+02
83 0 +5.783333366e+02 +5.783333366e+02 +5.491133366e+02 +5.491133366e+02
92 0 +5.754011311e+02 +5.754011311e+02 +5.461811311e+02 +5.461811311e+02
101 0 +5.615582020e+02 +5.615582020e+02 +5.323382020e+02 +5.323382020e+02
112 0 +5.465991872e+02 +5.465991872e+02 +5.173791872e+02 +5.173791872e+02
122 0 +5.317873316e+02 +5.317873316e+02 +5.025673316e+02 +5.025673316e+02
135 0 +5.095491544e+02 +5.095491544e+02 +4.803291544e+02 +4.803291544e+02
142 0 +4.970338731e+02 +4.970338731e+02 +4.678138731e+02 +4.678138731e+02
155 0 +4.859521098e+02 +4.859521098e+02 +4.567321098e+02 +4.567321098e+02
172 0 +4.533670881e+02 +4.533670881e+02 +4.241470881e+02 +4.241470881e+02
184 0 +4.056938653e+02 +4.056938653e+02 +3.764738653e+02 +3.764738653e+02
% f evaluations | g evaluations | best noise-free fitness - Fopt | noise-free fitness - Fopt (-4.096000000000e+01) | measured fitness | best measured fitness | x1 | x2...
1 0 +7.899082053e+02 +7.899082053e+02 +7.489482053e+02 +7.489482053e+02
2 0 +7.431609641e+02 +7.431609641e+02 +7.022009641e+02 +7.022009641e+02
15 0 +7.283414760e+02 +7.283414760e+02 +6.873814760e+02 +6.873814760e+02
27 0 +7.228700852e+02 +7.228700852e+02 +6.819100852e+02 +6.819100852e+02
37 0 +6.995553915e+02 +6.995553915e+02 +6.585953915e+02 +6.585953915e+02
42 0 +6.901248262e+02 +6.901248262e+02 +6.491648262e+02 +6.491648262e+02
44 0 +6.697502843e+02 +6.697502843e+02 +6.287902843e+02 +6.287902843e+02
51 0 +6.474720777e+02 +6.474720777e+02 +6.065120777e+02 +6.065120777e+02
58 0 +6.376901265e+02 +6.376901265e+02 +5.967301265e+02 +5.967301265e+02
62 0 +6.190102777e+02 +6.190102777e+02 +5.780502777e+02 +5.780502777e+02
65 0 +6.094569006e+02 +6.094569006e+02 +5.684969006e+02 +5.684969006e+02
74 0 +5.698636903e+02 +5.698636903e+02 +5.289036903e+02 +5.289036903e+02
92 0 +5.513547465e+02 +5.513547465e+02 +5.103947465e+02 +5.103947465e+02
104 0 +5.309662480e+02 +5.309662480e+02 +4.900062480e+02 +4.900062480e+02
109 0 +5.213123429e+02 +5.213123429e+02 +4.803523429e+02 +4.803523429e+02
118 0 +5.084392645e+02 +5.084392645e+02 +4.674792645e+02 +4.674792645e+02
126 0 +4.964065085e+02 +4.964065085e+02 +4.554465085e+02 +4.554465085e+02
146 0 +4.760345537e+02 +4.760345537e+02 +4.350745537e+02 +4.350745537e+02
153 0 +4.670216002e+02 +4.670216002e+02 +4.260616002e+02 +4.260616002e+02
184 0 +4.570834568e+02 +4.570834568e+02 +4.161234568e+02 +4.161234568e+02
195 0 +4.427777874e+02 +4.427777874e+02 +4.018177874e+02 +4.018177874e+02
205 0 +4.329567139e+02 +4.329567139e+02 +3.919967139e+02 +3.919967139e+02
212 0 +4.263512062e+02 +4.263512062e+02 +3.853912062e+02 +3.853912062e+02
229 0 +4.097824892e+02 +4.097824892e+02 +3.688224892e+02 +3.688224892e+02
240 0 +4.051837767e+02 +4.051837767e+02 +3.642237767e+02 +3.642237767e+02
246 0 +3.893647285e+02 +3.893647285e+02 +3.484047285e+02 +3.484047285e+02
254 0 +3.865520358e+02 +3.865520358e+02 +3.455920358e+02 +3.455920358e+02
265 0 +3.751212412e+02 +3.751212412e+02 +3.341612412e+02 +3.341612412e+02
278 0 +3.690881318e+02 +3.690881318e+02 +3.281281318e+02 +3.281281318e+02
282 0 +3.515267582e+02 +3.515267582e+02 +3.105667582e+02 +3.105667582e+02
302 0 +3.398420834e+02 +3.398420834e+02 +2.988820834e+02 +2.988820834e+02
314 0 +3.376816286e+02 +3.376816286e+02 +2.967216286e+02 +2.967216286e+02
316 0 +3.298969247e+02 +3.298969247e+02 +2.889369247e+02 +2.889369247e+02
322 0 +3.230389226e+02 +3.230389226e+02 +2.820789226e+02 +2.820789226e+02
335 0 +3.135041944e+02 +3.135041944e+02 +2.725441944e+02 +2.725441944e+02
339 0 +3.027375322e+02 +3.027375322e+02 +2.617775322e+02 +2.617775322e+02
351 0 +2.951765827e+02 +2.951765827e+02 +2.542165827e+02 +2.542165827e+02
365 0 +2.864000506e+02 +2.864000506e+02 +2.454400506e+02 +2.454400506e+02
368 0 +2.774412947e+02 +2.774412947e+02 +2.364812947e+02 +2.364812947e+02
373 0 +2.611361948e+02 +2.611361948e+02 +2.201761948e+02 +2.201761948e+02
374 0 +2.362896570e+02 +2.362896570e+02 +1.953296570e+02 +1.953296570e+02
384 0 +2.285630855e+02 +2.285630855e+02 +1.876030855e+02 +1.876030855e+02
419 0 +2.119482398e+02 +2.119482398e+02 +1.709882398e+02 +1.709882398e+02
