% f evaluations | g evaluations | best noise-free fitness - Fopt | noise-free fitness - Fopt (-9.210000000000e+00) | measured fitness | best measured fitness | x1 | x2...
1 0 +7.081138830e+01 +7.081138830e+01 +6.160138830e+01 +6.160138830e+01 +0.0000e+00 +0.0000e+00 +0.0000e+00
11 0 +6.213802218e+01 +6.213802218e+01 +5.292802218e+01 +5.292802218e+01 +3.6010e-01 +1.8378e-01 +7.7321e-01
12 0 +5.826625198e+01 +5.826625198e+01 +4.905625198e+01 +4.905625198e+01 +2.4697e-01 +9.5243e-01 +9.2863e-01
20 0 +5.325438375e+01 +5.325438375e+01 +4.404438375e+01 +4.404438375e+01 -9.3573e-01 +8.1244e-01 +1.5924e+00
22 0 +3.683521728e+01 +3.683521728e+01 +2.762521728e+01 +2.762521728e+01 -6.8856e+00 -1.5843e+00 +4.5872e+00
27 0 +3.106760258e+01 +3.106760258e+01 +2.185760258e+01 +2.185760258e+01 +3.1933e+00 +9.8780e-01 +3.3427e+00
32 0 +1.419975893e+01 +1.419975893e+01 +4.989758928e+00 +4.989758928e+00 +1.1502e-01 +2.0544e+00 +5.5209e+00
61 0 +0.000000000e+00 +0.000000000e+00 -9.210000000e+00 -9.210000000e+00 +2.2436e+01 +2.0946e+01 +1.5673e+01
% f evaluations | g evaluations | best noise-free fitness - Fopt | noise-free fitness - Fopt (6.559900000000e+02) | measured fitness | best measured fitness | x1 | x2...
1 0 +7.081138830e+01 +7.081138830e+01 +7.268013883e+02 +7.268013883e+02 +0.0000e+00 +0.0000e+00 +0.0000e+00
3 0 +6.501283248e+01 +6.501283248e+01 +7.210028325e+02 +7.210028325e+02 +1.6536e-01 -1.4311e+00 -1.1076e-01
5 0 +4.771048736e+01 +4.771048736e+01 +7.037004874e+02 +7.037004874e+02 -1.6794e-01 -9.1096e-01 -2.0388e+00
14 0 +4.153786182e+01 +4.153786182e+01 +6.975278618e+02 +6.975278618e+02 -2.2144e-01 -3.4886e-01 -2.8392e+00
17 0 +3.432543563e+01 +3.432543563e+01 +6.903154356e+02 +6.903154356e+02 +1.6421e-01 -3.3547e+00 -2.5713e+00
24 0 +1.106268692e+01 +1.106268692e+01 +6.670526869e+02 +6.670526869e+02 +1.1744e+00 -2.7114e+00 -7.3493e+00
34 0 +0.000000000e+00 +0.000000000e+00 +6.559900000e+02 +6.559900000e+02 +7.2835e+00 -1.3914e+01 -9.4522e+00
% f evaluations | g evaluations | best noise-free fitness - Fopt | noise-free fitness - Fopt (6.671000000000e+01) | measured fitness | best measured fitness | x1 | x2...
1 0 +7.081138830e+01 +7.081138830e+01 +1.375213883e+02 +1.375213883e+02 +0.0000e+00 +0.0000e+00 +0.0000e+00
2 0 +6.907577866e+01 +6.907577866e+01 +1.357857787e+02 +1.357857787e+02 +4.5226e-01 -2.6135e-01 -1.3614e-01
5 0 +6.466272422e+01 +6.466272422e+01 +1.313727242e+02 +1.313727242e+02 -2.3081e-01 -1.6504e+00 -6.9885e-02
7 0 +5.338923915e+01 +5.338923915e+01 +1.200992391e+02 +1.200992391e+02 -4.8188e-01 -2.0802e+00 -1.0362e+00
17 0 +4.082037218e+01 +4.082037218e+01 +1.075303722e+02 +1.075303722e+02 -6.6816e-01 -2.5740e+00 -2.1183e+00
22 0 +1.042208928e+00 +1.042208928e+00 +6.775220893e+01 +6.775220893e+01 -3.9578e+00 -2.8683e+01 -8.7536e+00
26 0 +0.000000000e+00 +0.000000000e+00 +6.671000000e+01 +6.671000000e+01 -7.2976e+00 -5.4370e+00 -5.1329e+00
% f evaluations | g evaluations | best noise-free fitness - Fopt | noise-free fitness - Fopt (9.416700000000e+02) | measured fitness | best measured fitness | x1 | x2...
1 0 +7.081138830e+01 +7.081138830e+01 +1.012481388e+03 +1.012481388e+03 +0.0000e+00 +0.0000e+00 +0.0000e+00
3 0 +6.602029205e+01 +6.602029205e+01 +1.007690292e+03 +1.007690292e+03 -1.0258e+00 -1.1626e+00 +8.8942e-03
7 0 +6.433647093e+01 +6.433647093e+01 +1.006006471e+03 +1.006006471e+03 -3.4195e-01 -1.9442e+00 -1.5245e-03
13 0 +6.166679211e+01 +6.166679211e+01 +1.003336792e+03 +1.003336792e+03 -2.7915e-01 -2.7815e+00 +6.9711e-03
14 0 +5.879626009e+01 +5.879626009e+01 +1.000466260e+03 +1.000466260e+03 -1.8723e+00 -3.2121e+00 -1.4805e-03
24 0 +5.541678874e+01 +5.541678874e+01 +9.970867887e+02 +9.970867887e+02 -2.4132e-02 -5.0206e+00 -4.4092e-02
25 0 +5.433143457e+01 +5.433143457e+01 +9.960014346e+02 +9.960014346e+02 -9.1094e-01 -5.4034e+00 -2.4238e-02
30 0 +5.348180301e+01 +5.348180301e+01 +9.951518030e+02 +9.951518030e+02 -2.6734e+00 -4.5798e+00 +1.7353e-02
38 0 +5.128970757e+01 +5.128970757e+01 +9.929597076e+02 +9.929597076e+02 -3.7665e+00 -7.9292e+00 -5.6217e-03
42 0 +4.996292097e+01 +4.996292097e+01 +9.916329210e+02 +9.916329210e+02 -4.6964e+00 -1.9872e+01 +3.4070e-02
56 0 +4.887508733e+01 +4.887508733e+01 +9.905450873e+02 +9.905450873e+02 -9.3688e+00 -6.7985e+01 +1.1249e-01
68 0 +4.753952814e+01 +4.753952814e+01 +9.892095281e+02 +9.892095281e+02 -2.5278e+01 -6.3824e+01 +2.4605e-01
80 0 +4.232948582e+01 +4.232948582e+01 +9.839994858e+02 +9.839994858e+02 -2.6681e+01 -1.1587e+02 +7.6705e-01
82 0 +4.108704008e+01 +4.108704008e+01 +9.827570401e+02 +9.827570401e+02 -6.3680e+00 -5.3331e+01 +8.9130e-01
90 0 +3.974327254e+01 +3.974327254e+01 +9.814132725e+02 +9.814132725e+02 -1.4236e+01 -2.0077e+02 +1.0257e+00
99 0 +3.661138185e+01 +3.661138185e+01 +9.782813819e+02 +9.782813819e+02 -8.3557e+00 -8.7690e+01 +1.3389e+00
101 0 +3.426184072e+01 +3.426184072e+01 +9.759318407e+02 +9.759318407e+02 -5.4676e+01 -1.6114e+02 +1.5738e+00
105 0 +3.163625869e+01 +3.163625869e+01 +9.733062587e+02 +9.733062587e+02 -7.4758e+01 -1.5626e+02 +1.8364e+00
112 0 +3.154885354e+01 +3.154885354e+01 +9.732188535e+02 +9.732188535e+02 -6.4737e+01 -2.2355e+02 +1.8451e+00
113 0 +2.922750613e+01 +2.922750613e+01 +9.708975061e+02 +9.708975061e+02 -6.3962e+01 -8.0625e+01 +2.0772e+00
116 0 +2.707483089e+01 +2.707483089e+01 +9.687448309e+02 +9.687448309e+02 -9.2048e+01 -1.0670e+02 +2.2925e+00
122 0 +2.600301080e+01 +2.600301080e+01 +9.676730108e+02 +9.676730108e+02 -8.2933e+01 -2.3694e+02 +2.3997e+00
123 0 +1.934848711e+01 +1.934848711e+01 +9.610184871e+02 +9.610184871e+02 -9.9413e+01 -6.1074e+01 +3.0652e+00
136 0 +1.338738317e+01 +1.338738317e+01 +9.550573832e+02 +9.550573832e+02 -1.1763e+02 -1.6734e+02 +3.6613e+00
137 0 +1.007157251e+01 +1.007157251e+01 +9.517415725e+02 +9.517415725e+02 -6.9516e+01 -2.2116e+02 +3.9928e+00
142 0 +3.753907792e+00 +3.753907792e+00 +9.454239078e+02 +9.454239078e+02 -8.7149e+01 -2.7937e+02 +4.6246e+00
146 0 +3.107126899e+00 +3.107126899e+00 +9.447771269e+02 +9.447771269e+02 -7.8639e+01 -1.1417e+01 +4.6893e+00
148 0 +6.796293468e-01 +6.796293468e-01 +9.423496293e+02 +9.423496293e+02 -3.1813e+01 -1.8711e+02 +4.9320e+00
152 0 +0.000000000e+00 +0.000000000e+00 +9.416700000e+02 +9.416700000e+02 -1.5646e+02 -3.2898e+02 +5.0411e+00
% f evaluations | g evaluations | best noise-free fitness - Fopt | noise-free fitness - Fopt (-3.745000000000e+01) | measured fitness | best measured fitness | x1 | x2...
1 0 +7.081138830e+01 +7.081138830e+01 +3.336138830e+01 +3.336138830e+01 +0.0000e+00 +0.0000e+00 +0.0000e+00
4 0 +6.704419896e+01 +6.704419896e+01 +2.959419896e+01 +2.959419896e+01 +3.4311e-04 +4.0982e-01 +2.4709e-01
13 0 +6.577913089e+01 +6.577913089e+01 +2.832913089e+01 +2.832913089e+01 -2.4863e-02 +9.8027e-01 +1.9572e-01
17 0 +5.630321602e+01 +5.630321602e+01 +1.885321602e+01 +1.885321602e+01 +1.0259e-03 +1.8678e+00 +8.6006e-01
23 0 +5.186608894e+01 +5.186608894e+01 +1.441608894e+01 +1.441608894e+01 -7.8350e-02 +1.3385e+00 +1.4791e+00
24 0 +4.459169786e+01 +4.459169786e+01 +7.141697856e+00 +7.141697856e+00 -7.9120e-02 +4.2039e+00 +1.3005e+00
31 0 +4.029355720e+01 +4.029355720e+01 +2.843557205e+00 +2.843557205e+00 +1.2508e-02 +4.6294e+00 +1.5866e+00
34 0 +3.078136822e+01 +3.078136822e+01 -6.668631785e+00 -6.668631785e+00 -1.6722e-02 +4.4096e+00 +2.6102e+00
46 0 +7.239560634e+00 +7.239560634e+00 -3.021043937e+01 -3.021043937e+01 -2.1875e-01 +4.3610e+00 +5.3081e+00
49 0 +4.995860565e+00 +4.995860565e+00 -3.245413943e+01 -3.245413943e+01 +2.4099e-02 +4.9937e+00 +7.0864e+00
56 0 +4.658311833e+00 +4.658311833e+00 -3.279168817e+01 -3.279168817e+01 +3.4169e-01 +2.1607e+01 +7.7380e+00
58 0 +4.535812427e+00 +4.535812427e+00 -3.291418757e+01 -3.291418757e+01 +4.6419e-01 +7.6440e+00 +8.4365e+00
66 0 +3.898225808e+00 +3.898225808e+00 -3.355177419e+01 -3.355177419e+01 +1.1018e+00 +1.5613e+01 +3.7749e+01
73 0 +0.000000000e+00 +0.000000000e+00 -3.745000000e+01 -3.745000000e+01 +7.3188e+00 +1.4515e+02 +9.8660e+00
% f evaluations | g evaluations | best noise-free fitness - Fopt | noise-free fitness - Fopt (-6.639000000000e+01) | measured fitness | best measured fitness | x1 | x2...
1 0 +7.081138830e+01 +7.081138830e+01 +4.421388301e+00 +4.421388301e+00 +0.0000e+00 +0.0000e+00 +0.0000e+00
4 0 +7.034344324e+01 +7.034344324e+01 +3.953443242e+00 +3.953443242e+00 +1.0066e+00 +7.4904e-02 -1.2377e-01
6 0 +6.562242990e+01 +6.562242990e+01 -7.675700978e-01 -7.675700978e-01 -1.6962e+00 +3.7691e-01 -2.3009e-01
22 0 +5.942879261e+01 +5.942879261e+01 -6.961207386e+00 -6.961207386e+00 -1.9788e+00 +3.7122e-01 -8.2299e-01
24 0 +5.844759093e+01 +5.844759093e+01 -7.942409074e+00 -7.942409074e+00 -4.9118e+00 +9.5979e-01 -4.4169e-01
32 0 +5.640743185e+01 +5.640743185e+01 -9.982568155e+00 -9.982568155e+00 -1.0683e+00 +2.6484e+00 -4.9606e-01
35 0 +5.584658848e+01 +5.584658848e+01 -1.054341152e+01 -1.054341152e+01 -9.9089e+00 -5.2538e-02 -1.0131e+00
38 0 +4.582057651e+01 +4.582057651e+01 -2.056942349e+01 -2.056942349e+01 -6.6680e+00 +1.6207e+00 -1.4866e+00
42 0 +4.204332395e+01 +4.204332395e+01 -2.434667605e+01 -2.434667605e+01 -1.5402e+01 +4.8319e+00 -8.4884e-01
44 0 +4.029219826e+01 +4.029219826e+01 -2.609780174e+01 -2.609780174e+01 -6.5135e+00 +4.1270e+00 -1.2469e+00
48 0 +3.221513475e+01 +3.221513475e+01 -3.417486525e+01 -3.417486525e+01 -8.0484e+00 +2.3109e+00 -2.6289e+00
59 0 +3.002746785e+01 +3.002746785e+01 -3.636253215e+01 -3.636253215e+01 -4.0253e+00 +4.8631e+00 -2.1380e+00
67 0 +2.480681027e+01 +2.480681027e+01 -4.158318973e+01 -4.158318973e+01 -2.0751e+01 +6.1292e+00 -2.5193e+00
68 0 +2.006120278e+01 +2.006120278e+01 -4.632879722e+01 -4.632879722e+01 -1.4876e+01 +4.5172e+00 -3.1466e+00
74 0 +5.590427239e+00 +5.590427239e+00 -6.079957276e+01 -6.079957276e+01 -3.0227e+01 +5.8611e+00 -4.4410e+00
82 0 +4.481591204e-01 +4.481591204e-01 -6.594184088e+01 -6.594184088e+01 -4.5518e+00 +7.7034e+00 -5.3645e+00
83 0 +0.000000000e+00 +0.000000000e+00 -6.639000000e+01 -6.639000000e+01 -3.1391e+01 +7.3113e+00 -5.2964e+00
% f evaluations | g evaluations | best noise-free fitness - Fopt | noise-free fitness - Fopt (-2.260100000000e+02) | measured fitness | best measured fitness | x1 | x2...
1 0 +7.081138830e+01 +7.081138830e+01 -1.551986117e+02 -1.551986117e+02 +0.0000e+00 +0.0000e+00 +0.0000e+00
2 0 +6.773804352e+01 +6.773804352e+01 -1.582719565e+02 -1.582719565e+02 +2.4566e-01 +1.0264e-02 +3.2865e-01
3 0 +6.480778454e+01 +6.480778454e+01 -1.612022155e+02 -1.612022155e+02 +3.5998e-01 -3.3384e-01 +7.4193e-01
6 0 +5.979055575e+01 +5.979055575e+01 -1.662194443e+02 -1.662194443e+02 +1.9820e-01 +1.4193e-01 +1.0770e+00
8 0 +4.420284111e+01 +4.420284111e+01 -1.818071589e+02 -1.818071589e+02 -3.4556e-02 +1.5584e-01 +2.6081e+00
12 0 +4.034403860e+01 +4.034403860e+01 -1.856659614e+02 -1.856659614e+02 -3.5024e-01 +1.8986e-01 +2.9517e+00
14 0 +3.463793794e+01 +3.463793794e+01 -1.913720621e+02 -1.913720621e+02 -4.2055e-01 +3.9190e-01 +3.4514e+00
15 0 +2.843530517e+01 +2.843530517e+01 -1.975746948e+02 -1.975746948e+02 -4.3011e-01 -3.8724e-02 +4.2068e+00
22 0 +2.518624278e+01 +2.518624278e+01 -2.008237572e+02 -2.008237572e+02 -4.7764e-01 -6.9851e-01 +4.7356e+00
23 0 +2.222646725e+01 +2.222646725e+01 -2.037835327e+02 -2.037835327e+02 -3.8941e-01 +1.9669e-02 +4.8133e+00
26 0 +2.058142709e+01 +2.058142709e+01 -2.054285729e+02 -2.054285729e+02 -5.2106e-01 -9.2053e-02 +6.5171e+00
44 0 +1.955701946e+01 +1.955701946e+01 -2.064529805e+02 -2.064529805e+02 -7.8423e-01 +1.4867e-01 +8.1407e+00
45 0 +1.942764148e+01 +1.942764148e+01 -2.065823585e+02 -2.065823585e+02 -7.7487e-01 +1.9254e-01 +5.8556e+00
54 0 +1.881424282e+01 +1.881424282e+01 -2.071957572e+02 -2.071957572e+02 -9.0781e-01 +3.4448e-01 +7.5443e+00
63 0 +1.851155564e+01 +1.851155564e+01 -2.074984444e+02 -2.074984444e+02 -7.7297e-01 +4.8284e-01 +8.0480e+00
64 0 +1.800244789e+01 +1.800244789e+01 -2.080075521e+02 -2.080075521e+02 -8.1478e-01 +6.3061e-01 +7.3650e+00
72 0 +1.772277339e+01 +1.772277339e+01 -2.082872266e+02 -2.082872266e+02 -9.1634e-01 +6.8693e-01 +7.1737e+00
80 0 +1.688412497e+01 +1.688412497e+01 -2.091258750e+02 -2.091258750e+02 -9.2202e-01 +9.5034e-01 +9.1204e+00
91 0 +1.507900920e+01 +1.507900920e+01 -2.109309908e+02 -2.109309908e+02 -9.9964e-01 +1.4966e+00 +8.0899e+00
98 0 +1.379207600e+01 +1.379207600e+01 -2.122179240e+02 -2.122179240e+02 -1.1725e+00 +1.8489e+00 +8.7682e+00
103 0 +1.321680187e+01 +1.321680187e+01 -2.127931981e+02 -2.127931981e+02 -1.3085e+00 +1.9878e+00 +7.3253e+00
116 0 +1.200106635e+01 +1.200106635e+01 -2.140089336e+02 -2.140089336e+02 -1.8190e+00 +2.2109e+00 +1.4805e+01
117 0 +1.118745817e+01 +1.118745817e+01 -2.148225418e+02 -2.148225418e+02 -1.6452e+00 +2.5231e+00 +1.5233e+01
118 0 +1.078491538e+01 +1.078491538e+01 -2.152250846e+02 -2.152250846e+02 -1.5242e+00 +2.6887e+00 +1.2186e+01
121 0 +1.050760411e+01 +1.050760411e+01 -2.155023959e+02 -2.155023959e+02 -1.6317e+00 +2.7424e+00 +1.2325e+01
126 0 +1.023564193e+01 +1.023564193e+01 -2.157743581e+02 -2.157743581e+02 -1.2055e+00 +2.9631e+00 +1.3492e+01
128 0 +9.785388648e+00 +9.785388648e+00 -2.162246114e+02 -2.162246114e+02 -1.7067e+00 +2.9470e+00 +1.7873e+01
131 0 +8.702180864e+00 +8.702180864e+00 -2.173078191e+02 -2.173078191e+02 -2.3392e+00 +3.0895e+00 +8.8110e+00
133 0 +6.097556118e+00 +6.097556118e+00 -2.199124439e+02 -2.199124439e+02 -2.1992e+00 +3.9575e+00 +6.9951e+00
142 0 +4.031162309e+00 +4.031162309e+00 -2.219788377e+02 -2.219788377e+02 -1.9316e+00 +4.6955e+00 +5.3169e+00
149 0 +3.623840798e+00 +3.623840798e+00 -2.223861592e+02 -2.223861592e+02 -1.8714e+00 +4.8434e+00 +1.4648e+01
153 0 +2.955782439e+00 +2.955782439e+00 -2.230542176e+02 -2.230542176e+02 -2.5408e+00 +4.8430e+00 +1.1494e+01
160 0 +2.630423506e+00 +2.630423506e+00 -2.233795765e+02 -2.233795765e+02 -2.3696e+00 +5.1080e+00 +8.1335e+00
163 0 +1.818749635e+00 +1.818749635e+00 -2.241912504e+02 -2.241912504e+02 -3.1813e+00 +5.0498e+00 +7.3058e+00
164 0 +1.672501572e+00 +1.672501572e+00 -2.243374984e+02 -2.243374984e+02 -3.3275e+00 +5.1939e+00 +1.4803e+01
169 0 +1.461676777e+00 +1.461676777e+00 -2.245483232e+02 -2.245483232e+02 -3.5383e+00 +5.5011e+00 +1.0500e+01
180 0 +9.347721314e-01 +9.347721314e-01 -2.250752279e+02 -2.250752279e+02 -4.0652e+00 +5.6429e+00 +8.8548e+00
192 0 +9.116795553e-01 +9.116795553e-01 -2.250983204e+02 -2.250983204e+02 -4.0883e+00 +7.1041e+00 +1.1703e+01
197 0 +5.521430064e-01 +5.521430064e-01 -2.254578570e+02 -2.254578570e+02 -4.4479e+00 +6.3849e+00 +7.5936e+00
202 0 +0.000000000e+00 +0.000000000e+00 -2.260100000e+02 -2.260100000e+02 -5.0991e+00 +6.3860e+00 +9.3466e+00
% f evaluations | g evaluations | best noise-free fitness - Fopt | noise-free fitness - Fopt (1.000000000000e+03) | measured fitness | best measured fitness | x1 | x2...
1 0 +7.081138830e+01 +7.081138830e+01 +1.070811388e+03 +1.070811388e+03 +0.0000e+00 +0.0000e+00 +0.0000e+00
4 0 +6.182616932e+01 +6.182616932e+01 +1.061826169e+03 +1.061826169e+03 -1.4843e-01 -5.5303e-02 +9.0117e-01
6 0 +5.293446769e+01 +5.293446769e+01 +1.052934468e+03 +1.052934468e+03 +1.8270e-01 +7.2210e-02 +1.7831e+00
12 0 +4.362996875e+01 +4.362996875e+01 +1.043629969e+03 +1.043629969e+03 +1.9893e-01 +3.1234e-01 +2.6393e+00
13 0 +2.781993077e+01 +2.781993077e+01 +1.027819931e+03 +1.027819931e+03 +1.9095e-01 +1.6480e-01 +4.2661e+00
14 0 +2.581157565e+01 +2.581157565e+01 +1.025811576e+03 +1.025811576e+03 +4.8630e-02 +3.9980e-01 +4.3784e+00
22 0 +2.169695539e+01 +2.169695539e+01 +1.021696955e+03 +1.021696955e+03 -4.9210e-01 -4.3566e-01 +6.0330e+00
24 0 +1.999069525e+01 +1.999069525e+01 +1.019990695e+03 +1.019990695e+03 +8.2732e-01 +5.2115e-01 +6.1245e+00
25 0 +1.669939249e+01 +1.669939249e+01 +1.016699392e+03 +1.016699392e+03 +2.6020e-01 +1.3826e+00 +6.1272e+00
32 0 +1.075492463e+01 +1.075492463e+01 +1.010754925e+03 +1.010754925e+03 +1.5167e-01 +3.2281e+00 +2.9650e+01
40 0 +8.821838716e+00 +8.821838716e+00 +1.008821839e+03 +1.008821839e+03 +3.8218e+00 +6.3607e+00 +1.9498e+01
51 0 +3.527753413e+00 +3.527753413e+00 +1.003527753e+03 +1.003527753e+03 -1.4722e+00 +1.4468e+01 +3.6802e+01
66 0 +0.000000000e+00 +0.000000000e+00 +1.000000000e+03 +1.000000000e+03 -2.7914e+01 +3.7637e+01 +5.6717e+02
% f evaluations | g evaluations | best noise-free fitness - Fopt | noise-free fitness - Fopt (-1.830200000000e+02) | measured fitness | best measured fitness | x1 | x2...
1 0 +7.081138830e+01 +7.081138830e+01 -1.122086117e+02 -1.122086117e+02 +0.0000e+00 +0.0000e+00 +0.0000e+00
2 0 +6.597079431e+01 +6.597079431e+01 -1.170492057e+02 -1.170492057e+02 +4.9127e-02 +1.7965e+00 -1.0472e+00
4 0 +5.794975056e+01 +5.794975056e+01 -1.250702494e+02 -1.250702494e+02 +2.2804e-01 +7.3311e-02 -1.2865e+00
7 0 +4.835191706e+01 +4.835191706e+01 -1.346680829e+02 -1.346680829e+02 -1.0810e+00 -4.4241e+00 -9.5502e-01
12 0 +3.128133663e+01 +3.128133663e+01 -1.517386634e+02 -1.517386634e+02 +3.9765e+00 -2.6319e+00 -2.7231e+00
22 0 +2.222377890e+01 +2.222377890e+01 -1.607962211e+02 -1.607962211e+02 +3.5620e+00 -6.8509e+00 -2.9214e+00
36 0 +9.030548233e+00 +9.030548233e+00 -1.739894518e+02 -1.739894518e+02 +6.1194e+00 -1.0806e+01 -4.0969e+00
39 0 +7.441834350e-01 +7.441834350e-01 -1.822758166e+02 -1.822758166e+02 +4.2558e+00 -7.7069e+00 -5.7908e+00
42 0 +0.000000000e+00 +0.000000000e+00 -1.830200000e+02 -1.830200000e+02 +6.7372e+00 -1.1265e+01 -6.6899e+00
% f evaluations | g evaluations | best noise-free fitness - Fopt | noise-free fitness - Fopt (-1.026200000000e+02) | measured fitness | best measured fitness | x1 | x2...
1 0 +7.081138830e+01 +7.081138830e+01 -3.180861170e+01 -3.180861170e+01 +0.0000e+00 +0.0000e+00 +0.0000e+00
2 0 +5.307637002e+01 +5.307637002e+01 -4.954362998e+01 -4.954362998e+01 +5.2295e-01 -1.8838e+00 -1.2301e+00
12 0 +3.559486236e+01 +3.559486236e+01 -6.702513764e+01 -6.702513764e+01 +1.8988e-01 -1.4505e+00 -3.0819e+00
18 0 +3.007595053e+01 +3.007595053e+01 -7.254404947e+01 -7.254404947e+01 +1.1425e+00 -1.9843e+00 -3.5603e+00
27 0 +2.312974924e+01 +2.312974924e+01 -7.949025076e+01 -7.949025076e+01 +9.9747e-01 -1.5213e+00 -4.3868e+00
29 0 +1.643180101e+01 +1.643180101e+01 -8.618819899e+01 -8.618819899e+01 +9.8017e-01 -1.6949e+00 -5.7579e+00
34 0 +1.462028538e+01 +1.462028538e+01 -8.799971462e+01 -8.799971462e+01 +8.3129e-01 -2.2207e+00 -1.1065e+01
39 0 +1.120554348e+01 +1.120554348e+01 -9.141445652e+01 -9.141445652e+01 -2.3777e-01 -2.9624e+00 -6.2842e+00
46 0 +4.978891422e+00 +4.978891422e+00 -9.764110858e+01 -9.764110858e+01 -2.1109e-02 -7.7498e+00 -6.6990e+00
47 0 +4.645635430e+00 +4.645635430e+00 -9.797436457e+01 -9.797436457e+01 -3.5436e-01 -1.4899e+01 -2.4527e+01
57 0 +0.000000000e+00 +0.000000000e+00 -1.026200000e+02 -1.026200000e+02 -1.0973e+01 -7.9243e+00 -1.1963e+01
% f evaluations | g evaluations | best noise-free fitness - Fopt | noise-free fitness - Fopt (9.953000000000e+01) | measured fitness | best measured fitness | x1 | x2...
1 0 +7.081138830e+01 +7.081138830e+01 +1.703413883e+02 +1.703413883e+02 +0.0000e+00 +0.0000e+00 +0.0000e+00
2 0 +6.427746860e+01 +6.427746860e+01 +1.638074686e+02 +1.638074686e+02 -1.9283e-01 -9.6200e-01 -3.2990e-01
6 0 +4.751262585e+01 +4.751262585e+01 +1.470426259e+02 +1.470426259e+02 -2.1453e-01 -1.5206e+00 -1.8276e+00
16 0 +4.178104595e+01 +4.178104595e+01 +1.413110459e+02 +1.413110459e+02 -3.1617e-01 -1.8816e+00 -2.2764e+00
26 0 +2.499568307e+01 +2.499568307e+01 +1.245256831e+02 +1.245256831e+02 -1.4533e+00 -3.1735e+00 -3.4327e+00
27 0 +8.886578208e+00 +8.886578208e+00 +1.084165782e+02 +1.084165782e+02 +1.0894e+00 -4.1154e+00 -5.1675e+00
32 0 +5.929771518e+00 +5.929771518e+00 +1.054597715e+02 +1.054597715e+02 +9.2977e-01 -9.1990e+00 -1.1639e+01
38 0 +3.021663861e+00 +3.021663861e+00 +1.025516639e+02 +1.025516639e+02 -1.9783e+00 -6.3951e+00 -7.9327e+00
42 0 +0.000000000e+00 +0.000000000e+00 +9.953000000e+01 +9.953000000e+01 -9.1043e+00 -1.5611e+01 -2.2248e+01
% f evaluations | g evaluations | best noise-free fitness - Fopt | noise-free fitness - Fopt (1.495900000000e+02) | measured fitness | best measured fitness | x1 | x2...
1 0 +7.081138830e+01 +7.081138830e+01 +2.204013883e+02 +2.204013883e+02 +0.0000e+00 +0.0000e+00 +0.0000e+00
2 0 +6.926363752e+01 +6.926363752e+01 +2.188536375e+02 +2.188536375e+02 +1.3908e+00 -2.0257e-01 -3.5791e-01
4 0 +5.945272531e+01 +5.945272531e+01 +2.090427253e+02 +2.090427253e+02 -3.7990e-01 +1.2064e+00 -7.1637e-01
5 0 +5.540501035e+01 +5.540501035e+01 +2.049950103e+02 +2.049950103e+02 +9.3850e-01 +9.6602e-01 -1.3290e+00
11 0 +3.818681354e+01 +3.818681354e+01 +1.877768135e+02 +1.877768135e+02 -4.3599e-01 +1.6439e+00 -2.6990e+00
27 0 +3.107374420e+01 +3.107374420e+01 +1.806637442e+02 +1.806637442e+02 +1.6921e-01 +1.8480e+00 -3.4063e+00
32 0 +2.333374041e+01 +2.333374041e+01 +1.729237404e+02 +1.729237404e+02 -7.5798e-02 +1.0417e+00 -4.4108e+00
36 0 +1.657841233e+01 +1.657841233e+01 +1.661684123e+02 +1.661684123e+02 +4.0467e-01 +1.7500e+00 -4.9104e+00
42 0 +1.144685711e+01 +1.144685711e+01 +1.610368571e+02 +1.610368571e+02 +1.8408e+00 +3.5434e+00 -5.0391e+00
55 0 +8.142543529e+00 +8.142543529e+00 +1.577325435e+02 +1.577325435e+02 -3.4533e+00 +2.9142e+00 -6.6269e+00
63 0 +2.712416169e+00 +2.712416169e+00 +1.523024162e+02 +1.523024162e+02 -2.7219e+00 +4.8627e+00 -8.8207e+00
73 0 +1.086654106e+00 +1.086654106e+00 +1.506766541e+02 +1.506766541e+02 -3.9133e+00 +6.3617e+00 -9.6251e+00
82 0 +6.609905598e-01 +6.609905598e-01 +1.502509906e+02 +1.502509906e+02 -4.3390e+00 +7.5294e+00 -5.5725e+00
84 0 +0.000000000e+00 +0.000000000e+00 +1.495900000e+02 +1.495900000e+02 -5.2034e+00 +7.2887e+00 -9.9174e+00
% f evaluations | g evaluations | best noise-free fitness - Fopt | noise-free fitness - Fopt (-1.000000000000e+03) | measured fitness | best measured fitness | x1 | x2...
1 0 +7.081138830e+01 +7.081138830e+01 -9.291886117e+02 -9.291886117e+02 +0.0000e+00 +0.0000e+00 +0.0000e+00
2 0 +7.070157543e+01 +7.070157543e+01 -9.292984246e+02 -9.292984246e+02 -8.2327e-02 -2.6742e-01 +6.5353e-02
3 0 +6.879148346e+01 +6.879148346e+01 -9.312085165e+02 -9.312085165e+02 -1.9816e-03 +9.8620e-02 -2.3337e-01
5 0 +6.601132359e+01 +6.601132359e+01 -9.339886764e+02 -9.339886764e+02 -6.6645e-02 -1.1799e-01 -4.4936e-01
13 0 +6.196828297e+01 +6.196828297e+01 -9.380317170e+02 -9.380317170e+02 +2.0632e-02 -3.1308e-02 -8.7235e-01
23 0 +5.659658867e+01 +5.659658867e+01 -9.434034113e+02 -9.434034113e+02 -1.8640e-02 -1.3081e-01 -1.3820e+00
27 0 +5.438223927e+01 +5.438223927e+01 -9.456177607e+02 -9.456177607e+02 +8.1754e-02 -4.7288e-01 -1.4852e+00
33 0 +5.237361778e+01 +5.237361778e+01 -9.476263822e+02 -9.476263822e+02 +1.2836e-01 -5.0136e-01 -1.6724e+00
34 0 +4.938258292e+01 +4.938258292e+01 -9.506174171e+02 -9.506174171e+02 +7.3125e-02 -4.7019e-01 -1.9869e+00
41 0 +3.354027687e+01 +3.354027687e+01 -9.664597231e+02 -9.664597231e+02 -4.4474e-02 -1.8132e-01 -3.6742e+00
45 0 +1.927098333e+01 +1.927098333e+01 -9.807290167e+02 -9.807290167e+02 -1.2903e-01 -5.2792e-01 -5.4766e+00
47 0 +1.693153647e+01 +1.693153647e+01 -9.830684635e+02 -9.830684635e+02 +2.5592e-01 -1.1460e+00 -6.0141e+00
52 0 +1.139633396e+01 +1.139633396e+01 -9.886036660e+02 -9.886036660e+02 +8.9189e-01 -2.6953e+00 -5.8564e+00
58 0 +1.067831863e+01 +1.067831863e+01 -9.893216814e+02 -9.893216814e+02 +1.8891e+00 -2.6070e+00 -1.1519e+01
63 0 +4.214387534e+00 +4.214387534e+00 -9.957856125e+02 -9.957856125e+02 +1.2239e+00 -4.8614e+00 -1.4939e+01
76 0 +4.023901007e+00 +4.023901007e+00 -9.959760990e+02 -9.959760990e+02 +1.7670e+00 -4.7499e+00 -2.2262e+01
78 0 +3.729170603e+00 +3.729170603e+00 -9.962708294e+02 -9.962708294e+02 +1.2708e+00 -8.8804e+00 -1.0090e+01
82 0 +3.475275078e+00 +3.475275078e+00 -9.965247249e+02 -9.965247249e+02 +1.5247e+00 -5.6330e+00 -1.2781e+01
83 0 +1.708835080e+00 +1.708835080e+00 -9.982911649e+02 -9.982911649e+02 +3.2912e+00 -5.0141e+00 -1.9176e+01
86 0 +5.770451179e-01 +5.770451179e-01 -9.994229549e+02 -9.994229549e+02 +4.4230e+00 -6.3793e+00 -3.0981e+01
88 0 +0.000000000e+00 +0.000000000e+00 -1.000000000e+03 -1.000000000e+03 +5.3466e+00 -6.3486e+00 -2.7409e+01
% f evaluations | g evaluations | best noise-free fitness - Fopt | noise-free fitness - Fopt (-2.922000000000e+01) | measured fitness | best measured fitness | x1 | x2...
1 0 +7.081138830e+01 +7.081138830e+01 +4.159138830e+01 +4.159138830e+01 +0.0000e+00 +0.0000e+00 +0.0000e+00
2 0 +6.075520836e+01 +6.075520836e+01 +3.153520836e+01 +3.153520836e+01 +2.5000e-01 -3.7712e+00 +1.6194e-01
13 0 +6.017748409e+01 +6.017748409e+01 +3.095748409e+01 +3.095748409e+01 +3.3411e-01 -5.5504e+00 +4.8434e-01
18 0 +5.451770061e+01 +5.451770061e+01 +2.529770061e+01 +2.529770061e+01 +4.7488e-01 -4.4490e+00 -2.6996e-01
22 0 +4.668920552e+01 +4.668920552e+01 +1.746920552e+01 +1.746920552e+01 -1.4285e+00 -9.1409e+00 -6.8823e-01
28 0 +4.440434708e+01 +4.440434708e+01 +1.518434708e+01 +1.518434708e+01 -1.4792e+00 -4.4015e+00 -1.1009e+00
32 0 +4.206430345e+01 +4.206430345e+01 +1.284430345e+01 +1.284430345e+01 -1.2384e+00 -4.3904e+00 -1.3625e+00
35 0 +3.502561749e+01 +3.502561749e+01 +5.805617486e+00 +5.805617486e+00 -1.3442e+00 -1.5887e+01 -1.8630e+00
42 0 +0.000000000e+00 +0.000000000e+00 -2.922000000e+01 -2.922000000e+01 -5.9292e+00 -8.7646e+00 -5.1422e+00
% f evaluations | g evaluations | best noise-free fitness - Fopt | noise-free fitness - Fopt (-4.096000000000e+01) | measured fitness | best measured fitness | x1 | x2...
1 0 +7.081138830e+01 +7.081138830e+01 +2.985138830e+01 +2.985138830e+01 +0.0000e+00 +0.0000e+00 +0.0000e+00
2 0 +7.001817882e+01 +7.001817882e+01 +2.905817882e+01 +2.905817882e+01 +1.9999e-01 -5.4794e-01 +2.3260e-01
6 0 +5.502400417e+01 +5.502400417e+01 +1.406400417e+01 +1.406400417e+01 +4.6499e-01 +5.4217e-01 +1.3608e+00
12 0 +4.522236819e+01 +4.522236819e+01 +4.262368188e+00 +4.262368188e+00 +3.0667e-01 -1.1196e-01 +2.5636e+00
25 0 +2.398742692e+01 +2.398742692e+01 -1.697257308e+01 -1.697257308e+01 -1.4017e+00 +6.2408e-01 +4.6252e+00
26 0 +2.163163045e+01 +2.163163045e+01 -1.932836955e+01 -1.932836955e+01 +1.3951e+00 +3.8666e-02 +4.7662e+00
36 0 +9.054045315e+00 +9.054045315e+00 -3.190595468e+01 -3.190595468e+01 +3.1817e+00 +2.7119e+00 +6.1503e+00
52 0 +1.589711828e+00 +1.589711828e+00 -3.937028817e+01 -3.937028817e+01 +3.4103e+00 +7.1201e+00 +1.1889e+01
60 0 +0.000000000e+00 +0.000000000e+00 -4.096000000e+01 -4.096000000e+01 +1.3779e+01 +9.7914e+00 +1.7678e+01
