% f evaluations | g evaluations | best noise-free fitness - Fopt | noise-free fitness - Fopt (-4.620900000000e+02) | measured fitness | best measured fitness | x1 | x2...
1 0 +6.396983841e+02 +6.396983841e+02 +1.776083841e+02 +1.776083841e+02 +0.0000e+00 +0.0000e+00 +0.0000e+00 +0.0000e+00 +0.0000e+00 +0.0000e+00 +0.0000e+00 +0.0000e+00 +0.0000e+00 +0.0000e+00 +0.0000e+00 +0.0000e+00 +0.0000e+00 +0.0000e+00 +0.0000e+00 +0.0000e+00 +0.0000e+00 +0.0000e+00 +0.0000e+00 +0.0000e+00
8 0 +5.754377942e+02 +5.754377942e+02 +1.133477942e+02 +1.133477942e+02 -4.3725e-01 +4.7323e-01 +4.5701e-01 +4.0344e-01 -1.0436e+00 -1.5032e+00 -3.0832e-01 +3.3441e-01 -2.7490e-01 +1.2458e+00 -4.3418e-01 -2.0365e+00 +4.1951e-01 +2.3821e-01 +1.2853e+00 -2.9356e+00 -8.6266e-01 -4.5875e-01 +3.8324e-02 +2.4183e+00
57 0 +5.523716821e+02 +5.523716821e+02 +9.028168210e+01 +9.028168210e+01 +2.1530e-01 +1.4408e+00 +1.6873e+00 -5.2442e-01 +1.9232e+00 +8.0788e-02 +1.2811e+00 +6.6415e-01 -1.3385e-01 -1.6769e+00 -1.0801e+00 -4.7796e+00 -4.7015e-01 +2.7233e-01 -6.8116e-01 -3.8289e+00 -7.2086e-01 +3.1437e-01 -2.2397e-02 -1.5554e+00
66 0 +5.303593995e+02 +5.303593995e+02 +6.826939953e+01 +6.826939953e+01 +1.9216e-01 +2.5385e+00 +1.4740e+00 -5.1319e-01 -4.0880e-01 +7.2675e-01 +7.2668e-01 +1.1447e+00 -1.7148e-01 -1.2478e+00 -5.0563e-01 -2.5485e+00 -1.2474e+00 +4.2001e-01 +2.6206e-01 -4.3691e+00 -6.2024e-01 +5.4668e-01 +5.8664e-02 +2.3139e-01
84 0 +5.129639439e+02 +5.129639439e+02 +5.087394389e+01 +5.087394389e+01 +2.9398e-01 +2.3809e+00 +1.9368e+00 -8.2952e-01 -2.2475e+00 -9.6991e-01 +2.3964e+00 +2.4170e+00 +1.7556e-01 -4.3413e+00 +5.6849e-02 -4.9144e+00 -7.3721e-01 +1.1155e+00 +1.7235e-01 -3.5278e+00 -1.3752e+00 +1.0911e+00 +2.4779e-02 +2.3541e+00
90 0 +4.479268134e+02 +4.479268134e+02 -1.416318664e+01 -1.416318664e+01 +3.5804e-01 +9.2598e-01 +2.1937e+00 -6.3891e-01 +8.6868e-01 +1.7084e+00 +1.5674e+00 +7.2686e-01 -2.0724e-01 -1.6527e+00 -3.0008e-01 -2.2201e+00 -8.2142e-01 +8.0882e-01 +1.4226e-01 -3.3977e+00 -1.5518e+00 +1.3266e+00 -1.6751e-01 +8.4100e-01
% f evaluations | g evaluations | best noise-free fitness - Fopt | noise-free fitness - Fopt (7.766000000000e+01) | measured fitness | best measured fitness | x1 | x2...
1 0 +6.180024892e+02 +6.180024892e+02 +6.956624892e+02 +6.956624892e+02 +0.0000e+00 +0.0000e+00 +0.0000e+00 +0.0000e+00 +0.0000e+00 +0.0000e+00 +0.0000e+00 +0.0000e+00 +0.0000e+00 +0.0000e+00 +0.0000e+00 +0.0000e+00 +0.0000e+00 +0.0000e+00 +0.0000e+00 +0.0000e+00 +0.0000e+00 +0.0000e+00 +0.0000e+00 +0.0000e+00
81 0 +6.164726704e+02 +6.164726704e+02 +6.941326704e+02 +6.941326704e+02 -8.6277e-01 -5.4218e-02 -4.6125e-01 -7.6301e-01 +2.2777e+00 +9.1957e-01 -5.6269e-01 +8.4604e-01 -3.4382e-01 +9.1619e-02 -4.4827e-02 +6.5385e-02 -3.0211e+00 +5.7417e-01 +2.2421e+00 -4.6150e-01 +3.2644e-01 +7.3371e-01 -3.4395e-02 -3.0447e-01
99 0 +5.836971262e+02 +5.836971262e+02 +6.613571262e+02 +6.613571262e+02 -1.1882e+00 +3.1623e-02 -5.8219e-01 -1.6386e-01 +1.9481e+00 -1.0350e+00 +5.6020e-01 +3.7031e+00 -1.7067e+00 +9.1685e-02 -2.2628e-02 -4.7647e-01 -1.5274e+00 +1.4720e+00 +2.9589e+00 -2.0551e-01 +4.0609e-02 +9.5440e-01 -4.1331e-03 -2.6668e+00
114 0 +5.684568093e+02 +5.684568093e+02 +6.461168093e+02 +6.461168093e+02 -1.3187e+00 +1.9835e-01 -5.2639e-01 -1.6146e+00 +1.8273e+00 -2.5414e+00 -1.0017e+00 +2.2809e+00 -1.5032e+00 +4.1935e-02 -1.5292e-02 +2.1821e-01 -2.0509e+00 +1.6768e+00 +1.9977e+00 +5.2444e-01 +2.7189e-01 +9.3417e-01 -2.1675e-02 -3.5756e+00
133 0 +5.417026163e+02 +5.417026163e+02 +6.193626163e+02 +6.193626163e+02 -6.2411e-01 -6.1065e-01 -3.2160e-01 +2.7056e+00 +8.9415e-01 -1.4617e-01 -1.4512e+00 +2.1533e+00 -6.7520e-01 -4.3778e-02 -3.9604e-02 +1.1375e+00 -5.9802e-01 +3.0152e+00 +1.5810e+00 +8.0940e-01 -1.0798e-01 +4.6396e-01 -4.8432e-02 -2.9801e+00
189 0 +5.094270392e+02 +5.094270392e+02 +5.870870392e+02 +5.870870392e+02 -1.0035e-01 -1.0236e+00 -2.4980e-01 +4.4879e+00 +5.5735e-01 -3.7566e+00 -8.6104e-02 +2.7045e+00 -2.5689e+00 -1.8794e-01 -4.9330e-02 +1.8472e+00 -9.9334e-02 +4.6840e-01 +1.8783e+00 +1.2188e+00 +2.5766e-01 +2.3513e-01 -1.1965e-01 -3.4303e+00
211 0 +4.816488855e+02 +4.816488855e+02 +5.593088855e+02 +5.593088855e+02 +4.2853e-01 -1.1883e+00 -2.9972e-02 +4.2932e+00 -2.2838e-01 -3.0280e+00 -6.1606e-03 +1.2784e+00 -2.9752e+00 -2.4569e-01 -5.4719e-02 +1.5657e+00 -7.8175e-01 +9.8951e-01 +2.9099e+00 +8.7659e-01 +2.1310e-01 +9.7878e-02 -1.2489e-01 -3.6287e+00
% f evaluations | g evaluations | best noise-free fitness - Fopt | noise-free fitness - Fopt (1.156800000000e+02) | measured fitness | best measured fitness | x1 | x2...
1 0 +6.938743300e+02 +6.938743300e+02 +8.095543300e+02 +8.095543300e+02 +0.0000e+00 +0.0000e+00 +0.0000e+00 +0.0000e+00 +0.0000e+00 +0.0000e+00 +0.0000e+00 +0.0000e+00 +0.0000e+00 +0.0000e+00 +0.0000e+00 +0.0000e+00 +0.0000e+00 +0.0000e+00 +0.0000e+00 +0.0000e+00 +0.0000e+00 +0.0000e+00 +0.0000e+00 +0.0000e+00
7 0 +6.271045733e+02 +6.271045733e+02 +7.427845733e+02 +7.427845733e+02 -2.7816e-01 -1.8432e+00 -3.8493e-03 -1.8733e-01 -5.5124e-01 +2.2953e-02 +7.5361e-02 -8.3491e-02 -1.7484e-01 -1.9388e+00 -1.8450e-01 +3.5805e-02 +1.4975e+00 +1.0281e+00 -1.7242e-02 -5.9599e-01 -7.6430e-02 -4.4847e-03 +1.3072e+00 +4.3476e-01
11 0 +5.657664228e+02 +5.657664228e+02 +6.814464228e+02 +6.814464228e+02 +2.1922e+00 +2.5004e-02 -2.5879e-01 +1.3228e+00 +1.3205e+00 -7.0014e-02 +1.6552e+00 +1.1174e-01 +3.1119e-02 +1.5934e-01 -1.9486e-01 +8.6489e-02 +1.5509e-01 -2.0585e+00 +4.2884e-01 +7.5052e-02 -9.2786e-02 +7.2303e-01 +1.7960e+00 -4.1317e-01
50 0 +5.248808515e+02 +5.248808515e+02 +6.405608515e+02 +6.405608515e+02 +1.5629e+00 +1.1035e+00 -6.1296e-01 +4.9677e-01 +1.2209e+00 -4.2879e-01 -2.3543e-01 +2.6960e-02 +1.3621e-01 -3.1341e+00 -3.0764e-01 +4.1518e-01 +2.4767e+00 -6.6885e-01 -1.4142e-02 +3.0429e-01 -1.1593e-01 +4.9533e-01 +3.3540e+00 -1.5736e+00
66 0 +5.117546499e+02 +5.117546499e+02 +6.274346499e+02 +6.274346499e+02 +1.1486e+00 +2.3336e+00 -6.0119e-01 -1.0721e+00 +1.0661e+00 -5.4708e-01 -6.5440e-01 +5.3155e-02 +3.6597e-01 -2.7322e+00 -2.0754e-02 +6.6307e-02 +3.2274e+00 -3.0071e-01 +7.5439e-02 +2.6235e-01 -1.9891e-01 +3.7337e-01 +2.6226e+00 -1.8669e+00
98 0 +5.004223150e+02 +5.004223150e+02 +6.161023150e+02 +6.161023150e+02 +2.1160e+00 +1.7060e+00 -2.5679e-01 -9.6916e-01 +1.1203e+00 -5.6151e-01 -7.6813e-01 +6.9444e-02 +7.2450e-01 -1.8979e+00 +2.2375e-02 +2.5307e-02 +3.6472e+00 -8.8065e-01 +2.3317e-01 +5.7008e-02 -2.3389e-01 +9.3043e-01 +2.8692e+00 -1.3092e+00
108 0 +4.770838433e+02 +4.770838433e+02 +5.927638433e+02 +5.927638433e+02 +2.1743e+00 +1.1140e+00 -1.9555e-01 -1.1355e+00 +9.8154e-01 -5.2351e-01 -9.9145e-01 +7.4186e-02 +8.4342e-01 -1.9513e+00 -6.7058e-02 +4.7176e-02 +2.7618e+00 -1.0568e+00 +2.4703e-01 -4.7086e-02 -2.5634e-01 +9.0964e-01 +1.9218e+00 -1.5210e+00
114 0 +4.496224508e+02 +4.496224508e+02 +5.653024508e+02 +5.653024508e+02 +1.9571e+00 +9.3481e-01 -1.1997e-01 -1.0579e+00 +1.1020e+00 -4.7046e-01 -4.1246e-01 +8.0836e-02 +8.2783e-01 -1.9461e+00 +3.1154e-03 -4.6791e-02 +2.4509e+00 -7.2231e-01 +3.5515e-01 +2.8437e-01 -2.2275e-01 +9.8232e-01 +3.0015e+00 -1.5925e+00
164 0 +4.330744694e+02 +4.330744694e+02 +5.487544694e+02 +5.487544694e+02 +1.1339e+00 -5.0126e-01 +9.8344e-02 +1.0672e+00 +1.1706e+00 -9.2392e-01 -3.8702e-01 +1.7998e-01 +1.0626e+00 -2.0064e+00 +4.9081e-02 +2.9232e-01 +9.0069e-01 -2.6325e-01 -1.8323e-02 -1.2315e+00 -3.6607e-01 +1.3460e+00 +3.3206e+00 -1.0855e+00
483 0 +4.233720897e+02 +4.233720897e+02 +5.390520897e+02 +5.390520897e+02 +2.2543e+00 +1.2201e+00 +3.2718e-01 +1.5701e+00 -1.1157e+00 +8.6077e-01 +1.3229e-01 -1.4227e-01 +7.7306e-01 -1.2654e+00 +8.7078e-01 +3.0996e-02 +2.0912e+00 +2.0144e+00 -2.5341e-01 +1.6914e+00 -5.8987e-01 +4.2820e+00 +2.3741e+00 -1.0112e+00
495 0 +4.115242065e+02 +4.115242065e+02 +5.272042065e+02 +5.272042065e+02 +2.4642e+00 +1.2034e+00 +2.4043e-01 +1.6617e+00 -6.7897e-01 +8.7121e-01 -4.6694e-01 -1.4769e-01 +8.5384e-01 -1.0355e+00 +9.6177e-01 +2.0054e-02 +2.0784e+00 +1.6078e+00 -2.6635e-01 +4.8284e-01 -5.9079e-01 +4.4099e+00 +3.1453e+00 -5.1789e-01
531 0 +3.945452474e+02 +3.945452474e+02 +5.102252474e+02 +5.102252474e+02 +1.0892e+00 +1.1931e+00 +2.3112e-01 +2.4065e+00 -3.2012e-01 +1.0044e+00 -1.1397e+00 -2.1633e-01 +8.2227e-01 -1.1605e+00 +1.0654e+00 -7.5039e-02 +1.7115e+00 +2.6072e+00 -6.0634e-01 +1.1401e-01 -6.7891e-01 +4.2250e+00 +3.3761e+00 -1.5510e+00
568 0 +3.717830541e+02 +3.717830541e+02 +4.874630541e+02 +4.874630541e+02 +3.7400e-01 +2.8317e+00 +4.9785e-01 +3.7128e+00 -4.0584e-01 +7.0215e-01 +1.3598e-01 -2.6406e-01 +1.4518e+00 -1.9182e+00 +8.6977e-01 -5.5395e-02 +2.1343e+00 +1.3010e-01 +5.9079e-02 -1.8364e+00 -5.7340e-01 +3.7576e+00 +3.4028e+00 +7.7045e-01
% f evaluations | g evaluations | best noise-free fitness - Fopt | noise-free fitness - Fopt (-3.710000000000e+00) | measured fitness | best measured fitness | x1 | x2...
1 0 +7.220277828e+02 +7.220277828e+02 +7.183177828e+02 +7.183177828e+02 +0.0000e+00 +0.0000e+00 +0.0000e+00 +0.0000e+00 +0.0000e+00 +0.0000e+00 +0.0000e+00 +0.0000e+00 +0.0000e+00 +0.0000e+00 +0.0000e+00 +0.0000e+00 +0.0000e+00 +0.0000e+00 +0.0000e+00 +0.0000e+00 +0.0000e+00 +0.0000e+00 +0.0000e+00 +0.0000e+00
9 0 +6.554465360e+02 +6.554465360e+02 +6.517365360e+02 +6.517365360e+02 +1.3414e+00 +1.0756e+00 -1.0087e-01 -3.9912e-02 +7.4483e-01 -5.7265e-01 -2.7001e-02 +2.1130e-02 +2.4821e+00 +2.3854e+00 +2.4659e-02 +1.1682e+00 +5.2947e-01 +1.0461e-01 +7.6041e-01 +4.9143e-02 +1.4741e-01 +5.6351e-01 +1.4358e-01 -2.9894e-01
235 0 +6.444263461e+02 +6.444263461e+02 +6.407163461e+02 +6.407163461e+02 +7.1214e-01 +8.8404e-01 +9.2623e-01 +1.8000e-01 +4.3800e-02 +3.5572e+00 -4.5901e-01 -2.0238e+00 -6.6491e-01 -2.7323e+00 -1.8367e+00 -2.7625e-01 +2.5400e+00 -6.9943e-01 -1.2351e+00 -3.6063e+00 +1.4359e+00 -2.5319e+00 +2.9118e+00 -2.7115e-01
295 0 +5.557959384e+02 +5.557959384e+02 +5.520859384e+02 +5.520859384e+02 +1.6726e-01 +6.1334e-01 +1.5076e+00 +2.4471e-01 -1.6313e-01 +3.8876e+00 -5.8757e-01 -1.8476e+00 -2.2652e-01 -1.9683e+00 -2.2393e+00 +1.6971e-01 +3.0818e+00 -2.7248e+00 -1.0651e+00 -3.2906e+00 -3.7776e-01 -1.1222e+00 +1.4539e+00 -5.2087e-01
522 0 +4.673559646e+02 +4.673559646e+02 +4.636459646e+02 +4.636459646e+02 +2.1574e+00 -5.5756e-01 +1.1119e+00 +1.5428e-01 +6.8356e-01 +4.4635e+00 -9.8753e-01 -1.8090e+00 +2.3083e+00 -2.8821e+00 -1.0877e+00 +4.5860e+00 +2.5874e+00 -2.3995e+00 -4.1915e-01 -4.4116e+00 +1.1186e+00 +3.3593e+00 +2.1952e+00 -3.8577e-01
719 0 +4.569063463e+02 +4.569063463e+02 +4.531963463e+02 +4.531963463e+02 +2.8792e+00 -2.7632e-01 +8.1499e-01 +7.9077e-02 -2.7547e+00 +4.2599e+00 -5.9390e-01 -1.8813e+00 +1.0062e+00 +5.2358e-01 -9.5859e-01 +3.0463e+00 +2.4228e+00 -2.1305e+00 +1.6673e-01 -4.4209e+00 +3.8686e-01 +2.8054e+00 +2.7284e+00 -2.2749e-01
730 0 +4.466142651e+02 +4.466142651e+02 +4.429042651e+02 +4.429042651e+02 +3.1053e+00 +6.1016e-01 +8.2776e-01 +7.2495e-02 -2.3881e+00 +4.5562e+00 -6.5856e-01 -1.8692e+00 +1.9716e+00 -1.6837e+00 -9.6330e-01 +2.7812e+00 +2.2404e+00 -2.1239e+00 -3.3283e-02 -3.9049e+00 +1.2142e+00 +2.8513e+00 +2.2726e+00 -3.2166e-01
747 0 +4.240444326e+02 +4.240444326e+02 +4.203344326e+02 +4.203344326e+02 +3.1008e+00 +5.1767e-01 +8.3886e-01 +6.2199e-02 -3.1996e+00 +3.8471e+00 -5.9002e-01 -2.0666e+00 +2.2445e+00 -1.3433e+00 -6.1729e-01 +2.8941e+00 +3.5661e+00 -2.9390e+00 +2.7781e-01 -4.1270e+00 +1.2621e+00 +3.3504e+00 +2.8155e+00 -4.2821e-01
% f evaluations | g evaluations | best noise-free fitness - Fopt | noise-free fitness - Fopt (1.321800000000e+02) | measured fitness | best measured fitness | x1 | x2...
1 0 +6.434976601e+02 +6.434976601e+02 +7.756776601e+02 +7.756776601e+02 +0.0000e+00 +0.0000e+00 +0.0000e+00 +0.0000e+00 +0.0000e+00 +0.0000e+00 +0.0000e+00 +0.0000e+00 +0.0000e+00 +0.0000e+00 +0.0000e+00 +0.0000e+00 +0.0000e+00 +0.0000e+00 +0.0000e+00 +0.0000e+00 +0.0000e+00 +0.0000e+00 +0.0000e+00 +0.0000e+00
2 0 +5.859138338e+02 +5.859138338e+02 +7.180938338e+02 +7.180938338e+02 -4.6637e-01 +5.1931e-01 +3.4945e-01 -1.2953e+00 -2.6501e-01 -1.5525e-01 +1.3401e-04 -1.3715e-01 -9.9840e-02 -8.2076e-01 -1.1965e-01 +3.0413e-01 +1.9075e-01 +9.4324e-01 +7.7140e-02 +5.9188e-01 +6.5985e-01 -5.1442e-01 +8.8059e-02 -2.9642e-01
16 0 +5.296494053e+02 +5.296494053e+02 +6.618294053e+02 +6.618294053e+02 -6.6369e-01 -3.5507e-01 +1.0286e+00 -7.0657e-01 -4.1286e-01 -5.6406e-01 -1.0835e-04 -4.8842e-01 +1.0588e+00 -7.1311e-01 -4.2357e-01 +2.7954e-01 +1.2922e-01 +8.8819e-01 +1.9576e+00 +1.7986e+00 +8.8609e-01 -4.7126e-01 -9.5496e-01 -8.7142e-01
24 0 +3.953299203e+02 +3.953299203e+02 +5.275099203e+02 +5.275099203e+02 -1.5894e+00 -9.5736e-01 +6.3528e-01 +1.7747e-01 -7.6791e-01 -2.2522e+00 -4.8402e-04 -3.0327e-01 +2.7252e-01 +2.3646e-01 -5.2860e-02 +9.9133e-01 +1.1253e-01 +2.8066e+00 +3.1678e+00 +1.1417e+00 +8.1034e-01 +3.1870e-01 +5.9095e-01 -3.7277e-01
40 0 +3.848229969e+02 +3.848229969e+02 +5.170029969e+02 +5.170029969e+02 -2.5983e-01 +2.6549e-01 +1.2662e+00 -1.4270e+00 +1.5208e-01 +1.3298e+00 +6.2544e-04 -1.5971e+00 -9.6262e-01 -1.4635e+00 -1.4893e-01 +4.5713e-01 +2.8565e-01 +4.5729e+00 +1.9956e+00 +2.3963e+00 +6.7854e-01 +9.4186e-01 +1.3238e+00 +6.2674e-01
766 0 +3.670968796e+02 +3.670968796e+02 +4.992768796e+02 +4.992768796e+02 -1.4457e+00 +6.5921e-01 +3.5679e+00 +7.2450e-01 -1.8650e+00 -4.9705e-01 +1.1117e-03 -2.9833e+00 +8.3673e-01 +1.5658e+00 -1.6073e+00 +4.4072e+00 +3.1000e-01 +2.9954e+00 +2.7206e+00 +1.2070e+00 -2.5480e-01 +3.1008e+00 +1.1155e+00 +6.1878e-01
784 0 +3.588807950e+02 +3.588807950e+02 +4.910607950e+02 +4.910607950e+02 -1.0488e+00 +3.8560e-01 +3.5057e+00 +4.4164e-01 -1.8585e+00 +3.5155e-01 +5.9458e-04 -2.5167e+00 +7.9588e-01 +1.7007e+00 -1.4778e+00 +4.5208e+00 +2.6053e-01 +3.0776e+00 +3.2344e+00 +1.9261e+00 -3.3396e-01 +3.3629e+00 +8.8968e-01 +3.6521e-01
807 0 +3.416126579e+02 +3.416126579e+02 +4.737926579e+02 +4.737926579e+02 -1.0501e+00 -2.8448e-01 +3.4147e+00 +3.6085e-01 -1.7433e+00 +3.3614e-02 +4.4146e-04 -2.5982e+00 +8.5359e-01 +1.6284e+00 -1.4820e+00 +4.2742e+00 +2.0137e-01 +2.9102e+00 +2.2183e+00 +1.9027e+00 -7.3842e-01 +3.3718e+00 +1.0631e+00 +1.3870e-01
821 0 +3.329318135e+02 +3.329318135e+02 +4.651118135e+02 +4.651118135e+02 -1.1575e+00 -1.1856e-01 +3.4886e+00 -6.9365e-02 -1.5429e+00 +4.3668e-01 +2.2720e-04 -2.7190e+00 +9.8235e-01 +1.2428e+00 -1.5031e+00 +4.0821e+00 +2.0614e-01 +3.0041e+00 +2.2348e+00 +1.8475e+00 -6.8623e-01 +3.5954e+00 +1.0945e+00 +1.5263e-01
830 0 +3.280085631e+02 +3.280085631e+02 +4.601885631e+02 +4.601885631e+02 -1.1846e+00 -3.9606e-01 +3.4265e+00 -2.7414e-01 -1.6676e+00 +5.6534e-01 +3.5181e-04 -2.6973e+00 +8.7133e-01 +1.6345e+00 -1.5070e+00 +4.0345e+00 +2.2565e-01 +3.0586e+00 +2.4749e+00 +1.4795e+00 -7.1851e-01 +3.4821e+00 +1.0475e+00 +2.0162e-01
904 0 +3.041400897e+02 +3.041400897e+02 +4.363200897e+02 +4.363200897e+02 -1.4307e+00 -1.3509e+00 +3.4660e+00 -1.6483e-01 -1.6559e+00 +1.1902e+00 +8.1399e-04 -2.5072e+00 +5.9718e-01 +1.4557e+00 -1.5582e+00 +3.5389e+00 +1.8275e-01 +4.5459e+00 +2.6964e+00 +1.8560e+00 -3.5183e-01 +2.9578e+00 +6.3695e-01 +3.4184e-01
% f evaluations | g evaluations | best noise-free fitness - Fopt | noise-free fitness - Fopt (-3.930000000000e+01) | measured fitness | best measured fitness | x1 | x2...
1 0 +7.384810122e+02 +7.384810122e+02 +6.991810122e+02 +6.991810122e+02 +0.0000e+00 +0.0000e+00 +0.0000e+00 +0.0000e+00 +0.0000e+00 +0.0000e+00 +0.0000e+00 +0.0000e+00 +0.0000e+00 +0.0000e+00 +0.0000e+00 +0.0000e+00 +0.0000e+00 +0.0000e+00 +0.0000e+00 +0.0000e+00 +0.0000e+00 +0.0000e+00 +0.0000e+00 +0.0000e+00
3 0 +6.520322469e+02 +6.520322469e+02 +6.127322469e+02 +6.127322469e+02 +2.1794e+00 +5.7862e-01 +4.0956e-01 +6.9346e-01 -5.6477e-01 -1.9338e-01 +5.4104e-03 +1.2170e-01 -1.5831e+00 -3.2592e-01 -2.1377e+00 -2.0337e-01 -5.1810e-01 +3.2070e-01 -5.3666e-01 -7.2709e-02 -2.5848e-01 +5.0924e-01 -2.5177e-01 -9.9241e-01
4 0 +6.334479742e+02 +6.334479742e+02 +5.941479742e+02 +5.941479742e+02 +1.6078e+00 -1.7565e+00 +6.5971e-01 -1.5996e-01 +4.5148e-01 -4.2615e-02 -1.3333e-02 -2.2296e-01 +1.0297e+00 -7.7948e-02 +1.2367e+00 +6.2800e-01 -1.5405e+00 +3.7725e-01 +4.8934e-01 +9.3148e-02 -4.3065e-01 +5.9587e-02 -1.0842e+00 -9.1741e-01
9 0 +6.205524239e+02 +6.205524239e+02 +5.812524239e+02 +5.812524239e+02 -4.6962e-01 +1.7502e+00 -4.2150e-01 -9.4002e-01 +4.0511e-01 -1.8338e-01 +1.0782e-02 +3.0810e-01 -1.1200e+00 +1.3739e-01 +8.0713e-01 -1.4587e-01 +2.8209e-01 -1.4144e-01 -1.7463e-01 +4.4162e-02 +1.7325e-01 +4.0589e-01 -2.7803e-01 -6.5930e-01
23 0 +5.412831457e+02 +5.412831457e+02 +5.019831457e+02 +5.019831457e+02 +1.3284e+00 +1.1921e+00 +4.5815e-01 -1.2521e+00 -2.2695e-01 -2.9871e-01 +8.5806e-03 +2.2556e-01 +9.6353e-01 -1.0771e-01 +7.5241e-01 +4.3474e-01 -1.2513e+00 -6.9796e-01 +9.1137e-01 -3.1595e-02 +6.2025e-01 +1.1354e+00 -7.1397e-01 -1.0996e+00
47 0 +5.125908140e+02 +5.125908140e+02 +4.732908140e+02 +4.732908140e+02 +8.7579e-01 +1.6895e-01 -2.3323e-03 +1.4270e-01 +1.0511e+00 +6.5621e-01 -9.5883e-04 -1.3929e+00 -2.5739e-02 +3.3400e-02 +3.5293e-01 +5.5775e-02 -6.0486e-01 -2.8961e-01 +5.7445e-01 +7.1363e-02 +3.1612e-01 +1.3413e+00 -1.0009e+00 -1.8955e+00
52 0 +4.922659231e+02 +4.922659231e+02 +4.529659231e+02 +4.529659231e+02 +2.5181e+00 -1.4345e-01 +1.4305e+00 -1.8865e-01 +1.0795e+00 -1.2381e-01 -1.3710e-02 -9.8900e-01 +4.4321e-01 -1.2490e-01 -1.0558e+00 +1.2024e+00 -1.0292e+00 -3.5066e+00 +4.6362e-01 +3.3149e-02 +1.0458e+00 +1.4154e+00 -1.1447e+00 -1.8025e+00
62 0 +4.438948133e+02 +4.438948133e+02 +4.045948133e+02 +4.045948133e+02 +2.3776e+00 -8.2702e-01 +1.2959e+00 +3.3496e-02 +7.6855e-01 -2.8141e-01 +1.1778e-02 -2.2610e-01 -3.9382e-01 -1.6748e-01 -3.1133e-01 +1.5490e+00 -1.1881e+00 -1.0658e+00 +4.2986e-01 +6.7637e-02 +1.5968e+00 +2.2624e+00 -9.8053e-01 -2.3975e+00
74 0 +3.900150530e+02 +3.900150530e+02 +3.507150530e+02 +3.507150530e+02 +4.9743e-01 -1.5082e-01 +1.1162e+00 +2.2999e-01 +1.0393e+00 +4.4388e-01 +8.6345e-03 +4.1820e-01 +9.3883e-02 -3.0636e-01 +5.9500e-01 +1.4861e+00 -6.1129e-01 -1.5392e+00 +4.9081e-01 -1.1413e-01 +1.6896e+00 +1.9650e+00 -8.3607e-01 -3.1167e+00
550 0 +3.815102710e+02 +3.815102710e+02 +3.422102710e+02 +3.422102710e+02 -2.7678e+00 +1.7180e+00 -1.1687e+00 -6.9234e-01 -4.0689e-02 -1.1641e+00 -3.7363e-02 +2.7865e+00 -8.5018e-01 -5.1364e-01 -2.0050e+00 +3.4402e+00 -2.5614e-01 -8.6161e-01 +2.3348e+00 +1.1022e-01 +9.7815e-01 +4.0707e+00 -1.9740e+00 -4.7031e+00
562 0 +3.769522170e+02 +3.769522170e+02 +3.376522170e+02 +3.376522170e+02 -2.6778e+00 +1.4450e+00 -1.1497e+00 -1.5255e+00 +1.4745e-01 -1.6883e+00 -4.1739e-02 +2.2572e+00 -2.8597e-01 -4.3201e-01 -1.0911e+00 +3.4285e+00 -4.2156e-01 -1.5559e-01 +2.7386e+00 -7.1084e-03 +9.9991e-01 +3.9097e+00 -1.9222e+00 -4.4478e+00
629 0 +3.706276479e+02 +3.706276479e+02 +3.313276479e+02 +3.313276479e+02 -2.3765e+00 +2.6476e-01 -1.4406e+00 -1.8780e+00 +2.3042e-01 -1.8521e+00 -4.8599e-02 +2.7459e+00 -3.1466e-02 -5.5290e-01 -2.1515e+00 +3.5344e+00 -5.9701e-01 -6.7292e-01 +2.9769e+00 +1.8141e-02 +8.6463e-01 +4.5286e+00 -1.4150e+00 -4.9825e+00
656 0 +3.507752497e+02 +3.507752497e+02 +3.114752497e+02 +3.114752497e+02 -1.2953e+00 -2.2966e-01 -1.1588e+00 -1.5602e+00 +5.7223e-02 -1.6828e+00 -4.7821e-02 +2.4539e+00 +8.1390e-02 -5.6522e-01 -2.5075e+00 +3.5052e+00 -1.1053e+00 +7.6638e-02 +3.3465e+00 +6.9223e-02 +8.2203e-01 +4.5626e+00 -9.5181e-01 -4.9498e+00
744 0 +3.342815372e+02 +3.342815372e+02 +2.949815372e+02 +2.949815372e+02 +7.8745e-03 -3.4398e+00 -1.6276e+00 +1.0814e+00 -3.2305e-01 -1.9471e+00 -3.7884e-02 +6.7650e-01 +6.6823e-01 -5.8224e-01 +1.1393e+00 +2.1304e+00 +2.9456e-01 -2.3408e-01 +1.8840e+00 -1.9046e-01 +1.2645e+00 +5.1368e+00 -1.4187e+00 -2.7491e+00
772 0 +3.167238877e+02 +3.167238877e+02 +2.774238877e+02 +2.774238877e+02 -5.3299e-01 -2.7681e+00 -5.1127e-01 +2.9449e+00 -4.7776e-01 -1.9431e+00 -1.9149e-02 +1.3295e+00 +1.0577e+00 -4.0506e-01 +7.7103e-03 +3.6641e+00 +7.6429e-01 -1.7478e-01 +2.5255e+00 +8.0128e-02 +1.5938e+00 +4.7006e+00 -1.5639e+00 -4.2237e+00
809 0 +2.987172678e+02 +2.987172678e+02 +2.594172678e+02 +2.594172678e+02 +2.8250e+00 -3.9792e+00 -1.3782e+00 +1.9588e+00 -8.5871e-01 -1.7913e+00 -2.6388e-02 +2.0521e+00 +8.9663e-01 -6.2092e-01 +1.2185e+00 +3.5232e+00 +1.9350e-01 -2.6088e+00 +2.8180e+00 +9.0461e-02 +1.6569e+00 +5.0438e+00 -1.1547e+00 -3.6062e+00
837 0 +2.704949188e+02 +2.704949188e+02 +2.311949188e+02 +2.311949188e+02 +1.6491e+00 -5.0240e+00 -9.1058e-01 +2.6720e+00 -6.5908e-01 -2.1461e+00 -1.3091e-02 +3.1768e+00 +1.9222e+00 -5.3900e-01 +1.3342e+00 +2.7762e+00 +2.8138e-01 -1.5756e+00 +3.0690e+00 +1.3488e-01 +1.1687e+00 +4.8886e+00 -8.5661e-01 -3.6453e+00
846 0 +2.666651058e+02 +2.666651058e+02 +2.273651058e+02 +2.273651058e+02 +1.5199e+00 -3.6933e+00 -7.3705e-01 +1.8532e+00 -6.1440e-01 -2.0970e+00 -1.2359e-02 +3.3867e+00 +2.2114e+00 -4.9998e-01 +6.1145e-01 +2.8601e+00 +1.5472e-01 -1.7458e+00 +2.8546e+00 +1.4626e-01 +1.6002e+00 +4.8926e+00 -6.3720e-01 -3.7168e+00
862 0 +2.355849213e+02 +2.355849213e+02 +1.962849213e+02 +1.962849213e+02 +1.6188e+00 -4.0424e+00 -5.1422e-01 +2.4639e+00 -4.0271e-01 -2.2076e+00 -2.0432e-02 +3.5863e+00 +2.0490e+00 -4.7054e-01 +1.2011e+00 +2.8976e+00 +3.8068e-01 -1.8196e+00 +3.2660e+00 +1.1342e-01 +1.4366e+00 +4.7411e+00 -9.9581e-01 -3.4470e+00
869 0 +2.196183412e+02 +2.196183412e+02 +1.803183412e+02 +1.803183412e+02 +1.4734e+00 -4.1267e+00 -3.8308e-01 +2.0636e+00 -5.2371e-01 -2.1908e+00 -2.0922e-02 +3.5461e+00 +1.8565e+00 -5.0825e-01 +1.1387e+00 +3.1827e+00 +5.4987e-01 -1.7547e+00 +3.0184e+00 +1.3615e-01 +1.5487e+00 +4.3363e+00 -8.7805e-01 -3.1715e+00
% f evaluations | g evaluations | best noise-free fitness - Fopt | noise-free fitness - Fopt (4.296000000000e+01) | measured fitness | best measured fitness | x1 | x2...
1 0 +5.471737425e+02 +5.471737425e+02 +5.901337425e+02 +5.901337425e+02 +0.0000e+00 +0.0000e+00 +0.0000e+00 +0.0000e+00 +0.0000e+00 +0.0000e+00 +0.0000e+00 +0.0000e+00 +0.0000e+00 +0.0000e+00 +0.0000e+00 +0.0000e+00 +0.0000e+00 +0.0000e+00 +0.0000e+00 +0.0000e+00 +0.0000e+00 +0.0000e+00 +0.0000e+00 +0.0000e+00
2 0 +5.017407007e+02 +5.017407007e+02 +5.447007007e+02 +5.447007007e+02 +5.2871e-02 -8.8169e-01 +4.1123e-01 +3.7251e-01 +9.2344e-01 -1.4594e+00 +6.2371e-02 -3.8931e-01 -2.1188e-03 -3.1303e-01 +1.1818e-02 -2.1644e-03 -6.3437e-01 -1.3002e+00 -2.4940e-01 +2.3176e-01 -9.7822e-02 -9.2014e-02 +1.4652e+00 +2.7649e+00
39 0 +4.854189425e+02 +4.854189425e+02 +5.283789425e+02 +5.283789425e+02 -3.5414e-02 +1.6868e+00 -1.2630e+00 -1.0903e+00 +3.2536e-01 -4.1302e-01 -1.2823e-01 -1.4729e-01 +7.3778e-02 +5.6439e-01 +6.3757e-01 -2.4546e-03 -1.6960e+00 -2.1897e-01 -6.3578e-02 -3.7626e-01 -2.4339e-01 +1.0188e+00 +2.7216e+00 +1.9235e+00
47 0 +4.313399771e+02 +4.313399771e+02 +4.742999771e+02 +4.742999771e+02 +9.9130e-03 +1.1449e+00 -2.5675e+00 -3.5962e-01 +7.3873e-01 -1.0967e+00 -5.0730e-01 -2.0802e-01 +6.6079e-02 +1.3597e+00 +2.3270e-01 -6.8190e-03 -9.7517e-01 +7.4430e-01 -5.2060e-01 +1.0759e-01 -3.5788e-01 +6.1103e-01 +1.9752e+00 +3.5197e+00
123 0 +4.059471467e+02 +4.059471467e+02 +4.489071467e+02 +4.489071467e+02 +6.1313e-02 +3.0381e-01 -2.8804e+00 +2.2025e-01 +7.8362e-01 -1.2265e+00 -1.2809e+00 -7.8780e-01 -1.0336e-02 +1.4044e+00 +3.2237e-01 -5.9969e-03 -6.3252e-01 +9.4455e-01 -2.1224e-01 -5.4778e-02 -3.6788e-01 +9.7720e-01 +3.2132e+00 +2.2791e+00
197 0 +3.699114039e+02 +3.699114039e+02 +4.128714039e+02 +4.128714039e+02 +9.4926e-02 +8.3581e-01 -2.8290e+00 +8.8990e-01 +8.4356e-01 -1.4224e+00 -2.8530e-01 -8.2119e-01 +1.2428e-01 +1.8476e+00 +6.9472e-01 -7.9729e-03 -3.6867e-01 +6.0477e-01 +2.2250e-01 -8.2803e-02 -2.8123e-01 +5.7433e-01 +3.1033e+00 +2.1993e+00
% f evaluations | g evaluations | best noise-free fitness - Fopt | noise-free fitness - Fopt (2.842200000000e+02) | measured fitness | best measured fitness | x1 | x2...
1 0 +6.338571656e+02 +6.338571656e+02 +9.180771656e+02 +9.180771656e+02 +0.0000e+00 +0.0000e+00 +0.0000e+00 +0.0000e+00 +0.0000e+00 +0.0000e+00 +0.0000e+00 +0.0000e+00 +0.0000e+00 +0.0000e+00 +0.0000e+00 +0.0000e+00 +0.0000e+00 +0.0000e+00 +0.0000e+00 +0.0000e+00 +0.0000e+00 +0.0000e+00 +0.0000e+00 +0.0000e+00
3 0 +6.255773103e+02 +6.255773103e+02 +9.097973103e+02 +9.097973103e+02 +2.9579e-02 -5.3073e-01 -2.7793e-02 -3.6243e-01 -2.7642e-01 -7.0402e-01 -4.4042e-02 -3.1530e+00 -3.1559e-01 -2.4284e-01 -1.4011e-01 -1.4323e+00 +9.1500e-01 -2.4516e+00 -6.0307e-03 +3.2312e-01 -2.7704e-02 -3.6031e-01 -1.8661e-01 -2.2445e-02
10 0 +6.093051416e+02 +6.093051416e+02 +8.935251416e+02 +8.935251416e+02 -1.0693e-02 -9.0768e-01 -5.7367e-02 -3.9798e-01 +4.0863e-01 +2.3103e-01 -2.6816e-01 +1.2220e+00 +1.4762e-01 +5.7184e-01 +3.6044e-01 -2.3322e-01 -2.6192e-01 -5.7693e-01 -1.1001e-02 -1.2676e+00 +4.4997e-01 -1.3671e+00 +3.0016e-01 +5.2003e-03
39 0 +5.184558855e+02 +5.184558855e+02 +8.026758855e+02 +8.026758855e+02 +2.2766e-02 -6.5368e-01 -2.2636e-01 -9.1811e-01 -1.0383e-01 -3.9189e-01 -9.3774e-02 +1.1596e-01 -1.8171e+00 -5.0905e-01 +2.6131e+00 +3.0323e-01 -9.8550e-01 -4.1093e+00 +9.2667e-03 +1.0311e+00 +6.1241e-02 -7.0506e-01 +1.4188e+00 -2.6804e-02
% f evaluations | g evaluations | best noise-free fitness - Fopt | noise-free fitness - Fopt (-3.217000000000e+01) | measured fitness | best measured fitness | x1 | x2...
1 0 +6.036624841e+02 +6.036624841e+02 +5.714924841e+02 +5.714924841e+02 +0.0000e+00 +0.0000e+00 +0.0000e+00 +0.0000e+00 +0.0000e+00 +0.0000e+00 +0.0000e+00 +0.0000e+00 +0.0000e+00 +0.0000e+00 +0.0000e+00 +0.0000e+00 +0.0000e+00 +0.0000e+00 +0.0000e+00 +0.0000e+00 +0.0000e+00 +0.0000e+00 +0.0000e+00 +0.0000e+00
4 0 +5.587773542e+02 +5.587773542e+02 +5.266073542e+02 +5.266073542e+02 -5.3503e-01 +2.5459e+00 +2.6114e-01 +4.3302e-01 +1.5587e+00 +1.7489e-01 -3.7653e-02 -5.6091e-01 +2.6210e-01 +3.1104e-01 -2.4365e-02 -5.7191e-01 +1.7964e+00 -9.6365e-02 +2.6871e-03 -1.0197e-01 -2.7582e-01 +2.5045e-01 -5.4791e-01 -1.3677e+00
31 0 +5.476922896e+02 +5.476922896e+02 +5.155222896e+02 +5.155222896e+02 -8.2581e-01 +2.5119e-02 +3.8838e-01 +8.4426e-01 +7.3181e-01 +1.8357e+00 +5.4155e-03 +1.7756e+00 +1.2633e+00 +1.6294e+00 +2.7827e-01 -3.0056e+00 +1.1687e+00 +9.6493e-01 +2.1630e-01 -6.1453e-01 -1.9268e-01 +3.8429e-02 -2.1176e-01 -1.1370e+00
% f evaluations | g evaluations | best noise-free fitness - Fopt | noise-free fitness - Fopt (-5.858000000000e+01) | measured fitness | best measured fitness | x1 | x2...
1 0 +6.751495683e+02 +6.751495683e+02 +6.165695683e+02 +6.165695683e+02 +0.0000e+00 +0.0000e+00 +0.0000e+00 +0.0000e+00 +0.0000e+00 +0.0000e+00 +0.0000e+00 +0.0000e+00 +0.0000e+00 +0.0000e+00 +0.0000e+00 +0.0000e+00 +0.0000e+00 +0.0000e+00 +0.0000e+00 +0.0000e+00 +0.0000e+00 +0.0000e+00 +0.0000e+00 +0.0000e+00
5 0 +6.605892495e+02 +6.605892495e+02 +6.020092495e+02 +6.020092495e+02 +2.7759e-01 -1.4839e+00 -5.6193e-01 -3.5358e-01 -8.3194e-01 -2.0755e-01 -3.2191e-01 +6.3861e-01 -7.8201e-02 -8.8881e-01 +2.3232e-01 -3.4973e+00 -3.5217e-01 +1.5218e-01 -5.5743e-02 +7.0704e-01 -4.0155e-01 +5.4866e-01 -5.7549e-01 -1.2737e-01
8 0 +6.254595643e+02 +6.254595643e+02 +5.668795643e+02 +5.668795643e+02 +2.7129e-01 +1.0618e+00 +8.2301e-01 -2.4521e-01 +3.8892e-01 +3.3408e-01 +2.9260e-01 -1.9978e-01 -3.5889e-01 +1.0806e+00 -8.3837e-02 -1.0787e+00 +3.7681e-01 -4.2074e-02 +6.8248e-03 -1.1593e-02 +4.4922e-01 +5.1962e-01 +4.0590e-01 -1.3654e+00
14 0 +5.955397724e+02 +5.955397724e+02 +5.369597724e+02 +5.369597724e+02 +1.4842e-01 +6.0304e-01 +1.9761e-01 -1.0122e+00 +1.0086e+00 +2.8714e-01 +3.3691e-01 +1.1204e-01 -1.2539e+00 -5.5412e-01 +2.0058e-02 -1.2931e+00 +3.3401e-01 +1.0317e-01 -9.1667e-02 +1.1896e-01 +1.5933e+00 +2.8356e-01 +4.4019e-01 -6.7322e-01
17 0 +5.052112081e+02 +5.052112081e+02 +4.466312081e+02 +4.466312081e+02 +5.5159e-01 +1.1519e+00 +4.9196e-01 -4.7568e-01 -2.8960e-01 +6.0227e-01 +3.8148e-01 -1.3341e-01 +8.2686e-01 +2.0677e-01 -1.9516e-01 -8.8420e-01 +1.8334e-01 +1.5315e-01 -1.9301e-01 +3.4868e-01 +4.3048e-01 +8.1541e-01 +9.7563e-01 -1.2285e+00
58 0 +4.845359951e+02 +4.845359951e+02 +4.259559951e+02 +4.259559951e+02 +1.4037e+00 -4.0415e-01 -1.9065e+00 -1.6297e+00 +1.5028e+00 +6.0780e-01 +3.9406e-01 -1.1881e+00 +1.4674e+00 +2.0573e+00 +1.5454e-01 -2.6582e+00 +4.5736e-01 -1.0257e-01 +2.1345e-01 +1.0569e+00 +2.7496e-01 +8.8946e-01 +1.7204e+00 -1.7018e+00
104 0 +4.653453410e+02 +4.653453410e+02 +4.067653410e+02 +4.067653410e+02 +1.1717e+00 -5.0392e-01 -2.6040e+00 -2.2736e+00 +3.0889e+00 +6.5388e-01 +3.4669e-01 -9.0384e-01 +1.9683e+00 +2.3351e+00 +2.7788e-01 -2.0143e+00 -1.3145e-01 -1.2407e-01 +2.4161e-01 +2.3970e-01 -2.8918e-01 +1.1028e+00 +1.9466e+00 +1.4202e-01
235 0 +4.473609665e+02 +4.473609665e+02 +3.887809665e+02 +3.887809665e+02 +6.8540e-01 -3.3458e+00 -2.7090e+00 +1.7545e+00 -2.5179e-01 +3.6553e-01 +4.3496e-01 -7.7717e-01 +2.1529e+00 +2.4622e+00 +9.4961e-01 -2.3112e+00 -2.5967e-01 +2.0238e-01 +2.7672e-01 +1.0581e+00 -1.1950e+00 +7.9227e-01 +1.0319e+00 -5.2424e-02
411 0 +4.208671290e+02 +4.208671290e+02 +3.622871290e+02 +3.622871290e+02 -5.4342e-01 -2.4371e+00 -1.9432e+00 +1.7555e+00 +2.8741e+00 -2.6414e-01 -4.8408e-01 -7.8484e-01 -4.4667e-02 +1.2842e+00 +1.1529e+00 -3.0955e+00 -2.9363e-01 +1.2355e+00 +1.3714e+00 +1.4184e+00 -4.0670e-01 +6.1944e-02 +2.1858e+00 -1.0098e+00
% f evaluations | g evaluations | best noise-free fitness - Fopt | noise-free fitness - Fopt (-6.049200000000e+02) | measured fitness | best measured fitness | x1 | x2...
1 0 +4.939173462e+02 +4.939173462e+02 -1.110026538e+02 -1.110026538e+02 +0.0000e+00 +0.0000e+00 +0.0000e+00 +0.0000e+00 +0.0000e+00 +0.0000e+00 +0.0000e+00 +0.0000e+00 +0.0000e+00 +0.0000e+00 +0.0000e+00 +0.0000e+00 +0.0000e+00 +0.0000e+00 +0.0000e+00 +0.0000e+00 +0.0000e+00 +0.0000e+00 +0.0000e+00 +0.0000e+00
70 0 +4.338296696e+02 +4.338296696e+02 -1.710903304e+02 -1.710903304e+02 -2.7513e+00 -2.4914e+00 +2.2651e+00 +4.4931e-01 -9.2512e-02 -1.9531e+00 -7.7515e-01 +9.0046e-03 +7.4940e-01 +3.2337e-02 +2.9820e+00 -2.0350e+00 +1.4150e-01 +1.1810e+00 -8.5342e-01 +1.6952e+00 -2.9226e+00 -1.3675e+00 +1.5359e-01 +1.4716e-01
% f evaluations | g evaluations | best noise-free fitness - Fopt | noise-free fitness - Fopt (1.337000000000e+02) | measured fitness | best measured fitness | x1 | x2...
1 0 +5.240729148e+02 +5.240729148e+02 +6.577729148e+02 +6.577729148e+02 +0.0000e+00 +0.0000e+00 +0.0000e+00 +0.0000e+00 +0.0000e+00 +0.0000e+00 +0.0000e+00 +0.0000e+00 +0.0000e+00 +0.0000e+00 +0.0000e+00 +0.0000e+00 +0.0000e+00 +0.0000e+00 +0.0000e+00 +0.0000e+00 +0.0000e+00 +0.0000e+00 +0.0000e+00 +0.0000e+00
3 0 +4.827075071e+02 +4.827075071e+02 +6.164075071e+02 +6.164075071e+02 +1.5432e+00 -1.4607e+00 -3.6221e-02 -2.9260e-02 -1.0255e+00 +5.5440e-01 +2.2594e-01 -3.5047e-01 +1.7021e-02 +1.6258e-01 -6.2953e-01 -1.1916e-01 -6.1137e-01 +4.6413e-01 -3.6292e-02 -3.9185e-02 +1.1404e+00 +1.0725e+00 -3.1357e-01 +5.5929e-01
12 0 +4.766529450e+02 +4.766529450e+02 +6.103529450e+02 +6.103529450e+02 +2.7520e+00 -2.5139e+00 +2.5130e-01 -2.8937e-01 -2.8020e+00 +8.9842e-01 +1.7657e-01 -6.1021e-01 +4.2803e-02 -4.7888e-02 -1.0911e+00 -7.8474e-02 +2.7127e-01 +2.4375e+00 -1.1305e-01 -2.8351e-02 -2.5016e-01 +8.7027e-01 +8.0670e-01 -2.8195e-01
13 0 +4.555535630e+02 +4.555535630e+02 +5.892535630e+02 +5.892535630e+02 +1.4987e+00 -9.7029e-01 +3.9137e-02 -6.0053e-01 -4.9989e-01 -8.4839e-01 +1.0816e-01 -6.7775e-01 +6.6507e-03 -1.3144e-01 -2.1983e+00 -3.1586e-01 +1.1736e-01 +5.4536e-01 -1.8758e-01 -1.9383e-02 +1.5587e-01 +6.1145e-01 +1.4882e+00 -9.6586e-01
145 0 +4.452312069e+02 +4.452312069e+02 +5.789312069e+02 +5.789312069e+02 +7.3458e-01 -2.4046e+00 +5.9933e-01 -5.1955e+00 +1.9865e+00 -9.5171e-01 +6.0511e-01 +1.4287e-01 +4.1282e-02 -2.1693e-01 +1.1122e+00 -1.1846e+00 -1.4315e+00 +1.2314e+00 -1.9470e-01 -1.7104e-01 +2.0095e+00 +1.2490e+00 +1.1264e+00 -1.3865e-01
162 0 +4.334981941e+02 +4.334981941e+02 +5.671981941e+02 +5.671981941e+02 +2.0591e-01 -2.8544e+00 +6.0077e-01 -4.3149e+00 +2.3073e+00 -1.0916e+00 +4.7981e-01 +9.2202e-01 +1.0962e-01 -1.8918e-01 +1.2376e+00 -1.0919e+00 -1.3188e+00 +1.1772e+00 -1.6969e-01 -1.6880e-01 +9.6778e-01 +1.6644e+00 +1.1411e+00 +1.6112e-01
171 0 +4.203328798e+02 +4.203328798e+02 +5.540328798e+02 +5.540328798e+02 +8.9118e-01 -2.2451e+00 +5.8551e-01 -3.9946e+00 +2.8235e+00 -3.5278e-01 +5.5545e-01 +4.6294e-01 +1.1052e-01 +3.5135e-02 +9.6816e-01 -8.5493e-01 -4.3423e-01 +1.0630e+00 -1.2119e-01 -1.7910e-01 +2.3862e+00 +1.5193e+00 +7.2445e-01 -8.3565e-01
193 0 +3.941234252e+02 +3.941234252e+02 +5.278234252e+02 +5.278234252e+02 -5.8177e-01 -3.5633e+00 +7.2733e-01 -3.3204e+00 +2.9629e+00 -1.7276e+00 +6.7534e-01 +2.8405e-01 +1.3240e-01 -4.7038e-01 +1.1490e+00 -1.0485e+00 -1.1452e+00 +1.5793e+00 -1.9397e-01 -1.1666e-01 +1.8801e+00 +1.7693e+00 +8.9314e-01 -1.0078e+00
% f evaluations | g evaluations | best noise-free fitness - Fopt | noise-free fitness - Fopt (-2.098000000000e+01) | measured fitness | best measured fitness | x1 | x2...
1 0 +6.938222479e+02 +6.938222479e+02 +6.728422479e+02 +6.728422479e+02 +0.0000e+00 +0.0000e+00 +0.0000e+00 +0.0000e+00 +0.0000e+00 +0.0000e+00 +0.0000e+00 +0.0000e+00 +0.0000e+00 +0.0000e+00 +0.0000e+00 +0.0000e+00 +0.0000e+00 +0.0000e+00 +0.0000e+00 +0.0000e+00 +0.0000e+00 +0.0000e+00 +0.0000e+00 +0.0000e+00
102 0 +6.518938258e+02 +6.518938258e+02 +6.309138258e+02 +6.309138258e+02 +8.2425e-02 +8.5855e-01 -1.5506e-01 +1.1735e+00 +2.9524e-01 +4.2103e-02 +9.6424e-01 -8.1639e-01 -7.6550e-01 +4.6347e-01 +1.7137e-01 +3.0591e+00 +1.8152e+00 +1.2786e+00 -4.5156e+00 -5.2977e-01 +2.8303e-02 -3.3572e+00 +1.2018e+00 +1.6764e+00
118 0 +6.386804737e+02 +6.386804737e+02 +6.177004737e+02 +6.177004737e+02 -7.4677e-02 +1.6170e+00 -7.8429e-01 +1.0379e+00 +6.0283e-01 -6.6722e-01 +1.0641e-01 -4.4636e-01 -7.2943e-01 +9.7317e-01 -1.0338e+00 +4.0202e+00 +1.5962e+00 +9.4883e-01 -3.4395e+00 -5.5406e-01 +5.7510e-02 -2.7386e+00 +1.9410e-01 +2.0285e+00
119 0 +5.903565746e+02 +5.903565746e+02 +5.693765746e+02 +5.693765746e+02 -2.4180e-02 +1.4814e+00 -2.8060e-01 +8.9040e-01 -8.7985e-02 -8.8823e-03 +9.2634e-01 -8.6027e-01 -2.1087e-01 +6.3764e-01 +7.2658e-01 +2.5109e+00 +2.5781e+00 +2.0742e+00 -1.5330e+00 -5.5644e-01 -3.0943e-02 -2.5385e+00 +1.1571e+00 +1.7215e+00
137 0 +5.755815473e+02 +5.755815473e+02 +5.546015473e+02 +5.546015473e+02 +2.3029e-01 +1.6981e-01 -1.5435e-01 +1.4316e+00 +1.1449e+00 -1.3971e+00 -7.0802e-02 -2.2841e+00 -2.1065e+00 +1.9535e+00 +6.5618e-01 +3.6710e+00 +2.4213e+00 +7.0658e-01 -5.3777e-01 -5.8126e-01 -1.3815e-01 -2.9125e+00 -3.4130e-01 +1.2259e+00
143 0 +5.553183794e+02 +5.553183794e+02 +5.343383794e+02 +5.343383794e+02 -1.3851e-01 -1.0971e-01 -4.4826e-01 +1.0875e+00 +1.7626e+00 -2.6529e+00 +6.8684e-01 -1.9063e+00 -1.9610e+00 +2.1188e+00 +9.2663e-01 +3.7279e+00 +2.0206e+00 +6.3430e-01 -4.1137e-01 -9.9612e-01 -1.5195e-01 -2.5980e+00 -3.0321e-01 +1.0059e+00
168 0 +5.460741302e+02 +5.460741302e+02 +5.250941302e+02 +5.250941302e+02 -1.8755e-01 +7.4310e-01 -1.7863e-01 +1.4202e+00 +2.2867e+00 -1.4352e+00 +9.7117e-01 -9.9040e-01 -2.4183e+00 +2.8169e+00 +4.9656e-01 +2.9447e+00 +2.2449e+00 +2.8337e-01 -4.5162e-01 -5.0484e-01 -3.6785e-01 -2.6154e+00 -5.8874e-01 +1.6465e+00
184 0 +5.121422440e+02 +5.121422440e+02 +4.911622440e+02 +4.911622440e+02 +3.4538e-02 +6.9603e-01 +4.0492e-02 +1.1819e+00 +1.7559e+00 -2.0602e+00 +1.7993e+00 -1.2237e+00 -2.0055e+00 +2.3952e+00 +7.3368e-01 +3.7655e+00 +2.1130e+00 +2.4235e-01 -4.7691e-01 -7.2308e-01 -1.9004e-01 -3.4007e+00 -4.9128e-01 +2.3222e+00
217 0 +4.915940573e+02 +4.915940573e+02 +4.706140573e+02 +4.706140573e+02 +2.0974e-01 -1.4411e-01 +1.9496e-01 +1.1395e+00 +1.6702e+00 -2.1878e+00 +2.2635e+00 -1.3947e+00 -2.3003e+00 +2.7035e+00 -7.7189e-01 +3.2486e+00 +2.2614e+00 +5.5516e-01 -1.2965e+00 -6.4229e-01 -4.2050e-01 -3.0972e+00 -2.1604e-01 +1.1455e+00
247 0 +4.877527631e+02 +4.877527631e+02 +4.667727631e+02 +4.667727631e+02 +3.5923e-01 +3.0623e-01 +3.5604e-02 +1.2310e+00 +1.6894e+00 -1.9379e+00 +2.1684e+00 -1.6345e+00 -2.2546e+00 +2.6166e+00 +3.2062e-01 +3.0586e+00 +2.5908e+00 +3.1334e-01 -1.7411e+00 -7.7535e-01 -4.1530e-01 -3.3011e+00 -6.8471e-01 +1.8169e+00
379 0 +4.585529006e+02 +4.585529006e+02 +4.375729006e+02 +4.375729006e+02 +9.8480e-02 -1.4127e-01 +1.8295e-01 +1.1862e+00 +1.6606e+00 -2.1346e+00 +2.2062e+00 -1.5711e+00 -2.0497e+00 +2.7550e+00 +1.5549e-01 +2.0268e+00 +2.2890e+00 +7.7058e-01 -1.6594e+00 -8.5852e-01 -3.4422e-01 -4.4760e+00 +1.4010e-01 +3.1944e+00
398 0 +4.559228804e+02 +4.559228804e+02 +4.349428804e+02 +4.349428804e+02 -7.2443e-03 -2.4281e-02 +1.4531e-01 +1.1267e+00 +1.6313e+00 -2.0655e+00 +2.3087e+00 -1.7227e+00 -1.9399e+00 +3.1191e+00 -1.9879e-01 +1.9175e+00 +2.1654e+00 +6.8810e-01 -7.3452e-01 -8.4655e-01 -4.7049e-01 -3.8785e+00 +9.4635e-02 +2.8602e+00
403 0 +4.432547173e+02 +4.432547173e+02 +4.222747173e+02 +4.222747173e+02 -1.1681e-01 +2.0197e-01 +1.9668e-01 +1.3201e+00 +1.8253e+00 -2.0645e+00 +2.4333e+00 -1.6136e+00 -1.7262e+00 +2.7361e+00 -1.5472e-01 +2.1326e+00 +2.1993e+00 +6.7342e-01 -4.8113e-01 -9.4462e-01 -4.9633e-01 -4.2869e+00 +2.9117e-01 +2.8579e+00
417 0 +4.355614082e+02 +4.355614082e+02 +4.145814082e+02 +4.145814082e+02 -2.0336e-02 -1.0269e-01 +1.9532e-01 +1.1132e+00 +1.7476e+00 -2.1535e+00 +2.2318e+00 -1.4335e+00 -1.7266e+00 +2.8022e+00 +1.3207e-01 +2.3571e+00 +2.1282e+00 +5.8026e-01 -5.6511e-01 -9.5046e-01 -4.9292e-01 -4.1524e+00 +2.2030e-01 +2.7137e+00
429 0 +4.182993461e+02 +4.182993461e+02 +3.973193461e+02 +3.973193461e+02 -2.0829e-02 +9.4015e-02 +1.4053e-01 +1.2287e+00 +1.7256e+00 -2.1662e+00 +2.3786e+00 -1.3547e+00 -1.6553e+00 +2.9048e+00 +1.7169e-01 +2.1255e+00 +2.1343e+00 +7.5144e-01 -2.9445e-01 -8.8892e-01 -4.3638e-01 -3.7387e+00 +1.6240e-01 +2.8751e+00
626 0 +3.947780860e+02 +3.947780860e+02 +3.737980860e+02 +3.737980860e+02 -6.2957e-02 +3.4992e-01 -2.9053e-01 +1.2312e+00 +1.5373e+00 -2.1409e+00 +2.2980e+00 -1.7324e+00 -9.0267e-01 +2.9899e+00 +6.2213e-01 +1.6068e+00 +2.5704e+00 +6.8726e-01 -1.1920e+00 -8.7852e-01 -3.7518e-01 -3.3519e+00 +1.6250e+00 +2.4749e+00
% f evaluations | g evaluations | best noise-free fitness - Fopt | noise-free fitness - Fopt (1.353300000000e+02) | measured fitness | best measured fitness | x1 | x2...
1 0 +5.713763714e+02 +5.713763714e+02 +7.067063714e+02 +7.067063714e+02 +0.0000e+00 +0.0000e+00 +0.0000e+00 +0.0000e+00 +0.0000e+00 +0.0000e+00 +0.0000e+00 +0.0000e+00 +0.0000e+00 +0.0000e+00 +0.0000e+00 +0.0000e+00 +0.0000e+00 +0.0000e+00 +0.0000e+00 +0.0000e+00 +0.0000e+00 +0.0000e+00 +0.0000e+00 +0.0000e+00
13 0 +4.524110893e+02 +4.524110893e+02 +5.877410893e+02 +5.877410893e+02 -4.3219e-02 -6.0475e-01 -2.8154e-01 +2.0026e-01 +7.5032e-01 +8.0336e-01 +1.1921e-02 +1.7940e+00 -1.5774e-01 +8.2106e-03 -9.4991e-03 -2.6640e-02 +2.5876e-01 -8.6209e-02 +1.9935e-02 -1.3828e-01 -7.3756e-01 -9.5315e-01 +1.1624e+00 -2.5653e+00
27 0 +4.072617913e+02 +4.072617913e+02 +5.425917913e+02 +5.425917913e+02 -9.4488e-02 -9.0574e-01 -2.3892e-01 +1.9519e-01 +1.4003e-01 -9.8581e-01 +6.5102e-02 +2.1714e+00 -1.2473e-01 +3.7138e-03 -7.1645e-02 +1.8856e-02 +8.0409e-01 -2.2588e-01 +1.1116e-01 -6.6434e-02 -4.3087e-01 -1.2301e-01 +2.8268e+00 -2.3653e+00
41 0 +3.843052446e+02 +3.843052446e+02 +5.196352446e+02 +5.196352446e+02 -2.6387e-02 -1.0368e+00 -5.0796e-01 +4.6508e-01 +1.0102e+00 -1.6015e+00 -4.2480e-01 +2.0639e+00 +2.0334e-01 -6.8932e-02 -1.6433e-01 +2.7631e-01 +2.0722e+00 +2.8697e-01 +1.6835e-01 -2.5444e-01 +8.6692e-01 -1.0346e+00 +2.7419e+00 -3.5572e+00
182 0 +3.661983826e+02 +3.661983826e+02 +5.015283826e+02 +5.015283826e+02 +8.0332e-02 -2.4648e+00 -1.5921e+00 +1.4697e+00 +2.0945e+00 -1.4448e+00 +4.0152e-01 +2.2320e+00 +8.1345e-01 -4.1259e-01 +4.0300e-01 +7.2416e-01 +3.2224e+00 +2.3469e+00 -6.9029e-01 -1.0155e+00 -1.3794e+00 -2.5108e+00 +2.4082e+00 -3.5626e+00
% f evaluations | g evaluations | best noise-free fitness - Fopt | noise-free fitness - Fopt (4.066000000000e+01) | measured fitness | best measured fitness | x1 | x2...
1 0 +7.037497723e+02 +7.037497723e+02 +7.444097723e+02 +7.444097723e+02 +0.0000e+00 +0.0000e+00 +0.0000e+00 +0.0000e+00 +0.0000e+00 +0.0000e+00 +0.0000e+00 +0.0000e+00 +0.0000e+00 +0.0000e+00 +0.0000e+00 +0.0000e+00 +0.0000e+00 +0.0000e+00 +0.0000e+00 +0.0000e+00 +0.0000e+00 +0.0000e+00 +0.0000e+00 +0.0000e+00
2 0 +6.284139250e+02 +6.284139250e+02 +6.690739250e+02 +6.690739250e+02 +1.4331e+00 -4.5774e-01 +4.7763e-02 +3.8870e-03 -1.4930e+00 -1.4409e+00 +1.7968e-01 +5.0968e-02 +1.2097e+00 -1.3653e+00 -6.0886e-01 -1.2612e+00 +3.2152e-01 +4.1982e-03 +3.3178e-01 +2.1323e-01 -1.1205e-01 +3.0707e-01 +1.8972e+00 -1.2192e-01
28 0 +6.058064203e+02 +6.058064203e+02 +6.464664203e+02 +6.464664203e+02 -9.4724e-01 +5.0117e-01 -1.0129e-02 +4.6160e-03 -4.3669e-01 +1.1619e+00 +9.9962e-02 -1.8800e-03 +1.3748e+00 +3.0041e+00 -1.4098e+00 +7.4315e-01 -3.9026e-01 -7.9461e-01 -1.0517e+00 -3.6677e-02 -3.8168e-01 +1.1866e+00 +2.6172e+00 -1.5802e-01
46 0 +5.867946929e+02 +5.867946929e+02 +6.274546929e+02 +6.274546929e+02 -2.0010e+00 +1.3866e+00 -1.5418e-01 +1.3089e-02 +8.6266e-01 +3.2302e+00 +1.4107e-01 -3.2739e-01 +9.7927e-01 +3.6561e+00 -5.5137e-01 +1.7390e+00 -3.8758e-01 -4.5317e-02 +1.4664e+00 +1.7091e-02 -1.9061e-01 +6.3602e-01 +2.7774e+00 -1.6891e-01
192 0 +5.107103395e+02 +5.107103395e+02 +5.513703395e+02 +5.513703395e+02 -2.6179e+00 +2.0328e-01 -7.9868e-01 -5.4262e-03 -3.3717e+00 +5.6460e-01 -5.5596e-01 -9.2265e-01 +1.4596e+00 +2.4640e+00 -3.8785e+00 +2.7167e+00 +2.1737e+00 +3.2418e+00 +6.9257e-01 +1.0214e+00 -1.0891e-01 +4.7867e+00 +2.7897e+00 +2.0272e-01
404 0 +4.931503421e+02 +4.931503421e+02 +5.338103421e+02 +5.338103421e+02 +1.9545e+00 -1.7973e+00 -9.5592e-01 +8.2266e-03 -2.6058e+00 +5.6968e-01 -1.0654e+00 -2.5568e+00 -6.6096e-01 +1.2236e+00 +2.5702e-01 +1.5190e+00 +3.5504e+00 +3.5363e+00 +2.6824e-01 +1.3710e+00 +6.5284e-02 +6.3952e-01 +3.1018e+00 -5.1749e-02
412 0 +4.877221170e+02 +4.877221170e+02 +5.283821170e+02 +5.283821170e+02 +2.9305e+00 -4.1557e-01 -9.2430e-01 +1.1140e-02 -2.6870e+00 +6.1767e-01 -1.1026e+00 -2.6131e+00 +7.2331e-01 +3.1427e+00 -4.7729e-03 +2.8368e+00 +3.7586e+00 +4.6411e+00 +6.6151e-02 +1.4261e+00 -4.0671e-01 +1.4655e+00 +1.8640e+00 +4.6745e-02
