% f evaluations | g evaluations | best noise-free fitness - Fopt | noise-free fitness - Fopt (-1.694000000000e+01) | measured fitness | best measured fitness | x1 | x2...
1 0 +3.707168231e+01 +3.707168231e+01 +2.013168231e+01 +2.013168231e+01 +0.0000e+00 +0.0000e+00 +0.0000e+00 +0.0000e+00 +0.0000e+00 +0.0000e+00 +0.0000e+00 +0.0000e+00 +0.0000e+00 +0.0000e+00 +0.0000e+00 +0.0000e+00 +0.0000e+00 +0.0000e+00 +0.0000e+00 +0.0000e+00 +0.0000e+00 +0.0000e+00 +0.0000e+00 +0.0000e+00
8 0 +3.302212545e+01 +3.302212545e+01 +1.608212545e+01 +1.608212545e+01 -6.6361e-03 +4.2708e-01 -6.7014e-01 -1.0520e+00 +1.9628e-02 +2.5186e-01 +1.7537e-01 +1.3356e-01 +3.0819e-01 -3.9891e-01 -2.0212e+00 -1.1395e+00 -2.7811e-02 -1.3336e+00 -1.0770e+00 +6.3085e-01 +3.0793e-01 +1.8800e-01 -7.0259e-02 -5.8557e-02
10 0 +2.622492768e+01 +2.622492768e+01 +9.284927678e+00 +9.284927678e+00 +2.1587e-02 -3.1483e-01 -3.9760e+00 +3.1569e-01 -7.8549e-02 +8.3129e-02 -2.8627e-01 -1.2123e+00 +4.0344e-01 -1.3616e+00 +6.0256e+00 +1.1821e+00 -7.5353e-01 -6.0684e-02 -8.8788e-01 -8.6352e-02 +6.5534e-01 +3.0522e-01 -1.1380e-02 -9.8650e-03
12 0 +1.271582545e+01 +1.271582545e+01 -4.224174554e+00 -4.224174554e+00 +2.0717e-01 +2.1053e+00 -5.1290e+00 -1.8740e-01 -6.2608e-02 +7.9827e-01 -2.3468e-01 -1.9042e+00 +7.4614e-01 -1.5330e+00 +2.6885e-02 +4.8532e-01 -7.1412e-01 -8.1746e-01 -2.1011e+00 +6.7726e-01 +2.4774e+00 +2.6079e+00 -3.9515e-02 -1.1696e-02
40 0 +1.118444335e+01 +1.118444335e+01 -5.755556646e+00 -5.755556646e+00 +2.5614e-01 +1.3796e+00 -3.0242e+00 -1.8320e+00 +1.5677e-01 +3.3154e-01 -1.1367e-01 -2.9892e+00 +6.2731e-01 -1.8448e+00 +4.3952e+00 -2.6550e+00 -9.3880e-01 -6.1656e-01 -8.0986e-01 +1.0510e+00 +1.6008e+00 +9.0121e-01 -1.9360e-01 -2.9848e-01
110 0 +1.087600071e+01 +1.087600071e+01 -6.063999290e+00 -6.063999290e+00 +5.0710e-01 +7.8217e-01 -4.5460e+00 -2.4442e+00 +5.1786e-01 -5.4080e-01 +7.5898e-01 -8.6247e-01 +1.4326e+00 -3.0277e+00 +2.5401e+00 -4.3324e+00 -1.1309e+00 +1.4350e+00 +4.6686e-02 +1.7237e+00 +8.8842e-01 +1.6132e+00 -9.8299e-02 -3.4730e-01
147 0 +9.497921046e+00 +9.497921046e+00 -7.442078954e+00 -7.442078954e+00 +7.1855e-01 +1.0730e+00 -4.7916e+00 -2.8455e+00 +2.3529e-01 -2.1574e+00 +1.1483e+00 +2.7703e-01 +1.5158e+00 -1.0917e+00 +4.2892e+00 -1.4016e+00 -1.6403e+00 -1.3535e+00 -1.4464e-01 +3.9964e+00 -7.0482e-01 +6.5820e-01 -1.3242e-01 -1.7967e-01
307 0 +6.759590945e+00 +6.759590945e+00 -1.018040905e+01 -1.018040905e+01 +1.1523e+00 +2.6742e+00 -3.0319e+00 -2.1527e+00 +9.6301e-01 -6.9329e-01 +5.0601e+00 -9.4351e-01 -1.9229e+00 -2.1471e+00 +2.8271e+00 +1.6298e+00 -1.9195e+00 -3.2858e+00 -1.2183e+00 +1.7451e+00 +2.8556e+00 +4.1727e-01 -2.6092e-01 +3.7023e-01
362 0 +6.494440057e+00 +6.494440057e+00 -1.044555994e+01 -1.044555994e+01 +1.6664e+00 +3.1576e+00 -3.9689e+00 +1.4303e+00 +9.3029e-01 -1.9450e+00 +2.3585e+00 -9.6485e-01 -5.0560e-01 -2.5695e+00 +4.3139e+00 -7.1787e-01 -2.2771e+00 -2.0357e+00 +6.5219e-02 +1.2835e+00 +4.0949e+00 -2.0928e+00 -4.8990e-01 +5.9376e-01
435 0 +6.395025273e+00 +6.395025273e+00 -1.054497473e+01 -1.054497473e+01 +1.8138e+00 +4.0825e+00 -5.1900e+00 +2.5963e+00 +1.0156e+00 -1.9477e+00 +3.7767e+00 -1.4543e+00 -2.7354e-01 -3.3801e+00 +4.0959e+00 +6.5532e-01 -1.7502e+00 -3.1331e+00 -8.3617e-03 +1.2827e+00 +4.4715e+00 -1.1421e+00 -2.8882e-01 -1.4522e-01
470 0 +5.226189463e+00 +5.226189463e+00 -1.171381054e+01 -1.171381054e+01 +1.6333e+00 +2.7752e+00 -2.6258e+00 +2.0755e+00 +8.6292e-01 -9.7562e-01 +4.7441e+00 -1.9644e+00 -6.9789e-01 -2.9207e+00 +1.2248e+00 +1.2052e+00 -3.0534e+00 -3.6613e+00 +3.6780e-01 +1.0609e+00 +2.7360e+00 -1.2992e+00 -1.8719e-01 +1.5470e-02
626 0 +5.016508647e+00 +5.016508647e+00 -1.192349135e+01 -1.192349135e+01 +1.4544e+00 +1.2936e+00 -2.3126e+00 +1.4539e+00 +5.6069e-01 -2.2949e+00 +3.7315e+00 -2.2924e+00 -1.1190e+00 -1.3748e+00 +2.9848e+00 -1.9669e+00 -8.4404e-01 +6.2826e-01 +2.9311e+00 +5.5898e-01 +3.7078e+00 +8.8181e-01 -1.7323e-01 -2.0677e-01
639 0 +4.577391612e+00 +4.577391612e+00 -1.236260839e+01 -1.236260839e+01 +1.4906e+00 +1.1019e+00 -2.6487e+00 +1.1928e+00 +6.0444e-01 -2.4854e+00 +3.6695e+00 -2.3545e+00 -1.3450e+00 -1.4611e+00 +3.8187e+00 -1.5142e+00 -1.7158e+00 -8.9723e-02 +2.2934e+00 +1.4751e+00 +3.1984e+00 +7.3059e-01 -2.6277e-01 -2.5404e-02
646 0 +4.071369556e+00 +4.071369556e+00 -1.286863044e+01 -1.286863044e+01 +1.4395e+00 +1.7276e+00 -2.3856e+00 +2.1836e+00 +6.1991e-01 -2.4160e+00 +3.7351e+00 -1.9269e+00 -7.5694e-01 -1.3328e+00 +4.1104e+00 -1.2647e+00 -2.0463e+00 -3.7716e-01 +2.0853e+00 +1.4811e+00 +3.2813e+00 +6.8225e-01 -2.3653e-01 -4.0756e-02
649 0 +3.820481048e+00 +3.820481048e+00 -1.311951895e+01 -1.311951895e+01 +1.4279e+00 +1.9635e+00 -1.5681e+00 +1.7884e+00 +5.1452e-01 -1.8572e+00 +3.6721e+00 -2.3613e+00 -8.0559e-01 -2.0199e+00 +3.4357e+00 -1.6293e+00 -1.3781e+00 -1.2700e+00 +2.3150e+00 +1.6506e+00 +3.0240e+00 +6.6555e-01 -2.7748e-01 -5.0638e-02
677 0 +3.146704301e+00 +3.146704301e+00 -1.379329570e+01 -1.379329570e+01 +1.5414e+00 +2.2907e+00 -1.8542e+00 +2.0455e+00 +5.9703e-01 -1.8515e+00 +3.4371e+00 -2.3466e+00 -6.0998e-01 -2.4674e+00 +3.3872e+00 -1.1609e+00 -1.7105e+00 -1.1728e+00 +2.9192e+00 +1.7028e+00 +3.2873e+00 +5.2933e-01 -2.6605e-01 -3.2331e-02
781 0 +3.088012035e+00 +3.088012035e+00 -1.385198796e+01 -1.385198796e+01 +1.4673e+00 +2.0193e+00 -1.6993e+00 +1.4477e+00 +4.1823e-01 -2.0007e+00 +3.4726e+00 -3.2462e+00 -7.4187e-01 -2.2928e+00 +4.3909e+00 -1.8168e+00 -1.5150e+00 -1.1202e+00 +3.1284e+00 +2.1906e+00 +3.7500e+00 +5.8112e-01 -3.5386e-01 -1.0344e-01
800 0 +2.956109971e+00 +2.956109971e+00 -1.398389003e+01 -1.398389003e+01 +1.4660e+00 +2.1572e+00 -1.2603e+00 +1.3686e+00 +4.0750e-01 -1.8066e+00 +3.3847e+00 -3.2111e+00 -7.7166e-01 -2.7608e+00 +4.5491e+00 -2.0528e+00 -1.3266e+00 -8.1068e-01 +3.0464e+00 +2.1417e+00 +4.2004e+00 +4.6203e-01 -3.5030e-01 -1.0018e-01
1002 0 +2.855370242e+00 +2.855370242e+00 -1.408462976e+01 -1.408462976e+01 +1.4337e+00 +2.8092e+00 -1.5363e+00 +1.1405e+00 +4.2293e-01 -1.8526e+00 +3.3062e+00 -3.0908e+00 -7.3252e-01 -2.6698e+00 +4.4662e+00 -2.2067e+00 -1.2693e+00 -9.5415e-01 +2.9537e+00 +1.9588e+00 +4.0619e+00 +4.0823e-01 -3.4999e-01 -4.0138e-02
% f evaluations | g evaluations | best noise-free fitness - Fopt | noise-free fitness - Fopt (1.881000000000e+01) | measured fitness | best measured fitness | x1 | x2...
1 0 +1.544776293e+01 +1.544776293e+01 +3.425776293e+01 +3.425776293e+01 +0.0000e+00 +0.0000e+00 +0.0000e+00 +0.0000e+00 +0.0000e+00 +0.0000e+00 +0.0000e+00 +0.0000e+00 +0.0000e+00 +0.0000e+00 +0.0000e+00 +0.0000e+00 +0.0000e+00 +0.0000e+00 +0.0000e+00 +0.0000e+00 +0.0000e+00 +0.0000e+00 +0.0000e+00 +0.0000e+00
3 0 +1.354844212e+01 +1.354844212e+01 +3.235844212e+01 +3.235844212e+01 +8.7703e-01 -3.5032e-01 +1.3468e+00 +1.3667e-01 +4.9423e-01 +3.0944e-01 -4.4489e-02 -1.1429e+00 -2.6177e-03 +3.8039e-01 +2.7534e-02 +9.4434e-01 +2.0896e+00 +1.5363e+00 -2.7351e-01 +1.4588e-01 -2.6318e+00 +2.2261e-01 -7.7547e-02 +1.1211e+00
8 0 +9.437917586e+00 +9.437917586e+00 +2.824791759e+01 +2.824791759e+01 +1.1334e+00 +3.1873e-01 +5.7284e-01 +8.7265e-01 -9.1544e-02 -1.8003e-01 +5.4421e-01 -2.3928e-01 -9.8850e-04 -2.9929e-01 -1.6483e-02 -2.7312e+00 +2.3310e-01 +4.4679e-01 -4.7017e-01 -5.3298e-01 -2.1882e+00 +1.2198e+00 +8.0112e-02 -2.7367e-01
152 0 +9.021712506e+00 +9.021712506e+00 +2.783171251e+01 +2.783171251e+01 -9.8123e-01 +1.4296e+00 -1.4110e-01 -1.0178e-01 -2.6579e-01 -9.8052e-01 +3.1611e-01 -8.6746e-01 -1.2318e-02 +1.0535e+00 +1.3351e-02 +4.6888e-01 +3.5466e+00 +1.8486e-01 +5.1255e-01 +2.0372e+00 -2.4850e+00 +2.5513e+00 -1.5366e-01 +2.0107e+00
154 0 +8.266041122e+00 +8.266041122e+00 +2.707604112e+01 +2.707604112e+01 -1.1878e+00 +1.7806e+00 +3.2771e-01 -1.3912e-01 -1.9574e-01 -6.1467e-01 +3.5210e-01 -2.7575e-01 -1.5197e-02 +6.1511e-01 +1.2204e-02 +1.7049e+00 +4.5313e+00 -4.5814e-02 +7.1312e-01 +2.5634e+00 -1.9629e+00 +2.3636e+00 -2.5296e-01 +1.9334e+00
454 0 +7.765273193e+00 +7.765273193e+00 +2.657527319e+01 +2.657527319e+01 -9.9433e-01 -1.3185e+00 +4.1642e+00 +3.9811e-01 +5.9124e-01 +4.7733e-01 -5.7792e-02 +2.0424e+00 -5.4200e-03 +1.9239e+00 -8.3487e-03 +4.6834e+00 +1.6027e+00 +5.6692e-01 +2.2863e-01 -9.3155e-01 +4.8016e-02 +9.2252e-01 -4.4110e-01 -3.4974e-02
498 0 +7.615177541e+00 +7.615177541e+00 +2.642517754e+01 +2.642517754e+01 -7.9161e-01 -1.2996e+00 +3.9748e+00 +1.9009e-01 +5.1023e-01 -6.7627e-02 +1.5372e-01 +6.4481e-01 -4.8256e-03 +1.5098e+00 -4.7056e-03 +4.2227e+00 +2.4013e+00 +1.0171e+00 +2.2191e-01 -7.6977e-01 -5.1827e-01 +1.3030e+00 -4.1811e-01 +4.8153e-01
502 0 +5.967740101e+00 +5.967740101e+00 +2.477774010e+01 +2.477774010e+01 -8.4399e-01 -1.5567e+00 +3.3533e+00 +4.5323e-01 +4.7138e-01 -4.7422e-02 +2.9429e-02 +9.8770e-01 -1.3099e-03 +1.4521e+00 -7.5856e-03 +4.6498e+00 +1.7879e+00 +6.4488e-01 +3.8392e-01 -1.1492e+00 -6.0093e-01 +1.4270e+00 -4.1816e-01 +6.6424e-01
648 0 +5.501527270e+00 +5.501527270e+00 +2.431152727e+01 +2.431152727e+01 -1.8278e-01 -5.0624e-01 +2.1334e+00 +7.4295e-01 +4.6226e-01 +9.9039e-03 +7.5570e-01 +1.4249e-01 -8.4318e-03 +1.6570e+00 +6.0919e-03 +3.0610e+00 +3.4043e+00 +6.4641e-01 +5.2856e-01 -8.5149e-01 -1.5800e+00 +2.0829e+00 -5.1978e-01 +6.0848e-01
653 0 +5.424546881e+00 +5.424546881e+00 +2.423454688e+01 +2.423454688e+01 +5.1506e-02 -2.6280e-01 +2.2401e+00 +7.0797e-01 +4.5827e-01 -1.8276e-01 +8.6639e-01 -1.3186e-01 -8.0181e-03 +1.6007e+00 +5.5529e-03 +3.3478e+00 +3.1509e+00 +4.7403e-01 +5.5339e-01 -7.4612e-01 -1.8562e+00 +2.0482e+00 -5.2663e-01 +5.4960e-01
% f evaluations | g evaluations | best noise-free fitness - Fopt | noise-free fitness - Fopt (2.731500000000e+02) | measured fitness | best measured fitness | x1 | x2...
1 0 +3.571434203e+01 +3.571434203e+01 +3.088643420e+02 +3.088643420e+02 +0.0000e+00 +0.0000e+00 +0.0000e+00 +0.0000e+00 +0.0000e+00 +0.0000e+00 +0.0000e+00 +0.0000e+00 +0.0000e+00 +0.0000e+00 +0.0000e+00 +0.0000e+00 +0.0000e+00 +0.0000e+00 +0.0000e+00 +0.0000e+00 +0.0000e+00 +0.0000e+00 +0.0000e+00 +0.0000e+00
6 0 +2.882133853e+01 +2.882133853e+01 +3.019713385e+02 +3.019713385e+02 -2.3478e-01 +7.8157e-02 +4.2535e-01 -2.4244e-01 +1.8567e-02 -1.5504e-01 +7.1330e-01 -2.3350e-01 -3.2252e-01 -7.1722e-02 -1.7062e-01 +4.3187e-02 +7.9142e-02 +1.3387e-01 -2.9982e-04 -2.7869e-01 +6.9413e-01 +1.6143e+00 -6.8112e-02 -2.3373e+00
23 0 +2.363643298e+01 +2.363643298e+01 +2.967864330e+02 +2.967864330e+02 -2.1188e+00 +6.2308e-01 +4.0829e-01 +6.3647e-03 -3.1341e-01 +8.6597e-01 -2.0782e+00 -2.0741e-01 -8.1329e-01 -5.8437e-01 -2.1809e-01 -1.0940e+00 -3.1579e-01 -2.2087e-01 -5.8481e-02 -3.4466e-01 -1.9796e-02 +8.4220e-01 +4.0463e-01 -2.9158e+00
30 0 +1.437806767e+01 +1.437806767e+01 +2.875280677e+02 +2.875280677e+02 -3.3880e+00 +3.7663e-02 +2.5633e-01 +4.1479e-01 +1.4184e-01 -1.0005e+00 -3.0739e+00 -1.2792e-01 -2.7014e-01 -5.9564e-01 -1.9340e-01 +2.0684e+00 -1.0530e-01 -7.8662e-01 +1.7826e-01 -5.9787e-01 +1.4994e+00 -1.5205e+00 -5.7438e-02 -2.7787e+00
660 0 +1.364193812e+01 +1.364193812e+01 +2.867919381e+02 +2.867919381e+02 -2.4612e+00 +4.0284e+00 +4.7771e+00 +2.3841e+00 +1.2554e+00 -3.5719e+00 -3.6191e+00 -3.9684e-01 -3.5414e+00 -2.5865e+00 +1.6242e-01 +1.0621e+00 -2.4664e+00 +4.0924e+00 -1.2660e+00 -2.3549e+00 -4.4491e+00 +4.1055e+00 +1.1535e+00 -2.2408e+00
663 0 +1.344456953e+01 +1.344456953e+01 +2.865945695e+02 +2.865945695e+02 -2.7799e+00 +4.7086e+00 +4.7762e+00 +2.3802e+00 +1.6629e+00 -3.5421e+00 -3.1882e+00 -2.6082e-01 -3.4566e+00 -2.5957e+00 +1.3126e-01 +1.4773e+00 -2.4587e+00 +4.2376e+00 -1.3602e+00 -2.4730e+00 -4.4332e+00 +4.4239e+00 +1.1776e+00 -1.6156e+00
701 0 +1.278623713e+01 +1.278623713e+01 +2.859362371e+02 +2.859362371e+02 -2.7483e+00 +4.2856e+00 +4.8910e+00 +2.4482e+00 +1.5520e+00 -2.6374e+00 -4.1015e+00 -2.4515e-01 -3.4547e+00 -2.2310e+00 +1.7346e-01 +1.8000e+00 -2.5268e+00 +4.0215e+00 -1.2982e+00 -2.5144e+00 -5.0643e+00 +3.7574e+00 +1.2381e+00 -1.8491e+00
766 0 +1.240406841e+01 +1.240406841e+01 +2.855540684e+02 +2.855540684e+02 -2.4129e+00 +4.0884e+00 +5.2727e+00 +2.4968e+00 +1.0214e+00 -3.1807e+00 -4.1130e+00 -2.2380e-01 -3.4700e+00 -2.4677e+00 +1.9129e-01 +1.9165e+00 -2.4743e+00 +4.1258e+00 -1.3635e+00 -2.4654e+00 -5.0257e+00 +3.4976e+00 +1.3857e+00 -1.5505e+00
823 0 +1.188558932e+01 +1.188558932e+01 +2.850355893e+02 +2.850355893e+02 -2.2574e+00 +4.1821e+00 +5.1970e+00 +2.4387e+00 +1.0059e+00 -3.0125e+00 -4.3354e+00 -2.2129e-01 -3.4586e+00 -2.3225e+00 +2.1549e-01 +1.8833e+00 -2.5340e+00 +4.1817e+00 -1.2716e+00 -2.4265e+00 -4.9441e+00 +3.2787e+00 +1.3755e+00 -1.4893e+00
867 0 +1.137864208e+01 +1.137864208e+01 +2.845286421e+02 +2.845286421e+02 -2.2112e+00 +4.0621e+00 +5.1479e+00 +2.4347e+00 +1.1159e+00 -3.0898e+00 -4.0417e+00 -2.4577e-01 -3.4495e+00 -2.3473e+00 +2.2498e-01 +2.0575e+00 -2.5130e+00 +4.2422e+00 -1.2839e+00 -2.5064e+00 -4.9515e+00 +3.5053e+00 +1.3747e+00 -1.5767e+00
898 0 +1.111388452e+01 +1.111388452e+01 +2.842638845e+02 +2.842638845e+02 -2.2902e+00 +3.9497e+00 +5.0811e+00 +2.4395e+00 +1.1850e+00 -3.1180e+00 -4.2973e+00 -2.4371e-01 -3.4043e+00 -2.3522e+00 +2.1662e-01 +1.9629e+00 -2.5128e+00 +4.2335e+00 -1.2854e+00 -2.4946e+00 -4.8951e+00 +3.5875e+00 +1.3960e+00 -1.4981e+00
922 0 +1.070761506e+01 +1.070761506e+01 +2.838576151e+02 +2.838576151e+02 -2.2756e+00 +3.9034e+00 +5.0842e+00 +2.4565e+00 +1.1513e+00 -3.0095e+00 -4.1969e+00 -2.3493e-01 -3.4389e+00 -2.2959e+00 +2.1227e-01 +2.0093e+00 -2.4719e+00 +4.2394e+00 -1.2930e+00 -2.4289e+00 -4.9710e+00 +3.5052e+00 +1.3880e+00 -1.5972e+00
% f evaluations | g evaluations | best noise-free fitness - Fopt | noise-free fitness - Fopt (3.718000000000e+01) | measured fitness | best measured fitness | x1 | x2...
1 0 +1.574854264e+01 +1.574854264e+01 +5.292854264e+01 +5.292854264e+01 +0.0000e+00 +0.0000e+00 +0.0000e+00 +0.0000e+00 +0.0000e+00 +0.0000e+00 +0.0000e+00 +0.0000e+00 +0.0000e+00 +0.0000e+00 +0.0000e+00 +0.0000e+00 +0.0000e+00 +0.0000e+00 +0.0000e+00 +0.0000e+00 +0.0000e+00 +0.0000e+00 +0.0000e+00 +0.0000e+00
4 0 +1.115540133e+01 +1.115540133e+01 +4.833540133e+01 +4.833540133e+01 +3.1701e-01 -7.9410e-03 -3.0092e-02 +4.7254e-01 -1.4490e+00 +2.4272e+00 +8.4010e-02 -1.7965e-01 -6.1139e-01 +8.8053e-01 -9.5595e-01 +1.6554e-01 +1.7588e-01 +2.3815e-01 +9.4474e-01 -1.8587e-01 -5.8314e-02 -1.2183e+00 +7.8764e-02 -2.4388e-01
15 0 +1.058113614e+01 +1.058113614e+01 +4.776113614e+01 +4.776113614e+01 -5.8814e-01 +1.1295e-02 -4.1432e-01 +8.6271e-01 -2.4830e+00 +3.6672e+00 +7.6761e-01 -3.8827e-01 -2.6188e-01 +7.6723e-01 +1.3448e+00 -2.1707e-02 +1.2666e+00 -5.1411e-01 +5.1484e-01 -2.6936e-01 +2.7663e-01 +2.2795e+00 +3.4739e-01 +8.8430e-01
36 0 +1.044595997e+01 +1.044595997e+01 +4.762595997e+01 +4.762595997e+01 -1.7716e+00 -5.8184e-02 -9.7335e-02 +7.5660e-01 -1.6295e+00 +2.4705e+00 +1.7208e+00 -6.9044e-01 -2.3421e+00 +7.8605e-01 +2.6842e+00 +6.1873e-01 -9.4666e-02 -4.2963e-01 +5.9224e-01 +8.8097e-01 +1.4457e-01 +9.9420e-01 +2.5286e-02 +1.4073e+00
39 0 +9.225550577e+00 +9.225550577e+00 +4.640555058e+01 +4.640555058e+01 -1.6347e+00 -1.0801e-02 +1.9245e-01 -2.2734e-02 -9.6576e-01 +1.7360e+00 +1.9989e+00 -8.2933e-01 +7.3160e-01 +1.8583e+00 +2.5966e+00 +1.9660e-01 +4.2659e+00 +1.0723e+00 +5.9468e-01 +7.7017e-02 -1.2276e-01 +3.3849e+00 +1.4189e-01 +1.1416e+00
61 0 +8.257814567e+00 +8.257814567e+00 +4.543781457e+01 +4.543781457e+01 -1.7568e+00 -6.0382e-02 -2.7142e-01 -4.9113e-01 +2.9850e-02 +3.9630e-01 +1.9355e+00 -9.5136e-01 +4.3603e-01 +1.5101e+00 +1.2438e+00 +2.1484e-01 +5.0304e-01 +1.1378e+00 +1.1161e+00 +1.6024e-01 +4.6147e-01 -8.1365e-01 +2.8352e-02 +1.4840e+00
87 0 +8.071627139e+00 +8.071627139e+00 +4.525162714e+01 +4.525162714e+01 -3.3630e+00 -2.2615e-02 -4.6190e-02 -1.0607e+00 -4.2486e+00 +1.5432e+00 +1.8957e+00 -1.0278e+00 -1.6319e+00 +1.0305e+00 +3.1991e+00 +5.7893e-01 +2.5363e+00 -1.6249e+00 +3.0793e+00 +2.6582e+00 +3.0860e-02 -9.5622e-01 +4.2113e-01 +1.6835e+00
101 0 +7.799903184e+00 +7.799903184e+00 +4.497990318e+01 +4.497990318e+01 -3.3782e+00 -1.2943e-02 -1.7710e-03 -1.0840e+00 -2.7081e+00 +1.0261e+00 +2.2380e+00 -1.2758e+00 -8.5770e-01 +8.9408e-01 +2.0515e+00 +7.9903e-01 +2.0125e+00 -3.3003e-01 +3.7037e+00 +2.5087e+00 -3.2892e-02 +1.2870e-01 +2.9035e-01 +1.3540e+00
109 0 +7.587371089e+00 +7.587371089e+00 +4.476737109e+01 +4.476737109e+01 -2.8955e+00 +2.7786e-03 -3.6108e-01 -1.3023e+00 -3.6533e+00 +2.0868e+00 +1.6949e+00 -9.9491e-01 -1.6112e+00 +9.1341e-01 +4.9032e-01 +8.4882e-01 -6.6433e-02 -1.0082e+00 +4.3451e+00 +1.6700e+00 -1.9744e-02 +3.2570e-01 +3.4883e-01 +1.0720e+00
209 0 +6.863069827e+00 +6.863069827e+00 +4.404306983e+01 +4.404306983e+01 -2.1983e+00 -1.0806e-01 -2.3602e-01 -3.1737e-01 -3.3482e+00 -9.4796e-01 +3.5292e+00 -1.3167e+00 -1.4291e+00 +2.0436e+00 -2.5812e-02 +3.2884e-01 +2.7671e+00 +9.2096e-01 +4.4040e+00 +1.7536e+00 -6.6565e-01 +5.9617e-01 +1.1332e+00 -6.9000e-01
% f evaluations | g evaluations | best noise-free fitness - Fopt | noise-free fitness - Fopt (-1.479000000000e+02) | measured fitness | best measured fitness | x1 | x2...
1 0 +1.445935349e+01 +1.445935349e+01 -1.334406465e+02 -1.334406465e+02 +0.0000e+00 +0.0000e+00 +0.0000e+00 +0.0000e+00 +0.0000e+00 +0.0000e+00 +0.0000e+00 +0.0000e+00 +0.0000e+00 +0.0000e+00 +0.0000e+00 +0.0000e+00 +0.0000e+00 +0.0000e+00 +0.0000e+00 +0.0000e+00 +0.0000e+00 +0.0000e+00 +0.0000e+00 +0.0000e+00
4 0 +1.263717124e+01 +1.263717124e+01 -1.352628288e+02 -1.352628288e+02 +2.9143e-01 +1.2709e+00 +1.7135e+00 -3.3402e-01 +4.3343e-01 -5.5167e-01 -3.5430e-02 +6.3533e-01 -5.8255e-01 +1.1197e+00 +1.3214e-02 +1.9213e+00 +1.2361e+00 +2.7042e+00 -4.5773e-01 +7.5203e-01 -2.5135e-03 -2.1108e-02 +1.2583e-01 -5.1780e-03
15 0 +1.221596520e+01 +1.221596520e+01 -1.356840348e+02 -1.356840348e+02 -1.5360e-01 +6.2421e-01 +7.4312e-01 +1.2601e+00 -1.3553e+00 -1.5119e+00 -3.4785e-01 -2.5108e-01 -8.9979e-01 +1.1581e+00 -4.8520e-03 +7.7488e-01 +1.8718e+00 -6.9486e-01 -1.3661e-01 +8.2946e-01 -5.8029e-02 -6.6713e-03 -4.1930e-01 -7.1137e-03
18 0 +1.172429620e+01 +1.172429620e+01 -1.361757038e+02 -1.361757038e+02 -9.2142e-02 +1.7722e-01 +1.1898e+00 -1.8321e+00 -4.6821e-01 -8.6867e-01 -3.8169e-01 -4.4647e-01 -3.7100e+00 -6.0646e-01 +5.8488e-03 -5.9006e-01 +1.1012e+00 -4.8768e-01 -3.2910e-01 +2.8756e-02 -3.6973e-02 -9.6652e-03 -1.5288e+00 -1.1953e-03
27 0 +1.121188915e+01 +1.121188915e+01 -1.366881109e+02 -1.366881109e+02 -2.9610e-01 -1.4013e+00 -3.0927e-01 -1.4002e+00 -5.6907e-01 -9.7039e-01 -3.0073e-01 -3.6897e-01 -1.4918e+00 +1.5969e-01 +2.5674e-02 -2.3525e+00 +8.8561e-01 -2.9840e+00 -5.9978e-01 +3.9026e-01 -1.1680e-01 -1.7074e-02 -1.4538e+00 -5.8845e-03
101 0 +9.491678241e+00 +9.491678241e+00 -1.384083218e+02 -1.384083218e+02 +8.2957e-01 +1.7672e+00 -1.5654e+00 +3.0594e+00 -1.2521e+00 -1.3112e+00 -8.6297e-01 -1.1817e+00 -3.0447e+00 +2.4370e+00 +9.2358e-03 -9.7146e-02 -6.8332e-01 -4.1565e+00 -9.0975e-02 +2.7325e+00 +1.3100e-01 +3.1595e-02 -4.1586e+00 +6.2415e-03
% f evaluations | g evaluations | best noise-free fitness - Fopt | noise-free fitness - Fopt (4.817100000000e+02) | measured fitness | best measured fitness | x1 | x2...
1 0 +1.502789487e+01 +1.502789487e+01 +4.967378949e+02 +4.967378949e+02 +0.0000e+00 +0.0000e+00 +0.0000e+00 +0.0000e+00 +0.0000e+00 +0.0000e+00 +0.0000e+00 +0.0000e+00 +0.0000e+00 +0.0000e+00 +0.0000e+00 +0.0000e+00 +0.0000e+00 +0.0000e+00 +0.0000e+00 +0.0000e+00 +0.0000e+00 +0.0000e+00 +0.0000e+00 +0.0000e+00
2 0 +1.122035108e+01 +1.122035108e+01 +4.929303511e+02 +4.929303511e+02 +3.9442e-01 +7.5788e-03 +4.6480e-01 +5.3894e-04 +3.5700e-01 -5.7840e-01 +1.2050e-01 +1.3475e+00 +1.4593e-01 -1.3993e+00 -6.2322e-01 -2.0135e+00 +1.3949e+00 -1.3811e-01 +1.0202e+00 +1.1013e+00 -3.6832e-01 -1.4045e+00 -1.2791e-02 +5.8476e-02
5 0 +7.612090639e+00 +7.612090639e+00 +4.893220906e+02 +4.893220906e+02 +2.5311e-01 -1.5164e-02 +7.4976e-01 +3.1423e-04 +7.0126e-01 +1.1191e+00 -1.1002e-01 -6.2809e-01 -3.6358e-01 +5.5871e-01 -2.4254e+00 -1.2742e+00 +3.6943e-02 +1.5928e+00 -3.5573e-01 -7.1522e-02 +9.4821e-02 +3.4119e-01 -3.2502e-02 -3.5840e-01
63 0 +6.444897492e+00 +6.444897492e+00 +4.881548975e+02 +4.881548975e+02 -3.1075e-01 -7.6529e-02 -2.1856e+00 +9.7175e-03 -4.5028e-01 +1.1768e+00 +4.3090e-01 -2.4812e+00 -2.1899e+00 +2.0944e+00 -3.7908e+00 -1.3895e+00 +2.5376e-01 +2.4353e+00 +3.5230e-01 +1.8992e+00 -1.0806e+00 +8.3159e-01 +5.0105e-02 -3.8476e-01
104 0 +6.283583285e+00 +6.283583285e+00 +4.879935833e+02 +4.879935833e+02 +1.0808e+00 -2.3741e-01 -1.6332e+00 +9.9033e-03 +2.4212e-01 +1.3577e+00 +1.8379e-01 -2.2096e+00 -3.0031e+00 +3.8079e+00 -3.6254e+00 -6.1061e-01 +2.2547e+00 -2.4358e-01 +5.0056e-02 +1.0010e+00 -6.0307e-01 +3.8205e+00 -1.0684e-01 -4.2946e-01
% f evaluations | g evaluations | best noise-free fitness - Fopt | noise-free fitness - Fopt (-3.646000000000e+01) | measured fitness | best measured fitness | x1 | x2...
1 0 +1.237014080e+01 +1.237014080e+01 -2.408985920e+01 -2.408985920e+01 +0.0000e+00 +0.0000e+00 +0.0000e+00 +0.0000e+00 +0.0000e+00 +0.0000e+00 +0.0000e+00 +0.0000e+00 +0.0000e+00 +0.0000e+00 +0.0000e+00 +0.0000e+00 +0.0000e+00 +0.0000e+00 +0.0000e+00 +0.0000e+00 +0.0000e+00 +0.0000e+00 +0.0000e+00 +0.0000e+00
11 0 +1.233409148e+01 +1.233409148e+01 -2.412590852e+01 -2.412590852e+01 -6.8469e-01 +1.7713e-01 -1.1122e-01 -2.6755e-02 -6.0604e-02 -1.5428e-01 +7.3146e-01 -1.2149e-01 -1.4135e-01 -3.8775e+00 -2.9490e+00 -2.4814e-01 -5.2274e-02 -3.4523e-01 +1.0590e+00 +1.2204e+00 +1.5236e-02 +6.5623e-01 -2.6038e-01 -1.0708e+00
12 0 +1.050807811e+01 +1.050807811e+01 -2.595192189e+01 -2.595192189e+01 -1.0658e-01 -4.4016e-01 -4.1004e-01 -1.3685e-01 +4.1880e-01 -3.8371e-01 +2.5842e-01 +6.6096e-01 -2.4481e-01 -2.0652e+00 -3.1534e+00 -1.0675e+00 -2.3140e+00 +1.1200e+00 +1.0006e-01 +4.8280e-01 +3.1747e-02 -6.7956e-02 -6.3641e-01 -7.1492e-01
33 0 +1.001768510e+01 +1.001768510e+01 -2.644231490e+01 -2.644231490e+01 -8.9716e-01 -2.8264e-01 -9.9026e-01 -2.7957e-02 +5.1470e+00 -8.5722e-01 -7.3681e-02 +1.0613e+00 -4.6951e-01 +1.0501e+00 -4.8113e+00 -4.7255e+00 +9.1329e-01 +1.8138e+00 +1.6365e+00 +1.8921e+00 -7.1508e-01 -1.5535e+00 -1.5964e+00 -2.1575e+00
80 0 +9.047353117e+00 +9.047353117e+00 -2.741264688e+01 -2.741264688e+01 +2.0375e+00 +6.8984e-01 -3.8032e-01 -4.4138e-01 +5.3066e+00 +8.1556e-03 +2.5553e+00 +6.7131e-01 -8.0430e-01 -1.9748e+00 -1.6706e+00 -4.1474e+00 -2.8794e+00 -1.6738e+00 +3.5789e+00 -9.0384e-01 -2.6346e+00 -2.0476e+00 -3.4162e+00 -3.9550e+00
81 0 +6.787185609e+00 +6.787185609e+00 -2.967281439e+01 -2.967281439e+01 +8.0434e-01 +1.4974e+00 -1.8586e-01 -2.7418e-01 +3.5125e+00 +5.0035e-01 +3.0439e+00 +9.6232e-01 -7.6304e-01 -2.6347e+00 -1.7625e+00 -2.2198e+00 -3.0096e+00 -2.1750e+00 +1.4821e+00 -2.0948e+00 -1.6374e+00 -1.4918e+00 +4.2094e-01 +1.1429e+00
721 0 +6.473198230e+00 +6.473198230e+00 -2.998680177e+01 -2.998680177e+01 -6.5087e-01 -9.8999e-01 -2.4150e+00 +2.1196e-01 +1.3733e+00 +1.3899e-01 -4.2243e-01 +3.2422e+00 -1.4232e+00 -1.6643e+00 +2.4370e+00 -2.6253e+00 -3.7013e-01 +1.7907e+00 +2.9027e+00 +6.9650e-01 +9.9847e-02 +7.5953e-01 +2.6005e-01 -1.0819e+00
738 0 +6.241907860e+00 +6.241907860e+00 -3.021809214e+01 -3.021809214e+01 -7.2377e-01 -1.0776e+00 -2.3536e+00 +2.2391e-01 +1.0695e+00 +2.9489e-02 -2.2842e-01 +2.9612e+00 -1.3656e+00 -1.7016e+00 +1.5033e+00 -1.5533e+00 -1.8592e-01 +1.5423e+00 +2.9885e+00 +6.2740e-01 +2.0036e-01 +8.3701e-01 +5.3514e-02 -1.6299e+00
% f evaluations | g evaluations | best noise-free fitness - Fopt | noise-free fitness - Fopt (3.920000000000e+01) | measured fitness | best measured fitness | x1 | x2...
1 0 +1.982859378e+01 +1.982859378e+01 +5.902859378e+01 +5.902859378e+01 +0.0000e+00 +0.0000e+00 +0.0000e+00 +0.0000e+00 +0.0000e+00 +0.0000e+00 +0.0000e+00 +0.0000e+00 +0.0000e+00 +0.0000e+00 +0.0000e+00 +0.0000e+00 +0.0000e+00 +0.0000e+00 +0.0000e+00 +0.0000e+00 +0.0000e+00 +0.0000e+00 +0.0000e+00 +0.0000e+00
4 0 +1.867904953e+01 +1.867904953e+01 +5.787904953e+01 +5.787904953e+01 +1.8923e+00 +9.0470e-01 -1.4391e-01 -9.3477e-01 +1.6938e+00 +1.8932e+00 +8.5551e-01 -7.7549e-01 -1.8902e-03 -2.1458e-02 +6.5855e-01 -2.2249e-01 +1.6854e-01 +1.8445e-01 +2.2369e-01 -4.1574e-01 +9.5189e-02 +2.6671e-01 +8.4295e-01 +2.9596e-01
81 0 +1.805238423e+01 +1.805238423e+01 +5.725238423e+01 +5.725238423e+01 +4.5513e-01 -1.0130e+00 +1.7567e-01 -6.1484e-01 +2.1372e-01 +1.7427e+00 +1.3894e+00 +1.7231e+00 +7.6365e-03 -1.7881e+00 +3.4154e+00 -7.5981e-01 +3.5066e-01 -8.8392e-01 -2.3294e+00 +6.4074e-01 -8.0817e-02 -6.6989e-01 +2.1672e+00 -2.2486e-01
82 0 +1.761878374e+01 +1.761878374e+01 +5.681878374e+01 +5.681878374e+01 -7.8366e-01 -1.3501e+00 +1.3482e-02 +5.0376e-02 +3.1325e+00 +2.4355e+00 +2.3844e+00 +2.1006e+00 +5.6336e-03 -2.0941e+00 +3.4036e+00 -5.8121e-01 +8.8478e-01 -6.3315e-01 -2.4180e+00 +1.7655e+00 -6.0690e-02 -9.5032e-01 +2.4512e+00 +6.2619e-01
99 0 +1.533506966e+01 +1.533506966e+01 +5.453506966e+01 +5.453506966e+01 -4.3894e-01 -1.0216e+00 +4.2968e-01 -3.9708e-02 +1.2331e+00 +3.3131e+00 +1.0476e+00 +1.0102e+00 +1.4928e-02 -1.7425e+00 +3.2806e+00 -2.7811e-01 +6.8071e-01 -6.6766e-01 -1.4482e+00 +8.9002e-01 -6.7564e-02 -1.0056e+00 +2.5276e+00 +4.5931e-01
130 0 +1.428153532e+01 +1.428153532e+01 +5.348153532e+01 +5.348153532e+01 -1.0059e-01 -1.5913e+00 +7.6208e-01 -1.9120e-02 +2.7051e+00 +2.2494e+00 +3.5692e+00 +1.0613e+00 +3.0555e-02 -2.3055e+00 +2.4079e+00 -1.1191e-01 +1.0696e-01 -9.0365e-01 -2.1801e+00 +1.7574e-01 -1.4203e-01 -8.8099e-01 +3.2700e+00 +3.4445e-01
154 0 +1.380975735e+01 +1.380975735e+01 +5.300975735e+01 +5.300975735e+01 +1.9430e-01 -1.8200e+00 +9.0355e-01 +3.3061e-01 +3.7419e+00 +2.7659e+00 +4.1976e+00 +1.1485e+00 +3.5460e-02 -2.4526e+00 +3.1660e+00 -2.6683e-01 +1.6178e+00 -6.2181e-01 -1.7711e+00 +1.0412e+00 -1.7802e-01 -1.3795e+00 +3.5418e+00 -1.6244e-01
159 0 +1.333437456e+01 +1.333437456e+01 +5.253437456e+01 +5.253437456e+01 +4.3169e-01 -1.6123e+00 +7.2553e-01 +3.6508e-01 +3.3426e+00 +2.8281e+00 +4.0736e+00 +1.6590e-01 +3.1187e-02 -2.3658e+00 +2.3107e+00 -2.3899e-01 +1.4185e+00 -6.7115e-01 -1.1978e+00 +2.1005e+00 -1.5729e-01 -1.0013e+00 +4.1687e+00 -2.9389e-01
168 0 +1.031039389e+01 +1.031039389e+01 +4.951039389e+01 +4.951039389e+01 +3.3934e-01 -1.7062e+00 +7.7607e-01 +5.2013e-01 +3.1351e+00 +3.0582e+00 +4.1600e+00 +4.4731e-02 +3.3867e-02 -2.3837e+00 +2.7983e+00 -3.2494e-01 +1.6898e+00 -6.9730e-01 -1.7517e+00 +1.6879e+00 -1.6552e-01 -1.2628e+00 +3.6386e+00 -2.7816e-01
293 0 +1.003841908e+01 +1.003841908e+01 +4.923841908e+01 +4.923841908e+01 +5.5707e-01 -1.8451e+00 +8.4216e-01 +6.8267e-01 +2.9115e+00 +2.6882e+00 +3.8363e+00 +4.9132e-01 +4.7645e-02 -2.2652e+00 +2.9308e+00 -2.5675e-01 +1.8071e+00 -9.0137e-01 -1.3230e+00 +1.4490e+00 -1.4629e-01 -9.9024e-01 +3.4863e+00 -7.7817e-01
318 0 +9.317110005e+00 +9.317110005e+00 +4.851711001e+01 +4.851711001e+01 +6.3529e-01 -1.8606e+00 +8.2872e-01 +6.2908e-01 +2.7939e+00 +2.8693e+00 +3.7243e+00 +6.1296e-01 +4.7121e-02 -2.2440e+00 +3.0040e+00 -2.3251e-01 +2.0071e+00 -8.7220e-01 -1.3309e+00 +1.3741e+00 -1.4239e-01 -8.9788e-01 +3.4058e+00 -7.6423e-01
359 0 +8.687592042e+00 +8.687592042e+00 +4.788759204e+01 +4.788759204e+01 +6.5782e-01 -1.8138e+00 +9.4737e-01 +6.9022e-01 +2.8758e+00 +2.6838e+00 +3.7964e+00 +3.8937e-01 +4.7417e-02 -2.2075e+00 +2.9916e+00 -3.0205e-01 +2.0114e+00 -8.8976e-01 -1.2476e+00 +1.4401e+00 -1.4347e-01 -1.0118e+00 +3.5570e+00 -6.9071e-01
960 0 +7.818641882e+00 +7.818641882e+00 +4.701864188e+01 +4.701864188e+01 +9.1247e-01 -3.0716e+00 +2.0995e+00 +1.4544e+00 +1.5134e+00 +1.4498e+00 +3.4764e+00 -1.7416e+00 +4.4585e-02 -2.0011e+00 +2.0230e+00 -1.2808e-01 +3.2764e+00 -1.1820e+00 -1.8320e+00 -1.9726e-01 -2.6924e-01 -1.1179e+00 +3.6817e+00 -7.0339e-01
% f evaluations | g evaluations | best noise-free fitness - Fopt | noise-free fitness - Fopt (-3.225000000000e+01) | measured fitness | best measured fitness | x1 | x2...
1 0 +6.968617323e+01 +6.968617323e+01 +3.743617323e+01 +3.743617323e+01 +0.0000e+00 +0.0000e+00 +0.0000e+00 +0.0000e+00 +0.0000e+00 +0.0000e+00 +0.0000e+00 +0.0000e+00 +0.0000e+00 +0.0000e+00 +0.0000e+00 +0.0000e+00 +0.0000e+00 +0.0000e+00 +0.0000e+00 +0.0000e+00 +0.0000e+00 +0.0000e+00 +0.0000e+00 +0.0000e+00
2 0 +2.724709448e+01 +2.724709448e+01 -5.002905517e+00 -5.002905517e+00 -1.5054e-01 +6.6211e-01 -3.4547e-01 -2.8177e+00 -1.3171e-02 +2.8196e-01 +1.1207e-02 +1.2162e+00 +1.5882e-02 +5.1401e-01 -1.4876e-01 +9.1934e-01 +2.0814e+00 +7.0636e-01 +2.4490e-01 +1.9261e-01 +1.4418e-01 -9.9523e-01 -6.9108e-03 -4.0826e-03
5 0 +2.402886751e+01 +2.402886751e+01 -8.221132485e+00 -8.221132485e+00 +4.5148e-01 -5.7249e-01 -3.7815e-01 -1.0693e+00 -1.0007e-04 -4.3851e-02 -3.0794e-01 +9.8583e-01 +1.9853e-03 +1.0740e+00 -1.5431e-01 +1.7055e+00 +2.6707e-01 -1.1323e-01 +3.4643e-01 -4.0361e-02 +1.0482e+00 +1.2440e+00 +3.0017e-02 +8.0270e-03
16 0 +1.505620852e+01 +1.505620852e+01 -1.719379148e+01 -1.719379148e+01 +1.2921e+00 +1.7788e+00 -6.8819e-01 -1.1955e+00 -8.0778e-03 +4.4083e-01 -1.2602e-01 +1.8394e+00 -6.3219e-02 +4.4457e-01 -1.6706e-01 +5.1868e+00 +1.3897e+00 -2.2283e+00 +5.0333e-01 +2.4041e-01 +1.5093e+00 +3.7767e-01 +3.0572e-02 +5.1862e-02
125 0 +1.430253081e+01 +1.430253081e+01 -1.794746919e+01 -1.794746919e+01 +3.6671e+00 +2.8398e+00 -2.5029e+00 -3.5532e+00 -1.3145e-01 +1.3899e+00 +7.6106e-01 +4.9227e+00 -5.4977e-02 +4.5429e+00 +4.6550e-01 -1.1919e-01 -3.8019e-01 -3.7951e+00 +2.6356e+00 +3.7497e-01 -1.6814e+00 +2.5965e+00 +4.8095e-01 -6.1609e-03
204 0 +1.307616768e+01 +1.307616768e+01 -1.917383232e+01 -1.917383232e+01 +3.5920e+00 +2.4307e+00 -3.6650e+00 -3.7084e+00 -8.8537e-02 +2.0949e+00 -7.3311e-01 +2.3084e+00 +5.1940e-02 +2.8833e+00 +4.7806e-01 +1.3052e+00 +4.4058e+00 -3.9711e+00 +2.7611e+00 +3.2412e-01 +9.8048e-01 +4.1893e+00 +1.4930e-01 +2.4402e-01
208 0 +1.277467643e+01 +1.277467643e+01 -1.947532357e+01 -1.947532357e+01 +3.8964e+00 +2.7123e+00 -3.1158e+00 -3.3913e+00 -8.7828e-02 +2.5851e+00 -1.0750e+00 +1.8211e+00 +5.4799e-02 +2.4757e+00 +2.1740e-01 -2.5691e-01 +5.1312e+00 -4.2915e+00 +2.3407e+00 +3.1104e-01 +1.2485e+00 +4.5599e+00 +9.4549e-02 +2.6708e-01
210 0 +1.256829786e+01 +1.256829786e+01 -1.968170214e+01 -1.968170214e+01 +3.6309e+00 +2.3219e+00 -3.6645e+00 -3.5185e+00 -9.3653e-02 +2.8674e+00 -4.2977e-01 +1.9385e+00 +3.4900e-02 +2.6578e+00 +2.2107e-01 +2.0240e+00 +5.3840e+00 -3.4766e+00 +3.0089e+00 +2.2874e-01 +5.3999e-01 +4.5686e+00 +2.4591e-01 +2.3323e-01
211 0 +1.200332718e+01 +1.200332718e+01 -2.024667282e+01 -2.024667282e+01 +3.7828e+00 +2.6597e+00 -3.4916e+00 -3.5817e+00 -8.3146e-02 +2.3294e+00 -9.1566e-01 +1.2723e+00 +5.9197e-02 +1.9788e+00 +7.1283e-02 +1.0067e+00 +3.0614e+00 -3.7985e+00 +2.9301e+00 +2.9630e-01 +1.0591e+00 +4.3911e+00 +1.5518e-01 +1.7807e-01
219 0 +1.172335783e+01 +1.172335783e+01 -2.052664217e+01 -2.052664217e+01 +3.6175e+00 +2.8197e+00 -3.5950e+00 -3.0424e+00 -8.8459e-02 +2.7425e+00 -8.1915e-01 +1.6312e+00 +3.9934e-02 +2.0420e+00 +1.1471e-01 +6.3145e-01 +5.3574e+00 -3.3737e+00 +2.7600e+00 +2.0629e-01 +5.8620e-01 +4.2081e+00 +3.3934e-01 +2.5014e-01
233 0 +1.134750534e+01 +1.134750534e+01 -2.090249466e+01 -2.090249466e+01 +3.4587e+00 +2.7511e+00 -3.7142e+00 -3.5950e+00 -9.1113e-02 +2.6830e+00 -7.5900e-01 +2.1818e+00 +6.2345e-02 +2.4012e+00 +4.6332e-02 +1.2017e+00 +3.3363e+00 -2.4970e+00 +1.4456e+00 +2.4525e-01 +9.6848e-01 +4.2336e+00 +2.4689e-01 +3.1516e-01
243 0 +1.051655995e+01 +1.051655995e+01 -2.173344005e+01 -2.173344005e+01 +3.9819e+00 +2.5780e+00 -3.6092e+00 -4.4323e+00 -9.0454e-02 +3.0075e+00 -7.4254e-01 +1.9522e+00 +6.3691e-02 +2.9518e+00 +5.9258e-02 +1.8077e+00 +4.3812e+00 -1.8566e+00 +2.8236e+00 +2.9488e-01 +1.3377e+00 +4.9442e+00 +2.5627e-01 +3.3491e-01
263 0 +1.000146224e+01 +1.000146224e+01 -2.224853776e+01 -2.224853776e+01 +3.7447e+00 +4.1322e+00 -4.3374e+00 -4.0576e+00 -8.7608e-02 +3.6649e+00 -7.2180e-01 +2.1842e+00 +7.1788e-02 +2.9815e+00 -5.6852e-02 +1.3235e+00 +3.0242e+00 -7.9510e-01 +2.0859e+00 +2.0749e-01 +6.5645e-01 +5.0902e+00 +2.6114e-01 +3.4532e-01
320 0 +9.473283414e+00 +9.473283414e+00 -2.277671659e+01 -2.277671659e+01 +3.6548e+00 +4.6831e+00 -4.5727e+00 -4.0838e+00 -9.4887e-02 +3.3676e+00 -1.1075e+00 +2.3017e+00 +6.8000e-02 +3.3437e+00 -3.6758e-01 +1.3301e+00 +3.3027e+00 -2.0317e+00 +3.5438e+00 +4.1150e-02 +1.0856e+00 +4.2762e+00 +2.5851e-01 +2.9685e-01
860 0 +9.014952857e+00 +9.014952857e+00 -2.323504714e+01 -2.323504714e+01 +3.5208e+00 +3.4452e+00 -3.6423e+00 -1.3326e+00 -2.0668e-01 -4.1795e+00 -1.3266e+00 +1.0679e+00 +2.8624e-01 +4.1231e+00 -2.4264e+00 +1.3106e+00 +3.2312e+00 -4.8655e-01 -8.5980e-01 +1.2723e+00 +1.9121e+00 +4.0613e+00 +5.9287e-01 +8.0285e-01
882 0 +8.593865851e+00 +8.593865851e+00 -2.365613415e+01 -2.365613415e+01 +3.4593e+00 +3.4145e+00 -2.3248e+00 -9.1665e-01 -2.1145e-01 -3.7997e+00 -1.1823e+00 +6.8199e-01 +2.9772e-01 +4.9114e+00 -2.3483e+00 +1.2139e+00 +3.1322e+00 -6.4630e-01 -9.9932e-01 +1.2686e+00 +1.6171e+00 +3.2411e+00 +6.2191e-01 +7.6280e-01
% f evaluations | g evaluations | best noise-free fitness - Fopt | noise-free fitness - Fopt (3.681200000000e+02) | measured fitness | best measured fitness | x1 | x2...
1 0 +1.440821635e+01 +1.440821635e+01 +3.825282163e+02 +3.825282163e+02 +0.0000e+00 +0.0000e+00 +0.0000e+00 +0.0000e+00 +0.0000e+00 +0.0000e+00 +0.0000e+00 +0.0000e+00 +0.0000e+00 +0.0000e+00 +0.0000e+00 +0.0000e+00 +0.0000e+00 +0.0000e+00 +0.0000e+00 +0.0000e+00 +0.0000e+00 +0.0000e+00 +0.0000e+00 +0.0000e+00
36 0 +1.414783134e+01 +1.414783134e+01 +3.822678313e+02 +3.822678313e+02 -1.8373e-01 +1.3205e+00 +1.1227e+00 -9.9172e-02 -6.2713e-02 -1.4531e-01 -1.0458e+00 -1.4966e+00 -4.3422e-01 +9.5789e-02 +1.6240e+00 -1.0869e+00 -8.2446e-01 -8.1543e-01 +5.2696e-01 -1.6194e+00 +6.3031e-01 +7.7702e-01 +1.0435e+00 -2.3270e+00
41 0 +1.288156351e+01 +1.288156351e+01 +3.810015635e+02 +3.810015635e+02 -9.7720e-02 +1.1791e+00 +6.7790e-01 -3.8535e-02 +2.9132e-01 -2.4955e-01 -2.0582e+00 +1.5864e+00 -1.1265e-01 +4.9479e-01 +1.2775e+00 -1.0716e+00 -1.0953e+00 -2.7436e-01 +1.1789e+00 -1.7556e+00 -2.1065e+00 -3.3028e-01 +9.0493e-01 -1.8123e+00
52 0 +1.202905542e+01 +1.202905542e+01 +3.801490554e+02 +3.801490554e+02 -1.1293e+00 +2.0257e+00 +9.5923e-01 +1.3401e-01 +4.2422e-01 -5.1804e-01 +9.3490e-01 +3.8887e-01 -1.8520e-01 -2.8839e-01 +2.1638e+00 -2.2794e+00 -3.4166e-01 -2.7285e+00 +1.4524e-01 -2.7695e+00 +3.0354e+00 -1.3315e-01 -7.8735e-01 -1.8967e+00
66 0 +1.199341387e+01 +1.199341387e+01 +3.801134139e+02 +3.801134139e+02 -6.9813e-01 +1.0682e+00 +7.1019e-01 +1.1118e-01 -2.5955e+00 -5.8143e-01 +1.8369e+00 -2.9561e+00 +7.1000e-01 -6.8284e-02 +9.5024e-03 +4.6969e-01 -8.5085e-01 -3.0136e+00 -6.5169e-01 -1.2175e+00 +3.1724e+00 -3.8883e-01 +1.6281e+00 -3.4445e-01
79 0 +1.107739305e+01 +1.107739305e+01 +3.791973931e+02 +3.791973931e+02 +1.2035e-01 +9.3534e-01 +1.9994e+00 +1.4980e-01 -2.5148e+00 -5.5334e-01 +2.0486e+00 -2.7180e+00 +2.3756e+00 -1.5344e+00 +3.0220e-01 +1.7353e-01 -2.3592e+00 -2.3746e+00 +4.0166e-01 -1.8124e+00 +4.6075e+00 -1.8886e-01 +1.6959e+00 -1.2033e+00
90 0 +8.295832922e+00 +8.295832922e+00 +3.764158329e+02 +3.764158329e+02 -2.8590e+00 +1.2702e+00 +1.5426e+00 +1.8427e-01 -1.6015e+00 -6.9268e-01 +1.2252e+00 -1.3779e-01 +2.1878e+00 -8.4438e-01 +1.1031e+00 -9.5993e-01 -2.2155e+00 -2.6715e+00 +2.5136e-01 -1.7935e+00 +3.6395e+00 -8.6759e-01 +5.1264e-01 -2.0605e+00
% f evaluations | g evaluations | best noise-free fitness - Fopt | noise-free fitness - Fopt (4.739000000000e+01) | measured fitness | best measured fitness | x1 | x2...
1 0 +1.440751509e+01 +1.440751509e+01 +6.179751509e+01 +6.179751509e+01 +0.0000e+00 +0.0000e+00 +0.0000e+00 +0.0000e+00 +0.0000e+00 +0.0000e+00 +0.0000e+00 +0.0000e+00 +0.0000e+00 +0.0000e+00 +0.0000e+00 +0.0000e+00 +0.0000e+00 +0.0000e+00 +0.0000e+00 +0.0000e+00 +0.0000e+00 +0.0000e+00 +0.0000e+00 +0.0000e+00
2 0 +1.400424403e+01 +1.400424403e+01 +6.139424403e+01 +6.139424403e+01 -3.9165e-01 +1.3775e+00 +1.4588e+00 +2.7328e-01 +1.8407e+00 +1.7435e+00 -1.2325e-01 +8.0510e-02 +2.6833e-01 -1.1824e+00 -3.2937e-01 -4.8256e-02 -5.1456e-02 -1.0698e-01 -2.1367e-01 -3.1222e-01 -1.1420e+00 +7.5465e-03 -3.1901e-01 +8.7016e-02
14 0 +1.068094134e+01 +1.068094134e+01 +5.807094134e+01 +5.807094134e+01 +1.4126e+00 +1.8397e+00 +2.2961e-01 +6.6936e-02 +5.4584e-01 +5.8095e-01 +1.6112e+00 -2.4764e-02 +7.1427e-01 -2.1167e+00 -3.6368e-01 -1.3939e+00 -2.5183e-02 -8.8681e-02 -2.5629e-01 -1.3452e-01 -8.5142e-01 -1.4051e-02 -4.5740e-01 +1.1228e-01
24 0 +8.925373201e+00 +8.925373201e+00 +5.631537320e+01 +5.631537320e+01 +9.1625e-01 +1.0739e+00 -1.8051e+00 +7.3703e-01 +8.0420e-01 +1.8070e+00 +1.8860e+00 +8.9867e-02 -5.4576e-01 -2.1218e+00 -1.0409e-01 -2.9978e+00 -3.0183e-02 -2.6063e-01 -1.2109e+00 -8.7099e-01 -3.1934e+00 +4.0993e-05 -8.6760e-01 +2.0211e-01
37 0 +8.283437044e+00 +8.283437044e+00 +5.567343704e+01 +5.567343704e+01 +2.0555e+00 +2.0479e+00 -2.1845e+00 +1.8142e+00 -2.1782e-01 +5.2363e-01 +2.4496e+00 +7.9685e-01 -4.5049e-01 -2.6657e+00 -1.0495e-01 +4.5506e-01 -8.7155e-02 -8.6011e-01 -1.0675e+00 -1.7024e-01 -4.2657e+00 +2.1425e-02 +1.0182e+00 +4.3851e-01
42 0 +7.968087954e+00 +7.968087954e+00 +5.535808795e+01 +5.535808795e+01 +2.4756e+00 +1.5388e+00 -3.4649e+00 +6.1152e-01 -4.5988e-02 -2.5625e-01 +1.3723e+00 -2.8681e-01 -1.0071e+00 -1.8838e+00 -3.0912e-01 -1.5345e-01 -1.1029e-01 -7.8006e-01 -6.0680e-01 -4.0727e-01 -3.2851e+00 +4.6396e-02 -7.5845e-02 +5.6990e-01
% f evaluations | g evaluations | best noise-free fitness - Fopt | noise-free fitness - Fopt (-3.428900000000e+02) | measured fitness | best measured fitness | x1 | x2...
1 0 +1.596395368e+01 +1.596395368e+01 -3.269260463e+02 -3.269260463e+02 +0.0000e+00 +0.0000e+00 +0.0000e+00 +0.0000e+00 +0.0000e+00 +0.0000e+00 +0.0000e+00 +0.0000e+00 +0.0000e+00 +0.0000e+00 +0.0000e+00 +0.0000e+00 +0.0000e+00 +0.0000e+00 +0.0000e+00 +0.0000e+00 +0.0000e+00 +0.0000e+00 +0.0000e+00 +0.0000e+00
9 0 +1.410929904e+01 +1.410929904e+01 -3.287807010e+02 -3.287807010e+02 +7.0210e-02 -3.9718e-01 +2.2334e-01 -1.9724e-01 -2.5498e+00 -9.1482e-01 +5.3807e-02 -5.2517e-01 +8.3949e-01 -2.5390e-01 -2.4460e-02 +4.2851e-02 +4.1791e-01 -8.5098e-01 +8.1738e-01 +1.4577e+00 -2.8964e-02 -2.8676e-01 -1.0943e-01 -2.6842e-02
12 0 +1.305109618e+01 +1.305109618e+01 -3.298389038e+02 -3.298389038e+02 +4.7170e-02 +1.2078e+00 +1.4823e+00 +3.4586e-01 +3.9358e-01 +2.3153e-01 -1.8280e-02 +1.5615e-01 -1.4182e-01 +1.2245e+00 -5.2113e-02 +3.1168e-01 +2.2724e+00 -1.6636e+00 +5.5423e-01 +1.5586e+00 -5.4569e-02 -5.7155e-01 -1.4202e-01 +4.4119e-02
55 0 +1.249202519e+01 +1.249202519e+01 -3.303979748e+02 -3.303979748e+02 -1.0273e-01 +1.2670e+00 +2.5628e+00 -6.7408e-01 -2.2152e+00 +6.0452e-01 -9.9137e-02 +8.5340e-01 -4.6321e-01 +3.3598e-02 -2.1788e-01 +1.2829e-01 +1.4030e+00 -3.7563e+00 +6.4424e-02 +3.0154e+00 +3.4981e-02 -2.1041e+00 -1.1885e-01 +4.8841e-02
68 0 +1.229101189e+01 +1.229101189e+01 -3.305989881e+02 -3.305989881e+02 +1.4544e-02 +7.1706e-01 +6.6435e-01 +6.8651e-01 +1.1238e+00 +3.8906e-01 +6.6160e-02 -7.0464e-01 +1.5714e-01 -4.1077e-02 -1.7198e-01 +2.9313e-01 +3.2015e+00 -9.8229e-01 -7.3445e-01 +2.3045e+00 -1.0537e-01 -1.4186e+00 -1.8312e-01 +5.2068e-02
96 0 +1.117477440e+01 +1.117477440e+01 -3.317152256e+02 -3.317152256e+02 +1.0107e-01 +2.9451e-01 +2.3618e+00 +3.5865e-02 +3.0981e+00 -1.8978e+00 -1.5446e-02 -1.0934e+00 +3.7844e-01 -5.0406e-01 -8.3969e-02 +1.0156e+00 +3.9350e+00 -2.3768e-01 -2.2774e-01 +2.5666e+00 -8.4850e-01 -1.6735e+00 -2.6654e-01 -4.3737e-02
109 0 +9.291061727e+00 +9.291061727e+00 -3.335989383e+02 -3.335989383e+02 +1.3107e-01 +2.7911e-01 +2.4998e+00 +1.1247e-01 +4.0844e+00 -3.0981e+00 -6.2843e-02 -1.1795e+00 +3.9401e-01 -2.7874e+00 +2.1307e-02 +6.6698e-02 +2.8004e+00 +1.6593e+00 -5.6406e-01 +3.7309e+00 +7.6860e-01 -1.4449e+00 -2.2686e-01 +2.7152e-02
179 0 +8.926115522e+00 +8.926115522e+00 -3.339638845e+02 -3.339638845e+02 +4.5037e-01 -9.8997e-01 +2.5029e+00 +1.2100e+00 +1.8040e+00 -1.8174e+00 -3.1757e-02 -8.1410e-01 +1.6346e+00 -1.7199e-01 +8.9646e-02 -6.3052e-01 +2.4656e+00 -8.4414e-01 +1.5119e-01 +1.0622e+00 +8.0520e-01 -1.9209e+00 -2.4022e-01 +2.4806e-01
186 0 +8.106324386e+00 +8.106324386e+00 -3.347836756e+02 -3.347836756e+02 +3.8341e-01 -1.0978e+00 +2.5229e+00 +7.4153e-01 +1.2841e+00 -3.4017e+00 -1.6102e-01 -4.2248e-01 +2.9119e+00 -6.3943e-01 +6.6704e-02 -6.8641e-01 +2.3451e+00 -8.5203e-01 +1.8862e-01 +1.9712e+00 +1.1070e+00 -1.5434e+00 -2.7153e-01 +2.3076e-01
193 0 +7.668410200e+00 +7.668410200e+00 -3.352215898e+02 -3.352215898e+02 +2.7920e-01 -1.6653e+00 +4.1005e+00 +7.6223e-01 +1.0321e+00 -2.7680e+00 -1.3991e-01 -5.2698e-01 +2.8943e+00 -2.7597e-01 +7.8995e-02 -2.5412e-01 +3.7229e+00 -3.5560e+00 +4.8370e-01 +1.6008e+00 +1.6749e+00 -2.1810e+00 -2.5973e-01 +2.4111e-01
286 0 +7.533153575e+00 +7.533153575e+00 -3.353568464e+02 -3.353568464e+02 +1.1391e-01 -2.0918e+00 +3.9366e+00 -4.6192e-01 +5.0778e-01 -1.2734e+00 -1.6288e-01 -2.4060e-01 +3.5550e+00 -1.4472e-01 -3.6746e-02 -1.2452e+00 +1.8528e+00 +9.6804e-01 -8.1626e-01 +6.8312e-01 +1.3565e+00 -1.5467e+00 -3.8227e-01 +3.3016e-01
312 0 +7.040195033e+00 +7.040195033e+00 -3.358498050e+02 -3.358498050e+02 +1.5168e-01 -1.9043e+00 +4.4703e+00 -6.4954e-01 -9.7683e-01 -1.5604e+00 -2.2733e-01 -1.0603e+00 +3.3841e+00 -2.1870e-01 +1.5830e-01 -1.7997e+00 +2.6848e+00 +6.0428e-02 -1.1113e+00 +1.0477e+00 +1.0067e+00 -1.7229e+00 -3.6484e-01 +3.6356e-01
336 0 +6.796126584e+00 +6.796126584e+00 -3.360938734e+02 -3.360938734e+02 +7.1020e-02 -2.0506e+00 +4.4468e+00 -6.1888e-01 -2.8139e-01 -2.0083e+00 -8.6149e-02 -5.5118e-01 +2.9777e+00 -1.6058e-01 +2.4585e-01 -2.2061e+00 +3.2983e+00 -1.0846e+00 -7.8382e-01 +4.7398e-01 +1.7156e+00 -1.1856e+00 -3.6128e-01 +3.7709e-01
348 0 +6.132818892e+00 +6.132818892e+00 -3.367571811e+02 -3.367571811e+02 +1.7037e-01 -2.4339e+00 +4.3653e+00 -3.2915e-01 +1.7180e-01 -3.4449e+00 -2.1256e-01 -8.6983e-01 +2.6972e+00 +5.9835e-01 +2.5490e-01 -1.3348e+00 +3.4585e+00 -2.6411e-01 -5.9469e-01 +7.7381e-01 +1.0795e+00 -1.5623e+00 -3.8056e-01 +3.4373e-01
443 0 +5.412174239e+00 +5.412174239e+00 -3.374778258e+02 -3.374778258e+02 +7.9843e-02 -1.6866e+00 +3.6367e+00 -4.4244e-01 -2.1053e+00 -4.5887e+00 -2.4908e-01 -1.2914e+00 +2.2276e+00 +1.5367e-01 +3.8413e-01 -9.8466e-01 +2.9794e+00 +9.6607e-01 +1.0537e+00 +1.6354e+00 +1.0740e+00 -1.9214e+00 -4.7931e-01 +3.2392e-01
% f evaluations | g evaluations | best noise-free fitness - Fopt | noise-free fitness - Fopt (9.102000000000e+01) | measured fitness | best measured fitness | x1 | x2...
1 0 +1.654050346e+01 +1.654050346e+01 +1.075605035e+02 +1.075605035e+02 +0.0000e+00 +0.0000e+00 +0.0000e+00 +0.0000e+00 +0.0000e+00 +0.0000e+00 +0.0000e+00 +0.0000e+00 +0.0000e+00 +0.0000e+00 +0.0000e+00 +0.0000e+00 +0.0000e+00 +0.0000e+00 +0.0000e+00 +0.0000e+00 +0.0000e+00 +0.0000e+00 +0.0000e+00 +0.0000e+00
18 0 +1.393088200e+01 +1.393088200e+01 +1.049508820e+02 +1.049508820e+02 +8.0346e-01 -1.7590e+00 -8.7086e-01 +2.6696e-01 -1.2106e+00 -2.9518e-03 +6.7957e-01 +1.5005e-01 -8.5237e-01 +2.8807e-02 +2.8191e+00 +2.4787e-02 +1.1358e+00 -6.9120e-02 -6.4312e-01 -4.7319e-01 -1.9153e-01 -2.3800e-01 +6.2402e-02 -1.4120e-01
21 0 +1.195971579e+01 +1.195971579e+01 +1.029797158e+02 +1.029797158e+02 +5.9515e-01 -7.7695e-01 +2.1870e-01 +6.0335e-02 -1.2412e-01 +1.6308e-01 -8.2788e-01 +3.6114e-01 -6.2423e-01 -1.6378e-02 +6.9535e-01 -1.3628e-01 +7.4878e-01 -1.6110e+00 -1.5720e+00 -3.7607e-01 -3.5906e-01 -1.2918e-01 -2.3673e-01 -2.4297e-01
82 0 +8.727946861e+00 +8.727946861e+00 +9.974794686e+01 +9.974794686e+01 +1.5219e-01 +2.0531e-01 -2.7320e+00 -2.3840e+00 -3.1114e+00 +1.1430e+00 -1.4006e+00 +2.1471e-01 +1.3042e+00 -2.7740e-01 +3.0788e+00 -8.4250e-02 +1.7851e+00 -2.5457e+00 -1.5718e+00 -4.5990e-02 +5.8082e-01 -2.4814e-01 +1.1655e+00 -5.8432e-01
101 0 +8.387970789e+00 +8.387970789e+00 +9.940797079e+01 +9.940797079e+01 -1.6497e-01 -2.6743e-01 -4.6539e-01 -1.6133e+00 -1.1214e+00 +7.9788e-01 -3.2521e+00 +2.0387e-02 +3.5020e-01 -3.1538e-01 +4.0111e+00 -4.6406e-01 +1.7033e+00 -1.0548e+00 -3.4000e+00 -5.0312e-01 +2.6954e-01 -6.4594e-02 +6.1240e-01 -4.4226e-01
265 0 +7.772433255e+00 +7.772433255e+00 +9.879243326e+01 +9.879243326e+01 +8.0912e-01 -1.0798e+00 +4.8802e-02 -2.2220e+00 -3.9186e+00 +5.0633e-01 -1.7592e+00 -7.4349e-02 +1.5193e+00 -4.3608e-01 +3.2971e+00 -1.1716e-01 +4.1781e+00 -2.4676e+00 -2.2753e+00 +2.6657e-01 +1.5659e+00 +4.6376e-01 +1.2084e+00 -6.7031e-01
367 0 +7.718333041e+00 +7.718333041e+00 +9.873833304e+01 +9.873833304e+01 +3.7885e-01 +6.6651e-01 +2.2927e+00 -2.7399e+00 +2.1521e-01 +7.5746e-01 -7.8457e-01 -3.0695e-01 +4.2953e-01 -3.7600e-01 -1.1541e+00 +1.5184e+00 +1.9112e+00 -2.2877e+00 -4.0345e+00 +5.5131e-01 +2.5643e+00 +8.6684e-01 +1.8167e-01 -1.0907e+00
371 0 +7.269011411e+00 +7.269011411e+00 +9.828901141e+01 +9.828901141e+01 +1.3044e-01 -5.4155e-01 +1.5661e+00 -2.3632e+00 -1.5044e+00 +6.2417e-01 -2.6979e+00 -3.8355e-01 +2.6143e-01 -3.4292e-01 -7.4519e-01 +1.4413e+00 +2.9762e+00 -1.5959e+00 -2.2118e+00 +1.0627e-01 +2.4299e+00 +3.6209e-01 +7.0605e-02 -9.6236e-01
681 0 +6.962591152e+00 +6.962591152e+00 +9.798259115e+01 +9.798259115e+01 -4.7290e-01 -3.3345e+00 +1.2301e+00 -2.2522e+00 -4.3564e+00 +6.9634e-01 -1.6204e+00 +6.5904e-01 +3.4823e+00 -5.6673e-01 +3.1583e+00 +1.9815e+00 +3.5151e+00 -3.9420e-02 -6.5641e-01 +1.3351e+00 +2.8720e+00 +1.1276e+00 -2.6639e-01 -4.5022e-01
761 0 +6.529748606e+00 +6.529748606e+00 +9.754974861e+01 +9.754974861e+01 -2.2016e-01 -3.0922e+00 +1.1284e+00 -2.4766e+00 -4.9240e+00 +7.0275e-01 -1.6788e+00 +7.1996e-01 +4.0580e+00 -5.8846e-01 +2.6556e+00 +2.0947e+00 +3.3138e+00 -7.0332e-02 -9.6264e-01 +1.2402e+00 +2.8959e+00 +9.5855e-01 +5.8849e-04 -3.2971e-01
946 0 +6.292110195e+00 +6.292110195e+00 +9.731211020e+01 +9.731211020e+01 -3.4808e-01 -2.7329e+00 +9.1546e-01 -2.1124e+00 -5.1472e+00 +8.0856e-01 -1.0981e+00 +7.6279e-01 +3.9667e+00 -5.6348e-01 +3.2853e+00 +2.0295e+00 +2.7990e+00 -1.1909e-01 -1.7115e+00 +1.1557e+00 +3.1307e+00 +1.1737e+00 +3.2988e-02 -1.2544e-01
960 0 +5.793422726e+00 +5.793422726e+00 +9.681342273e+01 +9.681342273e+01 -3.4845e-01 -2.7388e+00 +9.7894e-01 -2.1612e+00 -5.1961e+00 +7.6670e-01 -1.0110e+00 +7.6377e-01 +3.9965e+00 -5.6140e-01 +2.9996e+00 +2.0106e+00 +2.7785e+00 -1.1869e-01 -1.6115e+00 +1.1115e+00 +3.1040e+00 +1.1289e+00 +4.4632e-02 -1.3834e-01
% f evaluations | g evaluations | best noise-free fitness - Fopt | noise-free fitness - Fopt (7.324200000000e+02) | measured fitness | best measured fitness | x1 | x2...
1 0 +1.245327240e+01 +1.245327240e+01 +7.448732724e+02 +7.448732724e+02 +0.0000e+00 +0.0000e+00 +0.0000e+00 +0.0000e+00 +0.0000e+00 +0.0000e+00 +0.0000e+00 +0.0000e+00 +0.0000e+00 +0.0000e+00 +0.0000e+00 +0.0000e+00 +0.0000e+00 +0.0000e+00 +0.0000e+00 +0.0000e+00 +0.0000e+00 +0.0000e+00 +0.0000e+00 +0.0000e+00
29 0 +1.040379989e+01 +1.040379989e+01 +7.428237999e+02 +7.428237999e+02 +3.0743e-01 -5.8117e-01 +4.9539e+00 +4.3805e-02 +7.9743e-01 -1.1496e-02 +2.0867e+00 +4.6961e-01 +4.8587e-01 +1.1040e+00 +6.2254e-01 -1.4652e+00 +2.2081e-01 +7.7679e-01 +1.1405e-01 +8.2697e-01 +6.8182e-01 -7.9547e-02 -4.6074e+00 +2.6326e-01
62 0 +9.560340884e+00 +9.560340884e+00 +7.419803409e+02 +7.419803409e+02 +1.0205e+00 +2.9138e-01 +1.3549e+00 +2.7478e-01 +8.6601e-01 -4.3479e-01 -4.7479e-01 -6.5411e-01 +7.5254e-01 -2.1211e+00 +1.1342e+00 -2.8495e+00 -1.4613e+00 +4.4571e+00 -1.1624e-02 +4.6071e+00 +1.6784e-01 -3.4686e-01 -5.0584e+00 -7.2080e-01
906 0 +9.416144180e+00 +9.416144180e+00 +7.418361442e+02 +7.418361442e+02 +5.1408e-01 -2.5312e+00 +2.3229e+00 -8.3515e-03 -1.5461e+00 -2.0240e+00 +1.6142e+00 -5.5154e-02 -4.4660e-01 -1.0102e+00 -2.5870e+00 -1.3207e+00 -1.4467e+00 +4.4264e+00 +9.5716e-02 +3.2313e+00 +2.1885e+00 -2.1437e+00 -1.1926e+00 -3.9773e+00
915 0 +8.975239061e+00 +8.975239061e+00 +7.413952391e+02 +7.413952391e+02 +8.2832e-01 -2.5416e+00 +2.0746e+00 +1.1211e+00 -1.4445e+00 -2.1693e+00 +7.3286e-01 -7.2320e-01 -1.1498e+00 +1.2444e-01 -2.8542e+00 -1.3083e+00 -6.2728e-01 +4.3788e+00 +1.4257e-01 +4.1815e+00 +1.4819e+00 -2.1393e+00 -9.6840e-01 -3.3701e+00
983 0 +8.231028314e+00 +8.231028314e+00 +7.406510283e+02 +7.406510283e+02 +8.5180e-01 -8.2577e-01 +1.0575e-01 +1.4574e+00 -2.4387e+00 -2.2809e+00 +9.4942e-01 -5.3411e-01 -1.2620e+00 -2.4856e+00 -3.0600e+00 -1.7849e+00 +1.6551e+00 +4.7481e+00 -2.9211e-02 +3.7753e+00 +1.1717e+00 -2.1415e+00 -3.1505e+00 -4.7373e+00
% f evaluations | g evaluations | best noise-free fitness - Fopt | noise-free fitness - Fopt (3.542000000000e+01) | measured fitness | best measured fitness | x1 | x2...
1 0 +1.602462318e+01 +1.602462318e+01 +5.144462318e+01 +5.144462318e+01 +0.0000e+00 +0.0000e+00 +0.0000e+00 +0.0000e+00 +0.0000e+00 +0.0000e+00 +0.0000e+00 +0.0000e+00 +0.0000e+00 +0.0000e+00 +0.0000e+00 +0.0000e+00 +0.0000e+00 +0.0000e+00 +0.0000e+00 +0.0000e+00 +0.0000e+00 +0.0000e+00 +0.0000e+00 +0.0000e+00
3 0 +1.377946511e+01 +1.377946511e+01 +4.919946511e+01 +4.919946511e+01 -5.0467e-02 +5.0347e-02 -3.1940e-01 +6.7532e-02 +2.7927e-01 +2.3081e-01 +1.3410e-01 +1.7687e-01 +3.0899e-01 -4.6322e-01 +1.4133e-01 +1.5289e-01 +5.6747e-01 +9.1620e-01 -8.1491e-01 -1.8569e-01 -1.8526e+00 -1.1282e-01 +6.7240e-01 -9.2958e-02
19 0 +1.225250763e+01 +1.225250763e+01 +4.767250763e+01 +4.767250763e+01 -9.5427e-02 +9.1826e-02 -8.1339e-01 -5.1351e-01 -2.3364e-01 +1.9753e-01 +1.6831e-01 +3.5167e-01 +7.3258e-01 -8.0967e-01 -5.4390e-01 +9.5866e-02 -1.1003e+00 +1.1300e+00 -8.7885e-01 -3.8330e-01 -4.9465e-02 -1.3208e+00 +2.5258e-01 +8.9903e-02
48 0 +1.142546531e+01 +1.142546531e+01 +4.684546531e+01 +4.684546531e+01 +2.1182e-02 -2.0015e-01 -1.1601e+00 -8.0593e-02 +2.2630e+00 +3.5665e-01 +3.1231e-03 -3.4672e-01 -5.1458e-01 +2.4172e-01 -3.0000e+00 +1.7390e-01 -3.2255e+00 +4.1013e+00 -5.2083e-01 -1.3737e+00 +3.9333e+00 +4.3160e-01 +6.8449e-01 +7.5956e-01
