% f evaluations | g evaluations | best noise-free fitness - Fopt | noise-free fitness - Fopt (1.026100000000e+02) | measured fitness | best measured fitness | x1 | x2...
1 0 +3.131124616e+02 +3.131124616e+02 +4.157224616e+02 +4.157224616e+02 +0.0000e+00 +0.0000e+00 +0.0000e+00 +0.0000e+00 +0.0000e+00 +0.0000e+00 +0.0000e+00 +0.0000e+00 +0.0000e+00 +0.0000e+00 +0.0000e+00 +0.0000e+00 +0.0000e+00 +0.0000e+00 +0.0000e+00 +0.0000e+00 +0.0000e+00 +0.0000e+00 +0.0000e+00 +0.0000e+00
5 0 +3.029060313e+02 +3.029060313e+02 +4.055160313e+02 +4.055160313e+02 -4.9599e-02 +6.3723e-01 -1.7380e-01 +3.5338e+00 +2.4116e-02 -4.7383e-01 +1.9027e-01 -4.1135e-01 -1.4044e+00 +8.3123e-03 +5.4392e-01 -3.3692e-01 +9.5085e-02 +2.3922e-01 -3.1345e-01 -9.7708e-01 -4.2756e-02 -3.1608e+00 +2.1164e-01 +2.8129e-02
19 0 +2.781879171e+02 +2.781879171e+02 +3.807979171e+02 +3.807979171e+02 +5.9590e-02 +1.5191e-01 +3.9183e-01 +5.0645e-01 +1.2243e-02 -8.5016e-02 +1.0276e-01 -3.6313e-01 -3.7695e-03 +1.4099e-01 +5.9675e-01 +1.4486e+00 +7.0683e-01 -2.1353e-01 -1.9911e-01 -3.5045e-01 +5.8940e-03 +1.8734e+00 -9.1779e-02 +3.9123e-02
119 0 +2.474646277e+02 +2.474646277e+02 +3.500746277e+02 +3.500746277e+02 +4.4959e-02 +4.0540e-01 -1.8826e+00 +7.0951e-01 -9.2628e-03 -9.3348e-01 +3.5296e-01 -1.7906e+00 -2.5390e+00 -3.0984e-02 -5.8597e-01 +4.5565e-01 -5.5057e-02 -3.6694e+00 -6.3753e-01 -2.1530e+00 -1.8650e+00 +2.5192e-01 +7.2705e-01 -6.1024e-01
% f evaluations | g evaluations | best noise-free fitness - Fopt | noise-free fitness - Fopt (9.330000000000e+01) | measured fitness | best measured fitness | x1 | x2...
1 0 +3.422558314e+02 +3.422558314e+02 +4.355558314e+02 +4.355558314e+02 +0.0000e+00 +0.0000e+00 +0.0000e+00 +0.0000e+00 +0.0000e+00 +0.0000e+00 +0.0000e+00 +0.0000e+00 +0.0000e+00 +0.0000e+00 +0.0000e+00 +0.0000e+00 +0.0000e+00 +0.0000e+00 +0.0000e+00 +0.0000e+00 +0.0000e+00 +0.0000e+00 +0.0000e+00 +0.0000e+00
3 0 +3.003962020e+02 +3.003962020e+02 +3.936962020e+02 +3.936962020e+02 -3.5999e-01 -4.3838e-02 -2.4727e-01 -9.5049e-01 +1.4197e+00 -1.3687e-01 +1.6167e-01 +3.5270e-01 +7.4153e-01 -9.5081e-02 +8.4106e-01 -1.4197e+00 -2.5410e-01 +9.4905e-02 -2.2461e-01 +3.3996e-02 +5.5260e-01 +4.8815e-01 -1.9068e-02 +1.3237e+00
17 0 +2.903411905e+02 +2.903411905e+02 +3.836411905e+02 +3.836411905e+02 +5.8012e-02 -2.8515e-02 +1.2408e-01 -4.8987e-01 +2.7297e-01 -1.8662e-01 +3.2132e-02 +8.4287e-02 +1.3363e+00 -2.7607e-02 -3.1892e+00 -6.3846e-01 +5.0699e-01 -1.8574e+00 -5.9331e-01 +2.8699e-02 +4.8194e-01 -1.2752e-01 -4.2597e-02 +4.8860e-01
21 0 +2.782531028e+02 +2.782531028e+02 +3.715531028e+02 +3.715531028e+02 -2.3303e-01 -1.6301e-01 -3.2593e-01 +1.4013e+00 +1.9805e+00 -6.8630e-02 +3.4677e-01 +2.4185e-01 +1.6838e+00 +3.3457e-01 -1.7699e+00 -5.1343e-01 +7.7247e-02 -2.4878e+00 +2.0210e-02 -3.7005e-02 +4.6423e-01 +5.4606e-01 -1.9539e-01 +1.3155e+00
27 0 +2.708301650e+02 +2.708301650e+02 +3.641301650e+02 +3.641301650e+02 +4.7710e-01 -6.5335e-02 -3.3613e-02 -3.1341e-02 +7.2042e-01 +3.1117e-02 -6.6946e-02 -2.7829e-01 +9.6168e-01 +2.1920e-01 -2.2074e+00 -1.4945e+00 -3.0366e-01 -1.1668e+00 -3.7791e-01 +1.4420e-01 +6.0147e-01 +3.4002e-01 -2.1840e-02 +1.2321e+00
117 0 +2.634060839e+02 +2.634060839e+02 +3.567060839e+02 +3.567060839e+02 -9.3819e-01 -1.0956e-01 -2.8246e-01 +1.8590e-01 +2.4787e-01 +7.2865e-01 +4.1042e-01 -6.5973e-01 -2.3245e-01 +4.5985e-01 -2.8814e+00 +4.8295e-02 +5.3447e-01 -7.5595e-01 -4.0814e-02 +3.3597e-01 +2.0971e-01 +1.9371e-01 -2.1399e-01 +1.2143e+00
126 0 +2.564927539e+02 +2.564927539e+02 +3.497927539e+02 +3.497927539e+02 -9.7085e-01 -1.1353e-01 -1.3943e-01 +5.9737e-01 -3.3520e-01 +7.5501e-01 +4.4003e-01 -5.8828e-01 +1.1451e+00 +3.0098e-01 -3.0918e+00 +1.2468e-01 +6.0415e-01 -6.9833e-01 -1.3399e-01 +2.7481e-01 -1.3893e-01 +1.3877e-01 -2.1078e-01 +1.5440e+00
258 0 +2.399965405e+02 +2.399965405e+02 +3.332965405e+02 +3.332965405e+02 -1.0760e+00 -1.1367e-01 -3.6840e-01 +6.3489e-01 +8.6636e-01 +8.2305e-01 +3.9514e-01 -5.6682e-01 +1.8512e+00 +4.7110e-01 -2.4107e+00 -2.1740e-01 +6.1799e-01 -2.5486e-01 -4.5120e-02 +9.5781e-02 +1.5722e-01 +1.6400e-01 -1.5791e-01 +1.0961e+00
276 0 +2.342390888e+02 +2.342390888e+02 +3.275390888e+02 +3.275390888e+02 -1.0488e+00 -1.2030e-01 -2.4280e-01 +5.2256e-01 +9.7779e-01 +7.6757e-01 +3.6798e-01 -6.0932e-01 +1.4842e+00 +4.7813e-01 -2.7101e+00 -8.9996e-01 +6.2949e-01 -1.4694e-01 +1.6313e-01 +1.3819e-01 +1.1502e-01 +1.7634e-01 -1.4091e-01 +1.5246e+00
372 0 +2.267227741e+02 +2.267227741e+02 +3.200227741e+02 +3.200227741e+02 -9.9687e-01 -1.0856e-01 -6.5757e-02 +2.6041e-01 +1.0533e+00 +8.2391e-01 +5.3411e-01 -7.4476e-01 +4.9156e-01 +4.1618e-01 -1.7987e+00 -1.4926e+00 +9.1927e-01 -5.5054e-01 -1.3110e-01 +7.7745e-03 +3.0143e-01 +8.0416e-02 -9.7533e-02 +1.2211e+00
% f evaluations | g evaluations | best noise-free fitness - Fopt | noise-free fitness - Fopt (1.364000000000e+01) | measured fitness | best measured fitness | x1 | x2...
1 0 +3.271130175e+02 +3.271130175e+02 +3.407530175e+02 +3.407530175e+02 +0.0000e+00 +0.0000e+00 +0.0000e+00 +0.0000e+00 +0.0000e+00 +0.0000e+00 +0.0000e+00 +0.0000e+00 +0.0000e+00 +0.0000e+00 +0.0000e+00 +0.0000e+00 +0.0000e+00 +0.0000e+00 +0.0000e+00 +0.0000e+00 +0.0000e+00 +0.0000e+00 +0.0000e+00 +0.0000e+00
20 0 +2.917215595e+02 +2.917215595e+02 +3.053615595e+02 +3.053615595e+02 +4.3406e-01 +2.3867e-02 +1.4000e+00 +1.0159e+00 +1.2891e+00 -2.2417e-01 -1.5582e+00 +1.3278e-03 -1.1726e+00 -8.0968e-01 -1.4726e+00 -1.5363e-01 -1.7683e+00 -6.5968e-01 -8.9302e-01 +1.3657e-01 +1.7411e+00 -8.9490e-01 -9.4860e-03 -1.3070e+00
54 0 +2.734472708e+02 +2.734472708e+02 +2.870872708e+02 +2.870872708e+02 +1.1574e+00 +4.6850e-02 +2.0338e+00 +2.0117e+00 -6.4002e-01 -1.4409e+00 -5.5404e-01 -6.7193e-03 -6.5868e-01 -6.4834e-01 -3.6838e-01 -9.9674e-01 -8.9295e-01 +9.0181e-01 +2.5928e+00 +6.0527e-04 +3.5223e-01 +3.8840e-01 +4.4524e-01 -4.8533e-01
% f evaluations | g evaluations | best noise-free fitness - Fopt | noise-free fitness - Fopt (1.948000000000e+02) | measured fitness | best measured fitness | x1 | x2...
1 0 +3.812063346e+02 +3.812063346e+02 +5.760063346e+02 +5.760063346e+02 +0.0000e+00 +0.0000e+00 +0.0000e+00 +0.0000e+00 +0.0000e+00 +0.0000e+00 +0.0000e+00 +0.0000e+00 +0.0000e+00 +0.0000e+00 +0.0000e+00 +0.0000e+00 +0.0000e+00 +0.0000e+00 +0.0000e+00 +0.0000e+00 +0.0000e+00 +0.0000e+00 +0.0000e+00 +0.0000e+00
3 0 +3.501287165e+02 +3.501287165e+02 +5.449287165e+02 +5.449287165e+02 -3.0874e-01 +3.8193e-01 -3.3084e-01 +2.2018e+00 -6.9217e-03 +7.2571e-01 -8.1578e-01 +2.6953e-01 +3.9352e-01 +7.2700e-01 -5.4129e-02 -7.3481e-01 +4.9724e-02 -2.2697e-01 -8.0721e-02 -9.4253e-03 -3.5991e-01 +7.9359e-01 -2.6535e+00 -4.4415e-01
8 0 +3.444895798e+02 +3.444895798e+02 +5.392895798e+02 +5.392895798e+02 -2.3282e-01 +7.8148e-02 -1.6810e-01 +1.6087e+00 -4.8438e-03 +2.6252e-01 +2.7193e+00 -2.8873e-01 -6.7636e-02 -3.5757e-01 +2.7747e-01 -5.5858e-01 +2.8867e+00 +8.7931e-01 +6.3429e-01 +2.7792e-02 +6.7109e-01 -3.7188e-01 -7.3321e-02 -3.5065e-03
24 0 +2.802234439e+02 +2.802234439e+02 +4.750234439e+02 +4.750234439e+02 -1.9575e+00 +7.2560e-01 -3.7063e-01 +2.6623e+00 -4.8288e-03 +1.9090e-01 +1.8945e-01 -1.2348e+00 +1.8250e+00 +1.9000e+00 -8.7768e-02 -2.3390e+00 +1.0621e+00 +5.9598e-02 +1.7165e+00 +3.3215e-02 +6.3358e-02 +2.8497e-01 -2.7411e-01 +3.1149e-01
53 0 +2.746453076e+02 +2.746453076e+02 +4.694453076e+02 +4.694453076e+02 +1.1531e+00 +5.3222e-01 -4.5864e-03 +2.6658e+00 -1.5106e-02 +9.2590e-02 -2.3346e+00 -8.0363e-01 +2.8838e+00 +1.8302e+00 +9.6590e-03 -8.8153e-01 -1.0383e+00 +7.8937e-01 +1.4005e+00 +5.2733e-02 +4.9920e-01 +2.1507e-01 -1.8125e+00 +2.9425e-01
57 0 +2.541617955e+02 +2.541617955e+02 +4.489617955e+02 +4.489617955e+02 +1.3782e+00 +3.0352e-01 -2.0395e-01 +2.3268e+00 -1.9453e-02 +1.6278e-01 -2.5215e+00 -8.1497e-01 +2.6984e+00 +1.5550e+00 +9.6948e-02 -1.7407e+00 +8.3084e-01 +6.3702e-01 +8.5135e-01 +6.7466e-02 +1.9071e-01 +2.9298e-01 -3.3151e+00 +2.0703e-01
158 0 +2.394508129e+02 +2.394508129e+02 +4.342508129e+02 +4.342508129e+02 -1.2940e+00 -7.6529e-02 -5.7058e-01 +2.0654e+00 -9.2385e-03 +5.8516e-02 -2.4450e+00 -9.7359e-01 +2.7493e+00 +2.0376e+00 +2.5366e-01 -2.4086e+00 +7.4051e-01 -1.8872e-01 +1.4948e+00 +5.3447e-02 +5.0878e-01 +4.4804e-01 -2.4629e+00 +2.6073e-01
168 0 +1.885397627e+02 +1.885397627e+02 +3.833397627e+02 +3.833397627e+02 +3.1414e-01 -2.9139e-01 -6.3280e-01 +1.8640e+00 -1.0070e-02 -2.4485e-01 -9.2229e-01 -7.5752e-01 +1.9658e+00 +2.1359e+00 +2.1811e-01 -1.7892e+00 +5.8597e-01 -1.0718e-01 +1.3494e+00 +5.2615e-02 +1.9941e-01 +6.3505e-01 -2.3270e+00 +2.0698e-02
% f evaluations | g evaluations | best noise-free fitness - Fopt | noise-free fitness - Fopt (-1.335900000000e+02) | measured fitness | best measured fitness | x1 | x2...
1 0 +3.082410013e+02 +3.082410013e+02 +1.746510013e+02 +1.746510013e+02 +0.0000e+00 +0.0000e+00 +0.0000e+00 +0.0000e+00 +0.0000e+00 +0.0000e+00 +0.0000e+00 +0.0000e+00 +0.0000e+00 +0.0000e+00 +0.0000e+00 +0.0000e+00 +0.0000e+00 +0.0000e+00 +0.0000e+00 +0.0000e+00 +0.0000e+00 +0.0000e+00 +0.0000e+00 +0.0000e+00
2 0 +2.828781031e+02 +2.828781031e+02 +1.492881031e+02 +1.492881031e+02 -5.9606e-01 +6.9345e-02 -5.4292e-01 +8.3448e-02 -1.1004e+00 +2.4727e-01 +2.0446e-01 +8.1425e-02 -1.0280e+00 +1.9403e-01 -8.2890e-02 -1.5147e+00 +5.6368e-01 +1.0412e+00 -2.0267e+00 -7.5934e-03 -3.9379e-01 -3.4584e-01 -1.4190e-01 -1.2774e-01
60 0 +2.485781868e+02 +2.485781868e+02 +1.149881868e+02 +1.149881868e+02 +1.9690e+00 -1.1459e+00 -7.6738e-01 -1.3825e-01 -7.5818e-01 +5.6515e-01 +1.9878e-01 +9.9582e-01 -1.7465e-02 -9.4070e-02 +3.6558e-01 +5.2227e-01 -3.3001e+00 -1.6155e+00 +7.7904e-01 -1.2986e+00 +1.5096e+00 +4.5922e-01 -3.9730e-02 -2.5733e-01
125 0 +2.433494882e+02 +2.433494882e+02 +1.097594882e+02 +1.097594882e+02 +2.8456e+00 -9.8978e-01 -8.7010e-02 -1.7332e+00 +1.0248e-01 +1.0284e+00 -6.8986e-02 -2.9116e+00 +8.0038e-01 +7.9953e-01 +2.1757e-01 +2.3274e+00 -3.0224e+00 -1.7503e+00 +1.2006e+00 -9.7320e-01 +1.6033e+00 +6.5612e-01 -5.2899e-02 -2.1875e-01
308 0 +2.333938786e+02 +2.333938786e+02 +9.980387857e+01 +9.980387857e+01 +2.6388e+00 -1.2763e+00 +2.9543e-01 -2.5052e+00 -9.8050e-01 +1.3196e+00 -1.7862e-01 -2.8235e+00 +2.2903e+00 +1.4161e+00 +3.8135e-01 +1.2762e+00 -2.9007e+00 -1.2616e+00 +6.5332e-01 -1.4492e+00 +2.8721e+00 +1.3712e-01 +7.0602e-02 -3.1055e-01
793 0 +2.244812165e+02 +2.244812165e+02 +9.089121654e+01 +9.089121654e+01 +2.4975e+00 +1.4385e+00 -1.1936e+00 +8.1084e-02 -2.5601e+00 +1.5293e+00 -1.0462e+00 -8.3147e-01 +1.9538e+00 -1.6273e-01 +2.8763e-01 +2.4422e-02 -3.0551e+00 -6.8927e-01 -4.0591e-02 -1.9646e+00 +7.1358e-01 +2.4810e-01 +2.1480e-01 +9.1264e-01
% f evaluations | g evaluations | best noise-free fitness - Fopt | noise-free fitness - Fopt (-3.085000000000e+01) | measured fitness | best measured fitness | x1 | x2...
1 0 +3.380510731e+02 +3.380510731e+02 +3.072010731e+02 +3.072010731e+02 +0.0000e+00 +0.0000e+00 +0.0000e+00 +0.0000e+00 +0.0000e+00 +0.0000e+00 +0.0000e+00 +0.0000e+00 +0.0000e+00 +0.0000e+00 +0.0000e+00 +0.0000e+00 +0.0000e+00 +0.0000e+00 +0.0000e+00 +0.0000e+00 +0.0000e+00 +0.0000e+00 +0.0000e+00 +0.0000e+00
7 0 +2.736859811e+02 +2.736859811e+02 +2.428359811e+02 +2.428359811e+02 -1.0355e-01 -2.7976e-01 +3.1483e-03 +1.1549e-01 -1.7531e+00 +1.6119e-01 +4.6040e-01 +1.1139e+00 +6.0040e-02 -1.8892e-01 -6.5968e-01 -3.7266e-02 -9.9580e-01 -9.0063e-02 -8.3402e-02 +1.4806e+00 +2.0690e-03 -3.2170e-01 +6.0476e-02 +1.8750e+00
35 0 +2.447040764e+02 +2.447040764e+02 +2.138540764e+02 +2.138540764e+02 -1.9160e+00 +4.5788e-01 -8.8505e-03 +6.9392e-02 +4.7279e-01 -5.0828e-02 +6.2991e-01 -1.9840e+00 +2.7784e-01 +7.7397e-01 -5.6942e-01 +5.7614e-01 -1.4154e+00 +1.1234e-01 -4.6967e-01 -1.5645e+00 -2.2278e-02 -8.3803e-01 +4.3965e-01 -1.8728e+00
79 0 +2.139384290e+02 +2.139384290e+02 +1.830884290e+02 +1.830884290e+02 -1.0933e+00 +3.0661e-01 -5.3906e-03 +3.6357e-03 -3.9908e-01 -3.8521e-01 +1.0273e+00 -1.8995e-01 -2.1164e-02 +1.5312e+00 -9.7092e-01 +1.0886e-01 -1.5713e+00 -8.3559e-01 -3.2814e-01 -1.9483e+00 +1.4865e-02 -7.6266e-01 -4.8056e-02 -3.4605e+00
264 0 +1.911203151e+02 +1.911203151e+02 +1.602703151e+02 +1.602703151e+02 +1.6662e-01 +5.1459e-01 -6.9596e-03 +1.2471e-02 -2.3939e-02 -1.0187e+00 +2.3940e+00 +1.4868e+00 +1.1632e+00 +8.3293e-01 -2.1393e+00 -6.7696e-01 -1.9631e+00 -2.7242e+00 -1.0461e+00 -2.8495e+00 +2.2510e-02 -9.0245e-01 +6.0365e-01 -1.3432e+00
504 0 +1.696829907e+02 +1.696829907e+02 +1.388329907e+02 +1.388329907e+02 -2.7740e-01 +3.1955e-01 -7.7269e-03 +5.4854e-02 -1.6019e+00 -1.5526e+00 +2.6673e+00 +8.5473e-01 +6.1093e-01 +7.0185e-01 -1.4888e+00 +5.4920e-02 -7.4810e-01 -2.7162e+00 -1.5711e+00 -2.7421e+00 +3.7786e-02 -6.7095e-01 +6.3019e-01 -1.7861e+00
% f evaluations | g evaluations | best noise-free fitness - Fopt | noise-free fitness - Fopt (-9.200000000000e+00) | measured fitness | best measured fitness | x1 | x2...
1 0 +3.975311047e+02 +3.975311047e+02 +3.883311047e+02 +3.883311047e+02 +0.0000e+00 +0.0000e+00 +0.0000e+00 +0.0000e+00 +0.0000e+00 +0.0000e+00 +0.0000e+00 +0.0000e+00 +0.0000e+00 +0.0000e+00 +0.0000e+00 +0.0000e+00 +0.0000e+00 +0.0000e+00 +0.0000e+00 +0.0000e+00 +0.0000e+00 +0.0000e+00 +0.0000e+00 +0.0000e+00
2 0 +3.207768842e+02 +3.207768842e+02 +3.115768842e+02 +3.115768842e+02 -8.4171e-01 +2.5941e-01 +1.6259e+00 +1.4896e-01 +2.9922e-01 +4.0884e-02 -9.7059e-02 +9.3761e-02 +4.0232e-01 +1.8201e+00 -1.8779e-01 -4.2639e-01 +1.5168e+00 +6.8045e-01 -1.4706e-01 +9.5918e-02 +3.7107e-02 -1.4701e-01 +2.1579e-01 +1.3423e+00
3 0 +2.871211238e+02 +2.871211238e+02 +2.779211238e+02 +2.779211238e+02 -2.6339e-01 +1.0639e+00 +4.2594e-02 -3.5070e-01 +1.4101e-01 -2.6677e-01 -1.2298e+00 +8.3727e-02 -1.7850e-01 +8.9080e-01 -4.0188e-01 +1.1609e-01 -1.0271e-01 +9.7574e-01 -5.0904e-02 +4.5097e-01 +1.1181e-02 +1.0856e-01 +3.7737e-01 +8.4570e-01
15 0 +2.692490759e+02 +2.692490759e+02 +2.600490759e+02 +2.600490759e+02 -1.7890e-01 +1.0361e+00 -3.4354e-01 +8.0733e-01 +1.3699e-01 -3.4215e-03 +2.9436e-01 +1.5304e-01 +8.7538e-01 +1.7371e+00 +4.7847e-02 +1.6333e-01 +1.7062e+00 -1.0081e+00 -6.1135e-02 +6.7761e-02 +2.7601e-02 +4.2454e-01 +4.7149e-01 -1.5800e+00
245 0 +2.627422747e+02 +2.627422747e+02 +2.535422747e+02 +2.535422747e+02 +1.0674e+00 +8.9082e-01 -3.4767e+00 +3.2387e+00 -1.4522e+00 +4.4304e-01 -3.1641e+00 +1.4617e-01 +1.2835e+00 +7.1541e-02 +2.6204e+00 +1.4526e+00 +7.5398e-01 -9.2057e-01 -7.0936e-02 -1.4869e+00 -2.3473e-02 -4.6986e-02 -2.9752e-01 +9.1560e-01
649 0 +2.453718581e+02 +2.453718581e+02 +2.361718581e+02 +2.361718581e+02 +1.3767e+00 +1.2789e+00 -3.4829e+00 +3.1354e+00 -1.4112e+00 +4.6677e-01 -2.6479e+00 +1.3929e-01 +1.3239e+00 -7.9287e-02 +2.6857e+00 +1.3952e+00 +6.6432e-01 -5.3585e-01 -1.8129e-01 -1.3225e+00 -9.4423e-03 +3.0959e-03 -3.0724e-01 +5.2505e-01
675 0 +2.335435738e+02 +2.335435738e+02 +2.243435738e+02 +2.243435738e+02 +1.3464e+00 +1.2793e+00 -3.4544e+00 +3.1339e+00 -1.4279e+00 +4.6968e-01 -2.6815e+00 +1.3878e-01 +1.3149e+00 -7.3040e-02 +2.6779e+00 +1.3900e+00 +6.0718e-01 -4.9993e-01 -1.7571e-01 -1.3395e+00 -8.3558e-03 +2.9361e-03 -3.0927e-01 +5.1071e-01
697 0 +2.272157801e+02 +2.272157801e+02 +2.180157801e+02 +2.180157801e+02 +1.3761e+00 +1.2695e+00 -3.4690e+00 +3.1165e+00 -1.4271e+00 +4.6971e-01 -2.6620e+00 +1.3918e-01 +1.3120e+00 -6.0610e-02 +2.6771e+00 +1.3913e+00 +6.2526e-01 -5.0862e-01 -1.7462e-01 -1.3393e+00 -8.7116e-03 +1.0981e-03 -3.1574e-01 +5.2034e-01
830 0 +2.234406673e+02 +2.234406673e+02 +2.142406673e+02 +2.142406673e+02 +1.3675e+00 +1.2862e+00 -3.4753e+00 +3.1276e+00 -1.4244e+00 +4.6802e-01 -2.6527e+00 +1.3894e-01 +1.3064e+00 -6.3904e-02 +2.6866e+00 +1.3844e+00 +6.1747e-01 -5.4179e-01 -1.7253e-01 -1.3448e+00 -9.0640e-03 -3.9365e-03 -3.2304e-01 +5.0840e-01
885 0 +2.183745965e+02 +2.183745965e+02 +2.091745965e+02 +2.091745965e+02 +1.3688e+00 +1.2840e+00 -3.4733e+00 +3.1219e+00 -1.4248e+00 +4.6981e-01 -2.6555e+00 +1.4083e-01 +1.3021e+00 -7.1083e-02 +2.6854e+00 +1.3789e+00 +6.2535e-01 -5.4086e-01 -1.7500e-01 -1.3479e+00 -9.0495e-03 +3.4095e-05 -3.2344e-01 +5.2031e-01
957 0 +2.136160834e+02 +2.136160834e+02 +2.044160834e+02 +2.044160834e+02 +1.3629e+00 +1.2848e+00 -3.4572e+00 +3.1330e+00 -1.4229e+00 +4.7293e-01 -2.6576e+00 +1.4046e-01 +1.3019e+00 -6.6057e-02 +2.6845e+00 +1.3774e+00 +6.2464e-01 -5.3452e-01 -1.7275e-01 -1.3490e+00 -9.0585e-03 -6.8386e-04 -3.2088e-01 +5.1591e-01
% f evaluations | g evaluations | best noise-free fitness - Fopt | noise-free fitness - Fopt (-2.037600000000e+02) | measured fitness | best measured fitness | x1 | x2...
1 0 +3.527457357e+02 +3.527457357e+02 +1.489857357e+02 +1.489857357e+02 +0.0000e+00 +0.0000e+00 +0.0000e+00 +0.0000e+00 +0.0000e+00 +0.0000e+00 +0.0000e+00 +0.0000e+00 +0.0000e+00 +0.0000e+00 +0.0000e+00 +0.0000e+00 +0.0000e+00 +0.0000e+00 +0.0000e+00 +0.0000e+00 +0.0000e+00 +0.0000e+00 +0.0000e+00 +0.0000e+00
3 0 +3.052704446e+02 +3.052704446e+02 +1.015104446e+02 +1.015104446e+02 +1.5131e-01 -2.2505e+00 +3.9086e-01 -4.4808e-01 +8.0681e-02 +1.6873e-03 -1.7012e-01 -8.9986e-02 +9.6472e-01 -6.0013e-01 -3.9538e-01 +5.8490e-01 -3.7603e-02 +3.1283e-01 -1.0195e+00 +6.4017e-03 -5.3575e-01 +3.0139e-01 -2.2168e-01 +1.4485e-02
8 0 +2.975630950e+02 +2.975630950e+02 +9.380309496e+01 +9.380309496e+01 +6.3496e-02 +6.5598e-01 -2.2155e-01 -6.6650e-01 -4.7438e-02 -1.8092e-02 -1.3491e-01 -5.0077e-02 -9.4866e-01 +6.7402e-01 +4.0532e-01 +1.6776e-01 -2.7955e-01 -1.7031e-01 +1.0528e-01 +4.1132e-01 +1.3283e-01 -8.4604e-03 -1.5498e-01 +5.4746e-01
47 0 +2.940351970e+02 +2.940351970e+02 +9.027519698e+01 +9.027519698e+01 +1.0253e-01 +1.2692e-01 -5.9900e-01 +5.4068e-01 -1.4981e-01 -7.1159e-02 +9.4492e-01 -4.2802e-02 -3.2160e+00 +1.3865e+00 -1.5251e+00 +1.5577e+00 -1.0489e+00 +1.2161e-01 +7.0487e-01 -2.3046e-01 -7.1592e-01 -1.7409e-01 -3.8237e-01 -1.4527e-01
67 0 +2.708110556e+02 +2.708110556e+02 +6.705105558e+01 +6.705105558e+01 +4.8340e-01 -1.5376e+00 -1.0850e+00 +7.8741e-01 -1.2508e-01 -3.3727e-02 +9.8852e-01 +1.4810e-01 -2.5849e+00 +1.6135e+00 -1.2577e+00 +1.4195e+00 -1.1669e+00 +4.0326e-01 -3.1820e+00 -4.7005e-01 -1.0212e+00 +4.0487e-01 -3.8289e-01 +1.7379e+00
75 0 +2.664428657e+02 +2.664428657e+02 +6.268286568e+01 +6.268286568e+01 +5.7544e-01 -9.4887e-01 -1.3039e+00 +7.9980e-01 +8.9168e-02 -6.4821e-02 +1.2213e+00 +1.0780e-01 +1.9978e-01 +1.2082e+00 -6.6391e-01 +1.3261e+00 -1.3270e+00 +3.5129e-01 -2.9278e+00 -4.7427e-01 -9.2488e-01 -6.0465e-02 -6.0339e-01 +1.2850e+00
78 0 +2.449061966e+02 +2.449061966e+02 +4.114619659e+01 +4.114619659e+01 +5.2327e-01 +4.0161e-01 -1.1894e+00 +1.4632e+00 -1.1748e-02 -9.5722e-02 +5.6862e-01 +8.3580e-02 -8.4537e-01 +1.2011e+00 -2.9243e-01 +1.6383e+00 -1.3301e+00 +1.0514e-01 -2.1457e+00 -2.1179e-01 -8.3111e-01 +1.8491e-01 -1.0982e+00 +1.8253e+00
146 0 +2.074118351e+02 +2.074118351e+02 +3.651835072e+00 +3.651835072e+00 +9.6144e-01 +2.5291e-01 -9.7578e-01 +2.1843e+00 +1.1125e-02 -1.0412e-01 +9.9658e-01 +3.1384e-01 -1.0350e+00 +1.3316e+00 -2.1325e-01 +1.6598e+00 -1.9859e+00 +1.6356e+00 -2.7989e+00 -1.9847e-01 -1.7519e+00 -1.0630e+00 -3.8914e-01 +1.3161e+00
% f evaluations | g evaluations | best noise-free fitness - Fopt | noise-free fitness - Fopt (3.399000000000e+01) | measured fitness | best measured fitness | x1 | x2...
1 0 +2.681170037e+02 +2.681170037e+02 +3.021070037e+02 +3.021070037e+02 +0.0000e+00 +0.0000e+00 +0.0000e+00 +0.0000e+00 +0.0000e+00 +0.0000e+00 +0.0000e+00 +0.0000e+00 +0.0000e+00 +0.0000e+00 +0.0000e+00 +0.0000e+00 +0.0000e+00 +0.0000e+00 +0.0000e+00 +0.0000e+00 +0.0000e+00 +0.0000e+00 +0.0000e+00 +0.0000e+00
205 0 +2.640082869e+02 +2.640082869e+02 +2.979982869e+02 +2.979982869e+02 +1.4413e-01 -2.7246e+00 -2.4592e+00 -3.0283e+00 +1.6737e-01 -1.0784e+00 +1.9716e+00 +1.2285e+00 +5.0334e-01 -1.5230e+00 +3.1814e-02 -1.9834e+00 +5.3810e-01 -1.7456e-01 -2.8822e+00 -2.4276e+00 +5.0844e-02 -1.4084e-02 -6.3259e-01 -7.8132e-01
222 0 +2.294532359e+02 +2.294532359e+02 +2.634432359e+02 +2.634432359e+02 +9.3591e-02 -2.5168e+00 -1.8565e+00 -1.0577e+00 -9.1793e-02 -3.3903e-02 +1.5264e+00 +2.0800e+00 +7.1123e-01 -8.0304e-01 -4.9505e-02 -1.8290e+00 -3.5383e-01 +4.7999e-01 -2.5620e+00 -2.0739e+00 -2.8117e-02 -1.7847e-03 +8.4279e-01 -2.1031e-01
849 0 +2.212339085e+02 +2.212339085e+02 +2.552239085e+02 +2.552239085e+02 -4.8916e-01 +1.0236e-01 +1.9061e+00 +2.6680e+00 -1.6266e-01 +1.7699e+00 -1.7231e+00 -1.8847e+00 +1.7069e+00 +1.3019e+00 +3.2516e-01 -3.4914e-01 +2.4155e+00 -2.8641e+00 +3.2417e-02 +2.6748e-01 -2.0152e-01 +4.5326e-01 -2.7749e+00 -2.4782e+00
% f evaluations | g evaluations | best noise-free fitness - Fopt | noise-free fitness - Fopt (-1.000000000000e+03) | measured fitness | best measured fitness | x1 | x2...
1 0 +2.660197144e+02 +2.660197144e+02 -7.339802856e+02 -7.339802856e+02 +0.0000e+00 +0.0000e+00 +0.0000e+00 +0.0000e+00 +0.0000e+00 +0.0000e+00 +0.0000e+00 +0.0000e+00 +0.0000e+00 +0.0000e+00 +0.0000e+00 +0.0000e+00 +0.0000e+00 +0.0000e+00 +0.0000e+00 +0.0000e+00 +0.0000e+00 +0.0000e+00 +0.0000e+00 +0.0000e+00
67 0 +2.406631365e+02 +2.406631365e+02 -7.593368635e+02 -7.593368635e+02 -1.0911e-01 -1.5676e-01 +1.0432e+00 -3.0030e-02 +2.2341e-01 +1.7004e+00 -8.8368e-02 -3.1695e-01 +1.3304e+00 -5.8772e-02 -4.2427e-01 -2.5062e+00 -8.5767e-02 -2.4055e-01 -1.1791e+00 -4.0467e-01 -1.5351e+00 +1.9032e+00 +2.3490e-02 +1.4645e+00
202 0 +2.362388756e+02 +2.362388756e+02 -7.637611244e+02 -7.637611244e+02 -1.5977e-01 -9.3964e-02 +8.5687e-01 -5.8733e-02 -6.8360e-01 -2.3132e+00 -7.5405e-01 +8.2754e-01 +1.7094e+00 -3.1345e-01 -1.2780e+00 -1.7421e+00 +6.9275e-01 -1.9500e-01 -1.6888e+00 +1.1069e+00 -1.0626e+00 +1.2248e+00 +1.7960e+00 +1.9077e+00
214 0 +1.968001552e+02 +1.968001552e+02 -8.031998448e+02 -8.031998448e+02 -1.2829e+00 +7.6303e-02 +8.7127e-01 -6.0188e-02 -6.6124e-01 -1.3472e-01 -8.9031e-01 -7.2384e-01 +1.0459e+00 -3.4943e-01 -1.1361e+00 -1.4304e+00 +8.5615e-01 -1.9645e-01 -1.2045e+00 +1.4709e+00 -8.9743e-01 +2.3725e+00 +1.7779e+00 +3.1376e+00
600 0 +1.887341655e+02 +1.887341655e+02 -8.112658345e+02 -8.112658345e+02 -4.3155e-01 +1.7750e-01 +7.2061e-01 +1.7684e-02 -1.8874e+00 -1.9814e+00 -1.0620e-01 -1.2322e+00 +2.5551e+00 -4.5729e-01 -1.1010e+00 -1.0894e+00 +4.3500e-01 -6.7604e-01 -1.2930e+00 +2.4314e+00 -4.5828e-01 +1.3791e+00 +1.1791e+00 +2.2776e+00
603 0 +1.844346117e+02 +1.844346117e+02 -8.155653883e+02 -8.155653883e+02 -4.2512e-01 +1.4641e-01 +7.2946e-01 +1.0612e-02 -1.6771e+00 -1.6158e+00 -1.4959e-01 -1.3290e+00 +2.1102e+00 -4.6394e-01 -9.5136e-01 -8.8324e-01 +6.1807e-01 -6.0311e-01 -7.5254e-01 +2.3448e+00 -5.4439e-01 +1.5540e+00 +1.4399e+00 +1.8330e+00
% f evaluations | g evaluations | best noise-free fitness - Fopt | noise-free fitness - Fopt (-1.000000000000e+03) | measured fitness | best measured fitness | x1 | x2...
1 0 +2.962042691e+02 +2.962042691e+02 -7.037957309e+02 -7.037957309e+02 +0.0000e+00 +0.0000e+00 +0.0000e+00 +0.0000e+00 +0.0000e+00 +0.0000e+00 +0.0000e+00 +0.0000e+00 +0.0000e+00 +0.0000e+00 +0.0000e+00 +0.0000e+00 +0.0000e+00 +0.0000e+00 +0.0000e+00 +0.0000e+00 +0.0000e+00 +0.0000e+00 +0.0000e+00 +0.0000e+00
18 0 +2.889220878e+02 +2.889220878e+02 -7.110779122e+02 -7.110779122e+02 +1.3167e-02 +1.2297e+00 +1.0103e-01 -1.5579e+00 +7.5959e-01 -2.5823e-01 -7.8744e-01 -2.6336e+00 +8.6108e-01 -1.1052e+00 -6.2696e-02 -1.6553e+00 -2.1755e+00 +2.1381e-01 +2.2505e-01 +2.9575e-01 +6.5985e-01 -1.8196e-01 +2.4649e-01 -1.8019e+00
28 0 +2.610208444e+02 +2.610208444e+02 -7.389791556e+02 -7.389791556e+02 +8.5343e-01 -2.7012e-02 +3.3082e-02 -1.5043e+00 +1.3359e+00 +2.4951e-02 -1.5405e+00 -1.2503e+00 +1.4197e-01 -1.3584e+00 -3.2406e-02 -1.8763e+00 +4.9835e-01 +1.4302e+00 +2.6285e-01 -6.7654e-01 -4.6746e-01 -1.0835e+00 +2.0881e-01 -2.7191e+00
196 0 +2.517996887e+02 +2.517996887e+02 -7.482003113e+02 -7.482003113e+02 +8.2098e-03 +3.7448e+00 +1.7307e-01 -1.7108e+00 -2.7368e+00 +2.7741e-01 -4.5360e+00 -2.1375e+00 +2.0141e+00 -1.3145e+00 -2.5195e-01 -1.6150e+00 +7.0997e-01 +3.0476e-01 -3.0512e-01 +9.5949e-01 -3.4089e-01 -3.7754e-01 -4.4055e-01 -1.4534e+00
% f evaluations | g evaluations | best noise-free fitness - Fopt | noise-free fitness - Fopt (-1.272000000000e+01) | measured fitness | best measured fitness | x1 | x2...
1 0 +3.364012124e+02 +3.364012124e+02 +3.236812124e+02 +3.236812124e+02 +0.0000e+00 +0.0000e+00 +0.0000e+00 +0.0000e+00 +0.0000e+00 +0.0000e+00 +0.0000e+00 +0.0000e+00 +0.0000e+00 +0.0000e+00 +0.0000e+00 +0.0000e+00 +0.0000e+00 +0.0000e+00 +0.0000e+00 +0.0000e+00 +0.0000e+00 +0.0000e+00 +0.0000e+00 +0.0000e+00
6 0 +3.261188799e+02 +3.261188799e+02 +3.133988799e+02 +3.133988799e+02 -2.1261e-01 -7.4092e-02 -2.9979e-01 -2.2201e-01 -5.1751e-01 +1.2385e-01 -1.5120e-01 -1.3689e-02 +4.4212e-01 +3.9996e-01 -7.0735e-01 -4.8614e-01 +1.7626e+00 -1.9284e+00 -1.1678e+00 +6.8275e-01 -7.8844e-01 +2.3568e+00 +9.4772e-02 +5.4609e-01
8 0 +3.072589750e+02 +3.072589750e+02 +2.945389750e+02 +2.945389750e+02 +5.5219e-01 +3.1647e-02 +5.3965e-01 -1.9361e+00 -1.2466e-01 -8.3120e-01 -2.3489e-01 +1.6641e-02 +4.9280e-03 +1.1615e-01 +4.2989e-02 +1.2681e-01 -8.5081e-01 -6.8121e-01 +1.4121e+00 -7.7024e-01 -4.9094e-01 -1.0595e+00 -2.5198e-01 +3.5292e-01
12 0 +2.859313108e+02 +2.859313108e+02 +2.732113108e+02 +2.732113108e+02 +4.9595e-01 -1.4204e-01 +1.3215e-01 -1.7981e-01 -2.2381e-01 +4.2525e-01 -4.0540e-02 -4.4788e-04 +7.6899e-01 +8.7673e-01 -5.1259e-01 -1.6262e-01 +6.1346e-01 -1.4078e+00 +1.2058e+00 -3.1765e-01 -1.0898e+00 -3.0708e-01 +6.3267e-02 +7.9919e-01
36 0 +2.493225537e+02 +2.493225537e+02 +2.366025537e+02 +2.366025537e+02 -3.9027e-01 -2.6047e-01 +1.0815e-01 +1.3207e+00 -4.4602e-01 +2.2488e+00 +1.4736e-01 +2.0904e-02 -1.1541e+00 +1.4470e+00 -6.0245e-01 -4.9059e-02 +1.2612e+00 -3.3850e+00 +4.8913e-01 -1.6185e+00 -1.2169e+00 +1.7741e+00 +5.3072e-01 +2.4810e+00
71 0 +2.334053430e+02 +2.334053430e+02 +2.206853430e+02 +2.206853430e+02 -1.1496e+00 -2.6190e-01 -9.8662e-01 +8.3278e-01 -1.8621e-01 +1.9886e+00 +2.6301e-01 +3.2304e-04 +6.1396e-01 +4.8123e-01 -1.3605e+00 -6.9475e-01 +1.2114e-01 -5.5659e-02 +2.3259e+00 -1.3519e+00 -9.4078e-01 +2.6776e+00 +6.0684e-01 +3.4585e+00
195 0 +2.187267664e+02 +2.187267664e+02 +2.060067664e+02 +2.060067664e+02 -2.2343e-01 -5.3712e-01 -2.7148e-01 +4.0234e-01 -1.0736e+00 +1.5875e+00 +8.3347e-01 +2.2934e-03 -6.7862e-01 +1.1977e-01 -4.4084e-01 -1.5425e+00 +5.1290e-01 -1.9581e-01 +3.0966e+00 -1.3433e+00 -6.8273e-01 +1.4886e+00 +1.3351e+00 +2.7882e+00
385 0 +2.065777606e+02 +2.065777606e+02 +1.938577606e+02 +1.938577606e+02 -1.3125e+00 -5.8114e-01 +7.3751e-02 +4.6919e-02 -4.4797e-01 +2.1570e+00 +9.4552e-01 -9.5559e-03 -6.8089e-01 +1.3515e+00 -3.6535e-02 -1.3280e+00 +2.9825e+00 -7.5516e-01 +3.2128e+00 -5.9654e-01 -1.1280e+00 +1.2330e+00 +1.2982e+00 +2.6036e+00
515 0 +2.033269550e+02 +2.033269550e+02 +1.906069550e+02 +1.906069550e+02 -1.5365e+00 -5.8581e-01 +2.7684e-02 +3.1565e-01 -4.7580e-01 +2.1497e+00 +9.7288e-01 -1.3444e-02 -6.8631e-01 +7.0832e-01 -3.0505e-01 -1.3437e+00 +2.6082e+00 -3.2271e-01 +3.2188e+00 -6.4995e-01 -8.1393e-01 +9.6382e-01 +1.2812e+00 +2.5084e+00
763 0 +1.916652323e+02 +1.916652323e+02 +1.789452323e+02 +1.789452323e+02 -1.6383e+00 -5.6133e-01 -3.9004e-02 +5.1360e-01 -3.5699e-01 +1.9879e+00 +9.7543e-01 -9.7369e-03 -6.4002e-01 +7.3692e-01 -3.3472e-01 -1.3701e+00 +2.7553e+00 -1.8245e-01 +3.2094e+00 -5.7771e-01 -9.4930e-01 +1.1037e+00 +1.3527e+00 +2.3085e+00
769 0 +1.786778810e+02 +1.786778810e+02 +1.659578810e+02 +1.659578810e+02 -1.6593e+00 -5.5208e-01 -4.1373e-02 +5.5888e-01 -3.5939e-01 +1.9898e+00 +9.7537e-01 -9.4986e-03 -6.5331e-01 +6.8922e-01 -3.3792e-01 -1.3747e+00 +2.7456e+00 -1.8715e-01 +3.2440e+00 -5.6124e-01 -9.1543e-01 +1.0984e+00 +1.3607e+00 +2.3113e+00
882 0 +1.730875943e+02 +1.730875943e+02 +1.603675943e+02 +1.603675943e+02 -1.5839e+00 -5.6066e-01 -8.6334e-02 +5.6513e-01 -3.2750e-01 +2.1394e+00 +9.9030e-01 -9.8482e-03 -6.6360e-01 +6.4209e-01 -3.8694e-01 -1.3149e+00 +2.6054e+00 -1.7872e-01 +3.2022e+00 -5.5000e-01 -8.4301e-01 +9.7392e-01 +1.3479e+00 +2.2068e+00
964 0 +1.678813270e+02 +1.678813270e+02 +1.551613270e+02 +1.551613270e+02 -1.5996e+00 -5.6141e-01 -9.7570e-02 +5.9967e-01 -3.2760e-01 +2.1641e+00 +9.6782e-01 -1.0274e-02 -6.9303e-01 +6.9859e-01 -3.5248e-01 -1.3163e+00 +2.6593e+00 -3.3226e-01 +3.1784e+00 -5.2619e-01 -9.0101e-01 +1.0753e+00 +1.3520e+00 +2.1924e+00
% f evaluations | g evaluations | best noise-free fitness - Fopt | noise-free fitness - Fopt (-5.954000000000e+01) | measured fitness | best measured fitness | x1 | x2...
1 0 +3.484696634e+02 +3.484696634e+02 +2.889296634e+02 +2.889296634e+02 +0.0000e+00 +0.0000e+00 +0.0000e+00 +0.0000e+00 +0.0000e+00 +0.0000e+00 +0.0000e+00 +0.0000e+00 +0.0000e+00 +0.0000e+00 +0.0000e+00 +0.0000e+00 +0.0000e+00 +0.0000e+00 +0.0000e+00 +0.0000e+00 +0.0000e+00 +0.0000e+00 +0.0000e+00 +0.0000e+00
3 0 +3.454964982e+02 +3.454964982e+02 +2.859564982e+02 +2.859564982e+02 -2.8136e-01 -4.6083e-01 -8.9340e-01 -2.5096e+00 -2.7338e-01 -4.7999e-01 +4.7541e-02 -7.8888e-03 +6.0730e-01 -3.9856e-03 -9.5079e-01 -2.7184e-01 -8.4952e-01 +2.8574e-03 +1.8095e+00 -2.3926e-01 +9.3974e-01 +9.5564e-01 +3.5538e-02 -2.0718e-01
6 0 +3.299514902e+02 +3.299514902e+02 +2.704114902e+02 +2.704114902e+02 -1.4162e+00 +8.7162e-01 +1.9727e-01 -5.0423e-01 -6.5500e-01 -8.1582e-02 -6.5249e-02 -1.0439e-01 -7.9003e-01 +2.7296e-02 -1.9395e-01 -7.1079e-02 +1.6397e-02 -2.3668e-02 -1.1297e-01 +1.9333e+00 -7.6550e-01 +1.8677e+00 +2.3930e-01 -4.5392e-02
7 0 +3.027141589e+02 +3.027141589e+02 +2.431741589e+02 +2.431741589e+02 -4.8755e-01 +4.1189e-02 -5.5612e-01 +8.5600e-01 -6.8239e-01 -7.3237e-01 +1.1416e-01 -1.4633e-01 +4.4974e-01 -8.7770e-03 -8.6282e-01 +9.3036e-02 -4.7606e-01 +3.7416e-02 -1.3750e-01 +3.7216e-01 +1.7426e+00 +6.2645e-02 -1.2087e-01 +1.9866e-02
9 0 +2.924232340e+02 +2.924232340e+02 +2.328832340e+02 +2.328832340e+02 +7.0267e-01 +2.5194e-01 -1.8855e-01 -6.2609e-01 +2.9797e-02 -1.4053e-01 -1.0807e+00 +3.9505e-02 +1.2321e-01 -3.1786e-01 +1.4004e+00 +4.3919e-02 -9.3424e-01 +1.9567e-02 -2.9062e-01 +6.2210e-01 -5.1739e-01 -3.5286e+00 -1.7575e-01 -1.8638e-01
13 0 +2.616611141e+02 +2.616611141e+02 +2.021211141e+02 +2.021211141e+02 +1.3817e-01 +6.8950e-02 -4.3423e-01 -1.4364e-01 -2.9000e-01 -3.1590e-01 -8.9687e-01 -1.5076e-01 -9.5776e-03 -2.3618e-01 +2.4925e-01 -9.3016e-02 -3.8027e-01 -2.3460e-02 +1.0298e-01 -2.2881e-01 +1.3659e+00 -1.5763e+00 -2.2931e-01 -1.7644e-01
94 0 +2.566422945e+02 +2.566422945e+02 +1.971022945e+02 +1.971022945e+02 -1.6882e-01 +3.7915e-01 -2.7938e-02 +6.6074e-01 -1.0032e+00 +1.0144e+00 -1.3330e+00 +3.5146e-01 -2.2686e-01 +3.4670e-01 +6.4928e-01 -1.1443e-01 -6.8567e-01 -5.1296e-02 +1.3125e+00 -4.8129e-01 +2.3892e+00 -2.0285e+00 +3.0163e-01 -2.6371e-01
% f evaluations | g evaluations | best noise-free fitness - Fopt | noise-free fitness - Fopt (-1.000000000000e+03) | measured fitness | best measured fitness | x1 | x2...
1 0 +3.177297907e+02 +3.177297907e+02 -6.822702093e+02 -6.822702093e+02 +0.0000e+00 +0.0000e+00 +0.0000e+00 +0.0000e+00 +0.0000e+00 +0.0000e+00 +0.0000e+00 +0.0000e+00 +0.0000e+00 +0.0000e+00 +0.0000e+00 +0.0000e+00 +0.0000e+00 +0.0000e+00 +0.0000e+00 +0.0000e+00 +0.0000e+00 +0.0000e+00 +0.0000e+00 +0.0000e+00
2 0 +2.708416714e+02 +2.708416714e+02 -7.291583286e+02 -7.291583286e+02 -6.0458e-01 +1.6600e-01 +9.3266e-02 -8.5302e-01 -6.1563e-01 -8.5893e-03 -6.1756e-03 -1.4014e+00 -9.0687e-01 +1.5006e+00 +5.7375e-01 -1.2532e+00 -5.0403e-02 +1.5860e-01 +8.0453e-01 +9.8347e-02 +9.2207e-03 +2.1139e+00 -1.3659e-01 +7.0549e-01
663 0 +2.629537936e+02 +2.629537936e+02 -7.370462064e+02 -7.370462064e+02 +1.2346e+00 +2.0146e-01 -1.3205e+00 -9.3311e-01 +3.5511e+00 +3.7718e-02 +1.1063e-01 -1.0367e+00 +1.3577e-01 +5.3793e-01 -3.3413e-01 -2.7493e+00 +1.1732e+00 -4.5413e-02 +5.5696e-01 -1.6409e-01 -5.0406e-01 +4.8975e-01 +1.4387e+00 +3.8946e+00
% f evaluations | g evaluations | best noise-free fitness - Fopt | noise-free fitness - Fopt (4.303000000000e+01) | measured fitness | best measured fitness | x1 | x2...
1 0 +3.443634403e+02 +3.443634403e+02 +3.873934403e+02 +3.873934403e+02 +0.0000e+00 +0.0000e+00 +0.0000e+00 +0.0000e+00 +0.0000e+00 +0.0000e+00 +0.0000e+00 +0.0000e+00 +0.0000e+00 +0.0000e+00 +0.0000e+00 +0.0000e+00 +0.0000e+00 +0.0000e+00 +0.0000e+00 +0.0000e+00 +0.0000e+00 +0.0000e+00 +0.0000e+00 +0.0000e+00
6 0 +3.223943469e+02 +3.223943469e+02 +3.654243469e+02 +3.654243469e+02 -7.8757e-01 +3.7566e-01 +2.4083e-02 +6.1123e-01 +1.5053e-01 -4.5495e-01 +1.8129e+00 +4.5525e-01 +2.3421e+00 -3.0672e-01 +4.4622e-01 +1.6798e+00 +2.9152e-02 -3.4018e-03 +4.6514e-01 -1.1898e+00 +1.3117e-03 +2.7504e-01 +1.2059e-02 +2.5013e-01
11 0 +3.079151479e+02 +3.079151479e+02 +3.509451479e+02 +3.509451479e+02 +3.2096e+00 +1.9808e-01 +8.7147e-04 -1.6036e+00 +1.5051e-01 +1.7614e+00 -1.0187e+00 -4.6950e-01 -1.1428e+00 +3.3642e-01 +8.1913e-02 +2.4137e-01 +8.3649e-01 -1.8186e-02 -2.3906e+00 +9.5201e-01 -1.8810e-02 +3.0440e-02 -3.3629e-01 -1.2287e+00
31 0 +2.949570216e+02 +2.949570216e+02 +3.379870216e+02 +3.379870216e+02 +2.2054e+00 +2.3987e-02 +3.3238e-03 -1.0277e+00 +1.1379e-01 -7.5466e-01 +6.8168e-01 -1.4786e-01 -5.7186e-01 -5.9430e-01 +8.3542e-02 +8.6890e-02 -1.3483e+00 -3.0954e-02 -2.0379e+00 -1.7635e+00 +2.6204e-03 +7.5487e-01 +3.1171e-01 -5.3255e-01
76 0 +2.678065196e+02 +2.678065196e+02 +3.108365196e+02 +3.108365196e+02 +1.1180e+00 -4.6486e-01 +4.6264e-01 -1.1479e-01 -1.2573e-01 +3.3927e-01 -2.7648e+00 -1.1151e+00 -1.5761e+00 -9.3903e-01 -1.6948e-01 +6.2813e-01 -8.6458e-02 -7.4483e-03 -6.1265e-01 -2.8214e+00 +2.1789e-03 +5.6564e-01 +4.9294e-01 -1.0705e+00
94 0 +2.489269644e+02 +2.489269644e+02 +2.919569644e+02 +2.919569644e+02 +2.4773e+00 -4.0511e-01 +3.3697e-01 +8.0311e-01 -7.1614e-01 +7.5982e-01 -2.1045e+00 -1.1705e+00 +2.8314e-01 -1.5146e+00 -1.0087e-01 +8.3531e-01 -4.7560e-01 +3.9850e-03 +8.5176e-01 -4.3376e+00 -2.0527e-02 +7.5376e-01 +4.8712e-01 -1.1867e+00
204 0 +2.193824161e+02 +2.193824161e+02 +2.624124161e+02 +2.624124161e+02 +1.5993e+00 -7.7463e-01 +1.0800e+00 -3.9174e-01 -1.2739e+00 +3.8686e-01 -1.3186e+00 -1.5538e+00 -1.0239e+00 -1.7485e+00 -4.2939e-02 -8.2885e-01 -1.6249e+00 +4.2453e-02 -2.0585e+00 -1.7059e+00 -7.9999e-03 +3.2826e-01 +5.8370e-01 -4.3539e-01
