% f evaluations | g evaluations | best noise-free fitness - Fopt | noise-free fitness - Fopt (-1.694000000000e+01) | measured fitness | best measured fitness | x1 | x2...
1 0 +2.014078356e+02 +2.014078356e+02 +1.844678356e+02 +1.844678356e+02 +0.0000e+00 +0.0000e+00 +0.0000e+00 +0.0000e+00 +0.0000e+00 +0.0000e+00 +0.0000e+00 +0.0000e+00 +0.0000e+00 +0.0000e+00
2 0 +1.516003210e+02 +1.516003210e+02 +1.346603210e+02 +1.346603210e+02 +2.2941e-02 -3.2944e-01 +1.0111e+00 +3.4024e-02 -3.7973e-01 +2.0245e-01 -4.6731e-01 -3.3037e-01 -7.4203e-01 -1.5127e-01
3 0 +9.575646076e+01 +9.575646076e+01 +7.881646076e+01 +7.881646076e+01 -5.5738e-02 +9.5350e-02 -5.4038e-01 +3.2329e+00 -1.3637e-01 +2.9201e-01 +1.0806e+00 -4.7397e-01 +2.5582e-01 -1.0035e+00
13 0 +6.458991861e+01 +6.458991861e+01 +4.764991861e+01 +4.764991861e+01 +1.4990e+00 +1.8330e-01 -5.0980e+00 +3.2050e+00 +2.8556e-01 -9.7114e-02 +1.6535e+00 -8.6627e-01 -8.9228e-01 -3.4241e-01
18 0 +6.217782742e+01 +6.217782742e+01 +4.523782742e+01 +4.523782742e+01 +4.4679e-01 -8.0087e-03 +1.0662e+00 +5.5103e+00 +4.5185e-01 -3.6680e-01 +1.2802e+00 +1.0721e+00 +9.1641e-03 -3.0443e+00
20 0 +5.884634097e+01 +5.884634097e+01 +4.190634097e+01 +4.190634097e+01 +2.7632e+00 +3.5206e-03 +3.4292e+00 +5.7306e-01 -2.6153e-01 -3.4157e-01 +7.5770e-01 -6.7236e-01 +5.3035e-01 -1.9233e-01
43 0 +5.577811105e+01 +5.577811105e+01 +3.883811105e+01 +3.883811105e+01 +1.2511e+00 +1.0701e+00 +9.6222e-01 -1.6771e+00 -2.5342e+00 -1.8513e-01 +4.2024e+00 -3.3802e+00 -3.2741e+00 -5.5376e+00
119 0 +4.480754741e+01 +4.480754741e+01 +2.786754741e+01 +2.786754741e+01 +2.2465e+00 +1.4510e+00 +1.1964e+00 +5.8530e+00 -3.2975e+00 +1.3599e+00 +4.5926e+00 +1.4374e-01 +6.4885e-01 -1.9997e+00
123 0 +4.060966186e+01 +4.060966186e+01 +2.366966186e+01 +2.366966186e+01 +3.6853e+00 +2.1586e+00 -1.0377e+00 +5.0305e-01 -1.8087e+00 +2.4305e+00 +3.6154e+00 +7.6827e-02 +1.2817e+00 -3.9751e+00
147 0 +3.173583785e+01 +3.173583785e+01 +1.479583785e+01 +1.479583785e+01 +4.1638e+00 +2.2079e+00 +4.6536e-01 -5.0017e-01 -8.2026e-01 +1.7169e+00 +3.8544e+00 +1.4710e-01 +1.3688e+00 -2.3412e+00
200 0 +2.938649747e+01 +2.938649747e+01 +1.244649747e+01 +1.244649747e+01 +4.0908e+00 +2.3587e+00 +4.9012e-01 -5.3064e-01 -8.2928e-01 +2.2816e+00 +2.9501e+00 +6.2467e-01 +1.5239e+00 -2.3840e+00
212 0 +2.778624035e+01 +2.778624035e+01 +1.084624035e+01 +1.084624035e+01 +4.4792e+00 +2.4086e+00 -5.1257e-01 -3.1197e+00 -6.8509e-01 +2.5973e+00 +2.4974e+00 +6.0287e-01 +1.9880e+00 -3.3779e+00
221 0 +2.704354570e+01 +2.704354570e+01 +1.010354570e+01 +1.010354570e+01 +4.3047e+00 +2.5064e+00 +4.6699e-01 -2.3287e+00 -9.0821e-01 +2.3663e+00 +2.0642e+00 +6.5370e-01 +2.2135e+00 -2.7396e+00
223 0 +2.049865717e+01 +2.049865717e+01 +3.558657173e+00 +3.558657173e+00 +4.3359e+00 +2.4493e+00 +7.3491e-01 -1.8342e+00 -7.8159e-01 +2.3785e+00 +2.5436e+00 +6.7833e-01 +2.1712e+00 -3.4987e+00
% f evaluations | g evaluations | best noise-free fitness - Fopt | noise-free fitness - Fopt (1.881000000000e+01) | measured fitness | best measured fitness | x1 | x2...
1 0 +1.945093650e+01 +1.945093650e+01 +3.826093650e+01 +3.826093650e+01 +0.0000e+00 +0.0000e+00 +0.0000e+00 +0.0000e+00 +0.0000e+00 +0.0000e+00 +0.0000e+00 +0.0000e+00 +0.0000e+00 +0.0000e+00
21 0 +1.680454025e+01 +1.680454025e+01 +3.561454025e+01 +3.561454025e+01 +1.2567e-01 +1.5169e-01 -1.7161e-02 -4.8932e-01 +3.7908e-01 -8.6689e-03 -5.5867e-03 +2.3147e+00 -3.5765e-01 +2.0839e+00
222 0 +1.418503837e+01 +1.418503837e+01 +3.299503837e+01 +3.299503837e+01 -1.3764e+00 -2.3014e-01 -8.6358e-01 -3.2273e-01 +2.1477e+00 -8.6278e-02 -1.4204e-01 +1.9917e+00 +7.2349e-02 +1.2459e+00
227 0 +1.339524081e+01 +1.339524081e+01 +3.220524081e+01 +3.220524081e+01 -1.2863e+00 -3.5018e-01 -9.4906e-01 -4.4368e-01 +1.5980e+00 -1.0006e-01 -1.2653e-01 +2.1293e+00 -2.1942e-01 +2.0815e+00
269 0 +1.179029750e+01 +1.179029750e+01 +3.060029750e+01 +3.060029750e+01 -1.1621e+00 -7.3709e-02 -9.0454e-01 -6.0798e-02 +1.7161e+00 -8.1705e-02 -1.2941e-01 +3.6752e+00 -1.6995e-01 +1.8144e+00
395 0 +1.048502028e+01 +1.048502028e+01 +2.929502028e+01 +2.929502028e+01 -1.1264e+00 -3.8388e-01 -9.3391e-01 +1.5630e-01 +2.2595e+00 -8.7370e-02 -8.5331e-02 +3.1745e+00 -1.2360e-01 +1.0930e+00
404 0 +8.842693698e+00 +8.842693698e+00 +2.765269370e+01 +2.765269370e+01 -1.1995e+00 -2.0086e-01 -9.5111e-01 +1.7108e-01 +2.0723e+00 -9.3972e-02 -8.6328e-02 +2.3046e+00 -3.3316e-02 +2.1770e+00
% f evaluations | g evaluations | best noise-free fitness - Fopt | noise-free fitness - Fopt (2.731500000000e+02) | measured fitness | best measured fitness | x1 | x2...
1 0 +1.192829884e+02 +1.192829884e+02 +3.924329884e+02 +3.924329884e+02 +0.0000e+00 +0.0000e+00 +0.0000e+00 +0.0000e+00 +0.0000e+00 +0.0000e+00 +0.0000e+00 +0.0000e+00 +0.0000e+00 +0.0000e+00
3 0 +7.000481940e+01 +7.000481940e+01 +3.431548194e+02 +3.431548194e+02 +8.6132e-02 +1.4663e+00 +4.3023e-01 -3.4788e-02 +2.4797e-01 -5.6169e-01 +8.3426e-01 -6.9944e-01 +1.7710e-01 -1.8522e+00
7 0 +5.912212751e+01 +5.912212751e+01 +3.322721275e+02 +3.322721275e+02 -4.5374e-01 +3.7959e+00 -6.2761e-01 +9.0651e-02 -2.9120e-01 -3.2238e-01 -1.0598e-01 +7.5797e-01 +7.8521e-01 -7.9561e-01
12 0 +5.216408123e+01 +5.216408123e+01 +3.253140812e+02 +3.253140812e+02 -6.2246e-01 +3.3984e-01 -2.4764e+00 +3.1976e-02 +1.3349e-01 -1.2887e+00 -9.1604e-01 -5.2432e+00 +1.1160e+00 -1.7377e+00
17 0 +4.589603943e+01 +4.589603943e+01 +3.190460394e+02 +3.190460394e+02 -2.1651e-01 +2.4861e+00 -4.9131e+00 -4.8965e-01 +1.8771e-01 -4.0818e-01 -9.1206e-01 -1.5025e+00 +7.0033e-01 -4.5288e-01
37 0 +3.778077509e+01 +3.778077509e+01 +3.109307751e+02 +3.109307751e+02 -3.8638e-01 +5.3048e+00 +1.7214e+00 -7.3247e-01 +4.9527e-01 +6.6724e-01 -2.3517e-01 -1.7454e+00 +1.1518e+00 +2.1162e+00
111 0 +3.692894774e+01 +3.692894774e+01 +3.100789477e+02 +3.100789477e+02 -3.1900e+00 +4.1745e+00 +2.3580e+00 -2.1440e+00 +1.3983e-01 -2.7464e+00 +9.9707e-01 +1.8761e+00 +4.0680e+00 +2.8614e+00
145 0 +3.336770037e+01 +3.336770037e+01 +3.065177004e+02 +3.065177004e+02 -3.4808e+00 +2.3770e+00 +2.4155e+00 -1.7454e+00 +3.8961e-01 -2.0289e+00 +1.4541e+00 -6.5597e-01 +4.3443e+00 +2.9425e+00
157 0 +3.270598359e+01 +3.270598359e+01 +3.058559836e+02 +3.058559836e+02 -3.4536e+00 +2.7937e+00 +1.5907e+00 -1.7895e+00 +4.3223e-01 -1.5601e+00 +7.4123e-01 -1.9347e+00 +4.4147e+00 +2.8175e+00
162 0 +3.215908065e+01 +3.215908065e+01 +3.053090807e+02 +3.053090807e+02 -3.4708e+00 +2.6964e+00 +1.7506e+00 -1.8578e+00 +3.5979e-01 -2.0283e+00 +7.0498e-01 -1.5947e+00 +4.0084e+00 +3.0497e+00
181 0 +2.760201001e+01 +2.760201001e+01 +3.007520100e+02 +3.007520100e+02 -3.1624e+00 +3.6213e+00 +7.9477e-01 -2.0539e+00 +4.1066e-01 -2.4815e+00 +3.3375e-01 -1.5501e+00 +3.7928e+00 +2.4818e+00
241 0 +2.537625213e+01 +2.537625213e+01 +2.985262521e+02 +2.985262521e+02 -2.5613e+00 +2.7161e+00 +3.3712e-01 -1.2005e+00 +7.0317e-01 -2.5272e+00 -1.5823e+00 -3.5066e+00 +1.9505e+00 +2.9841e+00
254 0 +2.095776910e+01 +2.095776910e+01 +2.941077691e+02 +2.941077691e+02 -2.3372e+00 +2.9926e+00 +2.1905e+00 -1.4278e+00 +9.3618e-01 -2.8034e+00 -1.2139e+00 +1.3662e-01 +1.3165e+00 +3.9875e+00
368 0 +1.831921645e+01 +1.831921645e+01 +2.914692165e+02 +2.914692165e+02 -2.0170e+00 +4.2038e+00 -4.2913e-02 -1.4717e+00 +1.1276e+00 -2.2927e+00 -1.5591e+00 -2.0821e+00 +1.8128e+00 +3.5580e+00
656 0 +1.807048395e+01 +1.807048395e+01 +2.912204840e+02 +2.912204840e+02 -2.3691e+00 +4.2774e+00 +5.6936e-01 -2.8120e+00 +4.0040e-01 -3.1787e+00 +5.0313e-01 -3.4668e-01 +8.2136e-01 +2.4135e+00
718 0 +1.577704775e+01 +1.577704775e+01 +2.889270478e+02 +2.889270478e+02 -2.2278e+00 +4.5124e+00 -6.7211e-02 -2.6718e+00 +4.0347e-01 -2.9213e+00 +3.1650e-01 -3.7529e-01 +7.5345e-01 +2.5182e+00
723 0 +1.485213337e+01 +1.485213337e+01 +2.880021334e+02 +2.880021334e+02 -2.2467e+00 +4.4853e+00 -1.0233e-01 -2.6812e+00 +4.4686e-01 -3.0359e+00 +4.2285e-01 -3.3582e-01 +8.4963e-01 +2.6074e+00
725 0 +1.254520064e+01 +1.254520064e+01 +2.856952006e+02 +2.856952006e+02 -2.2299e+00 +4.5284e+00 +5.9503e-02 -2.6854e+00 +3.8329e-01 -2.8733e+00 +4.0883e-01 -3.9893e-01 +7.6331e-01 +2.6401e+00
% f evaluations | g evaluations | best noise-free fitness - Fopt | noise-free fitness - Fopt (3.718000000000e+01) | measured fitness | best measured fitness | x1 | x2...
1 0 +6.178170747e+01 +6.178170747e+01 +9.896170747e+01 +9.896170747e+01 +0.0000e+00 +0.0000e+00 +0.0000e+00 +0.0000e+00 +0.0000e+00 +0.0000e+00 +0.0000e+00 +0.0000e+00 +0.0000e+00 +0.0000e+00
2 0 +4.839390376e+01 +4.839390376e+01 +8.557390376e+01 +8.557390376e+01 -2.7118e-01 +3.8146e-01 +1.5153e-01 -8.4036e-01 -2.5755e+00 -1.7974e+00 -8.6617e-02 +5.3497e-03 -5.5698e-01 -4.7269e-01
4 0 +4.706295818e+01 +4.706295818e+01 +8.424295818e+01 +8.424295818e+01 +2.3113e-03 +4.2042e-01 +2.2227e-01 +6.5739e-01 -1.0342e+00 -1.8848e+00 -2.5754e-01 +3.1321e-02 +4.4418e-01 +3.5188e-01
15 0 +4.551154013e+01 +4.551154013e+01 +8.269154013e+01 +8.269154013e+01 +5.0959e-02 -2.9718e-01 +7.0542e-02 -1.4816e-01 -4.0682e-01 -1.8122e+00 -4.4311e-01 -3.4733e-02 +1.3388e-01 -1.5576e+00
20 0 +4.211980881e+01 +4.211980881e+01 +7.929980881e+01 +7.929980881e+01 +1.3959e-01 +2.9534e-01 +2.1958e-01 +9.2287e-01 -9.2197e-01 +3.3778e-01 -5.4462e-01 -3.6567e-02 -1.3196e-01 +1.3062e-01
24 0 +4.141357087e+01 +4.141357087e+01 +7.859357087e+01 +7.859357087e+01 -8.8979e-03 +3.6593e-01 +3.2551e-01 +1.3550e+00 -6.7976e-02 -3.1348e-01 -9.9333e-01 +2.7127e-02 +5.8757e-02 -2.3171e+00
32 0 +3.948779638e+01 +3.948779638e+01 +7.666779638e+01 +7.666779638e+01 +8.0138e-03 -1.4294e+00 +3.5959e-01 +1.2370e+00 -2.0346e+00 -6.5608e-01 -7.4665e-01 +1.8301e-01 +3.0126e-01 -2.5711e+00
54 0 +3.676094160e+01 +3.676094160e+01 +7.394094160e+01 +7.394094160e+01 +6.8239e-02 -4.2530e+00 -1.2124e-01 +6.7909e-01 -1.3884e+00 -5.3336e-01 -1.6110e+00 +1.3434e-01 +7.2447e-01 -2.7312e+00
65 0 +3.510675364e+01 +3.510675364e+01 +7.228675364e+01 +7.228675364e+01 +4.1092e-03 -2.3878e-02 -6.3920e-02 +3.1900e+00 -3.0692e+00 -1.9111e+00 -1.5019e+00 +1.8640e-01 +9.2358e-01 +4.3602e-03
75 0 +3.272595901e+01 +3.272595901e+01 +6.990595901e+01 +6.990595901e+01 -2.4456e-02 +6.0739e-01 +2.5365e-01 +1.9287e+00 -2.8566e+00 -3.0042e-01 -2.2130e+00 +6.2350e-02 +1.4434e-01 -2.1786e+00
79 0 +3.187983379e+01 +3.187983379e+01 +6.905983379e+01 +6.905983379e+01 -5.3019e-03 -1.1385e+00 +1.2384e-01 +1.4708e+00 -2.7455e+00 -9.5197e-01 -2.0530e+00 +1.2500e-01 +1.1096e-01 -8.7517e-01
116 0 +2.361309142e+01 +2.361309142e+01 +6.079309142e+01 +6.079309142e+01 +6.3493e-02 -5.0260e-01 +5.8121e-02 +9.7090e-01 -2.8225e+00 -1.8745e+00 -2.0415e+00 -1.2996e-01 +4.5306e-01 -9.4833e-01
222 0 +2.198010864e+01 +2.198010864e+01 +5.916010864e+01 +5.916010864e+01 +1.9901e-01 +5.3904e-01 +2.1881e-02 +1.9984e+00 -2.6381e+00 -1.4497e+00 -2.5458e+00 -4.6826e-02 +2.4543e-01 -1.6498e+00
448 0 +1.962706680e+01 +1.962706680e+01 +5.680706680e+01 +5.680706680e+01 +1.7741e-01 +1.1076e+00 +8.7871e-02 +2.5911e+00 -3.9548e+00 -1.5341e+00 -3.2410e+00 -2.0264e-01 +6.9217e-01 -1.5203e+00
465 0 +1.696913129e+01 +1.696913129e+01 +5.414913129e+01 +5.414913129e+01 +2.1704e-01 +5.9941e-01 -5.1973e-02 +2.6878e+00 -3.7989e+00 -1.5677e+00 -3.1293e+00 -1.9932e-01 +7.0405e-01 -1.9859e+00
497 0 +1.592829675e+01 +1.592829675e+01 +5.310829675e+01 +5.310829675e+01 +1.9431e-01 +8.6329e-01 +7.1507e-03 +2.9522e+00 -3.9534e+00 -1.4712e+00 -3.1496e+00 -2.4158e-01 +7.9966e-01 -1.7095e+00
510 0 +1.573127087e+01 +1.573127087e+01 +5.291127087e+01 +5.291127087e+01 +1.9260e-01 +8.6821e-01 -2.1600e-02 +3.0225e+00 -3.8791e+00 -1.5424e+00 -3.1231e+00 -2.3761e-01 +7.8081e-01 -1.7251e+00
523 0 +1.535742630e+01 +1.535742630e+01 +5.253742630e+01 +5.253742630e+01 +1.9779e-01 +9.6510e-01 -6.8484e-02 +2.9090e+00 -3.8941e+00 -1.5690e+00 -3.1440e+00 -2.3963e-01 +7.9443e-01 -1.7054e+00
556 0 +1.487295866e+01 +1.487295866e+01 +5.205295866e+01 +5.205295866e+01 +2.0535e-01 +9.7225e-01 -4.7013e-02 +2.8731e+00 -3.8807e+00 -1.5413e+00 -3.1274e+00 -2.2845e-01 +7.9175e-01 -1.6949e+00
568 0 +1.450946195e+01 +1.450946195e+01 +5.168946195e+01 +5.168946195e+01 +1.9932e-01 +9.9567e-01 -3.9571e-02 +2.9123e+00 -3.8780e+00 -1.5611e+00 -3.1369e+00 -2.2564e-01 +7.5323e-01 -1.6962e+00
724 0 +1.442498708e+01 +1.442498708e+01 +5.160498708e+01 +5.160498708e+01 +1.9767e-01 +9.6627e-01 -3.7486e-02 +2.8523e+00 -3.8865e+00 -1.5362e+00 -3.1642e+00 -2.1718e-01 +6.8339e-01 -1.7236e+00
732 0 +1.392324617e+01 +1.392324617e+01 +5.110324617e+01 +5.110324617e+01 +2.0367e-01 +9.6168e-01 -3.9705e-02 +2.8572e+00 -3.8673e+00 -1.5356e+00 -3.1547e+00 -2.1511e-01 +6.8411e-01 -1.6785e+00
% f evaluations | g evaluations | best noise-free fitness - Fopt | noise-free fitness - Fopt (-1.479000000000e+02) | measured fitness | best measured fitness | x1 | x2...
1 0 +2.130772869e+01 +2.130772869e+01 -1.265922713e+02 -1.265922713e+02 +0.0000e+00 +0.0000e+00 +0.0000e+00 +0.0000e+00 +0.0000e+00 +0.0000e+00 +0.0000e+00 +0.0000e+00 +0.0000e+00 +0.0000e+00
2 0 +1.818526561e+01 +1.818526561e+01 -1.297147344e+02 -1.297147344e+02 -4.0228e-01 +1.6420e-01 +1.8093e+00 -3.7099e-01 +3.2361e-01 +2.5861e-01 +4.3239e-01 -8.9767e-01 -8.5291e-01 -1.6949e+00
20 0 +1.764485151e+01 +1.764485151e+01 -1.302551485e+02 -1.302551485e+02 -7.2709e-01 -3.2581e-01 +2.3991e+00 -1.4989e-01 -2.7877e-01 -4.1146e-01 +2.3158e-01 -3.5433e-01 +4.6037e-01 -2.2891e-01
27 0 +1.551498745e+01 +1.551498745e+01 -1.323850125e+02 -1.323850125e+02 -1.8925e+00 +3.1248e-01 +3.2585e+00 -1.3760e-01 -8.5762e-05 -8.5591e-01 +4.2246e-02 -1.7918e+00 -2.3875e-01 +9.8119e-01
39 0 +1.394719925e+01 +1.394719925e+01 -1.339528007e+02 -1.339528007e+02 -2.2758e+00 +4.0173e-01 +2.1047e+00 -1.0951e+00 -4.4614e-02 -1.0279e+00 +8.6984e-02 -1.7320e+00 -1.1912e-01 +4.9945e-01
48 0 +1.218713210e+01 +1.218713210e+01 -1.357128679e+02 -1.357128679e+02 -1.8557e+00 +8.6564e-01 +2.7782e+00 -2.2378e+00 -3.9153e-02 -3.3103e-01 +1.5345e-01 -1.8092e+00 -1.4932e+00 +4.8904e-01
49 0 +1.073609009e+01 +1.073609009e+01 -1.371639099e+02 -1.371639099e+02 -2.0165e+00 +3.0773e-01 +2.2017e+00 -8.2091e-01 -2.7922e-01 -6.6394e-01 -9.0963e-01 -9.1909e-01 -1.5396e+00 +7.5852e-01
53 0 +1.035005805e+01 +1.035005805e+01 -1.375499419e+02 -1.375499419e+02 -2.1708e+00 +5.9212e-01 +2.2979e+00 -9.7745e-01 +4.3406e-02 -2.2841e-01 -1.2023e+00 -1.5897e+00 -2.3429e+00 +1.9959e+00
57 0 +9.131265533e+00 +9.131265533e+00 -1.387687345e+02 -1.387687345e+02 -2.0054e+00 +2.1104e-01 +2.0422e+00 -1.6211e+00 -2.0146e-01 -5.6792e-01 -8.7577e-01 -3.0537e-01 -8.1235e-01 -1.2802e+00
% f evaluations | g evaluations | best noise-free fitness - Fopt | noise-free fitness - Fopt (4.817100000000e+02) | measured fitness | best measured fitness | x1 | x2...
1 0 +8.324974396e+01 +8.324974396e+01 +5.649597440e+02 +5.649597440e+02 +0.0000e+00 +0.0000e+00 +0.0000e+00 +0.0000e+00 +0.0000e+00 +0.0000e+00 +0.0000e+00 +0.0000e+00 +0.0000e+00 +0.0000e+00
2 0 +5.917353239e+01 +5.917353239e+01 +5.408835324e+02 +5.408835324e+02 +2.6269e+00 +1.8722e-01 +1.5141e-01 +1.8799e-01 +2.8051e-01 +2.3764e-01 -1.7958e-01 +1.5811e+00 -1.1222e-01 -4.5418e-01
8 0 +4.789147611e+01 +4.789147611e+01 +5.296014761e+02 +5.296014761e+02 +2.9767e+00 -1.8605e-02 -2.4999e-01 +6.8950e-01 +6.0299e-01 +1.4647e-01 +2.2426e-01 +7.4258e-01 +4.0285e-01 +1.9528e-01
15 0 +2.819811303e+01 +2.819811303e+01 +5.099081130e+02 +5.099081130e+02 +5.0645e-01 -1.1227e-01 -1.1428e-01 +3.2403e+00 +6.0614e-01 -9.4643e-02 -2.1352e-01 +2.1776e-01 -2.2540e-01 +1.4326e+00
33 0 +2.813152938e+01 +2.813152938e+01 +5.098415294e+02 +5.098415294e+02 +3.2338e-01 -7.6266e-02 -9.9260e-01 +4.4785e+00 -1.2931e-02 -2.8808e-01 -4.0571e-01 -7.4058e-01 -6.3498e-01 -4.3973e-02
38 0 +2.468002092e+01 +2.468002092e+01 +5.063900209e+02 +5.063900209e+02 +2.0287e-01 +4.1443e-02 -5.5279e-01 +4.6849e+00 +1.2830e+00 -2.9245e-01 -1.8068e-01 -6.4870e-01 -5.3419e-01 +6.5311e-01
941 0 +2.427741464e+01 +2.427741464e+01 +5.059874146e+02 +5.059874146e+02 -1.2184e-01 -2.3586e-01 -2.4666e+00 +3.2311e+00 +3.8486e+00 -2.5849e+00 -2.3529e+00 +2.8058e-01 +1.1279e+00 +7.0058e-01
958 0 +2.361292715e+01 +2.361292715e+01 +5.053229272e+02 +5.053229272e+02 +1.3001e-02 -2.2980e-01 -2.4510e+00 +3.0301e+00 +3.8370e+00 -2.5965e+00 -2.4201e+00 +3.1914e-01 +1.1118e+00 +7.7031e-01
% f evaluations | g evaluations | best noise-free fitness - Fopt | noise-free fitness - Fopt (-3.646000000000e+01) | measured fitness | best measured fitness | x1 | x2...
1 0 +1.571901399e+02 +1.571901399e+02 +1.207301399e+02 +1.207301399e+02 +0.0000e+00 +0.0000e+00 +0.0000e+00 +0.0000e+00 +0.0000e+00 +0.0000e+00 +0.0000e+00 +0.0000e+00 +0.0000e+00 +0.0000e+00
2 0 +1.285833920e+02 +1.285833920e+02 +9.212339197e+01 +9.212339197e+01 -8.0062e-01 -7.1835e-01 -6.3062e-01 -4.3863e-02 -7.4224e-02 +3.9760e-02 -8.1860e-01 +8.9344e-02 -2.2779e-01 +1.3168e+00
4 0 +1.072983568e+02 +1.072983568e+02 +7.083835675e+01 +7.083835675e+01 -6.4230e-01 +2.5874e-01 -3.2840e-01 +6.5120e-02 +1.0182e+00 -8.6421e-02 +5.4201e-01 +2.9001e-01 -6.7334e-03 -1.5474e+00
23 0 +8.795095693e+01 +8.795095693e+01 +5.149095693e+01 +5.149095693e+01 -3.0753e+00 -8.5603e-01 -4.3781e-01 +1.2518e+00 +1.4031e+00 +1.5726e-01 -1.2305e-02 +2.5380e-01 -1.7423e-01 -3.3589e+00
29 0 +5.461123253e+01 +5.461123253e+01 +1.815123253e+01 +1.815123253e+01 -7.4303e-01 -4.2633e+00 +7.3430e-03 +8.6969e-03 +3.6907e+00 -2.0086e-01 -2.4129e-01 +2.6858e-01 +1.4396e-01 -3.3946e+00
67 0 +5.286863737e+01 +5.286863737e+01 +1.640863737e+01 +1.640863737e+01 -7.1179e-01 -3.8047e+00 -4.9587e+00 +2.2489e+00 +2.2616e+00 -1.8142e-01 +1.8212e+00 +1.2159e+00 +1.2102e+00 -1.5510e+00
75 0 +4.732252725e+01 +4.732252725e+01 +1.086252725e+01 +1.086252725e+01 +6.2721e-01 -4.3240e+00 -4.4646e+00 -7.8036e-01 -2.0695e-01 -7.7871e-02 +2.5157e+00 +1.5975e+00 +3.3107e-02 +2.0705e+00
78 0 +3.816962430e+01 +3.816962430e+01 +1.709624300e+00 +1.709624300e+00 +2.5039e+00 +2.3489e+00 -5.1405e+00 +1.9247e+00 +2.7152e+00 -5.0256e-01 +8.4231e-01 +1.3180e+00 +1.9866e+00 -1.1658e+00
169 0 +3.699193882e+01 +3.699193882e+01 +5.319388219e-01 +5.319388219e-01 +1.1965e+00 -1.4668e+00 -5.6125e+00 +2.1898e+00 +2.8405e+00 -4.1495e-01 +3.3004e+00 +4.3643e+00 -4.7443e-02 -1.7821e-01
179 0 +3.057737647e+01 +3.057737647e+01 -5.882623529e+00 -5.882623529e+00 +7.7342e-01 -1.5675e+00 -5.4862e+00 +2.0258e+00 +4.1275e+00 -5.1730e-01 +5.2683e+00 +3.0549e+00 -5.7441e-02 +3.7458e+00
217 0 +2.570132441e+01 +2.570132441e+01 -1.075867559e+01 -1.075867559e+01 +1.3264e+00 -9.9834e-01 -5.1932e+00 +1.3513e+00 +4.1157e+00 -6.6582e-01 +4.5759e+00 +3.1103e+00 -1.2550e-01 +2.0498e+00
231 0 +1.961286116e+01 +1.961286116e+01 -1.684713884e+01 -1.684713884e+01 +1.5421e+00 -1.4277e+00 -5.3245e+00 +1.6217e+00 +4.1306e+00 -6.0205e-01 +5.1249e+00 +3.0850e+00 -1.5307e-01 +1.6166e+00
246 0 +1.701329103e+01 +1.701329103e+01 -1.944670897e+01 -1.944670897e+01 +1.1024e+00 -5.8401e-01 -5.1924e+00 +1.4903e+00 +4.6714e+00 -5.6898e-01 +4.8722e+00 +3.0656e+00 -4.3310e-02 +5.4568e-01
274 0 +1.634812577e+01 +1.634812577e+01 -2.011187423e+01 -2.011187423e+01 +1.6395e+00 -1.1446e+00 -5.2862e+00 +1.6688e+00 +4.9911e+00 -5.6295e-01 +4.7224e+00 +3.0480e+00 +5.6911e-02 -3.2643e-01
406 0 +1.481626195e+01 +1.481626195e+01 -2.164373805e+01 -2.164373805e+01 +1.2702e+00 -1.4706e+00 -5.0211e+00 +1.4544e+00 +5.2988e+00 -6.1870e-01 +5.0937e+00 +2.9841e+00 -2.3311e-01 -1.3771e+00
706 0 +1.406238357e+01 +1.406238357e+01 -2.239761643e+01 -2.239761643e+01 +2.8425e+00 -3.1372e+00 -5.0480e+00 +1.6252e-01 +4.3961e+00 -8.0761e-01 +2.9226e+00 +3.5693e+00 -9.0955e-01 -1.5617e+00
728 0 +1.284310082e+01 +1.284310082e+01 -2.361689918e+01 -2.361689918e+01 +2.5275e+00 -3.3489e+00 -5.1718e+00 +2.8310e-01 +4.3819e+00 -7.9038e-01 +2.4977e+00 +3.5254e+00 -8.6610e-01 -1.8855e+00
764 0 +1.054253116e+01 +1.054253116e+01 -2.591746884e+01 -2.591746884e+01 +2.2450e+00 -3.4241e+00 -5.0695e+00 +2.3865e-01 +4.1326e+00 -7.6452e-01 +2.5131e+00 +3.5769e+00 -8.2009e-01 -1.6067e+00
780 0 +9.854736465e+00 +9.854736465e+00 -2.660526353e+01 -2.660526353e+01 +2.2254e+00 -3.4847e+00 -5.0348e+00 +2.1415e-01 +4.1507e+00 -7.6596e-01 +2.4906e+00 +3.5779e+00 -8.3806e-01 -1.6819e+00
829 0 +9.731082506e+00 +9.731082506e+00 -2.672891749e+01 -2.672891749e+01 +2.2870e+00 -3.4030e+00 -5.0164e+00 +2.2310e-01 +4.2195e+00 -7.8085e-01 +2.4583e+00 +3.5818e+00 -7.8860e-01 -1.7054e+00
833 0 +9.288938908e+00 +9.288938908e+00 -2.717106109e+01 -2.717106109e+01 +2.3217e+00 -3.3996e+00 -5.0208e+00 +1.9460e-01 +4.1656e+00 -7.8121e-01 +2.5332e+00 +3.5882e+00 -7.8173e-01 -1.7388e+00
889 0 +8.675746671e+00 +8.675746671e+00 -2.778425333e+01 -2.778425333e+01 +2.2376e+00 -3.4051e+00 -5.0520e+00 +1.6484e-01 +4.2130e+00 -7.7844e-01 +2.5444e+00 +3.5941e+00 -7.6755e-01 -1.6633e+00
% f evaluations | g evaluations | best noise-free fitness - Fopt | noise-free fitness - Fopt (3.920000000000e+01) | measured fitness | best measured fitness | x1 | x2...
1 0 +1.288356632e+02 +1.288356632e+02 +1.680356632e+02 +1.680356632e+02 +0.0000e+00 +0.0000e+00 +0.0000e+00 +0.0000e+00 +0.0000e+00 +0.0000e+00 +0.0000e+00 +0.0000e+00 +0.0000e+00 +0.0000e+00
2 0 +7.521989479e+01 +7.521989479e+01 +1.144198948e+02 +1.144198948e+02 +2.4771e-01 +6.5168e-01 -4.3014e-02 -3.3907e-01 -6.0155e-01 +3.2878e-01 +1.3790e+00 +5.1324e-01 +6.7902e-02 -4.4449e-01
10 0 +7.315878166e+01 +7.315878166e+01 +1.123587817e+02 +1.123587817e+02 -4.7829e-01 -3.6122e-01 +3.2676e-02 +1.4371e+00 +4.7597e-01 -1.3535e-01 +2.6845e-01 -1.2322e-01 -1.5239e+00 +2.9193e+00
15 0 +5.721552920e+01 +5.721552920e+01 +9.641552920e+01 +9.641552920e+01 -2.0949e-01 +1.8455e-01 +4.0506e-02 +1.2332e+00 +3.3857e-01 +6.9282e-02 -9.5177e-01 +7.7887e-01 +5.6740e-01 +1.5306e-02
24 0 +5.556926170e+01 +5.556926170e+01 +9.476926170e+01 +9.476926170e+01 +2.3443e-01 +2.4201e-01 +4.4120e-02 +6.3707e-01 +5.9418e-01 -4.0467e-01 +1.2898e+00 -1.5632e+00 -2.0620e+00 +1.2126e+00
38 0 +3.798191371e+01 +3.798191371e+01 +7.718191371e+01 +7.718191371e+01 +3.4750e-01 +9.8879e-01 +8.7653e-02 +1.4159e+00 +6.3063e-01 -2.8127e-01 +6.2649e-01 -2.8358e+00 -7.9608e-01 +4.8981e-02
73 0 +3.442498620e+01 +3.442498620e+01 +7.362498620e+01 +7.362498620e+01 +1.0960e-01 +4.8558e-01 -9.3807e-02 +5.8019e-02 +2.3195e+00 -3.0970e-01 +4.7230e+00 -2.8245e+00 -2.0153e+00 +1.3597e+00
83 0 +2.649276828e+01 +2.649276828e+01 +6.569276828e+01 +6.569276828e+01 +5.3738e+00 +8.1207e-01 -1.2224e-01 +2.1596e+00 +2.3815e+00 -6.5778e-01 +2.9484e+00 -2.3306e+00 -1.4642e+00 -3.3403e-02
97 0 +1.951996586e+01 +1.951996586e+01 +5.871996586e+01 +5.871996586e+01 +1.6810e+00 -5.0396e-01 -7.9697e-03 +2.7071e+00 +6.5342e-01 -5.6171e-01 +4.9882e+00 -4.4498e+00 -2.6205e+00 -9.3198e-01
278 0 +1.296839514e+01 +1.296839514e+01 +5.216839514e+01 +5.216839514e+01 +2.8958e+00 +1.0959e+00 -3.7920e-01 +4.0971e+00 +1.5000e+00 -1.1197e+00 +2.1993e+00 -4.0233e+00 +1.5031e+00 -3.0417e+00
818 0 +1.139928956e+01 +1.139928956e+01 +5.059928956e+01 +5.059928956e+01 +4.1663e+00 +2.2753e+00 -9.1654e-01 +7.2121e-01 +2.8927e+00 -3.6981e-01 +4.2608e+00 -2.1892e+00 -5.5257e-01 -3.2634e+00
895 0 +1.077860323e+01 +1.077860323e+01 +4.997860323e+01 +4.997860323e+01 +5.1110e+00 +2.3790e+00 -5.4580e-01 +1.1470e+00 +2.8405e+00 +1.7089e-01 +3.5439e+00 -1.9856e+00 -2.2550e-02 -3.5479e+00
928 0 +1.027316559e+01 +1.027316559e+01 +4.947316559e+01 +4.947316559e+01 +4.2532e+00 +2.5898e+00 -8.0260e-01 +7.3427e-01 +2.5642e+00 +6.0997e-02 +3.1935e+00 -2.3828e+00 -1.1862e+00 -2.7644e+00
% f evaluations | g evaluations | best noise-free fitness - Fopt | noise-free fitness - Fopt (-3.225000000000e+01) | measured fitness | best measured fitness | x1 | x2...
1 0 +3.051352260e+02 +3.051352260e+02 +2.728852260e+02 +2.728852260e+02 +0.0000e+00 +0.0000e+00 +0.0000e+00 +0.0000e+00 +0.0000e+00 +0.0000e+00 +0.0000e+00 +0.0000e+00 +0.0000e+00 +0.0000e+00
2 0 +1.082845106e+02 +1.082845106e+02 +7.603451063e+01 +7.603451063e+01 -5.8931e-01 +2.9957e-01 -1.0177e+00 -7.1911e-01 +6.2616e-01 +1.4419e-01 -4.1797e-01 +6.1825e-01 -3.4634e-01 -1.4236e-01
3 0 +9.284650544e+01 +9.284650544e+01 +6.059650544e+01 +6.059650544e+01 +7.2958e-01 -4.1231e-01 +5.0017e-01 -5.5953e-01 +3.6767e+00 +5.4789e-02 +2.3842e+00 -5.6492e-01 +1.3134e+00 +1.2445e+00
34 0 +5.587133856e+01 +5.587133856e+01 +2.362133856e+01 +2.362133856e+01 +2.4174e+00 +1.3968e+00 +7.2159e-01 -2.1281e+00 +4.7620e+00 +2.5844e-01 -1.5160e+00 +4.2168e+00 -7.2665e-01 +2.6673e+00
96 0 +5.144522323e+01 +5.144522323e+01 +1.919522323e+01 +1.919522323e+01 +1.2687e+00 -2.1090e+00 +1.8979e+00 -4.8786e+00 +3.4216e+00 +8.3062e-02 +1.5581e+00 +2.7849e+00 -2.1018e+00 -5.4116e-01
119 0 +4.257703709e+01 +4.257703709e+01 +1.032703709e+01 +1.032703709e+01 +5.2049e+00 -2.6316e+00 +8.1009e-02 -4.9304e+00 +1.7600e+00 +1.1422e-01 -1.8999e+00 -1.3272e+00 -2.0418e+00 +3.8164e+00
398 0 +4.025279791e+01 +4.025279791e+01 +8.002797914e+00 +8.002797914e+00 +4.5276e+00 +3.4792e+00 +3.4516e-01 -5.2559e+00 +1.8727e+00 +1.0436e-01 -2.5059e+00 -8.3461e-01 +1.4118e+00 +4.6161e+00
852 0 +3.759509638e+01 +3.759509638e+01 +5.345096377e+00 +5.345096377e+00 +5.4305e+00 -5.9338e-02 -7.5740e-01 -3.8163e+00 +5.9359e+00 -9.0996e-02 -3.1890e+00 +2.5816e-01 +4.7890e+00 -1.9084e+00
867 0 +3.045227177e+01 +3.045227177e+01 -1.797728231e+00 -1.797728231e+00 +5.9373e+00 -2.2589e-01 +4.4596e-02 -3.7827e+00 +4.4961e+00 -9.4629e-02 -2.1604e-01 +2.0949e+00 +3.8899e+00 -8.8811e-01
871 0 +2.887357743e+01 +2.887357743e+01 -3.376422568e+00 -3.376422568e+00 +4.1461e+00 -4.1772e-01 +1.4505e+00 -4.0756e+00 +3.1484e+00 -8.0158e-02 -2.8328e+00 +1.2888e+00 +4.2778e+00 -6.7169e-01
872 0 +1.735972834e+01 +1.735972834e+01 -1.489027166e+01 -1.489027166e+01 +4.9394e+00 -7.0041e-01 +1.1757e+00 -3.4274e+00 +4.1161e+00 -2.9778e-02 -1.9134e+00 +9.2665e-01 +4.7387e+00 +5.6472e-01
971 0 +1.631102480e+01 +1.631102480e+01 -1.593897520e+01 -1.593897520e+01 +3.7430e+00 -7.0508e-02 -8.2844e-01 -2.9870e+00 +4.8271e+00 -1.9175e-01 -1.6378e+00 +1.0557e+00 +4.4099e+00 +1.0357e+00
981 0 +1.502583607e+01 +1.502583607e+01 -1.722416393e+01 -1.722416393e+01 +2.5881e+00 -2.5200e+00 +1.4400e+00 -3.1584e+00 +3.6599e+00 -1.3726e-01 -1.9432e+00 +8.8322e-01 +2.8668e+00 +3.1017e+00
% f evaluations | g evaluations | best noise-free fitness - Fopt | noise-free fitness - Fopt (3.681200000000e+02) | measured fitness | best measured fitness | x1 | x2...
1 0 +7.105251432e+01 +7.105251432e+01 +4.391725143e+02 +4.391725143e+02 +0.0000e+00 +0.0000e+00 +0.0000e+00 +0.0000e+00 +0.0000e+00 +0.0000e+00 +0.0000e+00 +0.0000e+00 +0.0000e+00 +0.0000e+00
2 0 +6.010729299e+01 +6.010729299e+01 +4.282272930e+02 +4.282272930e+02 -1.3296e+00 -2.4551e+00 +1.5161e-01 -2.6631e-01 +1.5499e-01 +2.7246e-01 +3.1967e-01 -1.5958e-01 +1.5261e+00 -8.3098e-02
5 0 +5.697836245e+01 +5.697836245e+01 +4.250983624e+02 +4.250983624e+02 +3.0100e-01 +2.0178e+00 +1.3676e-02 +5.3387e-01 -2.5180e-01 -3.1663e-01 +9.5885e-01 +5.7723e-02 -1.8622e+00 +4.0464e-02
12 0 +4.873853793e+01 +4.873853793e+01 +4.168585379e+02 +4.168585379e+02 -6.2743e-01 -3.9335e+00 -1.3603e-01 -1.2407e-01 +1.4437e-01 +7.0396e-01 +3.3594e-01 -1.7029e-02 -2.3892e+00 +1.2570e-01
13 0 +4.063545725e+01 +4.063545725e+01 +4.087554573e+02 +4.087554573e+02 -1.0154e+00 -1.7304e+00 -2.2422e-02 +1.1919e-01 +2.0885e-01 +1.4803e-01 +1.2575e+00 +3.7130e-03 -1.3141e+00 +2.8456e-02
23 0 +3.853461873e+01 +3.853461873e+01 +4.066546187e+02 +4.066546187e+02 -1.3117e+00 -2.6637e+00 +1.5509e-01 -1.3267e-01 +8.0076e-02 +2.3133e-01 +6.7933e-01 +3.5474e-02 -1.0228e+00 +6.5401e-02
34 0 +3.651081708e+01 +3.651081708e+01 +4.046308171e+02 +4.046308171e+02 -1.2302e+00 -1.7327e+00 -1.6030e-01 -1.9239e-01 -1.2286e-01 +1.7999e-01 +1.1693e+00 +1.8746e-01 -1.0608e+00 +1.3548e-01
60 0 +3.374909883e+01 +3.374909883e+01 +4.018690988e+02 +4.018690988e+02 -1.1558e+00 -1.5352e+00 -5.5885e-01 +4.1178e-01 -5.0918e-02 +4.6335e-01 +8.8755e-01 +2.9866e-01 -1.9343e+00 +1.0907e-01
147 0 +3.248107179e+01 +3.248107179e+01 +4.006010718e+02 +4.006010718e+02 -1.1872e+00 -1.7421e+00 -4.9120e-01 -3.7603e-01 -4.8551e-01 +1.7744e-01 +1.0785e+00 -5.2886e-01 -1.6969e+00 +1.7083e-01
276 0 +3.054064198e+01 +3.054064198e+01 +3.986606420e+02 +3.986606420e+02 -2.5496e+00 -1.3187e+00 +5.3833e-01 -4.1998e-01 -1.0056e+00 +7.2378e-01 +1.5311e+00 -7.6965e-01 -1.2408e+00 +5.0353e-02
295 0 +2.598928070e+01 +2.598928070e+01 +3.941092807e+02 +3.941092807e+02 -2.5155e+00 -1.3076e+00 +6.2994e-01 -4.8610e-01 -1.0432e+00 +7.9925e-01 +1.4749e+00 -7.7899e-01 -1.2504e+00 +3.5794e-02
298 0 +2.385161031e+01 +2.385161031e+01 +3.919716103e+02 +3.919716103e+02 -2.3753e+00 -1.0852e+00 +6.9388e-01 -5.5162e-01 -1.0312e+00 +7.6596e-01 +1.5362e+00 -6.9516e-01 -1.3099e+00 +5.1033e-02
% f evaluations | g evaluations | best noise-free fitness - Fopt | noise-free fitness - Fopt (4.739000000000e+01) | measured fitness | best measured fitness | x1 | x2...
1 0 +4.550479530e+01 +4.550479530e+01 +9.289479530e+01 +9.289479530e+01 +0.0000e+00 +0.0000e+00 +0.0000e+00 +0.0000e+00 +0.0000e+00 +0.0000e+00 +0.0000e+00 +0.0000e+00 +0.0000e+00 +0.0000e+00
5 0 +3.933860107e+01 +3.933860107e+01 +8.672860107e+01 +8.672860107e+01 +7.4177e-03 -4.6140e-04 +1.7704e-02 +3.6042e-01 +6.6705e-01 -3.1309e-01 -1.4381e-01 +9.2067e-01 +2.6655e-01 -2.4233e-01
9 0 +3.581383248e+01 +3.581383248e+01 +8.320383248e+01 +8.320383248e+01 -4.5583e-03 +2.3052e-03 -4.8756e-02 +1.2398e-01 +2.5558e-01 +3.5676e-01 -3.0126e-01 -2.4736e-01 -1.3736e+00 -7.1429e-01
10 0 +3.003585082e+01 +3.003585082e+01 +7.742585082e+01 +7.742585082e+01 +8.8289e-03 -2.8421e-03 +5.8116e-02 -4.7058e-01 +1.1801e+00 -9.3766e-02 -6.8490e-01 +1.6008e+00 +1.0114e-01 +4.6766e-01
18 0 +2.921385218e+01 +2.921385218e+01 +7.660385218e+01 +7.660385218e+01 -1.0976e-02 -6.2518e-03 +7.4183e-02 -5.2723e-01 +1.0937e+00 -5.1141e-01 -7.9202e-01 +7.1420e-01 -1.8749e+00 +1.0849e-01
24 0 +2.576481744e+01 +2.576481744e+01 +7.315481744e+01 +7.315481744e+01 -9.3278e-03 -4.7756e-03 +1.8719e-01 -4.8643e-01 +5.7487e-01 -7.5553e-01 -1.3799e+00 +2.0374e+00 -2.4548e+00 +1.1200e+00
35 0 +2.372104312e+01 +2.372104312e+01 +7.111104312e+01 +7.111104312e+01 +1.3277e-02 -6.9100e-03 +1.1797e-06 -1.2928e-01 +1.3662e+00 -1.0038e+00 -1.5614e+00 +2.4419e+00 -9.7172e-01 +5.7973e-01
43 0 +2.340971430e+01 +2.340971430e+01 +7.079971430e+01 +7.079971430e+01 -4.4248e-03 -5.7879e-03 +3.3173e-02 -9.8294e-02 +1.6665e+00 -1.0333e+00 -2.1053e+00 +2.5713e+00 -2.4978e+00 +2.7712e-01
46 0 +2.049790903e+01 +2.049790903e+01 +6.788790903e+01 +6.788790903e+01 +1.9027e-02 -8.1679e-03 -2.3009e-02 -3.8632e-01 +1.8494e+00 -1.1770e+00 -1.1845e+00 +2.4494e+00 -1.8522e+00 +2.3593e-01
63 0 +2.002921269e+01 +2.002921269e+01 +6.741921269e+01 +6.741921269e+01 +2.2333e-02 -8.9723e-03 -6.5700e-02 +9.6181e-05 +1.1567e+00 -7.6324e-01 -1.0948e+00 +2.5903e+00 -1.8556e+00 +1.7579e-02
67 0 +1.564844533e+01 +1.564844533e+01 +6.303844533e+01 +6.303844533e+01 +2.5419e-02 -1.0268e-02 -1.8100e-02 -2.6931e-02 +8.7926e-01 -1.7526e+00 -9.7336e-01 +3.8023e+00 -1.6956e+00 +1.7143e-01
77 0 +1.447855807e+01 +1.447855807e+01 +6.186855807e+01 +6.186855807e+01 +2.0496e-02 -9.2964e-03 -1.6489e-02 -1.4559e-01 +5.1218e-01 -1.5282e+00 -5.7843e-01 +3.3232e+00 -2.3295e+00 -4.8824e-02
94 0 +1.336358202e+01 +1.336358202e+01 +6.075358202e+01 +6.075358202e+01 +1.2741e-02 -1.2691e-02 -1.3430e-03 -1.6653e-01 +8.1715e-01 -2.1669e+00 -9.3165e-01 +3.5493e+00 -1.8891e+00 -1.1409e-02
99 0 +1.050700020e+01 +1.050700020e+01 +5.789700020e+01 +5.789700020e+01 +1.7119e-02 -1.2021e-02 -1.2805e-02 -1.3029e-01 +9.9225e-01 -2.0202e+00 -5.9459e-01 +3.2189e+00 -2.6796e+00 -1.5817e-01
117 0 +9.944743262e+00 +9.944743262e+00 +5.733474326e+01 +5.733474326e+01 +1.1625e-02 -1.1973e-02 +6.0333e-03 -1.2092e-01 +7.0631e-01 -2.1358e+00 -6.4419e-01 +3.4305e+00 -2.3923e+00 -7.8917e-02
% f evaluations | g evaluations | best noise-free fitness - Fopt | noise-free fitness - Fopt (-3.428900000000e+02) | measured fitness | best measured fitness | x1 | x2...
1 0 +6.529145050e+01 +6.529145050e+01 -2.775985495e+02 -2.775985495e+02 +0.0000e+00 +0.0000e+00 +0.0000e+00 +0.0000e+00 +0.0000e+00 +0.0000e+00 +0.0000e+00 +0.0000e+00 +0.0000e+00 +0.0000e+00
2 0 +6.467284930e+01 +6.467284930e+01 -2.782171507e+02 -2.782171507e+02 -5.7808e-01 -1.3297e-01 +7.6821e-01 -1.9404e-01 -4.3880e-01 +8.6593e-01 -1.2121e+00 +9.8689e-01 +4.5214e-01 -3.5122e-01
5 0 +4.383530317e+01 +4.383530317e+01 -2.990546968e+02 -2.990546968e+02 -1.4503e+00 +9.3832e-01 +5.8022e-01 -4.5367e-02 -1.8288e-01 +1.1783e+00 +4.9229e-02 +1.9045e+00 +3.8475e-01 +3.1161e-01
6 0 +2.751056305e+01 +2.751056305e+01 -3.153794369e+02 -3.153794369e+02 -7.5167e-02 +4.9565e-02 +2.8300e-01 +7.8219e-02 -2.4384e-01 -1.4381e+00 +1.4560e+00 +8.7800e-01 +9.2487e-01 -1.5529e-03
138 0 +2.275857970e+01 +2.275857970e+01 -3.201314203e+02 -3.201314203e+02 -7.5502e-01 -4.2921e+00 +2.5847e+00 +2.2277e-01 +4.8783e-01 -1.9162e+00 -1.9037e+00 +2.5335e+00 +1.2878e+00 +1.8699e-01
160 0 +2.134463613e+01 +2.134463613e+01 -3.215453639e+02 -3.215453639e+02 -9.1301e-01 -4.2904e+00 +3.0473e+00 +1.0448e-01 +8.9701e-01 -1.1399e+00 -1.1383e+00 +4.0909e+00 +7.6216e-01 +1.2533e-01
161 0 +2.058511719e+01 +2.058511719e+01 -3.223048828e+02 -3.223048828e+02 -8.6972e-01 -4.4187e+00 +2.7382e+00 +1.7383e-02 +6.0751e-01 -9.5694e-01 -1.4098e+00 +2.1467e+00 +1.0266e+00 +2.1617e-01
% f evaluations | g evaluations | best noise-free fitness - Fopt | noise-free fitness - Fopt (9.102000000000e+01) | measured fitness | best measured fitness | x1 | x2...
1 0 +4.402282542e+01 +4.402282542e+01 +1.350428254e+02 +1.350428254e+02 +0.0000e+00 +0.0000e+00 +0.0000e+00 +0.0000e+00 +0.0000e+00 +0.0000e+00 +0.0000e+00 +0.0000e+00 +0.0000e+00 +0.0000e+00
2 0 +3.394981199e+01 +3.394981199e+01 +1.249698120e+02 +1.249698120e+02 +2.1327e+00 -5.0134e-01 -1.9268e+00 +2.8971e-01 -3.9413e-01 -3.8025e-01 -2.7489e-02 +9.7071e-02 +2.4047e-01 -3.6373e-01
6 0 +3.213448718e+01 +3.213448718e+01 +1.231544872e+02 +1.231544872e+02 +8.7905e-01 +5.7657e-01 -1.1617e+00 -4.0772e-01 -2.4309e-01 +5.7144e-02 +2.4818e-01 +8.1769e-03 -8.7066e-02 -1.2470e+00
8 0 +2.570463255e+01 +2.570463255e+01 +1.167246325e+02 +1.167246325e+02 -4.3737e-01 +4.5520e-03 -1.0652e+00 +4.4869e-01 -6.5641e-02 +2.0068e-01 +2.9219e-01 +7.9620e-02 -2.3719e-01 +1.3483e+00
25 0 +2.394168571e+01 +2.394168571e+01 +1.149616857e+02 +1.149616857e+02 +2.3216e+00 +9.8446e-02 -2.4772e-01 -7.1960e-01 -6.7805e-01 +7.3555e-01 +8.8302e-02 +4.7091e-02 -3.7009e-01 +1.3304e+00
26 0 +1.726569680e+01 +1.726569680e+01 +1.082856968e+02 +1.082856968e+02 +2.2804e+00 +4.8217e-01 -5.9049e-01 -2.2817e-01 -6.5985e-01 +1.2080e+00 -4.0755e-02 +1.6762e-02 -1.5162e-01 +1.4992e+00
% f evaluations | g evaluations | best noise-free fitness - Fopt | noise-free fitness - Fopt (7.324200000000e+02) | measured fitness | best measured fitness | x1 | x2...
1 0 +3.947388154e+01 +3.947388154e+01 +7.718938815e+02 +7.718938815e+02 +0.0000e+00 +0.0000e+00 +0.0000e+00 +0.0000e+00 +0.0000e+00 +0.0000e+00 +0.0000e+00 +0.0000e+00 +0.0000e+00 +0.0000e+00
26 0 +3.831107122e+01 +3.831107122e+01 +7.707310712e+02 +7.707310712e+02 -5.6246e-02 -1.1975e+00 +4.9141e-01 -1.1370e+00 -3.6434e-01 +1.4672e+00 +1.7713e+00 -1.8518e-01 -1.2143e-01 +1.0565e-01
44 0 +3.529724974e+01 +3.529724974e+01 +7.677172497e+02 +7.677172497e+02 -1.0637e-01 -2.7293e-01 +3.3053e-01 -2.0769e+00 -6.6161e-01 +9.6912e-01 +1.5033e+00 +1.0785e+00 +4.4321e-01 +1.9785e-01
64 0 +3.234596127e+01 +3.234596127e+01 +7.647659613e+02 +7.647659613e+02 -8.8519e-02 +9.0856e-01 +2.0769e-01 -2.4766e+00 -5.8102e-01 +1.2834e+00 +1.2724e+00 +2.2467e-01 +1.0378e+00 +2.2976e-02
230 0 +2.583447585e+01 +2.583447585e+01 +7.582544758e+02 +7.582544758e+02 -1.3559e-01 +3.8508e+00 +3.9058e-01 -1.1944e+00 -8.2000e-01 -1.2116e+00 +3.0076e+00 +1.9806e+00 +2.7277e+00 -1.4641e-01
251 0 +2.238263518e+01 +2.238263518e+01 +7.548026352e+02 +7.548026352e+02 -1.3681e-01 +3.0228e+00 +2.8984e-01 -4.1159e-01 -7.5892e-01 -1.8676e+00 +2.9048e+00 +2.6240e+00 +2.5564e+00 -1.8313e-01
272 0 +2.135069535e+01 +2.135069535e+01 +7.537706953e+02 +7.537706953e+02 -8.9450e-02 +3.1806e+00 +3.4899e-01 -4.4933e-01 -7.2392e-01 -1.8015e+00 +2.8569e+00 +2.4948e+00 +2.7388e+00 -1.6083e-01
287 0 +1.908338901e+01 +1.908338901e+01 +7.515033890e+02 +7.515033890e+02 -9.5698e-02 +2.9662e+00 +3.3241e-01 -4.1685e-01 -6.9555e-01 -1.6643e+00 +2.6852e+00 +2.3372e+00 +2.7880e+00 -1.6765e-01
921 0 +1.894664613e+01 +1.894664613e+01 +7.513666461e+02 +7.513666461e+02 -1.8342e-02 +3.7220e+00 +3.2358e-01 -1.4161e+00 -5.5638e-01 -1.1396e+00 +2.8800e+00 +1.7556e+00 +2.6894e+00 -1.2455e-01
% f evaluations | g evaluations | best noise-free fitness - Fopt | noise-free fitness - Fopt (3.542000000000e+01) | measured fitness | best measured fitness | x1 | x2...
1 0 +1.985277241e+02 +1.985277241e+02 +2.339477241e+02 +2.339477241e+02 +0.0000e+00 +0.0000e+00 +0.0000e+00 +0.0000e+00 +0.0000e+00 +0.0000e+00 +0.0000e+00 +0.0000e+00 +0.0000e+00 +0.0000e+00
3 0 +7.903461373e+01 +7.903461373e+01 +1.144546137e+02 +1.144546137e+02 +1.0847e-02 -1.8554e+00 -5.8869e-01 +3.4174e-01 -1.0303e-01 +1.8536e+00 +6.0610e-01 -1.3786e+00 -3.1712e-01 -3.5042e-01
13 0 +6.170718011e+01 +6.170718011e+01 +9.712718011e+01 +9.712718011e+01 -2.8215e-01 -1.1777e+00 +1.5391e+00 -2.2902e-01 -1.4936e+00 +1.3203e+00 -3.2074e-01 -6.8451e-01 -3.9600e-01 -1.1636e+00
15 0 +5.389383173e+01 +5.389383173e+01 +8.931383173e+01 +8.931383173e+01 -1.0346e-01 -3.2252e+00 -1.4015e-01 +4.5924e-01 -5.8833e-01 +4.5116e+00 -2.3497e-01 +8.9111e-02 -1.6786e-01 +1.1547e+00
136 0 +3.781385647e+01 +3.781385647e+01 +7.323385647e+01 +7.323385647e+01 -3.5322e-01 -2.4864e+00 -2.1339e+00 -1.8697e+00 +2.2635e+00 +5.0725e+00 -3.7619e+00 -1.1082e+00 -3.2665e+00 -2.7479e+00
