% f evaluations | g evaluations | best noise-free fitness - Fopt | noise-free fitness - Fopt (-1.694000000000e+01) | measured fitness | best measured fitness | x1 | x2...
1 0 +9.470123986e+01 +9.470123986e+01 +7.776123986e+01 +7.776123986e+01 +0.0000e+00 +0.0000e+00 +0.0000e+00 +0.0000e+00 +0.0000e+00
4 0 +3.427623405e+01 +3.427623405e+01 +1.733623405e+01 +1.733623405e+01 +3.2093e-01 -1.8861e+00 -2.9851e-01 +4.8443e-01 -2.9720e-01
14 0 +2.939747158e+01 +2.939747158e+01 +1.245747158e+01 +1.245747158e+01 +1.9062e+00 +3.0802e-01 -3.5939e-01 -9.6102e-02 -9.4283e-02
29 0 +1.636692418e+01 +1.636692418e+01 -5.730758159e-01 -5.730758159e-01 +2.2584e+00 +2.8182e+00 -1.1200e+00 -9.7405e-02 +4.8111e-01
39 0 +9.012881499e+00 +9.012881499e+00 -7.927118501e+00 -7.927118501e+00 +3.2009e+00 +2.6859e+00 -1.1577e+00 +4.3695e-02 +6.5683e-01
302 0 +8.598956390e+00 +8.598956390e+00 -8.341043610e+00 -8.341043610e+00 +3.2867e+00 +2.1761e+00 -2.0383e+00 +3.7295e-01 +4.8589e-01
308 0 +8.443301963e+00 +8.443301963e+00 -8.496698037e+00 -8.496698037e+00 +3.2699e+00 +2.1770e+00 -2.0274e+00 +3.8095e-01 +4.7745e-01
354 0 +8.301028578e+00 +8.301028578e+00 -8.638971422e+00 -8.638971422e+00 +3.2927e+00 +2.1883e+00 -2.0207e+00 +3.7970e-01 +4.8119e-01
% f evaluations | g evaluations | best noise-free fitness - Fopt | noise-free fitness - Fopt (1.881000000000e+01) | measured fitness | best measured fitness | x1 | x2...
1 0 +3.169183622e+01 +3.169183622e+01 +5.050183622e+01 +5.050183622e+01 +0.0000e+00 +0.0000e+00 +0.0000e+00 +0.0000e+00 +0.0000e+00
2 0 +2.153037651e+01 +2.153037651e+01 +4.034037651e+01 +4.034037651e+01 -6.3792e-01 -2.0357e+00 +8.6477e-02 -1.1480e-01 +9.9767e-01
5 0 +1.376373649e+01 +1.376373649e+01 +3.257373649e+01 +3.257373649e+01 -3.1237e-01 +5.1238e-03 +8.2974e-02 +1.2335e-01 +6.8763e-01
12 0 +1.123582344e+01 +1.123582344e+01 +3.004582344e+01 +3.004582344e+01 -1.1234e+00 +1.2850e+00 -2.4127e-01 -4.9017e-01 +2.4296e+00
15 0 +1.001075187e+01 +1.001075187e+01 +2.882075187e+01 +2.882075187e+01 -7.5989e-01 +6.1477e-01 -3.6571e-01 -3.1147e-01 +6.6328e-01
24 0 +9.158631556e+00 +9.158631556e+00 +2.796863156e+01 +2.796863156e+01 -1.3651e+00 +2.7802e+00 -4.8082e-01 -3.3283e-02 +1.9178e+00
37 0 +7.519714942e+00 +7.519714942e+00 +2.632971494e+01 +2.632971494e+01 -6.7581e-01 +3.2523e+00 -4.9217e-01 +1.1630e+00 +8.7922e-01
42 0 +4.577824349e+00 +4.577824349e+00 +2.338782435e+01 +2.338782435e+01 -5.4721e-01 +1.7356e+00 -4.8530e-01 +5.7407e-02 +1.8209e+00
92 0 +4.052649729e+00 +4.052649729e+00 +2.286264973e+01 +2.286264973e+01 -1.3852e-01 +1.8623e+00 -5.4141e-01 -6.2061e-01 +2.1319e+00
98 0 +3.820256427e+00 +3.820256427e+00 +2.263025643e+01 +2.263025643e+01 -1.5206e-01 +1.7758e+00 -4.3370e-01 +2.2677e-02 +1.8598e+00
101 0 +3.077870705e+00 +3.077870705e+00 +2.188787071e+01 +2.188787071e+01 -1.3994e-01 +9.5782e-01 -5.2613e-01 -6.5422e-01 +1.8477e+00
123 0 +2.966668964e+00 +2.966668964e+00 +2.177666896e+01 +2.177666896e+01 -2.3102e-01 +1.4752e+00 -4.4567e-01 -4.3679e-01 +1.9595e+00
150 0 +2.567273211e+00 +2.567273211e+00 +2.137727321e+01 +2.137727321e+01 -5.3535e-01 +1.7921e+00 -4.2328e-01 -1.4721e-01 +1.6894e+00
305 0 +2.334668640e+00 +2.334668640e+00 +2.114466864e+01 +2.114466864e+01 +2.1595e-01 +1.5032e+00 -4.6805e-01 -1.0304e+00 +2.2851e+00
357 0 +2.109352078e+00 +2.109352078e+00 +2.091935208e+01 +2.091935208e+01 +2.1908e-01 +1.3713e+00 -5.9462e-01 -1.1158e+00 +2.8395e+00
596 0 +1.540518750e+00 +1.540518750e+00 +2.035051875e+01 +2.035051875e+01 +2.8059e-03 +1.9890e+00 -7.3313e-01 -4.9291e-01 +2.3121e+00
695 0 +1.418422926e+00 +1.418422926e+00 +2.022842293e+01 +2.022842293e+01 -1.9837e-01 +1.9433e+00 -7.1051e-01 -9.7972e-02 +1.4073e+00
721 0 +1.118823084e+00 +1.118823084e+00 +1.992882308e+01 +1.992882308e+01 -1.7765e-01 +1.7125e+00 -7.2785e-01 +9.9822e-03 +1.5064e+00
743 0 +9.779948626e-01 +9.779948626e-01 +1.978799486e+01 +1.978799486e+01 -3.0018e-01 +1.8340e+00 -7.3535e-01 -6.9221e-02 +1.6862e+00
891 0 +9.029178815e-01 +9.029178815e-01 +1.971291788e+01 +1.971291788e+01 -1.4994e-01 +1.7256e+00 -6.9672e-01 -1.4044e-01 +1.8347e+00
963 0 +8.541295880e-01 +8.541295880e-01 +1.966412959e+01 +1.966412959e+01 -1.9192e-01 +1.6847e+00 -7.0646e-01 -1.2885e-01 +1.6613e+00
% f evaluations | g evaluations | best noise-free fitness - Fopt | noise-free fitness - Fopt (2.731500000000e+02) | measured fitness | best measured fitness | x1 | x2...
1 0 +8.700664503e+01 +8.700664503e+01 +3.601566450e+02 +3.601566450e+02 +0.0000e+00 +0.0000e+00 +0.0000e+00 +0.0000e+00 +0.0000e+00
2 0 +4.774683213e+01 +4.774683213e+01 +3.208968321e+02 +3.208968321e+02 +7.2008e-01 -1.1208e-01 +3.4638e-01 -2.6428e-01 +2.7078e-02
14 0 +4.151347151e+01 +4.151347151e+01 +3.146634715e+02 +3.146634715e+02 -3.6293e+00 +2.2326e-01 -4.6819e-02 +8.7682e-02 +1.0545e-01
25 0 +3.855905282e+01 +3.855905282e+01 +3.117090528e+02 +3.117090528e+02 -1.8037e+00 +1.7208e-01 -6.6242e-01 +7.8379e-01 +3.1203e-01
102 0 +2.542378131e+01 +2.542378131e+01 +2.985737813e+02 +2.985737813e+02 +7.2436e-01 +1.5020e+00 +2.4266e+00 -1.6355e-01 +4.0426e-01
133 0 +1.537450038e+01 +1.537450038e+01 +2.885245004e+02 +2.885245004e+02 -3.1786e+00 +1.6330e+00 -2.5906e+00 +2.8294e+00 +1.9822e+00
267 0 +1.376718723e+01 +1.376718723e+01 +2.869171872e+02 +2.869171872e+02 -4.2984e+00 +2.7206e+00 -1.6051e+00 +1.8483e+00 +3.2889e+00
327 0 +9.802419183e+00 +9.802419183e+00 +2.829524192e+02 +2.829524192e+02 -4.0839e+00 +2.1260e+00 +8.7196e-01 +2.9644e+00 +2.4278e+00
366 0 +8.305159692e+00 +8.305159692e+00 +2.814551597e+02 +2.814551597e+02 -2.6149e+00 +2.3983e+00 -3.1607e-01 +2.0193e+00 +2.3493e+00
396 0 +5.914311432e+00 +5.914311432e+00 +2.790643114e+02 +2.790643114e+02 -8.7754e-01 +2.4852e+00 -1.1011e+00 +1.9776e+00 +2.2413e+00
647 0 +5.126345936e+00 +5.126345936e+00 +2.782763459e+02 +2.782763459e+02 -3.0435e+00 +3.6678e+00 -9.3309e-01 +2.6947e+00 +1.5005e+00
660 0 +3.945255537e+00 +3.945255537e+00 +2.770952555e+02 +2.770952555e+02 -3.0793e+00 +3.6611e+00 -9.5104e-01 +2.2451e+00 +1.5557e+00
668 0 +3.853935992e+00 +3.853935992e+00 +2.770039360e+02 +2.770039360e+02 -3.2163e+00 +3.5725e+00 -8.4309e-01 +2.4196e+00 +1.4955e+00
675 0 +2.960876536e+00 +2.960876536e+00 +2.761108765e+02 +2.761108765e+02 -3.2370e+00 +3.5623e+00 -5.8649e-01 +2.3735e+00 +1.5820e+00
% f evaluations | g evaluations | best noise-free fitness - Fopt | noise-free fitness - Fopt (3.718000000000e+01) | measured fitness | best measured fitness | x1 | x2...
1 0 +1.334312491e+02 +1.334312491e+02 +1.706112491e+02 +1.706112491e+02 +0.0000e+00 +0.0000e+00 +0.0000e+00 +0.0000e+00 +0.0000e+00
3 0 +8.992106011e+01 +8.992106011e+01 +1.271010601e+02 +1.271010601e+02 -2.4569e-01 -8.9116e-01 +6.0245e-01 -3.7738e-01 -9.8560e-01
14 0 +6.503817304e+01 +6.503817304e+01 +1.022181730e+02 +1.022181730e+02 -2.7241e-01 +1.2341e+00 +1.4303e+00 +9.7240e-02 -6.9428e-01
25 0 +5.678690966e+01 +5.678690966e+01 +9.396690966e+01 +9.396690966e+01 -9.1216e-02 +7.3887e-01 +2.2282e+00 +1.5856e+00 -1.1669e+00
26 0 +4.701907854e+01 +4.701907854e+01 +8.419907854e+01 +8.419907854e+01 -1.2369e+00 +2.3514e+00 +3.0655e-01 -5.1606e-01 -2.2017e+00
29 0 +4.595757667e+01 +4.595757667e+01 +8.313757667e+01 +8.313757667e+01 -7.0042e-01 +1.7797e+00 +1.1776e+00 -4.1170e-01 -1.6743e+00
30 0 +4.484876904e+01 +4.484876904e+01 +8.202876904e+01 +8.202876904e+01 -1.0892e-01 +2.7151e-01 +3.5885e+00 -8.5191e-01 -1.2043e+00
41 0 +2.939571442e+01 +2.939571442e+01 +6.657571442e+01 +6.657571442e+01 -8.2206e-01 +1.2406e+00 +1.4246e+00 +6.7482e-02 -1.9223e+00
42 0 +1.910976895e+01 +1.910976895e+01 +5.628976895e+01 +5.628976895e+01 -7.3280e-01 +1.0897e-01 +2.0486e+00 +1.5949e+00 -2.3376e+00
73 0 +1.873822736e+01 +1.873822736e+01 +5.591822736e+01 +5.591822736e+01 -6.1581e-01 -4.6752e-01 +2.5096e+00 +1.1777e+00 -2.5778e+00
75 0 +1.690869491e+01 +1.690869491e+01 +5.408869491e+01 +5.408869491e+01 -4.6557e-01 -1.3844e+00 +4.1677e+00 +1.5808e+00 -2.5990e+00
76 0 +1.473571323e+01 +1.473571323e+01 +5.191571323e+01 +5.191571323e+01 -5.4220e-02 +1.4713e+00 +3.8589e+00 +2.1561e+00 -2.5454e+00
114 0 +1.323377585e+01 +1.323377585e+01 +5.041377585e+01 +5.041377585e+01 +7.8290e-02 -9.3695e-02 +4.4687e+00 +8.5306e-01 -2.9625e+00
152 0 +7.619968294e+00 +7.619968294e+00 +4.479996829e+01 +4.479996829e+01 +5.7472e-02 -6.3230e-01 +4.8936e+00 +1.1357e+00 -2.5429e+00
232 0 +7.153122650e+00 +7.153122650e+00 +4.433312265e+01 +4.433312265e+01 -6.8969e-02 -9.7652e-01 +4.4353e+00 +1.1820e+00 -2.0741e+00
269 0 +6.421069165e+00 +6.421069165e+00 +4.360106916e+01 +4.360106916e+01 -2.4181e-02 -1.0413e+00 +4.3277e+00 +1.1492e+00 -2.0570e+00
317 0 +4.465448447e+00 +4.465448447e+00 +4.164544845e+01 +4.164544845e+01 +4.9256e-02 -4.4023e-01 +4.9576e+00 +9.3366e-01 -2.0096e+00
424 0 +3.775944899e+00 +3.775944899e+00 +4.095594490e+01 +4.095594490e+01 -1.2095e-01 -3.9775e-01 +4.9453e+00 +9.8616e-01 -1.8272e+00
523 0 +3.019499759e+00 +3.019499759e+00 +4.019949976e+01 +4.019949976e+01 -2.0330e-01 -4.0283e-01 +4.7120e+00 +9.9570e-01 -1.8293e+00
876 0 +2.865375812e+00 +2.865375812e+00 +4.004537581e+01 +4.004537581e+01 -2.8871e-01 -3.9105e-01 +4.6598e+00 +1.0234e+00 -1.9396e+00
917 0 +2.708783829e+00 +2.708783829e+00 +3.988878383e+01 +3.988878383e+01 -2.7153e-01 -4.1208e-01 +4.6252e+00 +1.0169e+00 -1.9225e+00
923 0 +2.677595210e+00 +2.677595210e+00 +3.985759521e+01 +3.985759521e+01 -2.7500e-01 -4.1616e-01 +4.6261e+00 +1.0290e+00 -1.9219e+00
% f evaluations | g evaluations | best noise-free fitness - Fopt | noise-free fitness - Fopt (-1.479000000000e+02) | measured fitness | best measured fitness | x1 | x2...
1 0 +6.898756762e+01 +6.898756762e+01 -7.891243238e+01 -7.891243238e+01 +0.0000e+00 +0.0000e+00 +0.0000e+00 +0.0000e+00 +0.0000e+00
2 0 +3.347044762e+01 +3.347044762e+01 -1.144295524e+02 -1.144295524e+02 +2.3206e+00 +1.8182e-01 -6.0580e-02 +1.0037e-01 -2.8721e+00
4 0 +2.653681923e+01 +2.653681923e+01 -1.213631808e+02 -1.213631808e+02 -2.1579e+00 -1.1003e-02 -3.0003e-01 -1.8275e-02 -1.9369e+00
38 0 +1.382200521e+01 +1.382200521e+01 -1.340779948e+02 -1.340779948e+02 -1.2793e+00 -1.9100e-01 +1.2819e+00 +1.0155e-01 -2.6033e+00
42 0 +1.113841066e+01 +1.113841066e+01 -1.367615893e+02 -1.367615893e+02 -2.2677e+00 +3.4021e-01 +1.2753e+00 +8.0086e-02 -2.6614e+00
374 0 +9.767888515e+00 +9.767888515e+00 -1.381321115e+02 -1.381321115e+02 -6.6675e-01 +1.6727e+00 +1.7433e+00 -9.5466e-01 -4.5838e+00
463 0 +9.114231531e+00 +9.114231531e+00 -1.387857685e+02 -1.387857685e+02 -1.7160e+00 +1.0893e+00 +1.4816e+00 -9.2051e-01 -3.4461e+00
499 0 +8.817279097e+00 +8.817279097e+00 -1.390827209e+02 -1.390827209e+02 -1.0482e+00 +1.2696e+00 +1.9201e+00 -7.4099e-01 -4.0363e+00
582 0 +6.345457707e+00 +6.345457707e+00 -1.415545423e+02 -1.415545423e+02 -1.3626e+00 +1.7456e+00 +9.9573e-01 -1.0488e+00 -4.4667e+00
809 0 +3.738522681e+00 +3.738522681e+00 -1.441614773e+02 -1.441614773e+02 -1.1402e+00 +2.9633e-01 +2.0480e+00 -1.5450e+00 -3.5001e+00
% f evaluations | g evaluations | best noise-free fitness - Fopt | noise-free fitness - Fopt (4.817100000000e+02) | measured fitness | best measured fitness | x1 | x2...
1 0 +1.098420059e+02 +1.098420059e+02 +5.915520059e+02 +5.915520059e+02 +0.0000e+00 +0.0000e+00 +0.0000e+00 +0.0000e+00 +0.0000e+00
3 0 +9.705046733e+01 +9.705046733e+01 +5.787604673e+02 +5.787604673e+02 -1.8583e-02 +3.8558e-01 +8.9547e-01 -2.9500e-01 -2.7504e-02
4 0 +8.186571994e+01 +8.186571994e+01 +5.635757199e+02 +5.635757199e+02 +2.9419e-01 -4.3325e-02 -1.7313e+00 +1.5614e-01 -7.3183e-02
6 0 +5.012919994e+01 +5.012919994e+01 +5.318391999e+02 +5.318391999e+02 -8.0179e-02 -1.2845e-01 -1.7361e-01 +4.5167e-01 -9.5705e-02
13 0 +4.685368620e+01 +4.685368620e+01 +5.285636862e+02 +5.285636862e+02 +1.5234e-01 -4.7650e-01 -2.8358e+00 +4.7886e-01 -2.3672e-01
20 0 +4.604841493e+01 +4.604841493e+01 +5.277584149e+02 +5.277584149e+02 +2.4447e-01 +1.7490e-01 -1.1464e+00 +8.1371e-01 -2.5964e-01
37 0 +4.369951790e+01 +4.369951790e+01 +5.254095179e+02 +5.254095179e+02 +2.1806e-02 -7.9733e-01 -1.7020e+00 +3.4947e-01 -7.3352e-02
38 0 +3.218880706e+01 +3.218880706e+01 +5.138988071e+02 +5.138988071e+02 +2.3591e-01 -7.5364e-01 -1.9806e+00 +3.4655e-01 -1.7277e-01
40 0 +2.944817528e+01 +2.944817528e+01 +5.111581753e+02 +5.111581753e+02 +1.7706e-02 -7.0995e-01 -3.1244e+00 +5.7134e-01 -3.7383e-01
58 0 +2.770577845e+01 +2.770577845e+01 +5.094157784e+02 +5.094157784e+02 +9.9437e-03 -7.2797e-01 -3.2931e+00 +4.6088e-01 -4.3024e-01
92 0 +2.525276190e+01 +2.525276190e+01 +5.069627619e+02 +5.069627619e+02 +1.2743e-01 -1.0022e+00 -3.0361e+00 +4.7474e-01 -3.7429e-01
299 0 +2.406603130e+01 +2.406603130e+01 +5.057760313e+02 +5.057760313e+02 +8.1646e-01 -6.6717e-01 -5.6063e+00 +2.1613e+00 +6.5515e-01
337 0 +2.254953432e+01 +2.254953432e+01 +5.042595343e+02 +5.042595343e+02 +2.8320e+00 -1.6857e+00 -4.9807e+00 +2.3612e+00 +8.8867e-01
458 0 +1.663085165e+01 +1.663085165e+01 +4.983408516e+02 +4.983408516e+02 +1.4746e+00 -3.4539e+00 -4.0254e+00 +2.7535e+00 -1.0539e+00
473 0 +1.534287793e+01 +1.534287793e+01 +4.970528779e+02 +4.970528779e+02 +2.0349e+00 -3.5585e+00 -2.4485e+00 +2.1922e+00 -1.1791e+00
602 0 +8.629884653e+00 +8.629884653e+00 +4.903398847e+02 +4.903398847e+02 +2.0393e+00 -4.7806e+00 -2.1264e+00 +3.1993e+00 -2.2902e-01
703 0 +5.607115568e+00 +5.607115568e+00 +4.873171156e+02 +4.873171156e+02 +4.7591e-01 -3.8746e+00 -2.3930e+00 +2.4823e+00 -1.0690e+00
861 0 +4.511799428e+00 +4.511799428e+00 +4.862217994e+02 +4.862217994e+02 +6.9861e-01 -4.7123e+00 -1.7378e+00 +2.5793e+00 -1.0601e+00
874 0 +4.344667889e+00 +4.344667889e+00 +4.860546679e+02 +4.860546679e+02 +8.9538e-01 -4.7340e+00 -2.0123e+00 +2.6440e+00 -1.0207e+00
877 0 +4.231439962e+00 +4.231439962e+00 +4.859414400e+02 +4.859414400e+02 +9.2601e-01 -4.7832e+00 -2.0540e+00 +2.6740e+00 -1.0423e+00
880 0 +3.325442326e+00 +3.325442326e+00 +4.850354423e+02 +4.850354423e+02 +9.0526e-01 -4.7642e+00 -1.9500e+00 +2.6106e+00 -9.9653e-01
911 0 +3.096002042e+00 +3.096002042e+00 +4.848060020e+02 +4.848060020e+02 +9.7841e-01 -4.7737e+00 -1.8978e+00 +2.6253e+00 -9.7194e-01
916 0 +3.084017695e+00 +3.084017695e+00 +4.847940177e+02 +4.847940177e+02 +9.6021e-01 -4.7693e+00 -1.9349e+00 +2.6353e+00 -9.5573e-01
923 0 +2.694970742e+00 +2.694970742e+00 +4.844049707e+02 +4.844049707e+02 +9.6740e-01 -4.7462e+00 -1.8544e+00 +2.6508e+00 -9.5545e-01
944 0 +2.419567448e+00 +2.419567448e+00 +4.841295674e+02 +4.841295674e+02 +1.0367e+00 -4.7145e+00 -1.8688e+00 +2.6564e+00 -9.6723e-01
% f evaluations | g evaluations | best noise-free fitness - Fopt | noise-free fitness - Fopt (-3.646000000000e+01) | measured fitness | best measured fitness | x1 | x2...
1 0 +2.575512727e+01 +2.575512727e+01 -1.070487273e+01 -1.070487273e+01 +0.0000e+00 +0.0000e+00 +0.0000e+00 +0.0000e+00 +0.0000e+00
18 0 +2.344100001e+01 +2.344100001e+01 -1.301899999e+01 -1.301899999e+01 +8.9979e-01 -1.9312e+00 +6.8613e-01 -4.9958e-01 +4.7738e-01
21 0 +1.934822357e+01 +1.934822357e+01 -1.711177643e+01 -1.711177643e+01 +1.3366e+00 -2.1684e+00 +4.2673e-01 -1.1148e-01 -4.1220e-01
30 0 +1.500296353e+01 +1.500296353e+01 -2.145703647e+01 -2.145703647e+01 -1.4451e+00 -2.1725e+00 +7.8762e-03 -2.0494e-01 -8.5675e-01
52 0 +1.287427514e+01 +1.287427514e+01 -2.358572486e+01 -2.358572486e+01 +1.2455e+00 -2.1510e+00 -5.7778e-01 -2.0050e-01 +2.4612e+00
59 0 +1.179429334e+01 +1.179429334e+01 -2.466570666e+01 -2.466570666e+01 +1.2779e+00 -2.6512e+00 -8.6766e-01 -1.8476e-01 +2.8165e+00
61 0 +1.029164600e+01 +1.029164600e+01 -2.616835400e+01 -2.616835400e+01 +2.1438e+00 -2.3778e+00 -1.1263e+00 +1.2810e-01 +3.3494e+00
77 0 +6.618995579e+00 +6.618995579e+00 -2.984100442e+01 -2.984100442e+01 +8.9683e-01 -2.5132e+00 -1.8856e+00 +4.6506e-01 +3.4672e+00
148 0 +5.132873982e+00 +5.132873982e+00 -3.132712602e+01 -3.132712602e+01 +1.2286e+00 -2.9906e+00 -1.4939e+00 +8.9549e-01 +2.8829e+00
291 0 +4.831873165e+00 +4.831873165e+00 -3.162812684e+01 -3.162812684e+01 +2.5208e+00 -2.2106e+00 -2.1058e+00 +7.0394e-01 +3.9524e+00
294 0 +3.976167306e+00 +3.976167306e+00 -3.248383269e+01 -3.248383269e+01 +1.8335e+00 -2.4052e+00 -1.7184e+00 +7.0642e-01 +3.0188e+00
352 0 +3.602334970e+00 +3.602334970e+00 -3.285766503e+01 -3.285766503e+01 +1.3033e+00 -2.7668e+00 -1.5528e+00 +8.2597e-01 +3.0868e+00
357 0 +3.014376190e+00 +3.014376190e+00 -3.344562381e+01 -3.344562381e+01 +1.5069e+00 -2.5490e+00 -1.4961e+00 +7.7982e-01 +3.1203e+00
360 0 +2.484131525e+00 +2.484131525e+00 -3.397586847e+01 -3.397586847e+01 +1.0554e+00 -2.6016e+00 -1.4619e+00 +8.3927e-01 +2.7349e+00
399 0 +2.359786256e+00 +2.359786256e+00 -3.410021374e+01 -3.410021374e+01 +1.4950e+00 -2.6133e+00 -1.5159e+00 +7.8810e-01 +2.9371e+00
417 0 +1.948745582e+00 +1.948745582e+00 -3.451125442e+01 -3.451125442e+01 +1.6400e+00 -2.6112e+00 -1.5019e+00 +8.2951e-01 +2.9392e+00
476 0 +1.802790637e+00 +1.802790637e+00 -3.465720936e+01 -3.465720936e+01 +1.3091e+00 -2.6730e+00 -1.6161e+00 +8.4212e-01 +2.9739e+00
541 0 +1.690353872e+00 +1.690353872e+00 -3.476964613e+01 -3.476964613e+01 +1.4799e+00 -2.6358e+00 -1.5640e+00 +8.4755e-01 +2.9349e+00
551 0 +1.591195149e+00 +1.591195149e+00 -3.486880485e+01 -3.486880485e+01 +1.5293e+00 -2.6317e+00 -1.5475e+00 +8.3681e-01 +2.9081e+00
595 0 +1.424449540e+00 +1.424449540e+00 -3.503555046e+01 -3.503555046e+01 +1.5864e+00 -2.6234e+00 -1.5653e+00 +7.8933e-01 +2.9921e+00
628 0 +1.293453536e+00 +1.293453536e+00 -3.516654646e+01 -3.516654646e+01 +1.5989e+00 -2.6205e+00 -1.5645e+00 +7.8723e-01 +2.9943e+00
636 0 +1.188013548e+00 +1.188013548e+00 -3.527198645e+01 -3.527198645e+01 +1.5810e+00 -2.6160e+00 -1.5555e+00 +7.8552e-01 +2.9852e+00
734 0 +1.119431086e+00 +1.119431086e+00 -3.534056891e+01 -3.534056891e+01 +1.5414e+00 -2.6127e+00 -1.5361e+00 +7.8955e-01 +2.9473e+00
954 0 +1.091389780e+00 +1.091389780e+00 -3.536861022e+01 -3.536861022e+01 +1.5316e+00 -2.6119e+00 -1.5347e+00 +7.8980e-01 +2.9423e+00
995 0 +1.040240723e+00 +1.040240723e+00 -3.541975928e+01 -3.541975928e+01 +1.5346e+00 -2.6118e+00 -1.5340e+00 +7.9091e-01 +2.9416e+00
% f evaluations | g evaluations | best noise-free fitness - Fopt | noise-free fitness - Fopt (3.920000000000e+01) | measured fitness | best measured fitness | x1 | x2...
1 0 +1.031206292e+02 +1.031206292e+02 +1.423206292e+02 +1.423206292e+02 +0.0000e+00 +0.0000e+00 +0.0000e+00 +0.0000e+00 +0.0000e+00
3 0 +9.819598647e+01 +9.819598647e+01 +1.373959865e+02 +1.373959865e+02 +4.5062e-01 +1.6030e+00 -5.4722e-01 -2.1188e-01 -2.9496e-01
5 0 +3.392897289e+01 +3.392897289e+01 +7.312897289e+01 +7.312897289e+01 +8.0259e-01 +1.8174e-01 +8.4163e-02 -1.8229e-01 +2.4078e-01
21 0 +3.042205197e+01 +3.042205197e+01 +6.962205197e+01 +6.962205197e+01 -1.6151e-01 +1.9013e+00 -6.2578e-02 -4.1643e-01 -4.6398e-01
230 0 +2.477033107e+01 +2.477033107e+01 +6.397033107e+01 +6.397033107e+01 +9.4449e-01 +1.8127e+00 +2.3007e-01 +3.6950e-01 -4.4730e-01
% f evaluations | g evaluations | best noise-free fitness - Fopt | noise-free fitness - Fopt (-3.225000000000e+01) | measured fitness | best measured fitness | x1 | x2...
1 0 +1.456730525e+02 +1.456730525e+02 +1.134230525e+02 +1.134230525e+02 +0.0000e+00 +0.0000e+00 +0.0000e+00 +0.0000e+00 +0.0000e+00
3 0 +9.982254992e+01 +9.982254992e+01 +6.757254992e+01 +6.757254992e+01 -2.5123e-02 +5.0562e-01 +5.3486e-02 +3.0649e-02 -9.0430e-02
4 0 +9.330133382e+01 +9.330133382e+01 +6.105133382e+01 +6.105133382e+01 -3.7240e-02 -4.9870e-01 -1.1170e-01 -8.8953e-02 +7.2691e-02
5 0 +6.351259885e+01 +6.351259885e+01 +3.126259885e+01 +3.126259885e+01 +1.6417e-01 +3.5096e-01 +8.9609e-02 +1.1252e-04 -7.4694e-02
59 0 +5.659540742e+01 +5.659540742e+01 +2.434540742e+01 +2.434540742e+01 +2.9765e-02 +6.7110e-01 +3.2106e-02 +6.1138e-02 -9.7616e-02
943 0 +5.339260012e+01 +5.339260012e+01 +2.114260012e+01 +2.114260012e+01 +5.7188e-01 -1.1529e+00 +2.0348e-03 +2.0779e-01 -5.6024e-02
959 0 +4.846707550e+01 +4.846707550e+01 +1.621707550e+01 +1.621707550e+01 +6.1262e-01 -1.1321e+00 +3.9983e-02 +2.2530e-01 -3.6294e-02
964 0 +4.510130043e+01 +4.510130043e+01 +1.285130043e+01 +1.285130043e+01 +7.7486e-01 -1.3359e+00 +1.1131e-01 +1.8752e-01 -6.1834e-02
979 0 +4.387339762e+01 +4.387339762e+01 +1.162339762e+01 +1.162339762e+01 +9.7868e-01 -1.5525e+00 +5.6282e-02 +1.9475e-01 -7.2666e-02
988 0 +2.579014219e+01 +2.579014219e+01 -6.459857815e+00 -6.459857815e+00 +2.7156e+00 -5.1084e-01 +1.1839e-01 +8.9421e-02 -9.2292e-02
1000 0 +2.470600135e+01 +2.470600135e+01 -7.543998650e+00 -7.543998650e+00 +3.4772e+00 -1.0262e+00 -2.7865e-02 +3.3453e-02 -3.6534e-02
% f evaluations | g evaluations | best noise-free fitness - Fopt | noise-free fitness - Fopt (3.681200000000e+02) | measured fitness | best measured fitness | x1 | x2...
1 0 +4.418984040e+01 +4.418984040e+01 +4.123098404e+02 +4.123098404e+02 +0.0000e+00 +0.0000e+00 +0.0000e+00 +0.0000e+00 +0.0000e+00
2 0 +3.949641416e+01 +3.949641416e+01 +4.076164142e+02 +4.076164142e+02 +1.7060e+00 -1.5297e-01 +1.9737e-01 +4.8940e-01 +1.4775e-01
3 0 +1.063834643e+01 +1.063834643e+01 +3.787583464e+02 +3.787583464e+02 -3.0827e+00 -1.3302e+00 +4.1723e-01 -9.5225e-01 -1.1061e+00
12 0 +7.021494495e+00 +7.021494495e+00 +3.751414945e+02 +3.751414945e+02 -2.9687e+00 +1.2177e-01 +6.4084e-01 -2.5983e+00 -2.9761e-01
588 0 +6.093717557e+00 +6.093717557e+00 +3.742137176e+02 +3.742137176e+02 -2.3450e+00 +1.7507e+00 +3.0760e+00 -8.2002e-01 +7.6173e-01
911 0 +5.012592712e+00 +5.012592712e+00 +3.731325927e+02 +3.731325927e+02 -3.1528e+00 +2.3907e+00 +2.9409e+00 -1.3498e+00 +8.3217e-01
930 0 +3.385527324e+00 +3.385527324e+00 +3.715055273e+02 +3.715055273e+02 -2.7915e+00 +2.3999e+00 +2.9423e+00 -1.3525e+00 +9.0854e-01
973 0 +3.000418164e+00 +3.000418164e+00 +3.711204182e+02 +3.711204182e+02 -3.1507e+00 +2.4682e+00 +2.9154e+00 -1.4188e+00 +3.5215e-01
998 0 +2.828120103e+00 +2.828120103e+00 +3.709481201e+02 +3.709481201e+02 -2.9696e+00 +2.3745e+00 +2.8191e+00 -1.3111e+00 +5.3695e-01
1002 0 +1.852472485e+00 +1.852472485e+00 +3.699724725e+02 +3.699724725e+02 -2.9696e+00 +2.3745e+00 +2.8306e+00 -1.3362e+00 +6.3170e-01
% f evaluations | g evaluations | best noise-free fitness - Fopt | noise-free fitness - Fopt (4.739000000000e+01) | measured fitness | best measured fitness | x1 | x2...
1 0 +4.522224235e+01 +4.522224235e+01 +9.261224235e+01 +9.261224235e+01 +0.0000e+00 +0.0000e+00 +0.0000e+00 +0.0000e+00 +0.0000e+00
2 0 +4.472934714e+01 +4.472934714e+01 +9.211934714e+01 +9.211934714e+01 +9.0149e-02 -4.3225e-01 +1.2632e+00 +1.2496e+00 -8.9991e-02
3 0 +2.739627207e+01 +2.739627207e+01 +7.478627207e+01 +7.478627207e+01 -1.9981e-02 -8.0089e-01 -5.9705e-01 +1.6335e-01 +4.1758e-02
7 0 +2.015983558e+01 +2.015983558e+01 +6.754983558e+01 +6.754983558e+01 +1.9201e-02 +6.1828e-01 +4.2483e-01 +1.1341e+00 -1.7701e-02
13 0 +1.705175917e+01 +1.705175917e+01 +6.444175917e+01 +6.444175917e+01 +5.2174e-02 -9.3390e-01 -1.7543e+00 +1.3458e+00 +7.4859e-03
20 0 +1.661307727e+01 +1.661307727e+01 +6.400307727e+01 +6.400307727e+01 -1.1002e-01 -5.5776e-01 -1.8844e+00 +1.0609e+00 +4.7218e-02
67 0 +1.598896217e+01 +1.598896217e+01 +6.337896217e+01 +6.337896217e+01 -3.2505e-02 -9.1629e-01 -1.1075e+00 +1.2263e+00 -6.8938e-03
81 0 +1.565697846e+01 +1.565697846e+01 +6.304697846e+01 +6.304697846e+01 +1.3117e-02 -6.3516e-01 -2.2598e-01 +5.1946e-01 +6.0993e-03
146 0 +1.456486420e+01 +1.456486420e+01 +6.195486420e+01 +6.195486420e+01 -1.2823e-01 -4.2220e-01 -1.9508e+00 +9.4036e-01 +5.8655e-02
209 0 +1.123491687e+01 +1.123491687e+01 +5.862491687e+01 +5.862491687e+01 -1.3910e-01 -3.0789e-01 -2.0571e+00 +1.0300e+00 -5.6975e-02
736 0 +1.063154767e+01 +1.063154767e+01 +5.802154767e+01 +5.802154767e+01 -8.0456e-01 -2.8772e-01 -1.6157e+00 +3.4823e-01 +2.1285e-01
% f evaluations | g evaluations | best noise-free fitness - Fopt | noise-free fitness - Fopt (-3.428900000000e+02) | measured fitness | best measured fitness | x1 | x2...
1 0 +9.490063186e+01 +9.490063186e+01 -2.479893681e+02 -2.479893681e+02 +0.0000e+00 +0.0000e+00 +0.0000e+00 +0.0000e+00 +0.0000e+00
5 0 +6.860008631e+01 +6.860008631e+01 -2.742899137e+02 -2.742899137e+02 +1.0022e+00 -5.4692e-01 -6.9541e-01 +3.3769e-01 +1.0188e+00
14 0 +5.475156278e+01 +5.475156278e+01 -2.881384372e+02 -2.881384372e+02 +1.1745e+00 -1.3150e+00 +1.6261e+00 +7.1346e-01 -3.2566e+00
19 0 +4.367313149e+01 +4.367313149e+01 -2.992168685e+02 -2.992168685e+02 +2.3301e-01 -7.6026e-01 +1.2446e+00 +9.2028e-01 -5.2712e+00
23 0 +2.433370234e+01 +2.433370234e+01 -3.185562977e+02 -3.185562977e+02 +1.6155e+00 -1.1021e+00 +1.7171e+00 +7.6335e-01 -5.5087e+00
26 0 +2.332806634e+01 +2.332806634e+01 -3.195619337e+02 -3.195619337e+02 -7.1283e-02 -1.3302e+00 +1.3435e+00 +8.0752e-01 -5.4566e+00
27 0 +1.597145618e+01 +1.597145618e+01 -3.269185438e+02 -3.269185438e+02 +7.2618e-01 -2.3903e+00 +1.8121e+00 +7.7975e-01 -3.7042e+00
47 0 +1.417072019e+01 +1.417072019e+01 -3.287192798e+02 -3.287192798e+02 -2.1711e-01 -2.3609e+00 +1.8429e+00 +7.9276e-01 -2.9770e+00
64 0 +9.475679155e+00 +9.475679155e+00 -3.334143208e+02 -3.334143208e+02 +6.9458e-01 -2.2404e+00 +1.7829e+00 +1.0208e+00 -4.4821e+00
95 0 +7.439912639e+00 +7.439912639e+00 -3.354500874e+02 -3.354500874e+02 +1.1804e+00 -2.1942e+00 +2.3094e+00 +9.0511e-01 -4.2416e+00
137 0 +7.255955444e+00 +7.255955444e+00 -3.356340446e+02 -3.356340446e+02 +9.7046e-01 -2.1700e+00 +1.5615e+00 +8.8594e-01 -4.0792e+00
143 0 +5.945760834e+00 +5.945760834e+00 -3.369442392e+02 -3.369442392e+02 +1.0497e+00 -2.4739e+00 +1.5242e+00 +9.7010e-01 -3.8516e+00
146 0 +5.135061659e+00 +5.135061659e+00 -3.377549383e+02 -3.377549383e+02 +8.2780e-01 -2.2675e+00 +1.5928e+00 +9.4184e-01 -3.9388e+00
160 0 +4.895005678e+00 +4.895005678e+00 -3.379949943e+02 -3.379949943e+02 +1.1099e+00 -2.3045e+00 +1.5061e+00 +9.6766e-01 -3.8414e+00
177 0 +4.577802839e+00 +4.577802839e+00 -3.383121972e+02 -3.383121972e+02 +8.0668e-01 -2.4131e+00 +1.4480e+00 +9.6433e-01 -3.7363e+00
940 0 +4.224122341e+00 +4.224122341e+00 -3.386658777e+02 -3.386658777e+02 +8.1186e-01 -2.4124e+00 +1.4866e+00 +1.0099e+00 -3.8102e+00
% f evaluations | g evaluations | best noise-free fitness - Fopt | noise-free fitness - Fopt (9.102000000000e+01) | measured fitness | best measured fitness | x1 | x2...
1 0 +5.653923391e+01 +5.653923391e+01 +1.475592339e+02 +1.475592339e+02 +0.0000e+00 +0.0000e+00 +0.0000e+00 +0.0000e+00 +0.0000e+00
6 0 +5.590554710e+01 +5.590554710e+01 +1.469255471e+02 +1.469255471e+02 -4.1249e-03 -1.0114e+00 +5.2987e-01 -1.1042e+00 +8.3609e-02
9 0 +1.798772415e+01 +1.798772415e+01 +1.090077242e+02 +1.090077242e+02 -1.8662e-01 -5.8786e-01 +2.1911e+00 -1.5260e+00 -6.2142e-01
31 0 +1.702773335e+01 +1.702773335e+01 +1.080477334e+02 +1.080477334e+02 -3.7205e-02 -1.3648e+00 +3.7234e+00 -3.1065e+00 -9.3658e-01
45 0 +1.632608970e+01 +1.632608970e+01 +1.073460897e+02 +1.073460897e+02 +2.8592e-01 +1.5996e-01 +2.8097e+00 -1.8132e+00 -2.8938e+00
182 0 +7.594319214e+00 +7.594319214e+00 +9.861431921e+01 +9.861431921e+01 +5.4037e-01 -1.0092e+00 +2.6675e+00 -4.1300e+00 -1.1328e+00
234 0 +6.247277452e+00 +6.247277452e+00 +9.726727745e+01 +9.726727745e+01 +3.5524e-01 -9.1080e-01 +4.5763e+00 -1.1167e+00 -2.6124e+00
257 0 +5.654851227e+00 +5.654851227e+00 +9.667485123e+01 +9.667485123e+01 +4.3577e-01 -1.1585e+00 +3.9187e+00 -1.5796e+00 -2.5150e+00
283 0 +5.109172531e+00 +5.109172531e+00 +9.612917253e+01 +9.612917253e+01 +4.1970e-01 -1.3344e+00 +4.3041e+00 -1.3766e+00 -2.5942e+00
516 0 +4.997266295e+00 +4.997266295e+00 +9.601726630e+01 +9.601726630e+01 +3.8659e-01 -1.0154e+00 +4.5677e+00 -1.9766e+00 -2.8239e+00
528 0 +4.769629641e+00 +4.769629641e+00 +9.578962964e+01 +9.578962964e+01 +3.8814e-01 -1.0142e+00 +4.5878e+00 -1.9491e+00 -2.8374e+00
747 0 +4.603859502e+00 +4.603859502e+00 +9.562385950e+01 +9.562385950e+01 +3.7831e-01 -1.1014e+00 +4.6887e+00 -1.9628e+00 -2.9081e+00
759 0 +4.323227091e+00 +4.323227091e+00 +9.534322709e+01 +9.534322709e+01 +3.7816e-01 -1.1208e+00 +4.6995e+00 -1.9338e+00 -2.9397e+00
% f evaluations | g evaluations | best noise-free fitness - Fopt | noise-free fitness - Fopt (7.324200000000e+02) | measured fitness | best measured fitness | x1 | x2...
1 0 +8.848403910e+01 +8.848403910e+01 +8.209040391e+02 +8.209040391e+02 +0.0000e+00 +0.0000e+00 +0.0000e+00 +0.0000e+00 +0.0000e+00
5 0 +7.526082486e+01 +7.526082486e+01 +8.076808249e+02 +8.076808249e+02 -1.0337e+00 -1.3891e-01 +8.2367e-01 -7.2127e-01 +3.1688e-03
19 0 +7.005414325e+01 +7.005414325e+01 +8.024741432e+02 +8.024741432e+02 -1.7741e+00 -9.4627e-02 +6.8452e-01 -9.5539e-01 -4.8689e-02
23 0 +6.746304211e+01 +6.746304211e+01 +7.998830421e+02 +7.998830421e+02 -1.3891e+00 -5.1656e-01 +1.8888e+00 -2.5076e+00 -2.0597e-01
28 0 +3.935823004e+01 +3.935823004e+01 +7.717782300e+02 +7.717782300e+02 -1.7592e+00 +2.1770e-01 +3.4946e-01 -2.7570e-01 -2.1185e-01
213 0 +3.804736624e+01 +3.804736624e+01 +7.704673662e+02 +7.704673662e+02 -1.7652e+00 -5.7110e-01 -2.3248e-01 +7.1679e-01 -2.8488e-01
233 0 +3.687038710e+01 +3.687038710e+01 +7.692903871e+02 +7.692903871e+02 -9.8172e-01 -6.4346e-01 -9.7965e-02 +9.3136e-01 -3.1965e-01
265 0 +3.488137860e+01 +3.488137860e+01 +7.673013786e+02 +7.673013786e+02 -8.5356e-01 -6.3590e-01 -1.4365e-01 +9.4419e-01 -3.3779e-01
271 0 +3.395900077e+01 +3.395900077e+01 +7.663790008e+02 +7.663790008e+02 -8.3373e-01 -5.9923e-01 -1.1812e-01 +9.7166e-01 -3.3479e-01
279 0 +3.320856000e+01 +3.320856000e+01 +7.656285600e+02 +7.656285600e+02 -8.2912e-01 -6.4787e-01 -5.6077e-02 +9.2516e-01 -3.3265e-01
353 0 +3.254663250e+01 +3.254663250e+01 +7.649666325e+02 +7.649666325e+02 -8.5456e-01 -6.3862e-01 -1.1621e-01 +9.5016e-01 -3.4417e-01
374 0 +3.223785018e+01 +3.223785018e+01 +7.646578502e+02 +7.646578502e+02 -8.1694e-01 -6.2253e-01 -1.1780e-01 +9.6236e-01 -3.4625e-01
413 0 +3.149735557e+01 +3.149735557e+01 +7.639173556e+02 +7.639173556e+02 -8.4027e-01 -6.0614e-01 -7.4051e-02 +9.4272e-01 -3.4499e-01
874 0 +2.457203732e+01 +2.457203732e+01 +7.569920373e+02 +7.569920373e+02 -6.7562e-01 -5.4853e-01 +1.7998e+00 +1.4342e+00 -7.8173e-01
902 0 +2.148325251e+01 +2.148325251e+01 +7.539032525e+02 +7.539032525e+02 -3.1627e-02 -7.7791e-01 +1.9374e+00 +2.9149e-01 -1.0108e+00
% f evaluations | g evaluations | best noise-free fitness - Fopt | noise-free fitness - Fopt (3.542000000000e+01) | measured fitness | best measured fitness | x1 | x2...
1 0 +7.129604431e+01 +7.129604431e+01 +1.067160443e+02 +1.067160443e+02 +0.0000e+00 +0.0000e+00 +0.0000e+00 +0.0000e+00 +0.0000e+00
9 0 +3.091405724e+01 +3.091405724e+01 +6.633405724e+01 +6.633405724e+01 -8.9774e-01 -1.5428e-01 -1.8592e+00 +1.1714e+00 +1.7606e-01
12 0 +2.883047640e+01 +2.883047640e+01 +6.425047640e+01 +6.425047640e+01 -2.3309e-01 +5.8446e-02 -2.2330e+00 +9.3222e-01 +2.8482e-01
23 0 +2.222222655e+01 +2.222222655e+01 +5.764222655e+01 +5.764222655e+01 -6.6358e-01 +4.6152e-01 -3.5988e+00 +1.2269e+00 +7.3266e-02
26 0 +1.854426235e+01 +1.854426235e+01 +5.396426235e+01 +5.396426235e+01 +5.7718e-01 -1.1200e-01 -3.1878e+00 +1.0415e+00 +2.3298e-01
40 0 +1.673986187e+01 +1.673986187e+01 +5.215986187e+01 +5.215986187e+01 +3.5201e-01 -4.5004e-02 -4.0085e+00 +1.2456e+00 +2.5001e-01
54 0 +1.321215837e+01 +1.321215837e+01 +4.863215837e+01 +4.863215837e+01 +4.4233e-01 +2.8971e-01 -3.5848e+00 +7.3991e-01 -3.5536e-02
60 0 +1.298472102e+01 +1.298472102e+01 +4.840472102e+01 +4.840472102e+01 +2.7385e-01 -3.0760e-01 -3.5952e+00 +1.2111e+00 +1.0754e-02
74 0 +1.261858589e+01 +1.261858589e+01 +4.803858589e+01 +4.803858589e+01 +8.0956e-01 -4.0249e-01 -2.9427e+00 +1.1625e+00 -4.1318e-02
75 0 +1.085381371e+01 +1.085381371e+01 +4.627381371e+01 +4.627381371e+01 +7.4560e-01 -3.4170e-01 -3.2816e+00 +1.1319e+00 -3.6626e-02
89 0 +1.044402053e+01 +1.044402053e+01 +4.586402053e+01 +4.586402053e+01 +7.9511e-01 -3.2130e-01 -3.2777e+00 +1.2464e+00 -1.1866e-01
90 0 +7.605195263e+00 +7.605195263e+00 +4.302519526e+01 +4.302519526e+01 +1.6321e+00 -5.1734e-01 -3.3227e+00 +1.0375e+00 -2.0065e-02
97 0 +4.730970468e+00 +4.730970468e+00 +4.015097047e+01 +4.015097047e+01 +1.7123e+00 -1.3985e-01 -2.7994e+00 +9.9957e-01 +5.9730e-02
