% f evaluations | g evaluations | best noise-free fitness - Fopt | noise-free fitness - Fopt (-1.694000000000e+01) | measured fitness | best measured fitness | x1 | x2...
1 0 +1.581765120e+02 +1.581765120e+02 +1.412365120e+02 +1.412365120e+02 +0.0000e+00 +0.0000e+00 +0.0000e+00 +0.0000e+00 +0.0000e+00 +0.0000e+00 +0.0000e+00 +0.0000e+00 +0.0000e+00 +0.0000e+00 +0.0000e+00 +0.0000e+00 +0.0000e+00 +0.0000e+00 +0.0000e+00 +0.0000e+00 +0.0000e+00 +0.0000e+00 +0.0000e+00 +0.0000e+00
6 0 +1.242182483e+02 +1.242182483e+02 +1.072782483e+02 +1.072782483e+02 -4.4570e-03 -1.2189e-01 -2.4646e+00 +9.1243e-02 -9.7741e-01 -5.3965e-01 +2.6847e+00 +1.0528e+00 +4.2555e-01 -5.3659e-01 +7.1823e-01 -2.2208e-01 +6.6361e-01 -1.6647e-01 -3.1097e-01 -7.2845e-01 -6.1218e-01 +1.0304e+00 +3.1012e+00 -2.0054e-02
22 0 +8.466735340e+01 +8.466735340e+01 +6.772735340e+01 +6.772735340e+01 +1.0583e-02 +5.7143e-03 +1.4411e+00 -4.0224e-01 +7.3219e-01 +7.4730e-01 +4.7739e-01 +1.3021e+00 +1.2237e+00 -7.1504e-01 +2.7586e-01 +1.0357e+00 -2.7113e-01 -8.6951e-01 +1.2719e+00 -7.4109e-01 +2.1035e-01 +2.0591e+00 +3.4858e+00 +4.7030e-01
23 0 +6.579128036e+01 +6.579128036e+01 +4.885128036e+01 +4.885128036e+01 +1.3909e-02 +1.3284e-01 +1.0495e-01 +2.6003e-02 +1.1901e+00 +6.8484e-01 +3.4147e+00 +1.2359e+00 +4.7393e-02 -1.6907e-01 +8.5066e-01 -1.0562e+00 +5.2805e-01 -1.0926e+00 +2.2556e+00 +1.0917e+00 +2.1055e-01 +1.1286e+00 -1.0128e+00 +2.7347e-01
102 0 +6.189274390e+01 +6.189274390e+01 +4.495274390e+01 +4.495274390e+01 +1.1277e-02 +6.1828e-01 -3.5450e+00 -9.3163e-02 +2.5197e+00 -2.1845e+00 -4.1846e-01 +2.3930e+00 -1.2501e+00 +1.1465e+00 +1.1996e+00 -2.4607e+00 +3.8853e-01 +1.0312e+00 +4.3578e+00 -1.5047e+00 +2.1565e+00 -9.4901e-01 -1.7621e+00 +3.4768e+00
% f evaluations | g evaluations | best noise-free fitness - Fopt | noise-free fitness - Fopt (1.881000000000e+01) | measured fitness | best measured fitness | x1 | x2...
1 0 +5.562307111e+01 +5.562307111e+01 +7.443307111e+01 +7.443307111e+01 +0.0000e+00 +0.0000e+00 +0.0000e+00 +0.0000e+00 +0.0000e+00 +0.0000e+00 +0.0000e+00 +0.0000e+00 +0.0000e+00 +0.0000e+00 +0.0000e+00 +0.0000e+00 +0.0000e+00 +0.0000e+00 +0.0000e+00 +0.0000e+00 +0.0000e+00 +0.0000e+00 +0.0000e+00 +0.0000e+00
11 0 +4.776653639e+01 +4.776653639e+01 +6.657653639e+01 +6.657653639e+01 -1.0475e+00 +3.7431e-01 +1.3009e-01 -3.2560e-01 +2.4862e-02 +1.1256e+00 +9.2240e-03 +1.3387e+00 +6.9177e-03 -1.2840e-01 -9.9563e-03 +5.0872e-01 +5.7494e-01 -7.9705e-01 -3.3788e-01 -2.3943e-01 +9.0092e-03 +1.4563e+00 -2.3406e-01 -4.6078e-02
13 0 +3.645590755e+01 +3.645590755e+01 +5.526590755e+01 +5.526590755e+01 +1.8399e-01 -1.6789e-01 -1.8656e-01 +1.4924e-01 +3.6858e-01 -5.9560e-01 -2.0676e-03 +9.9740e-01 +1.9983e+00 -1.1642e-01 +1.4906e+00 -6.6626e-01 +4.3785e-01 +1.6351e+00 -5.1581e-01 -1.5397e+00 +2.1792e-01 +2.2153e+00 -7.2577e-01 +3.1434e-02
53 0 +3.468419654e+01 +3.468419654e+01 +5.349419654e+01 +5.349419654e+01 +7.2087e-01 -1.4417e+00 +1.5142e-01 +1.1259e+00 +3.7327e-01 -1.5801e-01 -1.3520e-02 +7.9960e-01 +1.3330e+00 -1.0789e-01 -1.4741e+00 +3.8903e+00 +3.7204e-01 +1.2117e+00 -6.7875e-02 -1.2614e+00 -3.2221e-01 +4.7724e+00 -1.5118e+00 -1.4536e-01
57 0 +3.446384631e+01 +3.446384631e+01 +5.327384631e+01 +5.327384631e+01 -1.4431e-01 -1.0685e+00 +2.4955e-02 +9.3253e-01 +2.0754e-01 +1.9261e-01 -8.4620e-04 +1.8681e-01 +1.6932e+00 -1.4399e-01 -9.5060e-01 +1.6741e+00 -6.7486e-01 +5.5511e-01 +5.7557e-01 -5.3861e-01 -4.7784e-01 +3.3988e+00 -1.0856e+00 -1.0085e-01
62 0 +3.219679507e+01 +3.219679507e+01 +5.100679507e+01 +5.100679507e+01 +6.7516e-02 -1.1303e+00 +1.3014e-01 +1.2164e+00 +1.7403e-01 -3.1670e-02 -9.1862e-03 +2.8153e-01 +2.7102e-01 -2.4244e-01 -4.7726e-01 +2.6817e+00 -4.2589e-01 +8.5193e-01 +6.9358e-01 -1.0912e+00 -3.9541e-01 +3.5791e+00 -1.0733e+00 -2.9128e-01
134 0 +3.070058361e+01 +3.070058361e+01 +4.951058361e+01 +4.951058361e+01 -5.2053e-01 -1.0313e+00 -8.2735e-02 +1.8454e+00 +2.9417e-01 -8.3813e-01 -3.3581e-03 -1.5838e+00 +5.0196e-01 -3.7950e-01 -1.9860e+00 +3.2917e+00 +1.3071e+00 +3.1785e-01 +6.4424e-01 -1.2089e+00 -3.6102e-01 +2.8438e+00 -5.8511e-01 -2.3073e-01
138 0 +2.964156270e+01 +2.964156270e+01 +4.845156270e+01 +4.845156270e+01 -8.2718e-01 -1.0634e+00 +1.8118e-02 +1.8378e+00 +3.1737e-01 -9.5414e-01 -1.3456e-03 -2.1683e+00 +3.1723e-01 -3.6154e-01 -1.7927e+00 +2.9821e+00 +9.9926e-01 +4.6139e-01 +5.4876e-01 -1.0221e+00 -3.4704e-01 +2.7741e+00 -6.4320e-01 -2.2434e-01
143 0 +2.894955966e+01 +2.894955966e+01 +4.775955966e+01 +4.775955966e+01 -1.0537e+00 -9.8811e-01 -5.8149e-02 +2.0784e+00 +3.4296e-01 -7.7644e-01 -9.2223e-04 -1.9194e+00 -9.0329e-02 -3.5906e-01 -2.0326e+00 +2.9117e+00 +1.0394e+00 +1.1010e-01 +4.6129e-01 -1.2300e+00 -4.7628e-01 +2.7885e+00 -6.6174e-01 -3.0486e-01
150 0 +2.850646173e+01 +2.850646173e+01 +4.731646173e+01 +4.731646173e+01 -8.6747e-01 -8.9764e-01 -2.9152e-02 +1.7494e+00 +3.3095e-01 -6.2766e-01 +3.8864e-04 -1.9290e+00 +3.7805e-01 -4.4254e-01 -2.1775e+00 +3.4692e+00 +2.0165e+00 +1.9941e-01 +8.4600e-01 -1.2366e+00 -2.8629e-01 +2.6393e+00 -6.4195e-01 -2.7381e-01
161 0 +2.656826497e+01 +2.656826497e+01 +4.537826497e+01 +4.537826497e+01 -1.0046e+00 -9.4215e-01 -1.3032e-01 +1.9043e+00 +3.5931e-01 -5.1488e-01 +1.8845e-03 -2.1030e+00 +2.4274e-01 -3.9597e-01 -2.3627e+00 +3.5869e+00 +1.7739e+00 -8.2167e-02 +9.0979e-01 -9.6631e-01 -1.4479e-01 +2.5733e+00 -4.8533e-01 -3.1788e-01
251 0 +2.556948239e+01 +2.556948239e+01 +4.437948239e+01 +4.437948239e+01 -1.1770e+00 -8.1545e-01 -8.2566e-02 +2.1888e+00 +3.6677e-01 -8.6948e-01 +1.5978e-03 +2.3239e-01 +1.4513e+00 -4.5032e-01 -1.6519e+00 +3.8353e+00 +3.3715e+00 -3.2382e-01 -2.9015e-01 -6.5218e-01 -3.9076e-01 +3.5583e+00 +2.3335e-02 -5.5726e-01
268 0 +2.352962251e+01 +2.352962251e+01 +4.233962251e+01 +4.233962251e+01 -8.3272e-01 -8.7976e-01 -2.7902e-02 +2.3217e+00 +2.9872e-01 -7.7967e-01 +1.6344e-02 +1.2098e-01 +5.9070e-01 -3.9029e-01 -3.1590e+00 +3.2169e+00 +4.2383e+00 +9.7287e-01 -7.8422e-01 -1.2780e+00 -2.6875e-01 +3.4012e+00 -9.3164e-01 -4.5969e-01
280 0 +2.270760593e+01 +2.270760593e+01 +4.151760593e+01 +4.151760593e+01 -2.4416e-01 -1.1149e+00 -1.5347e-01 +1.7443e+00 +3.3511e-01 -6.3494e-01 +2.5705e-03 +1.1006e+00 +1.7673e-01 -4.8770e-01 -2.9115e+00 +3.6461e+00 +3.7624e+00 +1.8570e+00 -4.4011e-01 -1.3788e+00 -3.7221e-01 +3.3032e+00 -5.0172e-01 -4.8394e-01
295 0 +2.075018186e+01 +2.075018186e+01 +3.956018186e+01 +3.956018186e+01 -8.5377e-02 -7.4238e-01 -6.6674e-02 +1.7921e+00 +3.1334e-01 -1.1723e+00 +6.7737e-03 -1.0398e+00 +7.3212e-01 -5.0030e-01 -3.3160e+00 +3.1777e+00 +3.2727e+00 +1.0123e+00 -5.3953e-01 -1.6021e+00 -5.3144e-01 +4.3940e+00 -8.0792e-01 -6.7957e-01
% f evaluations | g evaluations | best noise-free fitness - Fopt | noise-free fitness - Fopt (2.731500000000e+02) | measured fitness | best measured fitness | x1 | x2...
1 0 +2.178320511e+02 +2.178320511e+02 +4.909820511e+02 +4.909820511e+02 +0.0000e+00 +0.0000e+00 +0.0000e+00 +0.0000e+00 +0.0000e+00 +0.0000e+00 +0.0000e+00 +0.0000e+00 +0.0000e+00 +0.0000e+00 +0.0000e+00 +0.0000e+00 +0.0000e+00 +0.0000e+00 +0.0000e+00 +0.0000e+00 +0.0000e+00 +0.0000e+00 +0.0000e+00 +0.0000e+00
8 0 +1.621793300e+02 +1.621793300e+02 +4.353293300e+02 +4.353293300e+02 -1.0673e+00 -1.5758e-01 +5.6578e-01 -5.5102e-02 +1.1333e-01 -2.2668e-01 +8.8420e-02 +5.2370e-01 -5.0556e+00 -3.3870e-02 -1.1619e+00 -1.6327e-01 -7.6464e-01 -1.2334e+00 +2.8626e-01 +1.7644e-01 +1.8117e-02 -2.3695e-02 +3.0619e-01 +4.7475e-01
12 0 +1.507243107e+02 +1.507243107e+02 +4.238743107e+02 +4.238743107e+02 +1.3602e+00 +6.7128e-01 -1.4223e+00 +3.9535e-01 +8.2526e-01 -2.4229e-01 -5.8262e-02 -5.8933e-01 -1.5555e+00 +4.5444e-01 -2.1855e+00 -1.8174e+00 +1.3864e+00 -4.8833e-01 -3.9016e+00 -1.2907e+00 +2.1124e+00 -1.4991e-02 +4.1573e-01 -3.7254e-01
17 0 +1.370305641e+02 +1.370305641e+02 +4.101805641e+02 +4.101805641e+02 -9.8374e-02 +3.0092e-01 +8.6498e-01 +2.9173e-01 +5.3778e-01 +7.0463e-02 -8.6547e-02 -5.4068e-01 -1.1117e+00 -8.9541e-03 +9.8545e-01 -1.2222e+00 -1.8887e+00 -3.5764e+00 +2.3778e-01 -4.9122e-01 +1.4542e+00 -7.2814e-03 +1.5547e-01 +2.7955e-01
26 0 +1.246807339e+02 +1.246807339e+02 +3.978307339e+02 +3.978307339e+02 -1.8155e+00 +4.6456e-02 +4.3034e-01 -6.3198e-01 +7.9569e-01 +4.8469e-01 +2.9544e-03 -1.0468e+00 -5.6859e+00 -1.5381e-01 -3.1125e-01 -5.9096e-01 -2.8448e+00 +2.3390e-01 +1.6060e+00 -5.2691e-01 +2.9701e-01 -3.4154e-02 +3.2700e-01 +4.2449e-01
29 0 +1.013810533e+02 +1.013810533e+02 +3.745310533e+02 +3.745310533e+02 -1.8725e+00 +1.6193e+00 +9.2190e-01 -3.1424e-01 +1.2760e+00 +2.9483e-01 -1.9141e-01 -1.7108e+00 -3.0400e+00 -2.3168e-01 -1.9659e-01 -5.3031e-01 -3.0482e+00 -1.7509e+00 +1.0691e+00 -2.7560e-01 +3.2008e-01 +3.5888e-02 -9.4117e-02 +3.6014e-01
50 0 +8.275928320e+01 +8.275928320e+01 +3.559092832e+02 +3.559092832e+02 -1.3023e+00 +2.3616e+00 -1.5303e+00 -8.3555e-02 +3.8364e+00 +1.1766e+00 +1.0443e-02 -2.3527e+00 +4.7213e-01 -2.7288e-01 -8.8561e-01 +4.7833e-01 -2.8530e+00 -5.9244e-01 +3.4993e+00 -5.6292e-01 +1.5675e+00 +3.0088e-02 -4.5811e-01 +1.2648e-01
% f evaluations | g evaluations | best noise-free fitness - Fopt | noise-free fitness - Fopt (3.718000000000e+01) | measured fitness | best measured fitness | x1 | x2...
1 0 +4.493569195e+01 +4.493569195e+01 +8.211569195e+01 +8.211569195e+01 +0.0000e+00 +0.0000e+00 +0.0000e+00 +0.0000e+00 +0.0000e+00 +0.0000e+00 +0.0000e+00 +0.0000e+00 +0.0000e+00 +0.0000e+00 +0.0000e+00 +0.0000e+00 +0.0000e+00 +0.0000e+00 +0.0000e+00 +0.0000e+00 +0.0000e+00 +0.0000e+00 +0.0000e+00 +0.0000e+00
19 0 +4.206295987e+01 +4.206295987e+01 +7.924295987e+01 +7.924295987e+01 +1.5021e-01 +9.4277e-01 +1.4318e+00 -1.0479e+00 +4.3582e-01 +2.9250e-01 +1.4193e+00 +4.4061e-01 +1.5160e-01 +6.0994e-02 -1.1731e+00 +2.2271e+00 -3.4770e-01 +2.3084e-02 +1.1175e+00 +4.4802e-03 -6.3192e-01 -1.1110e+00 +4.0464e-01 -2.5515e-01
22 0 +3.808695236e+01 +3.808695236e+01 +7.526695236e+01 +7.526695236e+01 +9.1389e-01 +1.3472e+00 +1.0640e+00 -2.4285e+00 -2.7161e+00 +3.8292e-01 +8.1066e-01 -3.1983e-02 -2.3075e-01 +2.1461e-01 -1.6634e+00 +2.3289e+00 +1.0286e+00 -1.1786e-01 +1.5272e+00 +4.4277e-01 -1.3119e+00 +1.1707e+00 +4.4691e-01 +6.1045e-01
42 0 +3.520854928e+01 +3.520854928e+01 +7.238854928e+01 +7.238854928e+01 -1.6803e+00 +1.4369e+00 +2.5151e-01 -1.0896e+00 -1.8451e-01 -6.8415e-02 +4.4850e-01 +2.1093e-01 +2.4617e-01 +4.6080e-02 -1.1161e+00 +2.2764e-01 +1.6944e+00 +1.3078e-02 +2.7141e-01 +5.5348e-01 -1.3188e+00 -2.6876e+00 -4.9293e-01 -5.3755e-01
49 0 +3.181353921e+01 +3.181353921e+01 +6.899353921e+01 +6.899353921e+01 -1.5391e+00 +1.1353e+00 +1.5798e+00 -1.7419e+00 -3.1405e+00 +8.0337e-02 -8.5325e-01 +9.7357e-02 +2.9079e-01 +1.6792e-01 +4.3984e-01 -2.3936e-02 +2.6798e+00 +1.5030e-01 +3.5082e+00 +2.1697e-01 -1.5425e+00 +2.2453e-01 -1.2684e+00 -5.5806e-01
% f evaluations | g evaluations | best noise-free fitness - Fopt | noise-free fitness - Fopt (-1.479000000000e+02) | measured fitness | best measured fitness | x1 | x2...
1 0 +5.545306338e+01 +5.545306338e+01 -9.244693662e+01 -9.244693662e+01 +0.0000e+00 +0.0000e+00 +0.0000e+00 +0.0000e+00 +0.0000e+00 +0.0000e+00 +0.0000e+00 +0.0000e+00 +0.0000e+00 +0.0000e+00 +0.0000e+00 +0.0000e+00 +0.0000e+00 +0.0000e+00 +0.0000e+00 +0.0000e+00 +0.0000e+00 +0.0000e+00 +0.0000e+00 +0.0000e+00
3 0 +4.464045530e+01 +4.464045530e+01 -1.032595447e+02 -1.032595447e+02 -7.5523e-01 -5.4631e-01 +9.4120e-01 +7.0201e-02 -1.5357e+00 +1.8656e-01 -2.6856e-01 -1.3920e+00 -8.7199e-02 -6.0389e-01 -1.3362e+00 +7.0759e-02 +2.9065e-01 -6.3860e-01 -1.2982e+00 +8.3787e-02 +7.7817e-01 +3.3496e-01 -2.8489e-02 +5.8624e-01
4 0 +4.269302263e+01 +4.269302263e+01 -1.052069774e+02 -1.052069774e+02 +9.9518e-01 -2.6543e-01 +2.3620e+00 -8.0144e-02 -1.4249e+00 -1.6477e-01 -8.9294e-02 -1.2088e+00 -3.1430e-02 +3.2891e-01 +9.5123e-01 +1.3486e+00 +7.7027e-01 +3.6603e-01 +2.4714e-01 +1.7911e-01 -5.7574e-02 +1.8288e-01 +3.3024e-01 +6.3046e-01
6 0 +4.248052455e+01 +4.248052455e+01 -1.054194755e+02 -1.054194755e+02 +7.5837e-01 -9.9105e-01 +3.4039e-01 +1.1641e-01 -2.3640e+00 -4.1482e-02 -1.1517e+00 -8.3751e-01 +5.1119e-01 -3.1089e-01 -1.0203e+00 +1.9590e-01 +2.2090e+00 +9.9625e-01 +6.5055e-01 -3.1429e-01 -1.9006e-01 -9.2850e-02 +5.7638e-03 -3.4010e-01
20 0 +3.828148812e+01 +3.828148812e+01 -1.096185119e+02 -1.096185119e+02 +2.2654e+00 +5.7542e-01 +3.2774e+00 +1.3538e-02 -1.2333e+00 -2.5908e-01 +1.8133e-01 -2.0260e+00 -8.7809e-02 +1.4070e+00 +6.8746e-01 +1.3399e+00 +2.4359e+00 -7.4316e-01 +2.3431e+00 +4.2157e-01 -2.9269e-01 +9.2158e-02 +3.1238e-01 +9.9048e-01
33 0 +3.690397456e+01 +3.690397456e+01 -1.109960254e+02 -1.109960254e+02 +3.1286e+00 +2.7741e+00 +4.0250e+00 +1.8876e-01 -1.8905e+00 -5.9555e-01 +4.2756e-01 -9.2023e-01 -1.5941e-01 +1.6050e+00 -2.4868e-01 +1.0718e+00 -5.8638e-02 -2.0345e+00 +1.7634e+00 -2.5757e-02 -8.2490e-01 +1.9872e-01 +3.3193e-01 +4.7284e-01
51 0 +3.249565007e+01 +3.249565007e+01 -1.154043499e+02 -1.154043499e+02 +3.0266e+00 +1.7346e+00 +3.4740e+00 +9.9540e-02 -3.3345e+00 -4.2200e-01 -2.9943e-01 -2.4647e+00 -5.9498e-02 +9.7676e-01 +1.0454e-02 +1.0358e+00 +9.3720e-01 -1.4312e+00 +2.5123e+00 -2.4811e-01 -4.5648e-01 +4.0485e-01 +4.8574e-01 +9.3873e-02
85 0 +2.912166610e+01 +2.912166610e+01 -1.187783339e+02 -1.187783339e+02 +2.4062e+00 +2.4363e+00 +4.6397e+00 +1.4466e-01 -1.9053e+00 -6.0626e-01 -1.2123e+00 -1.0333e-02 +1.1940e-01 +1.9401e+00 +1.2737e+00 +1.2596e+00 +1.9899e-01 -2.1517e+00 +3.1687e+00 +2.0386e-01 -1.7370e-01 +5.9789e-01 +5.7763e-01 +2.7748e-01
140 0 +2.836801555e+01 +2.836801555e+01 -1.195319845e+02 -1.195319845e+02 +2.3830e+00 +1.8523e+00 +4.8448e+00 -1.7152e-02 -1.2712e+00 -3.5623e-01 -2.4423e+00 +8.2058e-01 +3.5986e-01 +2.0529e+00 +9.2326e-01 +9.5033e-01 +1.0307e-01 -2.2121e+00 +4.9688e+00 +5.3913e-01 -2.7390e-01 +6.2800e-01 +4.2576e-01 +5.5014e-02
225 0 +2.713943570e+01 +2.713943570e+01 -1.207605643e+02 -1.207605643e+02 +2.9404e+00 +1.9054e+00 +4.0800e+00 -2.8038e-02 -1.5230e+00 -6.1633e-01 -2.5241e+00 +5.5124e-01 +5.7673e-01 +2.1676e+00 +1.2603e+00 +1.1873e+00 -4.8831e-01 -2.0998e+00 +4.4862e+00 +6.0174e-01 -3.5312e-01 +6.2312e-01 +4.6292e-01 -1.3483e-01
258 0 +2.679126926e+01 +2.679126926e+01 -1.211087307e+02 -1.211087307e+02 +2.7857e+00 +1.8895e+00 +4.1219e+00 -5.0936e-02 -1.5352e+00 -6.1059e-01 -2.7213e+00 +8.1851e-01 +5.7672e-01 +2.0795e+00 +1.1864e+00 +1.1017e+00 -3.1688e-01 -2.0740e+00 +4.4080e+00 +5.8424e-01 -3.1329e-01 +6.1273e-01 +4.5680e-01 -1.5543e-01
261 0 +2.575048286e+01 +2.575048286e+01 -1.221495171e+02 -1.221495171e+02 +2.9340e+00 +1.8996e+00 +4.1157e+00 -5.2790e-02 -1.8058e+00 -6.5443e-01 -2.5776e+00 +4.8010e-01 +5.7152e-01 +2.1746e+00 +1.3087e+00 +1.0858e+00 -4.3534e-01 -2.2993e+00 +4.3760e+00 +6.0952e-01 -3.5356e-01 +5.8762e-01 +4.3066e-01 -9.0897e-02
270 0 +2.517956801e+01 +2.517956801e+01 -1.227204320e+02 -1.227204320e+02 +2.9892e+00 +1.7293e+00 +4.0409e+00 -5.7020e-02 -1.9624e+00 -6.8420e-01 -2.5199e+00 +5.0401e-01 +5.6170e-01 +2.2616e+00 +1.2003e+00 +1.1947e+00 -3.2110e-01 -2.2913e+00 +4.5472e+00 +6.0483e-01 -3.3999e-01 +6.0821e-01 +4.6289e-01 -1.0181e-01
284 0 +2.473122388e+01 +2.473122388e+01 -1.231687761e+02 -1.231687761e+02 +3.0529e+00 +1.9318e+00 +4.1639e+00 -2.2778e-02 -1.9196e+00 -6.0874e-01 -2.7338e+00 +5.3645e-01 +5.4306e-01 +2.0136e+00 +1.0788e+00 +1.0641e+00 -3.9739e-01 -2.3835e+00 +4.5623e+00 +6.3209e-01 -4.5935e-01 +6.4357e-01 +4.1361e-01 -1.4314e-01
298 0 +2.324493071e+01 +2.324493071e+01 -1.246550693e+02 -1.246550693e+02 +3.0304e+00 +1.9177e+00 +4.1626e+00 -2.6774e-02 -1.8843e+00 -6.2744e-01 -2.7012e+00 +4.8327e-01 +5.8873e-01 +2.0833e+00 +9.6794e-01 +1.0676e+00 -4.1187e-01 -2.4425e+00 +4.5427e+00 +6.3770e-01 -5.0172e-01 +6.4584e-01 +4.5326e-01 -1.6309e-01
317 0 +2.237581246e+01 +2.237581246e+01 -1.255241875e+02 -1.255241875e+02 +2.9345e+00 +2.0085e+00 +4.2294e+00 -2.6464e-02 -1.7476e+00 -6.1268e-01 -2.7553e+00 +3.8012e-01 +5.9248e-01 +2.0638e+00 +1.0482e+00 +1.1432e+00 -2.0104e-01 -2.3911e+00 +4.4961e+00 +6.4562e-01 -5.0039e-01 +6.5295e-01 +4.1905e-01 -1.5829e-01
405 0 +2.168927569e+01 +2.168927569e+01 -1.262107243e+02 -1.262107243e+02 +2.8139e+00 +1.9051e+00 +4.1267e+00 -5.1268e-02 -1.7233e+00 -6.3388e-01 -2.6411e+00 +2.7163e-01 +5.7184e-01 +2.0060e+00 +1.0049e+00 +1.1364e+00 -1.0087e-02 -2.5327e+00 +4.5161e+00 +6.8596e-01 -4.9697e-01 +6.6527e-01 +4.5320e-01 -2.1209e-01
461 0 +2.089551677e+01 +2.089551677e+01 -1.270044832e+02 -1.270044832e+02 +2.7772e+00 +2.0068e+00 +4.1885e+00 -5.0950e-02 -1.7159e+00 -5.9560e-01 -2.5938e+00 +3.7985e-01 +5.9722e-01 +2.0262e+00 +8.6525e-01 +1.0920e+00 -2.0436e-01 -2.5480e+00 +4.4324e+00 +6.9591e-01 -5.2366e-01 +6.7336e-01 +4.3049e-01 -2.0284e-01
658 0 +2.081599221e+01 +2.081599221e+01 -1.270840078e+02 -1.270840078e+02 +2.7287e+00 +2.0372e+00 +4.2379e+00 -4.3885e-02 -1.7111e+00 -5.7435e-01 -2.5425e+00 +3.3422e-01 +5.8746e-01 +1.9403e+00 +8.9506e-01 +1.1362e+00 -2.0657e-01 -2.6016e+00 +4.4408e+00 +6.5272e-01 -5.2526e-01 +6.7650e-01 +4.1713e-01 -2.1956e-01
% f evaluations | g evaluations | best noise-free fitness - Fopt | noise-free fitness - Fopt (4.817100000000e+02) | measured fitness | best measured fitness | x1 | x2...
1 0 +4.909234177e+01 +4.909234177e+01 +5.308023418e+02 +5.308023418e+02 +0.0000e+00 +0.0000e+00 +0.0000e+00 +0.0000e+00 +0.0000e+00 +0.0000e+00 +0.0000e+00 +0.0000e+00 +0.0000e+00 +0.0000e+00 +0.0000e+00 +0.0000e+00 +0.0000e+00 +0.0000e+00 +0.0000e+00 +0.0000e+00 +0.0000e+00 +0.0000e+00 +0.0000e+00 +0.0000e+00
2 0 +3.595228682e+01 +3.595228682e+01 +5.176622868e+02 +5.176622868e+02 +6.9022e-02 -1.5672e-02 +2.0520e-01 +5.0709e-01 +2.1418e-01 -2.4134e-01 -4.6494e-01 +1.5999e-01 -1.4088e+00 +3.2432e-01 -1.2851e-01 -1.0690e+00 -2.3503e-01 +9.5451e-01 -3.5000e-01 +4.3827e-01 -6.2609e-01 -2.1347e-01 -3.2140e-01 -2.0550e-01
14 0 +3.484855906e+01 +3.484855906e+01 +5.165585591e+02 +5.165585591e+02 -7.6151e-02 +1.4234e-01 -1.1279e-01 +1.0373e-02 +2.5447e-01 +4.8713e-01 -1.3553e+00 -6.6657e-01 +1.1778e-01 +6.2588e-01 -7.4064e-02 -4.7311e-01 -1.8183e-01 +8.7861e-01 -1.7864e-01 +1.5245e+00 -1.7235e-01 +6.6319e-02 +1.9115e-01 -1.5388e-01
16 0 +3.443184078e+01 +3.443184078e+01 +5.161418408e+02 +5.161418408e+02 +7.3605e-02 -5.6612e-02 +6.4101e-01 +4.6170e-01 +3.0317e-01 +5.6301e-01 -1.8561e+00 -1.7879e-01 -1.4514e+00 +5.4986e-01 +3.0280e-01 -1.5876e+00 -1.4785e-01 +4.5929e-01 -1.6874e-01 +1.3912e+00 -1.4247e+00 +1.2235e-01 -7.7498e-01 +1.3135e-01
26 0 +2.784978516e+01 +2.784978516e+01 +5.095597852e+02 +5.095597852e+02 +8.1635e-02 +9.0421e-02 +6.0856e-01 +2.1835e-01 +2.4793e-01 +6.0542e-01 -1.6727e+00 -9.2048e-01 -4.2723e-01 +2.5893e-01 +1.4883e-01 -2.3126e-01 -3.0928e-01 +9.1364e-01 +4.3108e-01 +1.3983e+00 -7.5189e-01 +3.3237e-01 +8.3134e-01 -4.5516e-02
63 0 +2.419256697e+01 +2.419256697e+01 +5.059025670e+02 +5.059025670e+02 +2.4011e-02 -6.6223e-02 -7.7305e-01 +8.0718e-01 -4.5204e-02 +3.3114e-01 -1.7584e+00 -9.0058e-01 -2.0076e+00 +9.0319e-01 -6.3089e-02 -1.3326e+00 -1.4804e-01 -4.1018e-01 +7.4033e-01 +2.3501e+00 -2.4867e+00 +2.2032e-01 +4.1252e-01 +6.8108e-01
112 0 +2.202595552e+01 +2.202595552e+01 +5.037359555e+02 +5.037359555e+02 +2.0588e-02 -9.5829e-02 -7.2552e-01 +8.0052e-01 -7.0738e-02 +2.2347e-01 -2.5972e+00 -8.6384e-01 -2.4628e+00 +6.4634e-01 -2.8018e-02 -1.5950e+00 -3.5775e-01 -1.0932e+00 +1.0422e+00 +1.7040e+00 -2.4546e+00 -8.2248e-03 +1.5945e+00 +1.1291e+00
154 0 +2.072201649e+01 +2.072201649e+01 +5.024320165e+02 +5.024320165e+02 +1.7480e-02 -1.3828e-01 -1.0151e+00 +8.2424e-01 -3.7493e-02 +2.5290e-01 -2.3025e+00 -1.0737e+00 -2.4378e+00 +6.4927e-01 +1.9127e-02 -1.4609e+00 -4.2611e-01 -9.1579e-01 +1.4446e+00 +1.2641e+00 -2.8537e+00 -3.9738e-02 +1.4720e+00 +1.1392e+00
242 0 +2.035950231e+01 +2.035950231e+01 +5.020695023e+02 +5.020695023e+02 -6.4297e-03 -1.0462e-01 -1.1328e+00 +7.0227e-01 -1.9837e-01 +6.7650e-01 -2.4885e+00 -1.1032e+00 -2.8425e+00 +4.9999e-01 -8.2336e-02 -1.5146e+00 -4.1655e-01 -1.4601e+00 +1.7033e+00 +1.4585e+00 -3.1264e+00 -4.3397e-02 +1.7230e+00 +1.1286e+00
850 0 +1.918882643e+01 +1.918882643e+01 +5.008988264e+02 +5.008988264e+02 +7.4369e-01 -1.3620e+00 -1.5115e+00 -2.1019e+00 -1.6234e+00 -2.5468e+00 +3.0266e+00 +3.1298e+00 +1.5744e+00 +1.4611e+00 -1.9874e+00 -2.3420e+00 -9.6083e-02 +3.2620e+00 +2.4028e+00 -3.8389e+00 +9.5312e-01 +1.4746e-01 +4.1394e+00 +4.0722e+00
871 0 +1.677180509e+01 +1.677180509e+01 +4.984818051e+02 +4.984818051e+02 +5.3386e-01 -1.2394e+00 -2.7250e+00 -1.0875e+00 -1.7056e+00 -1.7695e+00 +2.4321e+00 +2.8966e+00 +2.4283e+00 +1.0667e+00 -1.8669e+00 -5.1952e+00 +4.1438e-02 +3.1946e+00 +1.9833e+00 -4.9454e+00 -1.1980e+00 +7.1586e-01 +3.3446e+00 +3.5324e+00
% f evaluations | g evaluations | best noise-free fitness - Fopt | noise-free fitness - Fopt (-3.646000000000e+01) | measured fitness | best measured fitness | x1 | x2...
1 0 +5.499768670e+01 +5.499768670e+01 +1.853768670e+01 +1.853768670e+01 +0.0000e+00 +0.0000e+00 +0.0000e+00 +0.0000e+00 +0.0000e+00 +0.0000e+00 +0.0000e+00 +0.0000e+00 +0.0000e+00 +0.0000e+00 +0.0000e+00 +0.0000e+00 +0.0000e+00 +0.0000e+00 +0.0000e+00 +0.0000e+00 +0.0000e+00 +0.0000e+00 +0.0000e+00 +0.0000e+00
2 0 +4.473558709e+01 +4.473558709e+01 +8.275587095e+00 +8.275587095e+00 -3.6886e-01 +3.4497e-01 +1.2126e+00 +5.3614e-01 -1.5371e+00 +9.6396e-02 -2.3098e-01 -1.3565e+00 -4.0155e-01 -1.8104e-01 +1.0919e+00 +3.0455e-01 +3.0931e-01 +1.0323e+00 +1.9892e+00 -1.1034e+00 -2.8474e-02 +4.7261e-01 -4.3437e-02 +3.5921e-01
14 0 +3.503298499e+01 +3.503298499e+01 -1.427015012e+00 -1.427015012e+00 +8.9783e-02 -1.4142e-01 -2.4354e-01 -4.6411e-02 +1.6793e+00 +2.2845e-02 -2.4038e-01 -5.1196e-03 +6.3113e-02 -8.2906e-01 +9.0755e-01 +3.1937e-01 -1.0130e+00 -1.0398e+00 +1.1767e+00 +6.2237e-02 +3.9434e-01 -2.8974e+00 +4.4444e-01 +3.6184e+00
41 0 +3.450838314e+01 +3.450838314e+01 -1.951616864e+00 -1.951616864e+00 -5.4324e-01 +2.5931e-01 +4.5357e-01 -1.2273e+00 +7.5217e-01 +2.9500e-01 -2.0981e-01 +7.8237e-01 -1.4477e+00 -4.6697e-01 -3.0490e-01 +4.3839e-01 -9.9885e-01 +1.7766e-01 +8.8806e-01 +2.0198e+00 +3.5481e-01 -1.9461e+00 +3.8502e-01 +1.2115e-01
43 0 +3.323753102e+01 +3.323753102e+01 -3.222468979e+00 -3.222468979e+00 -3.2603e-01 -1.4123e-01 +3.0979e-01 -1.3974e+00 +4.9736e+00 +2.0990e-01 -1.3284e-01 -1.3772e+00 -1.7313e+00 -2.3083e-01 -6.6189e-01 +4.6618e-01 -9.0496e-01 -1.2416e+00 +1.3479e-01 +3.9121e+00 +2.0037e-01 -1.3992e+00 +1.4303e-01 -1.0734e+00
53 0 +2.752976787e+01 +2.752976787e+01 -8.930232131e+00 -8.930232131e+00 -3.3060e-01 -2.3555e-01 -7.1352e-02 -1.3209e+00 +5.3813e+00 -2.4482e-01 -2.0969e-01 -2.1802e+00 -1.8465e+00 -4.7039e-01 +1.9865e-01 +2.4398e-01 -9.7268e-01 +6.7271e-02 +2.3870e+00 +4.3796e+00 +2.6110e-01 -1.2396e+00 +3.5637e-01 +2.5708e-01
81 0 +2.423897161e+01 +2.423897161e+01 -1.222102839e+01 -1.222102839e+01 +1.9179e-01 -3.1018e-01 -1.0618e+00 +1.6420e-01 +4.7021e+00 -6.6700e-01 -2.3615e-01 -7.7053e-01 -1.5071e+00 -4.7308e-01 +3.5103e-01 -5.7951e-01 -9.2983e-01 -8.3968e-01 +2.7304e+00 +4.9932e+00 +9.1306e-02 -1.8493e+00 +2.9713e-01 -6.8588e-01
% f evaluations | g evaluations | best noise-free fitness - Fopt | noise-free fitness - Fopt (3.920000000000e+01) | measured fitness | best measured fitness | x1 | x2...
1 0 +1.112992861e+02 +1.112992861e+02 +1.504992861e+02 +1.504992861e+02 +0.0000e+00 +0.0000e+00 +0.0000e+00 +0.0000e+00 +0.0000e+00 +0.0000e+00 +0.0000e+00 +0.0000e+00 +0.0000e+00 +0.0000e+00 +0.0000e+00 +0.0000e+00 +0.0000e+00 +0.0000e+00 +0.0000e+00 +0.0000e+00 +0.0000e+00 +0.0000e+00 +0.0000e+00 +0.0000e+00
7 0 +8.399386667e+01 +8.399386667e+01 +1.231938667e+02 +1.231938667e+02 +2.3564e-02 +1.6480e+00 -1.7129e+00 +1.5587e+00 -1.6209e-01 +1.1369e-02 +1.0669e-01 +7.6294e-01 +1.4470e-01 -4.5302e-01 -2.9722e-01 -6.4210e-01 +2.4131e-02 -3.4872e-01 -1.0619e-03 -1.5600e-01 +1.0656e-02 +1.9889e-02 -3.9765e-02 +2.3607e-01
11 0 +7.953131323e+01 +7.953131323e+01 +1.187313132e+02 +1.187313132e+02 +1.4607e-02 +1.5483e+00 -9.8776e-03 +1.5656e+00 +1.1412e+00 -4.4107e-03 -9.3399e-01 +1.0787e+00 -2.8492e-01 +6.8928e-01 +4.1401e-01 -8.8486e-01 -6.2244e-02 -3.7182e-01 -5.7275e-04 +5.6813e-02 -1.8496e-02 -1.8721e-02 +3.1001e-02 -3.6468e-01
13 0 +7.591666674e+01 +7.591666674e+01 +1.151166667e+02 +1.151166667e+02 +4.5023e-02 +1.5406e+00 -9.9751e-01 +1.6528e+00 +8.1528e-01 +4.6324e-03 -8.3216e-01 +2.5518e-01 +8.0213e-02 +2.2933e-01 +2.2223e-01 -5.9049e-02 +4.0777e-03 -9.5288e-01 -8.4088e-04 -1.2411e-01 -1.6071e-02 +4.7901e-02 -1.0257e+00 -7.2294e-01
16 0 +7.077546259e+01 +7.077546259e+01 +1.099754626e+02 +1.099754626e+02 +3.8059e-02 +1.9234e+00 -8.3724e-01 +2.0741e+00 +7.8441e-01 -8.8451e-03 -6.4780e-01 -8.9768e-01 +5.8378e-02 +1.0594e+00 -1.0935e-01 -8.7501e-01 -3.1542e-02 -4.8811e-01 +2.6287e-02 -9.4812e-02 -1.1300e-02 +5.7199e-02 +3.4082e-01 -2.3028e-01
17 0 +6.885725290e+01 +6.885725290e+01 +1.080572529e+02 +1.080572529e+02 +1.7285e-02 +2.1405e+00 -4.7227e-01 +3.1412e-02 +7.3880e-01 +1.3160e-02 -8.9575e-01 +9.0716e-01 -2.7599e-01 -4.3167e-01 -7.0774e-02 -5.4212e-01 -1.7417e-02 -9.0344e-01 +1.6574e-02 -1.2403e-01 -2.3778e-03 -6.8105e-02 +2.0795e-01 -4.7292e-01
20 0 +6.613103892e+01 +6.613103892e+01 +1.053310389e+02 +1.053310389e+02 +9.4548e-03 +2.0782e+00 -7.8132e-01 +2.4501e+00 +4.5340e-01 +7.8080e-03 +2.0475e-01 -7.7230e-01 +2.0916e-01 +7.6497e-01 -9.0530e-02 +6.7448e-01 -3.1571e-02 -1.9130e-01 -1.2494e-02 -1.4580e-01 -1.0892e-02 +1.4788e-02 +5.2763e-01 +3.7154e-01
24 0 +6.230130968e+01 +6.230130968e+01 +1.015013097e+02 +1.015013097e+02 +3.1062e-02 +1.8611e+00 -2.6738e-01 +1.3852e+00 +1.0513e+00 +1.0644e-02 -4.2727e-01 -2.7606e-01 -1.5159e-01 -1.6732e+00 -6.8542e-01 +4.9115e-01 -2.8002e-02 -6.0125e-01 +1.1615e-02 -1.4260e-02 -4.4784e-03 +1.1143e-02 -6.5615e-01 -2.2539e-01
30 0 +4.509218633e+01 +4.509218633e+01 +8.429218633e+01 +8.429218633e+01 -3.3535e-03 +3.0185e+00 +4.0138e-02 +2.4490e+00 +8.1174e-01 -5.0451e-04 +2.8506e-01 +4.0064e-01 -3.2843e-02 -6.2242e-01 -4.1585e-01 -1.2335e+00 -1.5318e-02 -6.7743e-01 -9.1227e-04 -1.6353e-01 -1.1750e-02 -1.1599e-01 +1.2667e-01 +3.9560e-01
36 0 +4.395058620e+01 +4.395058620e+01 +8.315058620e+01 +8.315058620e+01 +2.7151e-02 +2.7779e+00 +5.7339e-02 +1.8758e+00 +8.6595e-01 +1.0891e-04 +1.2783e-01 -1.0883e+00 +1.9405e-01 -1.9472e+00 -6.2202e-01 -1.4976e+00 -2.3244e-02 -1.1050e+00 -1.9645e-03 +1.3753e-02 -9.6024e-03 -1.3842e-01 +2.7802e-01 +9.9037e-01
136 0 +4.362215471e+01 +4.362215471e+01 +8.282215471e+01 +8.282215471e+01 +9.8711e-03 +5.0254e+00 +2.9709e-01 +2.0730e+00 +1.3034e+00 +1.3914e-02 -1.1852e+00 -9.1526e-01 -1.6463e-01 -2.6780e+00 -7.6743e-01 +2.7040e-01 +9.8286e-03 -8.2848e-01 -7.8795e-03 -4.9497e-02 -1.6726e-02 -1.7316e-01 +1.0072e+00 -5.1984e-01
148 0 +3.897976714e+01 +3.897976714e+01 +7.817976714e+01 +7.817976714e+01 +1.1847e-02 +4.7728e+00 +5.1127e-01 +1.5518e+00 +1.1846e+00 +1.0208e-02 -1.0178e+00 -6.7147e-01 -1.6743e-01 -2.4309e+00 -6.7374e-01 -9.0076e-01 -7.2992e-03 -1.1001e+00 -9.8619e-03 +1.5334e-02 -1.5389e-02 -1.6400e-01 +7.1897e-01 -1.2631e+00
188 0 +3.575988206e+01 +3.575988206e+01 +7.495988206e+01 +7.495988206e+01 +5.6858e-03 +4.6223e+00 +8.1980e-01 +2.7884e+00 +1.5979e+00 +3.2226e-02 -1.0284e+00 -7.1894e-01 -1.4907e-01 -2.7938e+00 -9.4970e-01 -3.0936e+00 -2.3446e-02 -1.0455e+00 -3.0872e-02 +2.0898e-01 -1.6006e-02 -2.2826e-01 +1.0067e+00 -1.0868e+00
362 0 +3.344802075e+01 +3.344802075e+01 +7.264802075e+01 +7.264802075e+01 -1.5475e-02 +4.1552e+00 +2.4600e-01 +4.6875e+00 +2.0346e+00 +4.1524e-02 +4.4000e-02 +2.7973e+00 +4.6748e-01 -4.5653e+00 -1.3823e+00 -4.6295e+00 +6.8666e-02 -1.4480e+00 -3.3869e-03 -8.1099e-02 -3.6741e-02 -2.8539e-01 +1.9225e+00 -1.4911e+00
423 0 +3.161555867e+01 +3.161555867e+01 +7.081555867e+01 +7.081555867e+01 -2.9164e-02 +3.2197e+00 +8.9262e-01 +1.7091e+00 +2.2417e+00 +2.8137e-02 +2.0488e+00 +2.9420e+00 +1.3072e+00 -2.5087e+00 -1.9427e+00 -2.8614e+00 -6.7540e-02 -1.3482e+00 -5.3145e-02 -1.7817e-01 -3.1197e-02 -3.6154e-01 +2.1917e+00 -1.0447e+00
534 0 +3.075457995e+01 +3.075457995e+01 +6.995457995e+01 +6.995457995e+01 -5.0925e-02 +4.7143e+00 +1.5299e-01 +2.3493e+00 +5.4920e-01 -3.8602e-02 +1.6607e+00 -9.6844e-02 +1.8528e+00 -3.0714e+00 -2.9521e+00 -3.0416e+00 +1.5622e-01 -2.8597e-01 +2.6836e-02 -3.4844e-01 -4.6115e-02 -4.0677e-01 -1.0756e+00 -3.7710e+00
683 0 +2.875202173e+01 +2.875202173e+01 +6.795202173e+01 +6.795202173e+01 -1.1205e-01 +2.9370e+00 +1.0729e+00 +2.9994e+00 +1.4512e+00 -5.1584e-02 +3.8455e+00 +4.7125e-01 +8.5263e-01 -1.4519e+00 -3.6737e+00 -9.4695e-01 -1.2347e-01 -1.6533e-01 +4.8780e-02 -3.4590e-02 -1.0975e-01 -4.7041e-01 +3.7980e-01 -3.5693e+00
685 0 +2.810640971e+01 +2.810640971e+01 +6.730640971e+01 +6.730640971e+01 -1.1678e-01 +2.9196e+00 +1.3917e+00 +2.2506e+00 +1.5665e+00 -3.7988e-02 +2.9305e+00 +5.4331e-01 +6.4138e-01 -1.1818e+00 -3.8185e+00 -6.0924e-01 -5.7075e-02 -2.9731e-01 +5.3490e-02 -1.5816e-02 -1.0723e-01 -4.3857e-01 +3.7489e-01 -3.4361e+00
687 0 +2.627745499e+01 +2.627745499e+01 +6.547745499e+01 +6.547745499e+01 -1.2224e-01 +4.0099e+00 +1.3782e+00 +2.4973e+00 +9.8740e-01 -4.6637e-02 +3.3269e+00 -2.4884e-02 +8.9325e-01 -1.3567e+00 -4.0410e+00 -9.4629e-01 -8.4563e-02 +2.1895e-01 +3.5953e-02 -1.1700e-02 -9.7329e-02 -4.2325e-01 +8.8322e-01 -3.2595e+00
701 0 +2.506919719e+01 +2.506919719e+01 +6.426919719e+01 +6.426919719e+01 -1.0425e-01 +3.3020e+00 +1.1455e+00 +2.2679e+00 +6.6719e-01 -4.1725e-02 +3.0279e+00 +2.1376e-01 +7.8171e-01 -1.3148e+00 -3.6671e+00 -4.8757e-01 -9.0521e-02 +3.0493e-01 +5.4086e-02 +1.0485e-01 -1.0993e-01 -4.3325e-01 +5.9040e-01 -3.1513e+00
850 0 +2.430104106e+01 +2.430104106e+01 +6.350104106e+01 +6.350104106e+01 -6.4729e-02 +4.3690e+00 +4.7293e-01 +1.2123e+00 +1.8533e+00 -2.4247e-02 +2.2319e+00 -3.6958e+00 +1.3427e+00 -1.1020e+00 -3.2214e+00 -3.2233e-01 -1.3184e-01 +8.8452e-01 +7.7819e-02 +8.6465e-01 -1.1255e-01 -4.0230e-01 +5.6240e-01 -3.0109e+00
912 0 +2.332723918e+01 +2.332723918e+01 +6.252723918e+01 +6.252723918e+01 -6.5762e-02 +4.1454e+00 +2.3418e-01 +1.7603e+00 +1.9405e+00 -2.0083e-02 +2.7620e+00 -3.6616e+00 +1.3755e+00 -1.2231e+00 -3.4192e+00 -6.2336e-01 -1.8731e-01 +1.1597e+00 +6.7352e-02 +8.3974e-01 -1.0958e-01 -4.2426e-01 +9.0264e-01 -3.7170e+00
931 0 +2.115032424e+01 +2.115032424e+01 +6.035032424e+01 +6.035032424e+01 -6.3456e-02 +4.3171e+00 +1.8323e-01 +1.8615e+00 +1.9388e+00 -2.0089e-02 +2.7833e+00 -3.9500e+00 +1.3850e+00 -1.2514e+00 -3.4550e+00 -8.8560e-01 -1.9698e-01 +1.2353e+00 +6.5055e-02 +8.3083e-01 -1.0963e-01 -4.1946e-01 +9.1058e-01 -3.7050e+00
976 0 +2.082768172e+01 +2.082768172e+01 +6.002768172e+01 +6.002768172e+01 -5.9641e-02 +4.2765e+00 +2.7793e-01 +1.8738e+00 +1.7726e+00 -2.0012e-02 +2.6263e+00 -3.8601e+00 +1.3585e+00 -1.0446e+00 -3.3910e+00 -8.5141e-01 -1.8684e-01 +1.0724e+00 +6.8246e-02 +8.3733e-01 -1.0734e-01 -4.3539e-01 +1.1170e+00 -3.6112e+00
990 0 +2.034017923e+01 +2.034017923e+01 +5.954017923e+01 +5.954017923e+01 -6.0505e-02 +4.3962e+00 +3.0557e-01 +1.8854e+00 +1.7263e+00 -2.1223e-02 +2.6235e+00 -3.8786e+00 +1.3383e+00 -1.1148e+00 -3.3945e+00 -8.9863e-01 -1.8810e-01 +1.0464e+00 +6.9295e-02 +8.1303e-01 -1.0754e-01 -4.2594e-01 +1.0544e+00 -3.6100e+00
% f evaluations | g evaluations | best noise-free fitness - Fopt | noise-free fitness - Fopt (-3.225000000000e+01) | measured fitness | best measured fitness | x1 | x2...
1 0 +1.574469083e+02 +1.574469083e+02 +1.251969083e+02 +1.251969083e+02 +0.0000e+00 +0.0000e+00 +0.0000e+00 +0.0000e+00 +0.0000e+00 +0.0000e+00 +0.0000e+00 +0.0000e+00 +0.0000e+00 +0.0000e+00 +0.0000e+00 +0.0000e+00 +0.0000e+00 +0.0000e+00 +0.0000e+00 +0.0000e+00 +0.0000e+00 +0.0000e+00 +0.0000e+00 +0.0000e+00
7 0 +1.287812062e+02 +1.287812062e+02 +9.653120622e+01 +9.653120622e+01 +3.5654e-01 +3.5231e-02 -5.8348e-01 -2.6030e-02 +2.1072e-01 +1.9411e-01 -8.5446e-01 +1.9810e-02 -4.5124e-01 +4.0700e-01 +2.6365e-01 +3.2350e-01 +1.5333e+00 -4.4862e-01 +3.1972e-01 +1.4396e+00 -5.0882e-02 +9.9705e-02 +3.6815e-01 +2.1376e-01
10 0 +1.065958648e+02 +1.065958648e+02 +7.434586476e+01 +7.434586476e+01 +2.8991e-01 +1.4824e-01 -1.1313e+00 -2.9656e-01 +1.7924e-01 -1.1651e-01 +1.2689e-01 -5.6101e-03 -3.9540e-01 -2.7493e-01 -1.9040e-01 -4.5146e-03 +2.0082e+00 +4.5109e-01 -1.7997e+00 +5.8780e-01 +3.0967e-01 -2.8379e-01 +1.7777e-03 +7.9703e-02
21 0 +9.897118998e+01 +9.897118998e+01 +6.672118998e+01 +6.672118998e+01 +1.9463e-01 -1.1771e-02 -9.5972e-01 -4.8518e-02 +1.5104e-01 -1.2359e-01 -1.7319e+00 -4.0494e-01 +6.6533e-01 +6.4993e-01 +2.7853e-01 +4.6416e-01 +3.2523e+00 +4.8079e-02 +3.5379e-01 +6.7572e-01 -7.9272e-01 -4.8543e-02 -1.3147e-01 +6.0067e-01
24 0 +7.970925397e+01 +7.970925397e+01 +4.745925397e+01 +4.745925397e+01 +9.9854e-01 +1.8780e-02 -1.3430e+00 -1.6653e-01 +5.3076e-01 -4.2098e-01 -1.3037e+00 -2.9103e-01 +6.8374e-01 +3.4545e-01 +5.3500e-01 +1.1623e+00 +3.0372e+00 -1.5868e-01 +2.5952e-01 +1.1476e+00 -3.5391e-01 +1.2939e-01 +2.3892e-01 +6.2665e-01
32 0 +7.737115535e+01 +7.737115535e+01 +4.512115535e+01 +4.512115535e+01 +4.3622e-01 +6.0790e-02 -1.1543e+00 -5.3038e-01 +3.8545e-01 -4.3988e-01 -1.0545e+00 -1.8413e-01 +7.6976e-01 +1.9596e-01 +4.2184e-01 +2.0095e+00 +3.6201e+00 -9.9798e-01 -5.2390e-01 +1.9264e+00 -1.4592e+00 +2.5982e-01 +7.7266e-02 +5.8336e-01
34 0 +7.469186968e+01 +7.469186968e+01 +4.244186968e+01 +4.244186968e+01 +6.1804e-01 -7.7534e-02 -1.1387e+00 -1.2679e-01 +9.0986e-01 -9.9633e-01 -1.7663e+00 -3.9791e-01 +4.3697e-01 +6.8214e-01 +3.2587e-01 +9.1673e-01 +2.0249e+00 +2.6677e-01 -6.2599e-01 +1.2947e+00 -8.3477e-01 +1.7690e-01 +2.7576e-01 +5.9269e-01
43 0 +7.146499276e+01 +7.146499276e+01 +3.921499276e+01 +3.921499276e+01 +8.6267e-01 +1.7282e-02 -9.5594e-01 -3.2448e-01 +4.4755e-01 -8.4058e-01 -1.8141e+00 +3.3557e-02 +7.9341e-01 +3.4220e-01 +4.3676e-01 +3.1071e+00 +5.1535e-01 -3.3683e-01 -9.3727e-01 +2.4141e+00 -2.2659e-01 +1.7224e-01 +6.3046e-02 +6.1118e-01
44 0 +6.232307946e+01 +6.232307946e+01 +3.007307946e+01 +3.007307946e+01 +2.0765e+00 +7.1633e-03 -1.3764e+00 +2.0570e-02 +6.2120e-01 -1.0684e+00 -1.5061e+00 -5.1976e-01 +5.5286e-01 +2.4404e-01 +4.3484e-01 +2.0848e+00 +1.0017e+00 -1.6325e+00 +1.3260e+00 +1.7332e-01 +6.2748e-02 +6.7748e-02 +2.8556e-01 +8.0413e-01
54 0 +5.341904102e+01 +5.341904102e+01 +2.116904102e+01 +2.116904102e+01 +1.8068e+00 +4.0419e-03 -2.2565e+00 -2.7100e-01 +4.4481e-01 -7.7228e-01 -1.7678e+00 -6.3425e-01 -1.2308e-02 +5.2205e-01 +2.1036e-01 +2.7769e+00 +9.9663e-01 -1.6236e+00 +1.7879e-02 -2.5344e-01 +5.5148e-01 +8.8640e-02 +3.7981e-01 +9.4662e-01
116 0 +5.241706043e+01 +5.241706043e+01 +2.016706043e+01 +2.016706043e+01 +1.9546e+00 +8.6908e-03 -1.6884e+00 -4.9664e-01 +8.8298e-01 -8.7330e-01 -1.4466e+00 -9.4810e-01 +8.7690e-01 +5.0846e-01 +3.9787e-01 +1.4103e+00 +7.6209e-01 -1.3696e+00 -2.7379e+00 +2.4203e+00 +1.5462e-01 +1.2275e-01 +6.7621e-01 +9.7834e-01
136 0 +5.010927872e+01 +5.010927872e+01 +1.785927872e+01 +1.785927872e+01 +2.2989e+00 +3.6698e-02 -1.3622e+00 -4.5970e-01 +8.4966e-01 -6.4259e-01 -1.3369e+00 -1.0180e+00 +9.8009e-01 +7.3061e-01 +3.2797e-01 +1.8500e+00 +7.4954e-01 -9.5602e-01 -2.2703e+00 +2.7721e-01 +1.9682e-01 -2.5461e-01 +7.6723e-01 +1.0757e+00
176 0 +4.277347084e+01 +4.277347084e+01 +1.052347084e+01 +1.052347084e+01 +1.9832e+00 +3.1674e-02 -1.2687e+00 -4.5872e-01 +7.9589e-01 -9.5383e-01 -7.5423e-01 -9.7393e-01 +5.0326e-01 +5.3120e-01 +4.1185e-01 +1.7299e+00 +1.4001e+00 -1.6677e+00 -3.3741e+00 -5.9958e-01 +1.0677e-01 -4.3393e-01 +8.9943e-01 +9.6787e-01
344 0 +3.968083106e+01 +3.968083106e+01 +7.430831060e+00 +7.430831060e+00 +2.3076e+00 +5.7998e-02 -3.0990e+00 +1.8839e-01 +1.3054e+00 -1.7985e+00 +6.1611e-01 -7.0853e-01 +7.4133e-01 +3.9649e-01 -1.0142e-01 +7.0059e-01 +3.9552e+00 -5.5040e+00 -2.8981e+00 +5.2409e+00 +8.7945e-01 +5.1914e-02 +1.6537e+00 +1.0133e+00
% f evaluations | g evaluations | best noise-free fitness - Fopt | noise-free fitness - Fopt (3.681200000000e+02) | measured fitness | best measured fitness | x1 | x2...
1 0 +8.145643061e+01 +8.145643061e+01 +4.495764306e+02 +4.495764306e+02 +0.0000e+00 +0.0000e+00 +0.0000e+00 +0.0000e+00 +0.0000e+00 +0.0000e+00 +0.0000e+00 +0.0000e+00 +0.0000e+00 +0.0000e+00 +0.0000e+00 +0.0000e+00 +0.0000e+00 +0.0000e+00 +0.0000e+00 +0.0000e+00 +0.0000e+00 +0.0000e+00 +0.0000e+00 +0.0000e+00
2 0 +6.152455731e+01 +6.152455731e+01 +4.296445573e+02 +4.296445573e+02 -3.9938e-01 +1.5896e-01 -7.4240e-02 +1.2042e+00 +8.4424e-02 +7.9955e-02 +6.3178e-03 -7.9503e-01 -8.2699e-03 -1.6024e+00 -9.2578e-01 +1.7686e-01 +1.3685e+00 +5.7732e-01 -1.6145e-01 -7.4811e-01 +2.6219e-02 -2.5645e-01 -9.2114e-01 +2.0413e-02
7 0 +4.862834263e+01 +4.862834263e+01 +4.167483426e+02 +4.167483426e+02 -2.6150e-01 +3.2605e-01 -1.6984e-02 -6.7470e-01 +4.8972e-02 +4.8809e-02 +3.5036e-02 -1.2093e-01 +8.6152e-02 +4.4896e-01 +1.7916e+00 +1.1456e-01 +1.3671e+00 -4.5691e+00 -2.8362e-02 -9.8370e-01 -3.7214e-02 +1.1805e+00 +2.4561e-01 -1.1796e-02
15 0 +4.235185204e+01 +4.235185204e+01 +4.104718520e+02 +4.104718520e+02 +5.8052e-01 +1.7450e-01 -8.6165e-02 -1.0007e+00 -7.1469e-01 +2.6163e-01 +9.5875e-02 +1.7677e-01 +1.0368e-01 -1.0318e+00 +1.5736e+00 +3.7117e-01 +6.7383e-01 -2.6766e+00 -5.8727e-02 -2.1167e+00 -1.1405e-01 +1.6571e+00 +1.6489e+00 +7.6078e-03
21 0 +4.152805303e+01 +4.152805303e+01 +4.096480530e+02 +4.096480530e+02 -9.1663e-01 +3.5198e-01 -1.0393e-02 -2.0496e+00 -1.0666e+00 -7.6000e-02 +4.0606e-02 -9.1318e-01 +1.5821e-01 +1.4074e+00 +2.4882e+00 +1.0785e-01 -1.3080e-01 -3.1259e+00 -5.8937e-02 -1.5290e+00 -1.6215e-01 +7.1788e-01 +8.3827e-01 +6.0146e-03
23 0 +3.844806854e+01 +3.844806854e+01 +4.065680685e+02 +4.065680685e+02 +5.4667e-02 +2.1983e-01 -1.7486e-02 -1.1992e+00 -2.5542e-01 +2.3989e-01 +1.3567e-01 +2.9513e-01 +3.6250e-02 -1.5983e+00 +1.9954e+00 +3.1771e-01 +2.0353e-01 -3.2402e+00 -5.7754e-02 -1.3801e+00 -3.4224e-01 +3.9612e-01 +1.1445e+00 +1.8899e-03
34 0 +3.768810427e+01 +3.768810427e+01 +4.058081043e+02 +4.058081043e+02 -7.3897e-02 +2.9437e-01 +1.6593e-01 -1.1983e+00 -9.2626e-02 +8.1188e-02 +1.3553e-01 -6.6879e-02 +1.2110e-01 -1.1366e+00 +2.9862e-01 +2.7774e-01 -7.4529e-01 -3.2243e+00 -3.6774e-02 -1.5361e+00 -3.7650e-01 +2.1100e+00 +6.3069e-01 +1.3808e-02
116 0 +3.630240335e+01 +3.630240335e+01 +4.044224033e+02 +4.044224033e+02 +7.1586e-01 -2.3914e-01 +1.3204e-01 -1.1921e+00 +1.8658e+00 +2.1568e-01 -5.3102e-02 +7.8773e-01 +2.5725e-01 -3.3616e+00 -9.9632e-01 +1.2978e+00 +8.0532e-01 -1.9428e+00 +1.5486e-01 -1.1695e+00 +4.0053e-01 +5.8178e-01 +1.6560e+00 -1.3585e-02
124 0 +3.124088528e+01 +3.124088528e+01 +3.993608853e+02 +3.993608853e+02 -3.1359e-01 -5.0606e-01 +6.1004e-02 -3.1816e-01 +1.3472e+00 +4.2690e-01 +8.6051e-04 +4.4726e-01 +4.9843e-01 -2.8307e+00 -1.1491e+00 +1.1544e+00 -2.0508e-01 -3.6444e+00 +6.2044e-02 -2.3920e+00 +3.2453e-01 -1.0978e+00 +8.9288e-01 -4.2400e-02
% f evaluations | g evaluations | best noise-free fitness - Fopt | noise-free fitness - Fopt (4.739000000000e+01) | measured fitness | best measured fitness | x1 | x2...
1 0 +4.824825414e+01 +4.824825414e+01 +9.563825414e+01 +9.563825414e+01 +0.0000e+00 +0.0000e+00 +0.0000e+00 +0.0000e+00 +0.0000e+00 +0.0000e+00 +0.0000e+00 +0.0000e+00 +0.0000e+00 +0.0000e+00 +0.0000e+00 +0.0000e+00 +0.0000e+00 +0.0000e+00 +0.0000e+00 +0.0000e+00 +0.0000e+00 +0.0000e+00 +0.0000e+00 +0.0000e+00
5 0 +4.491554576e+01 +4.491554576e+01 +9.230554576e+01 +9.230554576e+01 -4.1202e-02 +3.9984e-01 -7.9168e-01 -5.9628e-01 -1.6985e-02 -1.0840e-02 +1.1118e+00 -5.3163e-01 -3.2624e-01 -7.6105e-01 -1.2799e-01 -2.3156e-01 -9.5528e-01 -6.2448e-01 +8.2461e-01 +4.1798e-01 +1.8869e-01 -3.1203e-01 +1.5866e+00 -1.1265e+00
15 0 +4.402434509e+01 +4.402434509e+01 +9.141434509e+01 +9.141434509e+01 +3.5185e-01 +1.1068e+00 -6.5825e-01 +2.6183e-01 -6.3488e-02 +1.0189e-01 +5.6718e-01 +8.5607e-01 -7.5706e-01 -5.0022e-01 -2.5062e-01 -3.0175e-02 -4.1809e-01 -2.7157e+00 -1.0297e+00 -6.6475e-01 +3.5782e-01 -3.4778e-01 +7.9781e-01 -2.2094e-01
23 0 +3.505351418e+01 +3.505351418e+01 +8.244351418e+01 +8.244351418e+01 +1.7142e-01 +8.6685e-01 -1.7661e-01 -9.8269e-01 +4.3693e-02 +1.9266e-02 -4.1413e-01 +1.3889e+00 -3.6935e-01 -4.3031e-01 -9.7034e-02 -1.3578e+00 +1.9217e-02 -3.8913e+00 -7.7030e-01 -5.0765e-01 +4.1299e-01 -2.9527e-01 +7.7154e-01 -1.0954e+00
49 0 +3.294501562e+01 +3.294501562e+01 +8.033501562e+01 +8.033501562e+01 +4.6580e-01 +2.2583e+00 +3.2781e-02 -2.4775e+00 +3.4381e-01 +2.4134e-01 -1.7698e-01 +1.6934e+00 -9.6896e-01 -1.5907e-01 +8.3422e-02 -2.4750e+00 +1.6252e-01 -2.9073e+00 -2.6829e+00 -8.6413e-02 +6.7381e-01 +2.7000e-01 +1.0543e+00 -4.8531e-01
310 0 +3.235352997e+01 +3.235352997e+01 +7.974352997e+01 +7.974352997e+01 +1.5682e-01 +4.7384e+00 -6.5428e-01 -2.7761e+00 -4.0941e-02 +8.5311e-02 +9.2237e-02 +2.4822e+00 +1.4152e+00 -2.0125e+00 -7.7734e-02 -2.7335e+00 -2.6941e+00 -2.6513e+00 -4.1885e-01 -4.9159e-01 +1.3375e+00 +7.8563e-01 +8.0804e-01 -1.2025e+00
558 0 +3.018319803e+01 +3.018319803e+01 +7.757319803e+01 +7.757319803e+01 +3.8431e-01 +4.2000e+00 -1.0474e+00 -2.8218e+00 -2.8439e-02 +7.0285e-02 +2.2096e-01 +1.3685e+00 +1.6226e+00 -2.3013e+00 -5.4550e-04 -2.0557e+00 -2.5681e+00 -4.6977e+00 -7.3637e-01 -8.8694e-01 +8.6399e-01 +7.5818e-01 -9.5469e-02 -1.1971e+00
630 0 +2.936551216e+01 +2.936551216e+01 +7.675551216e+01 +7.675551216e+01 +4.1138e-01 +4.1891e+00 -1.1429e+00 -2.9549e+00 -4.1089e-02 +5.6241e-02 +2.3734e-01 +1.3194e+00 +1.5531e+00 -2.2686e+00 -5.7466e-02 -2.0813e+00 -2.5271e+00 -4.6379e+00 -5.4624e-01 -8.9614e-01 +9.1069e-01 +7.1914e-01 -4.8091e-03 -1.2032e+00
774 0 +2.873053277e+01 +2.873053277e+01 +7.612053277e+01 +7.612053277e+01 +3.5932e-01 +4.0066e+00 -1.1231e+00 -2.9301e+00 -3.1561e-02 +4.2570e-02 +2.4460e-01 +1.3035e+00 +1.6340e+00 -2.1923e+00 -8.7852e-02 -2.3470e+00 -2.4884e+00 -4.7728e+00 -6.1272e-01 -8.6277e-01 +9.2579e-01 +6.9041e-01 -2.9190e-02 -1.2636e+00
802 0 +2.805121397e+01 +2.805121397e+01 +7.544121397e+01 +7.544121397e+01 +3.7611e-01 +4.0064e+00 -1.1215e+00 -2.9557e+00 -3.1861e-02 +4.1337e-02 +2.2572e-01 +1.2641e+00 +1.6425e+00 -2.1935e+00 -9.0488e-02 -2.3695e+00 -2.4901e+00 -4.7747e+00 -6.0628e-01 -8.7086e-01 +9.1469e-01 +6.9434e-01 -3.6602e-02 -1.2822e+00
829 0 +2.747893798e+01 +2.747893798e+01 +7.486893798e+01 +7.486893798e+01 +3.7237e-01 +4.0059e+00 -1.1115e+00 -2.9920e+00 -3.3732e-02 +4.0047e-02 +2.4296e-01 +1.2415e+00 +1.6337e+00 -2.1921e+00 -7.8737e-02 -2.3705e+00 -2.4952e+00 -4.7890e+00 -6.0854e-01 -8.9760e-01 +9.1175e-01 +6.9738e-01 -5.3672e-02 -1.2785e+00
852 0 +2.687886190e+01 +2.687886190e+01 +7.426886190e+01 +7.426886190e+01 +3.7066e-01 +4.0262e+00 -1.1235e+00 -2.9776e+00 -3.2827e-02 +4.0763e-02 +2.1876e-01 +1.1878e+00 +1.6425e+00 -2.1762e+00 -7.2355e-02 -2.3617e+00 -2.4869e+00 -4.8529e+00 -6.0462e-01 -9.0761e-01 +9.1826e-01 +6.9744e-01 -8.2132e-02 -1.2989e+00
% f evaluations | g evaluations | best noise-free fitness - Fopt | noise-free fitness - Fopt (-3.428900000000e+02) | measured fitness | best measured fitness | x1 | x2...
1 0 +6.774437315e+01 +6.774437315e+01 -2.751456269e+02 -2.751456269e+02 +0.0000e+00 +0.0000e+00 +0.0000e+00 +0.0000e+00 +0.0000e+00 +0.0000e+00 +0.0000e+00 +0.0000e+00 +0.0000e+00 +0.0000e+00 +0.0000e+00 +0.0000e+00 +0.0000e+00 +0.0000e+00 +0.0000e+00 +0.0000e+00 +0.0000e+00 +0.0000e+00 +0.0000e+00 +0.0000e+00
2 0 +6.403039386e+01 +6.403039386e+01 -2.788596061e+02 -2.788596061e+02 -3.8579e-01 +8.3029e-01 -2.6008e-01 +4.9502e-02 -4.8067e-01 +3.0719e-02 -2.1735e+00 +4.6256e-02 -4.0263e-01 +1.0822e+00 -6.9544e-01 +9.3743e-01 +1.0742e+00 -1.1343e+00 -2.9419e-01 -3.0689e-01 -6.5772e-01 +8.3843e-01 +4.2340e-01 +1.1237e+00
4 0 +5.814214234e+01 +5.814214234e+01 -2.847478577e+02 -2.847478577e+02 +6.5639e-01 -1.3134e-01 +8.8309e-02 -1.7500e+00 +2.8759e-01 -3.2412e-01 -8.9654e-01 +8.1803e-02 +1.3602e-01 -1.2896e+00 -2.5208e-02 -1.6471e-01 +2.5432e-01 -1.8691e+00 +1.5872e-01 +2.0643e-01 -6.3005e-02 +1.5274e+00 -4.5662e-01 -1.6227e-02
22 0 +5.178791667e+01 +5.178791667e+01 -2.911020833e+02 -2.911020833e+02 +6.6752e-01 +8.0609e-01 +3.4236e-01 -1.9595e+00 +1.1890e-01 +2.9603e-01 -1.0040e+00 -1.2003e-01 -6.7688e-01 -6.8539e-01 +8.6304e-01 -3.4687e-01 +8.6832e-01 +1.1526e+00 +1.0258e+00 -1.7680e-01 +5.8988e-01 -1.1488e-01 -3.4994e-02 +8.6972e-01
24 0 +4.822631977e+01 +4.822631977e+01 -2.946636802e+02 -2.946636802e+02 +4.0398e-01 -2.3699e-01 +8.2675e-03 -2.0044e+00 +4.0721e-01 -2.0838e-01 +2.1779e+00 -6.5367e-02 +2.2723e+00 -1.7650e+00 +1.1509e+00 -1.3982e+00 -2.4748e+00 -1.3480e+00 +1.0121e+00 +7.9500e-02 +9.7441e-02 -3.2683e-01 -1.6149e-01 +2.3247e+00
84 0 +4.774336941e+01 +4.774336941e+01 -2.951466306e+02 -2.951466306e+02 -5.9784e-01 +5.8300e-01 +3.3144e-01 -4.2332e+00 -2.1158e+00 -5.8081e-01 +1.9466e+00 -4.6017e-01 +3.2659e+00 -8.3399e-01 +3.5791e+00 +1.6753e+00 +5.1179e+00 -2.7304e+00 +1.7767e+00 +1.6597e+00 -1.4337e+00 -2.2758e+00 -2.3708e-02 +2.5551e+00
171 0 +3.827501402e+01 +3.827501402e+01 -3.046149860e+02 -3.046149860e+02 -1.1565e+00 +2.4661e+00 -2.5152e-01 -1.9374e+00 -5.4606e-01 +1.6887e-01 +1.3095e+00 -1.9994e-01 +1.6865e+00 -3.6113e-01 +3.4782e+00 +6.5382e-01 +1.7770e+00 +1.2163e+00 +1.6022e+00 +1.2503e+00 +5.9965e-02 -2.7616e+00 -6.4453e-01 +4.9501e+00
197 0 +3.795047435e+01 +3.795047435e+01 -3.049395257e+02 -3.049395257e+02 -7.4700e-01 +3.1366e+00 +1.7882e-02 -1.8766e+00 -5.3926e-01 +1.3238e-01 +3.3398e+00 -2.0879e-01 +2.1813e+00 -3.2594e-01 +2.6309e+00 +1.7200e+00 +1.2189e+00 -4.6214e-01 +1.6152e+00 +1.0523e+00 +8.6770e-01 -3.3799e+00 -7.6947e-01 +5.2624e+00
239 0 +3.689293560e+01 +3.689293560e+01 -3.059970644e+02 -3.059970644e+02 -6.1630e-01 +2.3099e+00 +1.8180e-01 -1.1870e+00 +3.7446e-01 +2.2441e-01 +3.0139e+00 -3.3029e-01 +3.1540e+00 +4.3089e-01 +1.6154e+00 +1.8355e+00 +1.6582e+00 -1.2909e+00 +1.4448e+00 +1.0441e+00 +1.7062e+00 -4.1352e+00 -2.2379e-01 +5.1728e+00
254 0 +3.603406403e+01 +3.603406403e+01 -3.068559360e+02 -3.068559360e+02 -6.0286e-01 +2.3540e+00 +1.0857e-01 -1.5085e+00 +1.3261e-01 +2.7088e-01 +2.2785e+00 -3.7017e-01 +2.7182e+00 -8.9711e-02 +2.0618e+00 +2.3185e+00 +1.3974e+00 +2.4600e-01 +9.9853e-01 +7.0664e-01 +1.5801e+00 -3.3483e+00 -2.8023e-01 +4.7119e+00
275 0 +3.263094362e+01 +3.263094362e+01 -3.102590564e+02 -3.102590564e+02 -9.8139e-01 +2.1176e+00 +1.7316e-01 -1.4732e+00 +5.4499e-01 +2.5001e-01 +2.2059e+00 -4.0232e-01 +2.6330e+00 +8.2835e-02 +2.7888e+00 +2.2383e+00 +3.4748e-01 -2.2673e-01 +1.1469e+00 +5.4101e-01 +1.5610e+00 -3.2582e+00 -2.4586e-01 +4.7884e+00
412 0 +3.196015045e+01 +3.196015045e+01 -3.109298496e+02 -3.109298496e+02 -3.7349e-01 +2.3475e+00 +2.3054e-02 -2.1752e+00 +4.3418e-01 +1.8919e-01 +3.3696e+00 -4.6202e-01 +2.9831e+00 +1.8073e+00 +1.9092e+00 +2.3998e+00 +8.8035e-01 -1.0192e+00 +9.5276e-01 +9.1464e-02 +1.5759e+00 -1.5176e+00 -6.6316e-01 +4.7277e+00
444 0 +3.086658857e+01 +3.086658857e+01 -3.120234114e+02 -3.120234114e+02 -3.0686e-01 +2.3295e+00 +2.0551e-02 -2.1847e+00 +6.0251e-01 +1.8445e-01 +3.0213e+00 -4.2868e-01 +2.8684e+00 +2.1268e+00 +1.8593e+00 +2.4400e+00 +9.7712e-01 -1.2670e+00 +9.2616e-01 +7.0739e-02 +1.5097e+00 -1.6852e+00 -5.9493e-01 +4.6655e+00
457 0 +2.987737189e+01 +2.987737189e+01 -3.130126281e+02 -3.130126281e+02 -2.8246e-01 +2.3079e+00 -7.2406e-03 -2.2363e+00 +5.2233e-01 +1.7883e-01 +3.1605e+00 -4.2545e-01 +2.8509e+00 +2.2137e+00 +1.9436e+00 +2.4428e+00 +8.1799e-01 -1.2674e+00 +9.1332e-01 +1.3793e-01 +1.4479e+00 -1.7151e+00 -6.2011e-01 +4.6691e+00
479 0 +2.922847499e+01 +2.922847499e+01 -3.136615250e+02 -3.136615250e+02 -3.1085e-01 +2.2022e+00 -1.0859e-02 -2.2308e+00 +4.9781e-01 +1.5849e-01 +3.1060e+00 -4.3330e-01 +2.7635e+00 +2.2083e+00 +1.9676e+00 +2.4237e+00 +6.8778e-01 -1.3812e+00 +8.8641e-01 +6.6569e-02 +1.5175e+00 -1.6799e+00 -6.3987e-01 +4.7031e+00
564 0 +2.819514893e+01 +2.819514893e+01 -3.146948511e+02 -3.146948511e+02 -1.2974e-01 +2.2300e+00 -1.3405e-02 -2.1735e+00 +6.7065e-01 +2.2766e-01 +3.1799e+00 -4.3188e-01 +2.5312e+00 +2.3877e+00 +1.8152e+00 +2.6166e+00 +2.5467e-01 -6.4743e-01 +9.4937e-01 +3.1807e-01 +1.2020e+00 -2.2462e+00 -5.6185e-01 +4.7777e+00
590 0 +2.756077857e+01 +2.756077857e+01 -3.153292214e+02 -3.153292214e+02 -2.2783e-01 +2.1614e+00 -1.5350e-02 -2.2212e+00 +6.5859e-01 +2.2795e-01 +3.0551e+00 -4.3350e-01 +2.6847e+00 +2.3202e+00 +1.9145e+00 +2.6928e+00 +4.0044e-01 -7.9967e-01 +8.8446e-01 +2.6213e-01 +1.0913e+00 -2.4127e+00 -6.0757e-01 +4.7361e+00
% f evaluations | g evaluations | best noise-free fitness - Fopt | noise-free fitness - Fopt (9.102000000000e+01) | measured fitness | best measured fitness | x1 | x2...
1 0 +7.244124199e+01 +7.244124199e+01 +1.634612420e+02 +1.634612420e+02 +0.0000e+00 +0.0000e+00 +0.0000e+00 +0.0000e+00 +0.0000e+00 +0.0000e+00 +0.0000e+00 +0.0000e+00 +0.0000e+00 +0.0000e+00 +0.0000e+00 +0.0000e+00 +0.0000e+00 +0.0000e+00 +0.0000e+00 +0.0000e+00 +0.0000e+00 +0.0000e+00 +0.0000e+00 +0.0000e+00
3 0 +6.972496085e+01 +6.972496085e+01 +1.607449609e+02 +1.607449609e+02 -2.5056e-02 +1.1471e-01 -5.2176e-01 +4.1795e-03 -2.8550e-01 -5.6427e-01 +2.0726e-02 +2.2344e+00 +8.6375e-01 +1.0134e-01 +1.1084e-01 +1.2047e+00 -5.3676e-02 -2.5787e-01 -7.4018e-01 -5.6067e-01 -4.6368e-02 +3.6587e-01 +1.4184e-01 -1.1021e+00
11 0 +5.653734311e+01 +5.653734311e+01 +1.475573431e+02 +1.475573431e+02 -2.8164e-02 +8.8991e-02 -5.6220e-01 -1.6321e-02 +8.8329e-01 +7.9128e-02 -2.5301e-02 -2.1727e+00 +8.7925e-01 +3.1438e-02 -2.4098e+00 -1.6495e+00 +3.5734e+00 +3.1453e-01 -4.7273e-01 -7.0705e-01 -2.7758e-01 +1.5587e+00 +1.4042e-01 +5.2698e-01
32 0 +5.559552929e+01 +5.559552929e+01 +1.466155293e+02 +1.466155293e+02 -3.0169e-01 +4.0181e-01 +7.2546e-01 -9.6416e-03 +1.2180e+00 -2.6164e-01 -4.5545e-02 -3.2755e-01 +2.6605e+00 -2.7598e-01 -1.5392e+00 +3.2957e+00 +2.5647e+00 +5.8294e-01 -1.2651e+00 -7.1633e-01 -6.7200e-01 +1.0550e+00 +1.5305e-01 -2.3144e+00
34 0 +4.733313009e+01 +4.733313009e+01 +1.383531301e+02 +1.383531301e+02 -8.5478e-02 +6.0778e-01 +9.5646e-01 -1.1672e-02 +6.4811e-01 +7.4201e-03 -2.2742e-02 -1.5727e+00 +3.0725e+00 -1.5046e-01 -2.1317e+00 +6.0560e-02 +3.6684e+00 -4.7166e-01 -1.5959e+00 -3.3517e-01 -2.9577e-01 +1.6156e+00 +1.3666e-01 -7.3575e-01
47 0 +4.596999137e+01 +4.596999137e+01 +1.369899914e+02 +1.369899914e+02 -3.6921e-02 +6.2236e-01 +1.5637e+00 -2.9867e-02 +1.1255e+00 +1.0925e+00 -1.9318e-03 -1.2393e+00 +1.5980e+00 -2.8096e-01 -2.1312e+00 +7.1405e-01 +2.3195e+00 -9.8532e-01 -1.2306e+00 +4.5007e-01 -5.7571e-01 +1.0410e+00 +2.0591e-02 -1.6198e+00
59 0 +3.208812377e+01 +3.208812377e+01 +1.231081238e+02 +1.231081238e+02 -3.1503e-01 +7.6018e-01 +1.6192e+00 -4.1317e-02 +1.0213e+00 +2.7683e+00 -2.0065e-02 -7.3621e-01 +1.2833e+00 +2.6300e-01 -3.1279e+00 -6.9796e-01 +3.8387e+00 -1.5295e+00 -2.5664e+00 -2.1245e-01 +3.8328e-01 +1.1063e+00 +3.6544e-02 -2.7834e-01
207 0 +3.109901489e+01 +3.109901489e+01 +1.221190149e+02 +1.221190149e+02 -2.5108e-01 +8.9901e-01 +1.2443e+00 +2.7665e-02 -2.4481e-01 +1.0510e+00 +3.1120e-02 -1.0685e+00 +2.7464e+00 -1.0339e+00 -1.4462e+00 -9.9438e-01 +4.0730e+00 -3.7851e+00 -2.5788e+00 +3.8877e-01 -3.4369e-01 +1.2423e+00 +1.7974e-01 +3.2072e+00
264 0 +3.059779441e+01 +3.059779441e+01 +1.216177944e+02 +1.216177944e+02 -3.1001e-01 +8.5329e-01 +1.3657e+00 +2.5948e-02 -1.3460e-01 +1.3767e+00 +3.2013e-02 -5.9028e-01 +2.7467e+00 -1.2755e+00 -8.7269e-01 -6.0897e-01 +3.5850e+00 -3.7805e+00 -2.4322e+00 +6.7365e-02 -6.2447e-01 +1.2329e+00 +1.9350e-01 +3.8346e+00
292 0 +2.974493509e+01 +2.974493509e+01 +1.207649351e+02 +1.207649351e+02 -3.1355e-01 +8.5188e-01 +1.3363e+00 +2.7024e-02 +1.2908e-01 +1.5713e+00 +3.2075e-02 -7.2894e-01 +2.7354e+00 -1.3395e+00 -9.4485e-01 -4.9743e-01 +3.8289e+00 -3.8598e+00 -2.3910e+00 +4.0745e-01 -5.3757e-01 +1.3093e+00 +1.8521e-01 +3.7554e+00
302 0 +2.731009491e+01 +2.731009491e+01 +1.183300949e+02 +1.183300949e+02 -3.1842e-01 +8.5511e-01 +1.4004e+00 +2.6568e-02 +3.8559e-02 +1.6964e+00 +3.0276e-02 -7.2145e-01 +2.6939e+00 -1.3027e+00 -8.8220e-01 -5.4630e-01 +3.7463e+00 -3.8925e+00 -2.3750e+00 +4.2603e-01 -4.8082e-01 +1.3296e+00 +1.7798e-01 +3.7923e+00
312 0 +2.650712524e+01 +2.650712524e+01 +1.175271252e+02 +1.175271252e+02 -3.1671e-01 +8.5985e-01 +1.4547e+00 +2.6464e-02 +2.9034e-02 +1.6841e+00 +3.2013e-02 -8.3864e-01 +2.6546e+00 -1.2908e+00 -9.2018e-01 -5.6184e-01 +3.7701e+00 -3.9717e+00 -2.3339e+00 +5.0113e-01 -5.2408e-01 +1.2884e+00 +1.8266e-01 +3.8794e+00
314 0 +2.548470571e+01 +2.548470571e+01 +1.165047057e+02 +1.165047057e+02 -3.0850e-01 +8.5430e-01 +1.3546e+00 +2.6939e-02 -8.8602e-02 +1.7667e+00 +2.9092e-02 -6.5104e-01 +2.6983e+00 -1.3061e+00 -9.0969e-01 -5.2569e-01 +3.9229e+00 -3.9457e+00 -2.3622e+00 +5.7642e-01 -5.3040e-01 +1.2182e+00 +1.7663e-01 +4.0072e+00
337 0 +2.442093287e+01 +2.442093287e+01 +1.154409329e+02 +1.154409329e+02 -3.2793e-01 +8.4315e-01 +1.3940e+00 +2.6433e-02 +7.9534e-02 +1.6603e+00 +3.0386e-02 -6.5403e-01 +2.6780e+00 -1.3019e+00 -8.1823e-01 -7.5273e-01 +3.8524e+00 -3.9782e+00 -2.3858e+00 +5.6463e-01 -5.0127e-01 +1.2411e+00 +1.8945e-01 +4.0865e+00
625 0 +2.221954094e+01 +2.221954094e+01 +1.132395409e+02 +1.132395409e+02 -3.4807e-01 +8.8273e-01 +1.1791e+00 +1.6632e-02 -7.5897e-03 +1.6275e+00 +3.6018e-02 -1.3716e+00 +2.9480e+00 -1.5980e+00 -2.7430e-01 -7.5740e-01 +4.6774e+00 -3.9825e+00 -2.7645e+00 +1.1412e-01 -4.7419e-01 +1.3667e+00 +2.3371e-01 +4.0516e+00
677 0 +2.186571425e+01 +2.186571425e+01 +1.128857143e+02 +1.128857143e+02 -3.5790e-01 +8.8218e-01 +1.1795e+00 +1.6346e-02 -5.0012e-02 +1.6655e+00 +3.5821e-02 -1.4158e+00 +2.9557e+00 -1.6086e+00 -2.6157e-01 -7.7198e-01 +4.6484e+00 -3.9898e+00 -2.7415e+00 +1.2794e-01 -4.8008e-01 +1.3810e+00 +2.3455e-01 +4.0542e+00
% f evaluations | g evaluations | best noise-free fitness - Fopt | noise-free fitness - Fopt (7.324200000000e+02) | measured fitness | best measured fitness | x1 | x2...
1 0 +5.939075957e+01 +5.939075957e+01 +7.918107596e+02 +7.918107596e+02 +0.0000e+00 +0.0000e+00 +0.0000e+00 +0.0000e+00 +0.0000e+00 +0.0000e+00 +0.0000e+00 +0.0000e+00 +0.0000e+00 +0.0000e+00 +0.0000e+00 +0.0000e+00 +0.0000e+00 +0.0000e+00 +0.0000e+00 +0.0000e+00 +0.0000e+00 +0.0000e+00 +0.0000e+00 +0.0000e+00
2 0 +5.495722510e+01 +5.495722510e+01 +7.873772251e+02 +7.873772251e+02 -2.3667e-01 +4.0986e-02 -4.0543e-01 -7.1402e-02 -4.1538e-01 +1.0008e+00 +1.2542e-01 -4.3045e-01 +6.1592e-01 +4.1456e-02 -1.3646e-02 +1.0738e-02 +1.1515e-01 -2.1040e-01 -6.8314e-01 -6.1470e-02 -5.3500e-02 +1.2912e+00 +8.8962e-02 +1.8681e+00
3 0 +4.703287686e+01 +4.703287686e+01 +7.794528769e+02 +7.794528769e+02 +4.5449e-02 +9.7934e-01 +1.7449e+00 +6.8470e-02 -4.9353e-02 -1.6226e-01 -6.1102e-01 -8.5529e-01 -8.4226e-01 -1.9814e-02 +3.5776e-01 -1.5565e-02 -1.7229e-01 -1.3585e+00 +1.0123e-01 +3.8894e-01 -5.8027e-02 -1.3562e+00 -9.4261e-02 -8.1079e-01
14 0 +4.468423962e+01 +4.468423962e+01 +7.771042396e+02 +7.771042396e+02 -9.0097e-01 -4.8027e-01 +2.7120e+00 +6.4451e-02 +8.2142e-01 -4.1905e-01 +2.0098e-01 +6.5449e-01 -2.7298e+00 -3.2948e-02 +7.5749e-01 +3.4477e-01 +1.8083e-01 +1.2355e+00 +2.4821e-01 -1.4917e+00 +1.0543e+00 -2.9860e+00 -1.1562e-02 -9.1831e-01
16 0 +3.565251643e+01 +3.565251643e+01 +7.680725164e+02 +7.680725164e+02 +3.3908e-01 -5.7799e-01 +1.6212e+00 +3.4202e-02 -6.8415e-01 +2.5599e-01 +8.7660e-01 -2.8891e-03 -1.0572e+00 +6.2805e-03 +9.7126e-01 +5.3047e-02 -1.1463e-01 +1.1764e+00 +7.5152e-01 -3.8285e-01 +5.4922e-01 -2.4721e+00 -3.0880e-02 -2.3654e+00
% f evaluations | g evaluations | best noise-free fitness - Fopt | noise-free fitness - Fopt (3.542000000000e+01) | measured fitness | best measured fitness | x1 | x2...
1 0 +4.153412526e+01 +4.153412526e+01 +7.695412526e+01 +7.695412526e+01 +0.0000e+00 +0.0000e+00 +0.0000e+00 +0.0000e+00 +0.0000e+00 +0.0000e+00 +0.0000e+00 +0.0000e+00 +0.0000e+00 +0.0000e+00 +0.0000e+00 +0.0000e+00 +0.0000e+00 +0.0000e+00 +0.0000e+00 +0.0000e+00 +0.0000e+00 +0.0000e+00 +0.0000e+00 +0.0000e+00
4 0 +3.589625758e+01 +3.589625758e+01 +7.131625758e+01 +7.131625758e+01 +6.8377e-01 +2.2459e-01 +2.9496e-02 +1.5368e-01 +2.2001e+00 -1.2057e+00 -9.4285e-01 -3.8618e-01 -5.5914e-01 +3.9806e-03 -2.0641e+00 -2.0355e+00 -1.6767e-01 +2.2994e-01 +4.6517e-01 -1.2768e-01 +1.2008e-02 -1.4955e+00 -2.1296e-01 +3.6006e-01
18 0 +3.529268764e+01 +3.529268764e+01 +7.071268764e+01 +7.071268764e+01 +2.7051e+00 -2.9313e-02 +2.6635e-02 +4.6894e-01 +1.2329e+00 -9.7728e-01 -2.2694e+00 -1.2947e+00 -5.5377e-01 -1.7046e-03 -5.0419e+00 -1.7352e+00 -3.0171e-01 +2.8219e-01 +7.3055e-01 +1.0378e-01 -4.6770e-02 -1.5176e+00 -2.6903e-02 +1.3165e+00
23 0 +3.089153478e+01 +3.089153478e+01 +6.631153478e+01 +6.631153478e+01 +2.7956e+00 +8.2970e-02 +1.3239e-02 +8.1556e-01 +1.1273e+00 -3.9019e-01 -7.7348e-02 -2.1194e-01 -9.4316e-01 -4.1090e-03 -4.5130e+00 -8.0110e-01 -2.2643e-01 +6.0417e-01 +1.2926e+00 -1.4165e-01 -4.4228e-02 -1.3678e+00 -5.4994e-02 +6.6471e-01
27 0 +2.899343117e+01 +2.899343117e+01 +6.441343117e+01 +6.441343117e+01 +3.1117e+00 -1.9235e+00 +3.1619e-02 +5.1364e-01 +8.6935e-01 -9.4800e-01 -3.1205e+00 -1.6002e+00 -1.8267e-02 -6.0453e-03 -3.2267e+00 -1.3200e+00 +2.5564e-01 +1.2535e+00 +7.5612e-01 +9.0074e-02 -1.3415e-01 -1.4720e+00 -1.7105e-02 -6.4166e-01
34 0 +2.633714199e+01 +2.633714199e+01 +6.175714199e+01 +6.175714199e+01 +3.0426e+00 -2.4055e+00 +4.1462e-02 +2.3845e-01 +1.7423e+00 -6.8465e-01 -1.1393e+00 -9.3599e-01 -9.6443e-02 -8.9809e-03 -4.6465e+00 -2.3155e+00 +3.6695e-01 +1.0392e+00 +9.6387e-01 +2.5870e-01 -1.3312e-01 -1.6003e+00 -3.5322e-02 -2.9595e-02
281 0 +2.569456420e+01 +2.569456420e+01 +6.111456420e+01 +6.111456420e+01 +5.2203e+00 -2.7417e+00 +4.9991e-02 -2.0074e+00 +4.2737e+00 +1.4124e+00 -2.3937e-01 -3.1806e+00 -1.2524e+00 -1.5334e-02 -1.9735e+00 -6.7873e-01 +2.0989e+00 +7.5620e-01 +1.2697e+00 -7.6897e-01 -4.4502e-01 +4.3075e-02 -6.8695e-01 +7.2815e-01
329 0 +2.403989694e+01 +2.403989694e+01 +5.945989694e+01 +5.945989694e+01 +3.9045e+00 -2.8692e+00 +5.9857e-02 -1.1180e+00 +3.9004e+00 +1.1690e+00 -8.0576e-01 -3.0984e+00 -1.2816e+00 -7.7957e-03 -3.3127e+00 -7.7427e-01 +2.3080e+00 +7.8339e-01 +1.1679e+00 -5.0931e-01 -5.2157e-01 +3.8513e-01 -1.4171e+00 +8.3554e-01
341 0 +2.087342265e+01 +2.087342265e+01 +5.629342265e+01 +5.629342265e+01 +4.4275e+00 -2.6477e+00 +6.6694e-02 -1.4154e+00 +3.5624e+00 +1.4305e+00 -5.5505e-01 -3.1201e+00 -1.3498e+00 -6.6776e-03 -2.2388e+00 -9.3013e-01 +2.2134e+00 +7.1863e-01 +1.2573e+00 -7.1737e-01 -4.8310e-01 +3.0160e-01 -1.2290e+00 +1.2054e+00
462 0 +1.903844382e+01 +1.903844382e+01 +5.445844382e+01 +5.445844382e+01 +3.8957e+00 -1.7474e+00 +8.0508e-02 -1.6667e+00 +4.2454e+00 +1.4985e+00 -2.0236e+00 -2.1779e+00 -1.5836e+00 -1.0865e-02 -2.9530e+00 -4.1843e+00 +1.7427e+00 +1.1117e+00 +1.7920e+00 -5.3944e-01 -3.7151e-01 -6.5375e-01 -1.4614e+00 +8.4336e-01
628 0 +1.755060432e+01 +1.755060432e+01 +5.297060432e+01 +5.297060432e+01 +3.8224e+00 -1.5723e+00 +8.2310e-02 -1.8076e+00 +4.2375e+00 +1.5260e+00 -1.8005e+00 -1.5362e+00 -1.6670e+00 -1.1541e-02 -2.8611e+00 -3.9356e+00 +1.5413e+00 +1.0759e+00 +1.9394e+00 -5.9250e-01 -3.8174e-01 -7.2648e-01 -1.6078e+00 +7.9408e-01
