% f evaluations | g evaluations | best noise-free fitness - Fopt | noise-free fitness - Fopt (9.431000000000e+01) | measured fitness | best measured fitness | x1 | x2...
1 0 +1.868724839e+06 +1.868724839e+06 +1.868819149e+06 +1.868819149e+06
6 0 +1.409347229e+06 +1.409347229e+06 +1.409441539e+06 +1.409441539e+06
7 0 +5.449241834e+05 +5.449241834e+05 +5.450184934e+05 +5.450184934e+05
10 0 +5.022806707e+05 +5.022806707e+05 +5.023749807e+05 +5.023749807e+05
13 0 +8.602112566e+04 +8.602112566e+04 +8.611543566e+04 +8.611543566e+04
15 0 +9.480934928e+03 +9.480934928e+03 +9.575244928e+03 +9.575244928e+03
53 0 +1.748353441e+03 +1.748353441e+03 +1.842663441e+03 +1.842663441e+03
66 0 +9.422039328e+02 +9.422039328e+02 +1.036513933e+03 +1.036513933e+03
85 0 +2.879448849e+02 +2.879448849e+02 +3.822548849e+02 +3.822548849e+02
