% f evaluations | g evaluations | best noise-free fitness - Fopt | noise-free fitness - Fopt (1.238300000000e+02) | measured fitness | best measured fitness | x1 | x2...
1 0 +5.850000000e+01 +5.850000000e+01 +1.823300000e+02 +1.823300000e+02 +0.0000e+00 +0.0000e+00 +0.0000e+00 +0.0000e+00 +0.0000e+00 +0.0000e+00 +0.0000e+00 +0.0000e+00 +0.0000e+00 +0.0000e+00
% f evaluations | g evaluations | best noise-free fitness - Fopt | noise-free fitness - Fopt (4.751000000000e+01) | measured fitness | best measured fitness | x1 | x2...
1 0 +5.850000000e+01 +5.850000000e+01 +1.060100000e+02 +1.060100000e+02 +0.0000e+00 +0.0000e+00 +0.0000e+00 +0.0000e+00 +0.0000e+00 +0.0000e+00 +0.0000e+00 +0.0000e+00 +0.0000e+00 +0.0000e+00
87 0 +4.766740040e+01 +4.766740040e+01 +9.517740040e+01 +9.517740040e+01 -8.9271e-01 -6.9556e-01 +2.6975e-01 -5.0917e-01 +8.4160e-01 -3.7827e-01 +2.6978e-02 +3.3641e-01 -5.5960e-02 +1.9087e-03
132 0 +4.280285856e+01 +4.280285856e+01 +9.031285856e+01 +9.031285856e+01 -6.7195e-01 -2.4709e-01 -5.3224e-02 +1.4736e-01 +6.2120e-01 -6.3516e-01 +1.8265e-01 +4.2737e-01 -1.2798e-01 +1.0781e-03
158 0 +4.179812684e+01 +4.179812684e+01 +8.930812684e+01 +8.930812684e+01 -6.9040e-01 -3.9678e-01 +1.8694e-01 -3.9589e-01 +3.7286e-01 -5.2629e-01 +1.5502e-01 -1.5338e-02 -1.2719e-01 -1.2075e-05
163 0 +3.824017636e+01 +3.824017636e+01 +8.575017636e+01 +8.575017636e+01 -5.1653e-01 -4.0771e-01 +2.3172e-01 -9.2990e-02 +3.7935e-01 -5.6489e-01 +1.4812e-01 +1.1181e-01 -1.8587e-01 +6.3706e-04
190 0 +3.097481600e+01 +3.097481600e+01 +7.848481600e+01 +7.848481600e+01 -6.9599e-01 -4.0037e-01 +5.4663e-02 -2.0047e-01 +2.5078e-01 -4.3614e-01 +1.9648e-01 +3.1971e-01 -1.6515e-01 -1.2911e-03
389 0 +2.897157644e+01 +2.897157644e+01 +7.648157644e+01 +7.648157644e+01 -6.7142e-01 -3.3799e-01 +3.3555e-02 -7.7640e-02 +6.7244e-01 -4.9636e-01 +1.5535e-01 +2.4378e-01 +7.5279e-02 +9.1111e-04
395 0 +2.334618193e+01 +2.334618193e+01 +7.085618193e+01 +7.085618193e+01 -8.4962e-01 -4.7620e-01 +7.6612e-02 -1.6762e-01 +6.7249e-01 -5.1433e-01 +2.0960e-01 +5.3363e-01 +1.1052e-01 +6.7851e-04
406 0 +2.225286389e+01 +2.225286389e+01 +6.976286389e+01 +6.976286389e+01 -8.1579e-01 -5.8666e-01 -2.3832e-03 -7.2550e-02 +6.8303e-01 -3.3372e-01 +1.3352e-01 +7.2203e-01 +8.7395e-02 +8.2461e-04
414 0 +2.150949949e+01 +2.150949949e+01 +6.901949949e+01 +6.901949949e+01 -7.2943e-01 -4.1321e-01 +8.2505e-02 -1.4598e-01 +6.7469e-01 -4.2737e-01 +1.0864e-01 +6.3610e-01 +8.0086e-02 +7.8098e-04
420 0 +2.031867310e+01 +2.031867310e+01 +6.782867310e+01 +6.782867310e+01 -7.4493e-01 -4.1321e-01 -1.0908e-01 -1.8101e-01 +6.9872e-01 -3.4149e-01 +8.0283e-02 +5.8772e-01 +9.5013e-02 +8.4682e-04
424 0 +1.918961175e+01 +1.918961175e+01 +6.669961175e+01 +6.669961175e+01 -8.0728e-01 -4.3697e-01 +1.2686e-02 -1.4351e-01 +6.8061e-01 -3.6005e-01 +2.6297e-02 +5.7047e-01 +8.8718e-02 +5.5054e-04
427 0 +1.805321881e+01 +1.805321881e+01 +6.556321881e+01 +6.556321881e+01 -7.7990e-01 -4.8795e-01 -3.1218e-02 -1.2904e-01 +7.1899e-01 -3.2718e-01 +3.3842e-02 +4.6801e-01 +6.5958e-02 +8.8624e-04
583 0 +1.742152954e+01 +1.742152954e+01 +6.493152954e+01 +6.493152954e+01 -8.7636e-01 -5.7544e-01 -4.9462e-02 -2.8911e-01 +7.6220e-01 -3.4090e-01 +2.2837e-03 +4.0373e-01 +9.5060e-02 +3.1788e-04
600 0 +1.735325544e+01 +1.735325544e+01 +6.486325544e+01 +6.486325544e+01 -8.2379e-01 -5.5225e-01 -4.8490e-02 -1.8350e-01 +7.6240e-01 -3.9785e-01 +5.8735e-02 +4.9360e-01 +9.4686e-02 +3.5683e-04
% f evaluations | g evaluations | best noise-free fitness - Fopt | noise-free fitness - Fopt (5.534000000000e+01) | measured fitness | best measured fitness | x1 | x2...
1 0 +5.850000000e+01 +5.850000000e+01 +1.138400000e+02 +1.138400000e+02 +0.0000e+00 +0.0000e+00 +0.0000e+00 +0.0000e+00 +0.0000e+00 +0.0000e+00 +0.0000e+00 +0.0000e+00 +0.0000e+00 +0.0000e+00
% f evaluations | g evaluations | best noise-free fitness - Fopt | noise-free fitness - Fopt (-9.033000000000e+01) | measured fitness | best measured fitness | x1 | x2...
1 0 +5.850000000e+01 +5.850000000e+01 -3.183000000e+01 -3.183000000e+01 +0.0000e+00 +0.0000e+00 +0.0000e+00 +0.0000e+00 +0.0000e+00 +0.0000e+00 +0.0000e+00 +0.0000e+00 +0.0000e+00 +0.0000e+00
857 0 +5.846635854e+01 +5.846635854e+01 -3.186364146e+01 -3.186364146e+01 -3.9738e-01 -1.1467e-01 +2.0938e-01 -8.3700e-02 +3.0994e-01 -1.2859e-01 +1.9936e-01 -4.2874e-01 -3.7257e-01 +1.2072e+00
880 0 +5.414101898e+01 +5.414101898e+01 -3.618898102e+01 -3.618898102e+01 -3.4630e-01 -1.4591e-01 +6.4805e-02 -7.5941e-02 +2.6475e-01 -6.3129e-02 +2.8528e-01 -2.7228e-01 -3.5647e-01 +1.2060e+00
% f evaluations | g evaluations | best noise-free fitness - Fopt | noise-free fitness - Fopt (6.561000000000e+01) | measured fitness | best measured fitness | x1 | x2...
1 0 +5.850000000e+01 +5.850000000e+01 +1.241100000e+02 +1.241100000e+02 +0.0000e+00 +0.0000e+00 +0.0000e+00 +0.0000e+00 +0.0000e+00 +0.0000e+00 +0.0000e+00 +0.0000e+00 +0.0000e+00 +0.0000e+00
125 0 +5.607678685e+01 +5.607678685e+01 +1.216867869e+02 +1.216867869e+02 -8.0071e-02 +8.8936e-03 +6.2226e-01 +2.0604e-01 -1.0451e-02 +1.4520e-01 -6.6176e-02 -2.4045e-01 +8.1452e-03 -6.0789e-02
176 0 +4.680905072e+01 +4.680905072e+01 +1.124190507e+02 +1.124190507e+02 -1.0445e-01 -3.2494e-02 +6.4297e-01 +2.6981e-01 +2.0183e-02 +2.0774e-01 +2.6992e-01 -1.2227e-01 -1.8928e-01 -1.3429e-02
181 0 +4.371422620e+01 +4.371422620e+01 +1.093242262e+02 +1.093242262e+02 -1.1469e-01 -6.1309e-02 +6.3509e-01 +3.2585e-01 -3.3614e-02 +1.7291e-01 +3.4595e-01 -1.4160e-01 -2.2184e-02 +2.6603e-02
191 0 +3.872502600e+01 +3.872502600e+01 +1.043350260e+02 +1.043350260e+02 -1.0135e-01 -6.0911e-02 +6.5054e-01 +2.0281e-01 -3.3132e-02 +1.7732e-01 +2.2182e-01 -1.4510e-01 -8.7647e-03 +4.0001e-02
228 0 +3.542552603e+01 +3.542552603e+01 +1.010355260e+02 +1.010355260e+02 -1.3328e-01 +2.4943e-02 +6.4868e-01 +1.8295e-01 -2.4237e-01 +1.2470e-01 +2.2053e-01 -1.8680e-01 -1.7049e-01 +3.8944e-02
256 0 +3.346061267e+01 +3.346061267e+01 +9.907061267e+01 +9.907061267e+01 -1.1535e-01 -1.8196e-01 +6.7663e-01 +9.5450e-02 -1.8455e-01 +1.1823e-01 +2.4124e-01 -1.0220e-01 -1.6433e-01 +7.5324e-03
269 0 +3.292030460e+01 +3.292030460e+01 +9.853030460e+01 +9.853030460e+01 -1.2498e-01 -1.7235e-01 +6.6538e-01 +1.1529e-01 -1.3622e-01 +1.5480e-01 +2.7507e-01 -1.3651e-01 -1.3481e-01 +8.6872e-03
271 0 +3.152049926e+01 +3.152049926e+01 +9.713049926e+01 +9.713049926e+01 -1.1199e-01 -1.6185e-01 +6.4862e-01 +1.3427e-01 -1.6525e-01 +1.3924e-01 +3.2922e-01 -1.5991e-01 -1.1500e-01 +1.6548e-02
274 0 +2.907554409e+01 +2.907554409e+01 +9.468554409e+01 +9.468554409e+01 -1.0625e-01 -1.4074e-01 +6.6498e-01 +1.0026e-01 -1.4910e-01 +1.5228e-01 +3.6686e-01 -9.5975e-02 -1.7908e-01 +2.0138e-02
287 0 +2.878277744e+01 +2.878277744e+01 +9.439277744e+01 +9.439277744e+01 -7.9461e-02 -1.1164e-01 +6.8074e-01 +7.4211e-02 -1.3150e-01 +1.6254e-01 +3.4163e-01 -6.9884e-02 -4.8409e-02 +4.4046e-03
306 0 +2.771119684e+01 +2.771119684e+01 +9.332119684e+01 +9.332119684e+01 -1.1003e-01 -9.7223e-02 +6.1902e-01 +1.6893e-01 -2.9853e-01 +1.7806e-01 +4.7396e-01 -7.6216e-02 -2.9510e-01 +2.3033e-02
315 0 +2.615080157e+01 +2.615080157e+01 +9.176080157e+01 +9.176080157e+01 -8.4850e-02 -1.1367e-01 +6.1856e-01 +1.6156e-01 -2.7577e-01 +1.6189e-01 +5.1833e-01 -5.3370e-02 -2.6154e-01 -1.0080e-02
319 0 +2.505019158e+01 +2.505019158e+01 +9.066019158e+01 +9.066019158e+01 -8.1270e-02 -6.1835e-02 +6.5206e-01 +1.4923e-01 -3.5795e-01 +1.7224e-01 +2.9103e-01 +1.0046e-02 -2.3709e-01 -5.2407e-03
330 0 +2.368755117e+01 +2.368755117e+01 +8.929755117e+01 +8.929755117e+01 -8.0809e-02 -1.4756e-01 +5.9460e-01 +1.7191e-01 -2.7393e-01 +2.0630e-01 +4.4843e-01 +6.8266e-03 -1.5432e-01 -6.5810e-03
359 0 +2.325698884e+01 +2.325698884e+01 +8.886698884e+01 +8.886698884e+01 -3.3722e-02 -1.3260e-01 +5.5174e-01 +1.0982e-01 -2.8182e-01 +1.2455e-01 +3.9326e-01 +5.5995e-02 -1.3023e-01 -1.6708e-02
376 0 +2.151576045e+01 +2.151576045e+01 +8.712576045e+01 +8.712576045e+01 -4.4336e-02 -1.1155e-01 +5.7605e-01 +1.1297e-01 -3.0219e-01 +1.2899e-01 +4.9800e-01 +7.9210e-02 -1.7312e-01 -1.4902e-02
382 0 +2.083823439e+01 +2.083823439e+01 +8.644823439e+01 +8.644823439e+01 -3.0741e-02 -3.3906e-02 +5.7381e-01 +9.5449e-02 -2.9090e-01 +1.4123e-01 +4.0628e-01 +7.1763e-02 -4.9123e-02 -1.8087e-02
410 0 +1.926781350e+01 +1.926781350e+01 +8.487781350e+01 +8.487781350e+01 -3.7831e-02 -1.7602e-02 +5.6796e-01 +1.9957e-02 -3.5132e-01 +1.7257e-01 +4.2791e-01 +1.5145e-01 -8.9677e-02 -3.6683e-02
423 0 +1.797708348e+01 +1.797708348e+01 +8.358708348e+01 +8.358708348e+01 -2.4018e-02 -1.9081e-02 +5.8483e-01 +6.4976e-02 -3.2393e-01 +1.4741e-01 +5.3373e-01 +1.7447e-01 -1.4963e-01 -3.5655e-02
562 0 +1.776599317e+01 +1.776599317e+01 +8.337599317e+01 +8.337599317e+01 +2.0104e-03 +1.9836e-03 +5.7084e-01 +7.6673e-02 -3.6723e-01 +1.6704e-01 +4.7061e-01 +1.6404e-01 -8.8030e-02 -4.1754e-02
572 0 +1.728247397e+01 +1.728247397e+01 +8.289247397e+01 +8.289247397e+01 -1.0232e-02 +5.3958e-03 +5.6980e-01 +9.8065e-02 -3.8591e-01 +1.7085e-01 +4.2870e-01 +1.6538e-01 -1.1303e-01 -4.2398e-02
583 0 +1.691033753e+01 +1.691033753e+01 +8.252033753e+01 +8.252033753e+01 -1.7045e-02 -9.3631e-03 +5.7132e-01 +1.0391e-01 -3.9337e-01 +1.7045e-01 +4.5819e-01 +1.7965e-01 -1.2057e-01 -3.8986e-02
605 0 +1.627415485e+01 +1.627415485e+01 +8.188415485e+01 +8.188415485e+01 -2.6041e-02 +2.1235e-02 +5.5592e-01 +9.9150e-02 -3.6932e-01 +1.6384e-01 +4.9667e-01 +2.0224e-01 -8.3339e-02 -3.9966e-02
622 0 +1.617242283e+01 +1.617242283e+01 +8.178242283e+01 +8.178242283e+01 -2.4770e-02 +3.8896e-02 +5.5812e-01 +1.3021e-01 -3.3604e-01 +1.5802e-01 +4.6858e-01 +1.9540e-01 -9.7033e-02 -3.5715e-02
636 0 +1.584313931e+01 +1.584313931e+01 +8.145313931e+01 +8.145313931e+01 -2.7248e-02 +3.4674e-02 +5.6650e-01 +1.4145e-01 -3.5279e-01 +1.4461e-01 +5.5018e-01 +2.0184e-01 -1.0363e-01 -4.5426e-02
686 0 +1.304582491e+01 +1.304582491e+01 +7.865582491e+01 +7.865582491e+01 -3.2659e-02 +1.0000e-01 +6.1697e-01 +1.9014e-01 -4.2454e-01 +1.6630e-01 +4.2894e-01 +2.5041e-01 -5.8446e-02 -4.2537e-02
696 0 +1.218073210e+01 +1.218073210e+01 +7.779073210e+01 +7.779073210e+01 -3.8374e-02 +1.4469e-01 +6.5450e-01 +1.6956e-01 -3.7845e-01 +1.7491e-01 +4.6403e-01 +2.5264e-01 -1.1654e-02 -2.6772e-02
975 0 +1.186116279e+01 +1.186116279e+01 +7.747116279e+01 +7.747116279e+01 -6.9232e-02 +1.6341e-01 +7.0263e-01 +2.5251e-01 -4.4273e-01 +1.5447e-01 +4.8486e-01 +2.3158e-01 -3.7971e-02 -9.4450e-03
986 0 +1.170920756e+01 +1.170920756e+01 +7.731920756e+01 +7.731920756e+01 -7.5008e-02 +1.4205e-01 +7.0831e-01 +2.4389e-01 -4.3432e-01 +1.6198e-01 +5.1566e-01 +2.1438e-01 -5.9142e-02 -5.8158e-03
993 0 +1.142682527e+01 +1.142682527e+01 +7.703682527e+01 +7.703682527e+01 -6.7597e-02 +1.3651e-01 +7.0966e-01 +2.4069e-01 -4.3161e-01 +1.6150e-01 +4.8906e-01 +2.1776e-01 -9.1598e-02 -9.1128e-03
% f evaluations | g evaluations | best noise-free fitness - Fopt | noise-free fitness - Fopt (9.348200000000e+02) | measured fitness | best measured fitness | x1 | x2...
1 0 +5.850000000e+01 +5.850000000e+01 +9.933200000e+02 +9.933200000e+02 +0.0000e+00 +0.0000e+00 +0.0000e+00 +0.0000e+00 +0.0000e+00 +0.0000e+00 +0.0000e+00 +0.0000e+00 +0.0000e+00 +0.0000e+00
889 0 +5.686119455e+01 +5.686119455e+01 +9.916811945e+02 +9.916811945e+02 +2.8629e-01 -3.0160e-01 -2.8026e-01 +5.2416e-01 -3.3389e-01 -5.2820e-01 +3.2549e-01 +1.0351e+00 -5.7476e-02 -2.0465e-01
910 0 +5.258613522e+01 +5.258613522e+01 +9.874061352e+02 +9.874061352e+02 +2.3927e-01 -4.4068e-01 -1.2857e-01 +4.0961e-01 -4.5966e-01 -5.4256e-01 +3.1065e-01 +9.5996e-01 -4.0297e-02 -2.0541e-01
919 0 +4.903594323e+01 +4.903594323e+01 +9.838559432e+02 +9.838559432e+02 +2.1404e-01 -5.3569e-01 -1.1109e-01 +1.4527e-01 -3.7483e-01 -5.3425e-01 +3.8056e-01 +9.7924e-01 -2.6054e-02 -2.8083e-01
931 0 +4.111396401e+01 +4.111396401e+01 +9.759339640e+02 +9.759339640e+02 +2.5245e-01 -5.6085e-01 -4.8483e-02 +3.3537e-01 -3.4914e-01 -5.3913e-01 +3.3073e-01 +9.5164e-01 -1.0410e-01 -2.9492e-01
956 0 +3.985952989e+01 +3.985952989e+01 +9.746795299e+02 +9.746795299e+02 +2.6933e-01 -5.8115e-01 -1.3664e-02 +3.7126e-01 -3.1304e-01 -5.3802e-01 +3.7713e-01 +9.3371e-01 -3.8175e-02 -3.5376e-01
975 0 +3.817645096e+01 +3.817645096e+01 +9.729964510e+02 +9.729964510e+02 +2.5792e-01 -5.2153e-01 -4.5356e-02 +3.1801e-01 -3.6554e-01 -5.2981e-01 +3.6242e-01 +9.3016e-01 -2.4203e-02 -3.5350e-01
% f evaluations | g evaluations | best noise-free fitness - Fopt | noise-free fitness - Fopt (-6.371000000000e+01) | measured fitness | best measured fitness | x1 | x2...
1 0 +5.850000000e+01 +5.850000000e+01 -5.210000000e+00 -5.210000000e+00 +0.0000e+00 +0.0000e+00 +0.0000e+00 +0.0000e+00 +0.0000e+00 +0.0000e+00 +0.0000e+00 +0.0000e+00 +0.0000e+00 +0.0000e+00
% f evaluations | g evaluations | best noise-free fitness - Fopt | noise-free fitness - Fopt (1.000000000000e+03) | measured fitness | best measured fitness | x1 | x2...
1 0 +5.850000000e+01 +5.850000000e+01 +1.058500000e+03 +1.058500000e+03 +0.0000e+00 +0.0000e+00 +0.0000e+00 +0.0000e+00 +0.0000e+00 +0.0000e+00 +0.0000e+00 +0.0000e+00 +0.0000e+00 +0.0000e+00
208 0 +5.663543551e+01 +5.663543551e+01 +1.056635436e+03 +1.056635436e+03 -9.9344e-01 -2.8299e-01 +1.1219e-01 -3.1325e-01 +1.5394e-01 -1.6944e-01 -1.0748e-02 +3.0255e-01 -4.6042e-01 -1.1845e-02
212 0 +5.386380801e+01 +5.386380801e+01 +1.053863808e+03 +1.053863808e+03 -1.0041e+00 -1.1139e-01 +1.7088e-01 -3.1848e-01 +1.7883e-01 -1.7814e-01 +5.9165e-02 +2.0927e-01 -4.6581e-01 -1.1735e-02
219 0 +5.083640400e+01 +5.083640400e+01 +1.050836404e+03 +1.050836404e+03 -9.2861e-01 -1.1859e-01 +6.7538e-02 -5.1776e-01 +1.3246e-01 -1.6828e-01 +2.1863e-02 +9.9403e-02 -4.4108e-01 -1.1425e-02
238 0 +4.820018655e+01 +4.820018655e+01 +1.048200187e+03 +1.048200187e+03 -1.0188e+00 -1.9352e-01 +1.2348e-01 -3.6072e-01 +1.9821e-01 -1.4347e-01 -6.6926e-03 +1.1132e-01 -4.2904e-01 -1.1911e-02
248 0 +4.645971903e+01 +4.645971903e+01 +1.046459719e+03 +1.046459719e+03 -1.0386e+00 -2.3255e-01 +7.5613e-02 -4.1408e-01 +1.6387e-01 -2.0647e-01 +2.7807e-02 +5.2708e-02 -4.6291e-01 -1.2135e-02
255 0 +4.401120621e+01 +4.401120621e+01 +1.044011206e+03 +1.044011206e+03 -1.1002e+00 -2.0155e-01 +4.0575e-03 -3.9875e-01 +2.2527e-01 -2.1414e-01 +6.2491e-02 -1.5813e-02 -4.0337e-01 -1.1872e-02
259 0 +4.105323046e+01 +4.105323046e+01 +1.041053230e+03 +1.041053230e+03 -1.0343e+00 -1.9885e-01 +1.6520e-01 -5.8190e-01 +2.3501e-01 -2.0929e-01 +1.8737e-01 -3.0614e-02 -3.7483e-01 -1.2787e-02
266 0 +3.793002798e+01 +3.793002798e+01 +1.037930028e+03 +1.037930028e+03 -9.7143e-01 -1.6154e-01 +9.4451e-02 -6.8164e-01 +2.5662e-01 -1.7814e-01 +1.5292e-01 -4.3926e-02 -3.6353e-01 -1.1912e-02
272 0 +3.577490032e+01 +3.577490032e+01 +1.035774900e+03 +1.035774900e+03 -1.0330e+00 -1.8044e-01 +9.1316e-02 -7.1479e-01 +2.0308e-01 -2.1221e-01 +1.1542e-01 +7.5921e-02 -3.6894e-01 -1.1845e-02
274 0 +3.388191140e+01 +3.388191140e+01 +1.033881911e+03 +1.033881911e+03 -1.0227e+00 -1.0234e-01 +6.3584e-02 -7.3496e-01 +2.9394e-01 -1.9377e-01 +2.2672e-01 +4.7173e-02 -3.3119e-01 -1.1912e-02
283 0 +3.260294242e+01 +3.260294242e+01 +1.032602942e+03 +1.032602942e+03 -1.0001e+00 -2.3991e-01 +7.5545e-02 -7.0508e-01 +2.8274e-01 -1.9138e-01 +1.9899e-01 -7.0651e-02 -3.2199e-01 -1.2520e-02
286 0 +3.124762314e+01 +3.124762314e+01 +1.031247623e+03 +1.031247623e+03 -1.0281e+00 -1.9181e-01 +7.6418e-02 -6.6809e-01 +3.2106e-01 -1.7556e-01 +1.8917e-01 -2.3965e-03 -3.2167e-01 -1.1815e-02
290 0 +2.943285196e+01 +2.943285196e+01 +1.029432852e+03 +1.029432852e+03 -9.8380e-01 -3.0155e-01 +2.7413e-02 -7.8002e-01 +2.8177e-01 -2.0343e-01 +2.3102e-01 -1.0729e-01 -3.5622e-01 -1.2335e-02
292 0 +2.710371592e+01 +2.710371592e+01 +1.027103716e+03 +1.027103716e+03 -1.0926e+00 -2.7937e-01 +9.7273e-02 -7.7639e-01 +3.1122e-01 -1.8137e-01 +1.9159e-01 +5.8718e-02 -3.1350e-01 -1.1526e-02
293 0 +2.473653908e+01 +2.473653908e+01 +1.024736539e+03 +1.024736539e+03 -1.1279e+00 -2.0507e-01 +5.0082e-02 -7.3675e-01 +3.5289e-01 -1.6832e-01 +1.7897e-01 +1.9092e-02 -3.1989e-01 -1.1971e-02
303 0 +2.440588124e+01 +2.440588124e+01 +1.024405881e+03 +1.024405881e+03 -1.0867e+00 -3.0603e-01 +6.1035e-03 -7.2582e-01 +3.6189e-01 -1.3380e-01 +1.5688e-01 +3.1696e-02 -3.2609e-01 -1.2180e-02
310 0 +2.293067053e+01 +2.293067053e+01 +1.022930671e+03 +1.022930671e+03 -1.0886e+00 -2.4229e-01 +4.1062e-03 -7.5083e-01 +4.0199e-01 -1.4376e-01 +1.7711e-01 -6.6334e-02 -3.3325e-01 -1.1526e-02
315 0 +1.917956438e+01 +1.917956438e+01 +1.019179564e+03 +1.019179564e+03 -1.1266e+00 -3.5040e-01 -4.7292e-02 -7.3615e-01 +4.3181e-01 -1.5902e-01 +2.3804e-01 -1.2634e-01 -3.2943e-01 -1.2366e-02
333 0 +1.862206314e+01 +1.862206314e+01 +1.018622063e+03 +1.018622063e+03 -1.0943e+00 -4.4906e-01 -5.8125e-02 -8.7093e-01 +5.1237e-01 -1.9734e-01 +1.6906e-01 -1.2610e-01 -3.1225e-01 -1.2024e-02
359 0 +1.677202768e+01 +1.677202768e+01 +1.016772028e+03 +1.016772028e+03 -1.1957e+00 -2.7489e-01 +3.1366e-02 -8.6673e-01 +3.5322e-01 -2.2056e-01 +2.9732e-01 -8.7366e-02 -3.5397e-01 -1.2296e-02
540 0 +1.557454097e+01 +1.557454097e+01 +1.015574541e+03 +1.015574541e+03 -1.1843e+00 -3.3681e-01 -1.1160e-01 -1.0653e+00 +3.4169e-01 -1.8352e-01 +2.1644e-01 -1.4391e-01 -3.0203e-01 -1.6520e-02
% f evaluations | g evaluations | best noise-free fitness - Fopt | noise-free fitness - Fopt (3.197000000000e+01) | measured fitness | best measured fitness | x1 | x2...
1 0 +5.850000000e+01 +5.850000000e+01 +9.047000000e+01 +9.047000000e+01 +0.0000e+00 +0.0000e+00 +0.0000e+00 +0.0000e+00 +0.0000e+00 +0.0000e+00 +0.0000e+00 +0.0000e+00 +0.0000e+00 +0.0000e+00
% f evaluations | g evaluations | best noise-free fitness - Fopt | noise-free fitness - Fopt (5.819000000000e+01) | measured fitness | best measured fitness | x1 | x2...
1 0 +5.850000000e+01 +5.850000000e+01 +1.166900000e+02 +1.166900000e+02 +0.0000e+00 +0.0000e+00 +0.0000e+00 +0.0000e+00 +0.0000e+00 +0.0000e+00 +0.0000e+00 +0.0000e+00 +0.0000e+00 +0.0000e+00
142 0 +5.381459302e+01 +5.381459302e+01 +1.120045930e+02 +1.120045930e+02 +7.7748e-01 -1.9603e-01 +6.6096e-01 -7.4995e-02 -5.0953e-01 +1.1754e-01 +5.4560e-01 +2.0220e-01 +2.0477e-01 -7.7900e-01
214 0 +4.307157425e+01 +4.307157425e+01 +1.012615742e+02 +1.012615742e+02 +7.5354e-01 +1.8329e-01 +4.3986e-01 -6.0069e-02 -5.9205e-01 +8.8751e-02 +3.2718e-01 +1.2663e-01 +4.2184e-01 -7.2193e-01
233 0 +3.478466864e+01 +3.478466864e+01 +9.297466864e+01 +9.297466864e+01 +6.8774e-01 +5.4164e-02 +6.0984e-01 -1.7860e-02 -3.8989e-01 +1.3415e-01 +3.8567e-01 -1.7303e-01 +3.9566e-01 -8.6720e-01
248 0 +3.432148570e+01 +3.432148570e+01 +9.251148570e+01 +9.251148570e+01 +6.9454e-01 +3.4841e-02 +6.9511e-01 -2.4589e-02 -5.0947e-01 +1.3898e-01 +4.3862e-01 -4.3708e-02 +3.5009e-01 -7.8520e-01
294 0 +3.266303568e+01 +3.266303568e+01 +9.085303568e+01 +9.085303568e+01 +7.2685e-01 +7.2057e-03 +4.7793e-01 -4.4954e-02 -4.8400e-01 +1.8955e-01 +4.2607e-01 -7.9765e-02 +3.4953e-01 -7.8824e-01
301 0 +3.116601921e+01 +3.116601921e+01 +8.935601921e+01 +8.935601921e+01 +6.8043e-01 +1.0822e-02 +4.6521e-01 -4.2495e-02 -5.0068e-01 +1.8969e-01 +4.6033e-01 -1.5184e-01 +3.5082e-01 -7.5690e-01
302 0 +2.948889020e+01 +2.948889020e+01 +8.767889020e+01 +8.767889020e+01 +6.5283e-01 -3.2516e-02 +5.3454e-01 -4.7633e-02 -4.9873e-01 +1.8273e-01 +4.4084e-01 -1.1373e-01 +3.6273e-01 -7.3737e-01
313 0 +2.753683700e+01 +2.753683700e+01 +8.572683700e+01 +8.572683700e+01 +6.7852e-01 +3.6702e-02 +6.2163e-01 -1.5550e-02 -5.1695e-01 +1.8919e-01 +4.2448e-01 -1.0476e-01 +3.8093e-01 -7.1806e-01
322 0 +2.652584073e+01 +2.652584073e+01 +8.471584073e+01 +8.471584073e+01 +7.6496e-01 -4.9208e-02 +5.0005e-01 +6.6022e-03 -5.0880e-01 +2.0547e-01 +3.9484e-01 -6.1715e-02 +4.1132e-01 -7.2470e-01
327 0 +2.452554699e+01 +2.452554699e+01 +8.271554699e+01 +8.271554699e+01 +7.2796e-01 -3.4804e-02 +4.5878e-01 -9.2210e-03 -5.9591e-01 +1.7748e-01 +3.7439e-01 -6.6349e-02 +3.9265e-01 -5.9403e-01
342 0 +2.370125204e+01 +2.370125204e+01 +8.189125204e+01 +8.189125204e+01 +7.0769e-01 -7.2500e-02 +6.2611e-01 -1.2945e-03 -4.2071e-01 +2.1675e-01 +2.7455e-01 -2.0632e-01 +4.1394e-01 -5.4095e-01
344 0 +2.342819456e+01 +2.342819456e+01 +8.161819456e+01 +8.161819456e+01 +6.9792e-01 -8.2395e-02 +6.1610e-01 -4.3887e-03 -5.1299e-01 +1.7833e-01 +4.1711e-01 -2.1769e-01 +3.8798e-01 -5.3512e-01
345 0 +2.286098205e+01 +2.286098205e+01 +8.105098205e+01 +8.105098205e+01 +7.1368e-01 -1.5711e-01 +6.6651e-01 -3.4247e-03 -5.1756e-01 +1.6490e-01 +3.6711e-01 -2.0890e-01 +3.9698e-01 -6.0322e-01
370 0 +2.168438751e+01 +2.168438751e+01 +7.987438751e+01 +7.987438751e+01 +6.9256e-01 -2.1081e-01 +5.1105e-01 +2.7450e-02 -6.1322e-01 +2.0255e-01 +3.5845e-01 -1.4380e-01 +3.9309e-01 -4.7289e-01
389 0 +2.135542011e+01 +2.135542011e+01 +7.954542011e+01 +7.954542011e+01 +6.7201e-01 -5.7528e-02 +4.8162e-01 +1.3898e-02 -4.9964e-01 +1.6518e-01 +3.5877e-01 -2.9027e-01 +4.1799e-01 -4.2998e-01
394 0 +1.901212709e+01 +1.901212709e+01 +7.720212709e+01 +7.720212709e+01 +6.9612e-01 -1.3228e-01 +4.7986e-01 +5.3269e-02 -5.6985e-01 +1.7455e-01 +3.8103e-01 -2.4550e-01 +4.1180e-01 -4.5478e-01
404 0 +1.839523750e+01 +1.839523750e+01 +7.658523750e+01 +7.658523750e+01 +6.7237e-01 -1.2010e-01 +5.1592e-01 +3.4742e-02 -5.5820e-01 +1.6304e-01 +3.5312e-01 -3.0814e-01 +4.2081e-01 -4.9192e-01
419 0 +1.801561712e+01 +1.801561712e+01 +7.620561712e+01 +7.620561712e+01 +6.8793e-01 -1.3420e-01 +5.2754e-01 +3.1616e-02 -5.6415e-01 +1.6368e-01 +3.5098e-01 -2.7743e-01 +4.2603e-01 -4.8568e-01
423 0 +1.753151955e+01 +1.753151955e+01 +7.572151955e+01 +7.572151955e+01 +6.9049e-01 -1.1914e-01 +5.4043e-01 +4.1016e-02 -5.7201e-01 +1.5824e-01 +3.3031e-01 -2.5515e-01 +4.1249e-01 -5.0225e-01
428 0 +1.737097233e+01 +1.737097233e+01 +7.556097233e+01 +7.556097233e+01 +6.9067e-01 -1.5476e-01 +5.6337e-01 +2.8096e-02 -6.0007e-01 +1.5658e-01 +3.3199e-01 -3.2131e-01 +4.2583e-01 -5.1327e-01
434 0 +1.682626793e+01 +1.682626793e+01 +7.501626793e+01 +7.501626793e+01 +7.0992e-01 -1.3332e-01 +5.5072e-01 +4.8993e-02 -5.4142e-01 +1.5153e-01 +3.2111e-01 -2.7020e-01 +4.3360e-01 -4.8556e-01
440 0 +1.637327995e+01 +1.637327995e+01 +7.456327995e+01 +7.456327995e+01 +7.1657e-01 -1.8841e-01 +5.1639e-01 +6.6114e-02 -6.1689e-01 +1.3769e-01 +3.5520e-01 -3.1987e-01 +4.2476e-01 -5.0908e-01
443 0 +1.591412835e+01 +1.591412835e+01 +7.410412835e+01 +7.410412835e+01 +7.1821e-01 -1.7701e-01 +5.3878e-01 +6.4376e-02 -6.2955e-01 +1.4082e-01 +3.2865e-01 -3.3528e-01 +4.2412e-01 -5.6784e-01
447 0 +1.583258505e+01 +1.583258505e+01 +7.402258505e+01 +7.402258505e+01 +7.1573e-01 -1.8985e-01 +5.2949e-01 +7.9609e-02 -6.3593e-01 +1.3488e-01 +3.5025e-01 -3.0574e-01 +4.2210e-01 -5.2437e-01
458 0 +1.513495281e+01 +1.513495281e+01 +7.332495281e+01 +7.332495281e+01 +7.5156e-01 -1.9182e-01 +5.8112e-01 +7.6090e-02 -6.2085e-01 +1.4634e-01 +3.5542e-01 -3.2479e-01 +4.4748e-01 -5.5509e-01
465 0 +1.436402457e+01 +1.436402457e+01 +7.255402457e+01 +7.255402457e+01 +7.2274e-01 -1.6617e-01 +5.9658e-01 +8.8821e-02 -5.8268e-01 +1.5905e-01 +2.8142e-01 -3.6005e-01 +4.6113e-01 -5.9365e-01
486 0 +1.359595870e+01 +1.359595870e+01 +7.178595870e+01 +7.178595870e+01 +7.3570e-01 -1.4486e-01 +4.8183e-01 +1.0327e-01 -5.2695e-01 +1.6311e-01 +2.7686e-01 -3.5940e-01 +5.1336e-01 -5.2573e-01
544 0 +1.315370625e+01 +1.315370625e+01 +7.134370625e+01 +7.134370625e+01 +8.6882e-01 -1.6180e-01 +4.7082e-01 +1.9572e-01 -7.3948e-01 +3.1363e-01 +4.2737e-01 -3.6029e-01 +5.7869e-01 -6.0698e-01
644 0 +1.239940581e+01 +1.239940581e+01 +7.058940581e+01 +7.058940581e+01 +6.7269e-01 -3.4387e-01 +4.3140e-01 +2.8819e-01 -8.1160e-01 +5.9582e-02 -1.6439e-01 -2.5745e-01 +5.3261e-01 -6.7218e-02
679 0 +1.179647576e+01 +1.179647576e+01 +6.998647576e+01 +6.998647576e+01 +5.7299e-01 -4.0910e-01 +4.7699e-01 +3.4112e-01 -7.6650e-01 -3.6116e-02 -1.9131e-01 -2.0625e-01 +5.2145e-01 +1.6906e-01
701 0 +1.080903162e+01 +1.080903162e+01 +6.899903162e+01 +6.899903162e+01 +5.8715e-01 -4.6811e-01 +3.8331e-01 +3.1956e-01 -8.1955e-01 +1.3594e-02 -1.9353e-01 -1.7474e-01 +5.7985e-01 +8.7704e-02
708 0 +1.052135791e+01 +1.052135791e+01 +6.871135791e+01 +6.871135791e+01 +6.0876e-01 -3.7866e-01 +4.0999e-01 +2.9286e-01 -7.6756e-01 +1.0058e-02 -1.8115e-01 -2.4838e-01 +5.9865e-01 +6.3331e-02
817 0 +1.032541611e+01 +1.032541611e+01 +6.851541611e+01 +6.851541611e+01 +5.9702e-01 -3.6614e-01 +5.0519e-01 +3.1827e-01 -7.4327e-01 +1.8524e-02 -1.1166e-01 -1.8963e-01 +5.2758e-01 -3.7501e-02
822 0 +9.934745915e+00 +9.934745915e+00 +6.812474592e+01 +6.812474592e+01 +5.9945e-01 -3.7199e-01 +4.5469e-01 +2.9149e-01 -7.2925e-01 +2.3000e-02 -1.1062e-01 -1.4620e-01 +5.1516e-01 -2.8487e-02
829 0 +9.532705376e+00 +9.532705376e+00 +6.772270538e+01 +6.772270538e+01 +6.1880e-01 -3.4684e-01 +4.7645e-01 +2.9447e-01 -7.9350e-01 +1.6123e-02 -1.1644e-01 -1.6683e-01 +5.2364e-01 -2.2922e-02
834 0 +9.096503059e+00 +9.096503059e+00 +6.728650306e+01 +6.728650306e+01 +6.1935e-01 -3.9563e-01 +4.2842e-01 +2.9043e-01 -8.0129e-01 +2.1434e-02 -1.1306e-01 -1.8919e-01 +5.2149e-01 +9.3892e-03
836 0 +8.890430783e+00 +8.890430783e+00 +6.708043078e+01 +6.708043078e+01 +6.1400e-01 -3.3972e-01 +4.4757e-01 +2.8234e-01 -8.1651e-01 +1.6617e-02 -1.1315e-01 -1.9912e-01 +5.1905e-01 +8.9849e-03
848 0 +8.666268226e+00 +8.666268226e+00 +6.685626823e+01 +6.685626823e+01 +5.9841e-01 -3.8660e-01 +4.5073e-01 +2.7873e-01 -7.8181e-01 +1.9354e-02 -1.0904e-01 -1.9380e-01 +5.1541e-01 -1.8010e-02
927 0 +8.505876833e+00 +8.505876833e+00 +6.669587683e+01 +6.669587683e+01 +4.7777e-01 -3.7646e-01 +4.0308e-01 +1.9729e-01 -7.8190e-01 +4.0262e-02 -1.0695e-01 -2.5726e-01 +5.4929e-01 +5.2764e-02
970 0 +8.196825996e+00 +8.196825996e+00 +6.638682600e+01 +6.638682600e+01 +5.1857e-01 -3.9130e-01 +4.0480e-01 +2.2843e-01 -8.2811e-01 +5.4442e-02 -1.3832e-01 -2.2057e-01 +5.0580e-01 +1.4537e-02
977 0 +8.064464700e+00 +8.064464700e+00 +6.625446470e+01 +6.625446470e+01 +5.3363e-01 -3.8793e-01 +4.1545e-01 +2.2507e-01 -8.3180e-01 +5.7523e-02 -1.0151e-01 -2.2090e-01 +4.9935e-01 +7.2747e-03
986 0 +7.930458656e+00 +7.930458656e+00 +6.612045866e+01 +6.612045866e+01 +5.3162e-01 -3.5682e-01 +4.0335e-01 +2.1870e-01 -8.3826e-01 +5.7822e-02 -9.7572e-02 -2.0323e-01 +5.1250e-01 +9.9024e-03
% f evaluations | g evaluations | best noise-free fitness - Fopt | noise-free fitness - Fopt (-4.840000000000e+00) | measured fitness | best measured fitness | x1 | x2...
1 0 +5.850000000e+01 +5.850000000e+01 +5.366000000e+01 +5.366000000e+01 +0.0000e+00 +0.0000e+00 +0.0000e+00 +0.0000e+00 +0.0000e+00 +0.0000e+00 +0.0000e+00 +0.0000e+00 +0.0000e+00 +0.0000e+00
337 0 +5.358569130e+01 +5.358569130e+01 +4.874569130e+01 +4.874569130e+01 -1.1627e-01 -3.2540e-01 +3.0971e-01 +2.0914e-01 -8.3050e-01 +3.9051e-01 +1.0873e+00 +5.1250e-01 -2.8256e-02 +2.1491e-01
340 0 +4.778413786e+01 +4.778413786e+01 +4.294413786e+01 +4.294413786e+01 -2.1276e-01 -2.2910e-01 +4.7362e-01 +2.0371e-01 -7.4936e-01 +6.1891e-01 +1.0198e+00 +5.4312e-01 -2.7300e-02 +3.5925e-01
% f evaluations | g evaluations | best noise-free fitness - Fopt | noise-free fitness - Fopt (-6.337000000000e+01) | measured fitness | best measured fitness | x1 | x2...
1 0 +5.850000000e+01 +5.850000000e+01 -4.870000000e+00 -4.870000000e+00 +0.0000e+00 +0.0000e+00 +0.0000e+00 +0.0000e+00 +0.0000e+00 +0.0000e+00 +0.0000e+00 +0.0000e+00 +0.0000e+00 +0.0000e+00
% f evaluations | g evaluations | best noise-free fitness - Fopt | noise-free fitness - Fopt (2.750000000000e+00) | measured fitness | best measured fitness | x1 | x2...
1 0 +5.850000000e+01 +5.850000000e+01 +6.125000000e+01 +6.125000000e+01 +0.0000e+00 +0.0000e+00 +0.0000e+00 +0.0000e+00 +0.0000e+00 +0.0000e+00 +0.0000e+00 +0.0000e+00 +0.0000e+00 +0.0000e+00
% f evaluations | g evaluations | best noise-free fitness - Fopt | noise-free fitness - Fopt (-4.681000000000e+01) | measured fitness | best measured fitness | x1 | x2...
1 0 +5.850000000e+01 +5.850000000e+01 +1.169000000e+01 +1.169000000e+01 +0.0000e+00 +0.0000e+00 +0.0000e+00 +0.0000e+00 +0.0000e+00 +0.0000e+00 +0.0000e+00 +0.0000e+00 +0.0000e+00 +0.0000e+00
% f evaluations | g evaluations | best noise-free fitness - Fopt | noise-free fitness - Fopt (6.134000000000e+01) | measured fitness | best measured fitness | x1 | x2...
1 0 +5.850000000e+01 +5.850000000e+01 +1.198400000e+02 +1.198400000e+02 +0.0000e+00 +0.0000e+00 +0.0000e+00 +0.0000e+00 +0.0000e+00 +0.0000e+00 +0.0000e+00 +0.0000e+00 +0.0000e+00 +0.0000e+00
398 0 +5.647300358e+01 +5.647300358e+01 +1.178130036e+02 +1.178130036e+02 +1.2171e-01 +7.8335e-01 +6.3964e-01 +2.2779e-01 -6.6187e-01 -7.9529e-02 -4.8485e-01 -4.2257e-01 +4.9626e-03 +2.7968e-01
427 0 +5.498704413e+01 +5.498704413e+01 +1.163270441e+02 +1.163270441e+02 +1.1848e-01 +9.0106e-01 +5.2711e-01 +3.0520e-01 -5.4595e-01 -1.7277e-02 -5.0300e-01 -4.1629e-01 +1.4151e-01 +2.7163e-01
428 0 +5.401251126e+01 +5.401251126e+01 +1.153525113e+02 +1.153525113e+02 +1.1398e-01 +9.3182e-01 +5.6776e-01 +2.3239e-01 -6.1426e-01 -7.1797e-03 -5.4425e-01 -4.2387e-01 +8.1335e-02 +2.1302e-01
433 0 +5.231743779e+01 +5.231743779e+01 +1.136574378e+02 +1.136574378e+02 +1.2063e-01 +6.7646e-01 +4.9179e-01 +3.1741e-01 -5.5085e-01 -2.2466e-02 -5.3486e-01 -4.8183e-01 +4.4044e-02 +2.6634e-01
435 0 +4.841532549e+01 +4.841532549e+01 +1.097553255e+02 +1.097553255e+02 +1.2486e-01 +7.5316e-01 +5.9382e-01 +3.4009e-01 -5.5000e-01 -1.6721e-02 -5.8355e-01 -3.9881e-01 +7.2270e-02 +2.4400e-01
447 0 +4.710608320e+01 +4.710608320e+01 +1.084460832e+02 +1.084460832e+02 +1.1674e-01 +7.7078e-01 +5.0521e-01 +3.1704e-01 -5.0889e-01 -3.3103e-02 -5.8512e-01 -4.8454e-01 +4.0504e-02 +2.4276e-01
452 0 +4.447769273e+01 +4.447769273e+01 +1.058176927e+02 +1.058176927e+02 +9.9019e-02 +9.6726e-01 +6.2984e-01 +3.1474e-01 -5.2500e-01 -5.3056e-03 -5.4925e-01 -4.0270e-01 -1.4015e-02 +1.9485e-01
508 0 +3.957072671e+01 +3.957072671e+01 +1.009107267e+02 +1.009107267e+02 +1.0463e-01 +6.8405e-01 +5.4933e-01 +1.0799e-01 -4.6035e-01 -9.2699e-02 -5.8558e-01 -3.4877e-01 +2.2575e-03 +3.5665e-01
534 0 +3.797510969e+01 +3.797510969e+01 +9.931510969e+01 +9.931510969e+01 +8.5823e-02 +7.0409e-01 +4.5086e-01 +1.9178e-01 -4.6452e-01 -7.8516e-02 -5.1091e-01 -3.1979e-01 -6.1217e-02 +2.4565e-01
545 0 +3.315790321e+01 +3.315790321e+01 +9.449790321e+01 +9.449790321e+01 +1.1237e-01 +8.6311e-01 +4.8877e-01 +1.9352e-01 -4.5531e-01 -5.6197e-02 -4.8976e-01 -2.8135e-01 +7.1153e-02 +2.2864e-01
586 0 +3.208533472e+01 +3.208533472e+01 +9.342533472e+01 +9.342533472e+01 +7.8294e-02 +9.3097e-01 +4.6677e-01 +1.2082e-01 -3.5573e-01 -4.3156e-02 -5.4629e-01 -3.4885e-01 -5.8763e-02 +1.8988e-01
652 0 +3.123785983e+01 +3.123785983e+01 +9.257785983e+01 +9.257785983e+01 +9.7402e-02 +8.0895e-01 +3.4393e-01 -1.8913e-01 -4.2279e-01 -6.0907e-02 -4.6362e-01 -3.9010e-01 +7.6260e-02 +2.6514e-01
659 0 +2.799384509e+01 +2.799384509e+01 +8.933384509e+01 +8.933384509e+01 +1.0370e-01 +7.3591e-01 +2.8031e-01 -1.0154e-01 -3.6917e-01 -1.0174e-01 -4.3079e-01 -3.4144e-01 +1.2096e-01 +2.5662e-01
676 0 +2.479535170e+01 +2.479535170e+01 +8.613535170e+01 +8.613535170e+01 +1.1349e-01 +7.9201e-01 +4.5321e-01 +4.5356e-02 -2.9125e-01 -1.5944e-01 -5.1350e-01 -4.1819e-01 +2.1713e-02 +3.5348e-01
700 0 +2.424489183e+01 +2.424489183e+01 +8.558489183e+01 +8.558489183e+01 +1.3684e-01 +8.2894e-01 +3.3980e-01 -5.3594e-02 -2.2038e-01 -1.3831e-01 -5.4059e-01 -2.3162e-01 -7.1977e-02 +2.4732e-01
707 0 +2.002016732e+01 +2.002016732e+01 +8.136016732e+01 +8.136016732e+01 +1.3569e-01 +8.8431e-01 +3.2672e-01 -8.7146e-02 -1.9270e-01 -1.5701e-01 -4.4172e-01 -2.6157e-01 -2.7069e-02 +2.5637e-01
723 0 +1.987232697e+01 +1.987232697e+01 +8.121232697e+01 +8.121232697e+01 +1.2677e-01 +6.9559e-01 +3.2219e-01 -6.2946e-02 -1.6039e-01 -1.5117e-01 -4.5018e-01 -2.5981e-01 -1.7018e-02 +2.3272e-01
734 0 +1.910701860e+01 +1.910701860e+01 +8.044701860e+01 +8.044701860e+01 +1.3173e-01 +7.1464e-01 +3.4233e-01 -8.1350e-02 -1.4157e-01 -1.6292e-01 -4.5186e-01 -2.6571e-01 -1.0968e-02 +2.5499e-01
750 0 +1.883354513e+01 +1.883354513e+01 +8.017354513e+01 +8.017354513e+01 +1.3325e-01 +6.5776e-01 +3.5483e-01 -5.0225e-02 -1.6317e-01 -1.5782e-01 -4.6903e-01 -3.0655e-01 +9.9084e-03 +2.3265e-01
752 0 +1.837032578e+01 +1.837032578e+01 +7.971032578e+01 +7.971032578e+01 +1.3200e-01 +7.3537e-01 +3.1075e-01 -8.1252e-02 -1.4353e-01 -1.5107e-01 -4.7444e-01 -2.4470e-01 +1.6372e-02 +2.3701e-01
755 0 +1.714216351e+01 +1.714216351e+01 +7.848216351e+01 +7.848216351e+01 +1.3145e-01 +7.7518e-01 +3.5771e-01 -2.7221e-02 -1.6019e-01 -1.6358e-01 -4.4719e-01 -2.4945e-01 +2.4817e-02 +2.1946e-01
759 0 +1.680434561e+01 +1.680434561e+01 +7.814434561e+01 +7.814434561e+01 +1.3358e-01 +8.3274e-01 +3.3631e-01 -5.2156e-02 -1.6157e-01 -1.6687e-01 -4.6288e-01 -3.0321e-01 +1.9450e-02 +2.6397e-01
776 0 +1.657901355e+01 +1.657901355e+01 +7.791901355e+01 +7.791901355e+01 +1.2553e-01 +7.0078e-01 +2.8419e-01 -4.4294e-02 -1.4383e-01 -1.5019e-01 -4.8203e-01 -3.2698e-01 +7.5904e-02 +2.2231e-01
787 0 +1.612875324e+01 +1.612875324e+01 +7.746875324e+01 +7.746875324e+01 +1.3349e-01 +7.5860e-01 +3.1769e-01 -7.9251e-02 -1.4226e-01 -1.4277e-01 -4.7387e-01 -2.9066e-01 +4.4171e-02 +2.3520e-01
818 0 +1.490851689e+01 +1.490851689e+01 +7.624851689e+01 +7.624851689e+01 +1.2330e-01 +8.9055e-01 +3.7687e-01 -6.5049e-02 -1.1193e-01 -1.5402e-01 -4.6068e-01 -3.4745e-01 +2.9734e-02 +2.1595e-01
859 0 +1.403102767e+01 +1.403102767e+01 +7.537102767e+01 +7.537102767e+01 +1.4766e-01 +8.5275e-01 +4.1731e-01 +2.5712e-03 -1.5907e-01 -1.4404e-01 -4.9585e-01 -3.2321e-01 +1.6565e-02 +1.9490e-01
929 0 +1.117704434e+01 +1.117704434e+01 +7.251704434e+01 +7.251704434e+01 +1.9349e-01 +7.7501e-01 +3.0185e-01 +9.0608e-02 -5.8288e-02 -7.8751e-02 -4.5594e-01 -3.6613e-01 +3.8880e-02 +2.1029e-01
