% f evaluations | g evaluations | best noise-free fitness - Fopt | noise-free fitness - Fopt (-5.465000000000e+02) | measured fitness | best measured fitness | x1 | x2...
1 0 +1.033747614e+04 +1.033747614e+04 +9.790976136e+03 +9.790976136e+03 +0.0000e+00 +0.0000e+00 +0.0000e+00 +0.0000e+00 +0.0000e+00 +0.0000e+00 +0.0000e+00 +0.0000e+00 +0.0000e+00 +0.0000e+00
7 0 +8.787576315e+03 +8.787576315e+03 +8.241076315e+03 +8.241076315e+03 +6.5363e-01 -6.2254e-02 +8.5929e-02 -2.1256e-01 +3.2606e-02 +7.3722e-01 +9.1671e-01 +4.3549e-01 -5.1367e-02 +1.0557e+00
8 0 +7.376886836e+03 +7.376886836e+03 +6.830386836e+03 +6.830386836e+03 +8.3905e-01 -6.4288e-01 +8.6212e-02 +2.7193e-01 +3.9923e-02 -1.1766e+00 -1.1723e+00 -2.2956e-01 +3.8621e-01 +1.9333e+00
13 0 +3.158716418e+03 +3.158716418e+03 +2.612216418e+03 +2.612216418e+03 +3.0147e-01 +3.6797e-01 -9.9833e-03 -2.2858e-01 +6.3831e-02 -4.0115e-01 -1.1061e+00 +3.1192e-01 +1.0075e-01 +1.8731e+00
21 0 +2.153909376e+03 +2.153909376e+03 +1.607409376e+03 +1.607409376e+03 +1.8122e+00 +7.2170e-03 -1.8622e-02 -3.8861e-01 +2.7636e-02 -9.2995e-01 -1.0829e+00 +6.5578e-01 +2.0837e-02 +2.3811e+00
22 0 +1.954495456e+02 +1.954495456e+02 -3.510504544e+02 -3.510504544e+02 +2.6911e-01 +4.0611e-01 +6.5139e-02 -5.4123e-01 +2.0512e-02 -4.1304e-01 -9.5256e-01 +7.7701e-01 -5.3416e-01 +1.6438e+00
41 0 +1.383463710e+01 +1.383463710e+01 -5.326653629e+02 -5.326653629e+02 +1.7158e-01 +6.1713e-01 +1.5597e-02 -3.2715e-01 +4.5789e-02 -1.0721e-01 -1.7194e+00 +1.5422e+00 -9.2202e-01 +2.4705e+00
48 0 +5.343999765e+00 +5.343999765e+00 -5.411560002e+02 -5.411560002e+02 -4.2775e-01 +3.7903e-01 +2.3777e-02 -3.7072e-01 +8.0763e-02 -2.2759e-01 -1.1557e+00 +1.4782e+00 -1.1138e+00 +1.3619e+00
58 0 +4.650924625e+00 +4.650924625e+00 -5.418490754e+02 -5.418490754e+02 +8.9299e-01 +1.8338e+00 +2.9979e-02 -4.1883e-01 -4.8055e-02 -8.1247e-01 -1.0936e+00 +1.5832e+00 -1.1115e+00 +2.1036e+00
83 0 +4.564731832e+00 +4.564731832e+00 -5.419352682e+02 -5.419352682e+02 +1.4454e-01 +1.3842e+00 +1.1792e-01 -4.3935e-01 -1.8079e-02 -8.5450e-01 -1.6978e+00 +9.8942e-01 -1.4272e+00 +2.2188e+00
93 0 +4.013721186e+00 +4.013721186e+00 -5.424862788e+02 -5.424862788e+02 +6.1723e-01 +1.3275e+00 +1.2706e-01 -4.0785e-01 -5.6539e-02 -1.3114e+00 -2.2869e+00 +1.2479e+00 -1.6065e+00 +1.9211e+00
110 0 +3.923207077e+00 +3.923207077e+00 -5.425767929e+02 -5.425767929e+02 +6.5687e-01 +1.7058e+00 +1.2666e-01 -3.2113e-01 -5.1468e-02 -1.0661e+00 -1.9461e+00 +6.3237e-01 -1.5878e+00 +1.9282e+00
130 0 +3.222681734e+00 +3.222681734e+00 -5.432773183e+02 -5.432773183e+02 +9.6012e-01 +1.6536e+00 +1.1893e-01 -3.0971e-01 -9.3626e-02 -7.8810e-01 -8.0708e-01 +1.0367e+00 -1.0441e+00 +2.3471e+00
442 0 +3.075705050e+00 +3.075705050e+00 -5.434242950e+02 -5.434242950e+02 +6.5814e-02 +9.6902e-01 +2.7606e-01 -6.8756e-01 -2.3831e-01 -2.5746e+00 -3.3023e-01 +1.7875e+00 -2.1035e+00 +1.7552e+00
713 0 +2.828832836e+00 +2.828832836e+00 -5.436711672e+02 -5.436711672e+02 -2.2535e+00 +2.1745e+00 +1.7654e-01 -1.5579e+00 -1.4880e-01 -2.7148e+00 -2.6374e-01 +1.7221e+00 -2.2745e+00 +1.7409e+00
880 0 +2.662661501e+00 +2.662661501e+00 -5.438373385e+02 -5.438373385e+02 -8.9706e-01 +2.3714e+00 +9.2570e-02 -1.8296e+00 -1.0822e-01 -2.6803e+00 -9.5310e-01 +1.6237e+00 -1.6475e+00 +2.2652e+00
931 0 +2.610834433e+00 +2.610834433e+00 -5.438891656e+02 -5.438891656e+02 -8.3847e-01 +2.2492e+00 +1.0755e-01 -1.8341e+00 -9.0804e-02 -2.6020e+00 -1.1024e+00 +1.9405e+00 -1.5210e+00 +1.1097e+00
936 0 +2.519525543e+00 +2.519525543e+00 -5.439804745e+02 -5.439804745e+02 -9.6614e-01 +2.2859e+00 +1.2082e-01 -1.8008e+00 -9.1184e-02 -2.6109e+00 -1.1276e+00 +1.9583e+00 -1.4701e+00 +1.0924e+00
983 0 +2.402743630e+00 +2.402743630e+00 -5.440972564e+02 -5.440972564e+02 -1.1052e+00 +2.2830e+00 +1.1997e-01 -1.8192e+00 -9.7661e-02 -2.6959e+00 -1.1333e+00 +1.8654e+00 -1.5534e+00 +1.0844e+00
% f evaluations | g evaluations | best noise-free fitness - Fopt | noise-free fitness - Fopt (1.000000000000e+03) | measured fitness | best measured fitness | x1 | x2...
1 0 +1.033747614e+04 +1.033747614e+04 +1.133747614e+04 +1.133747614e+04 +0.0000e+00 +0.0000e+00 +0.0000e+00 +0.0000e+00 +0.0000e+00 +0.0000e+00 +0.0000e+00 +0.0000e+00 +0.0000e+00 +0.0000e+00
5 0 +3.733228456e+03 +3.733228456e+03 +4.733228456e+03 +4.733228456e+03 +7.3963e-01 -6.3105e-02 +9.1924e-02 -9.6370e-01 +1.3733e-01 -2.2065e-01 -2.8296e-02 +1.4397e+00 +8.4200e-02 -6.0294e-01
13 0 +2.188474894e+03 +2.188474894e+03 +3.188474894e+03 +3.188474894e+03 +1.1522e+00 +4.4183e-01 +6.1134e-01 -1.1679e+00 +1.4372e+00 +9.7940e-02 -3.4481e-01 +1.6811e+00 -8.1063e-02 -1.8989e+00
15 0 +1.539000023e+03 +1.539000023e+03 +2.539000023e+03 +2.539000023e+03 +9.8431e-01 +1.3424e+00 +8.0977e-01 -8.1029e-01 +2.7172e-01 +6.7403e-01 +7.0243e-02 +2.7833e-01 -4.4237e-01 -1.1641e+00
16 0 +9.951063778e+02 +9.951063778e+02 +1.995106378e+03 +1.995106378e+03 +2.0611e-01 -3.8214e-02 -7.5631e-02 -4.3762e-01 +3.2451e-01 +5.7276e-01 -1.4982e-01 +1.1328e+00 -1.5146e-01 -1.2579e+00
20 0 +9.389899449e+02 +9.389899449e+02 +1.938989945e+03 +1.938989945e+03 +1.6771e-01 -2.9196e-02 +1.5448e-01 -1.1266e+00 -7.9408e-01 +5.6778e-01 -3.4122e-02 +3.3120e+00 -1.6874e-01 -9.9121e-01
22 0 +1.698777610e+02 +1.698777610e+02 +1.169877761e+03 +1.169877761e+03 -4.4442e-01 +7.2890e-01 -1.5788e-01 -1.0926e+00 -5.0998e-01 +8.1715e-01 -1.9911e-01 +2.5016e+00 -2.0573e-01 -9.7626e-01
27 0 +1.475044996e+02 +1.475044996e+02 +1.147504500e+03 +1.147504500e+03 +5.2513e-02 -2.1719e-01 +3.6284e-02 -1.2257e+00 -1.4679e-01 +6.4230e-01 -2.5107e-01 +2.7170e+00 -9.0305e-02 -1.7727e+00
32 0 +1.202128263e+02 +1.202128263e+02 +1.120212826e+03 +1.120212826e+03 -3.7824e-01 -3.8319e-01 +5.2889e-02 -1.0150e+00 +2.6682e-01 +6.7113e-01 -2.3219e-01 +2.7852e+00 -1.0564e-01 -1.1914e+00
36 0 +1.131670864e+02 +1.131670864e+02 +1.113167086e+03 +1.113167086e+03 -5.9846e-01 +8.6297e-01 -4.2179e-01 -1.3727e+00 -9.3011e-01 +7.9540e-01 -8.5407e-02 +2.6404e+00 -2.1999e-01 -1.6051e+00
63 0 +9.827016503e+01 +9.827016503e+01 +1.098270165e+03 +1.098270165e+03 -7.6066e-01 -4.1207e-02 -6.9972e-01 -5.0783e-01 -7.1041e-01 +8.5458e-01 -1.1618e-01 +2.3766e+00 -2.6226e-01 -1.2108e+00
67 0 +5.159409351e+01 +5.159409351e+01 +1.051594094e+03 +1.051594094e+03 -3.1186e-01 +1.3934e-01 -6.3811e-01 -7.6938e-01 -1.4878e+00 +8.5794e-01 -1.1748e-01 +2.5565e+00 -3.3873e-01 -1.3063e+00
75 0 +2.367495330e+01 +2.367495330e+01 +1.023674953e+03 +1.023674953e+03 -5.0670e-02 +5.5034e-03 -8.5779e-01 -6.4884e-01 -8.9006e-01 +8.5255e-01 -1.8955e-01 +2.6623e+00 -2.6992e-01 -1.5321e+00
124 0 +4.112104765e+00 +4.112104765e+00 +1.004112105e+03 +1.004112105e+03 -8.4968e-01 +1.4382e+00 -2.9225e-02 -1.0973e+00 -1.5778e+00 +1.1590e+00 -4.0059e-01 +1.3142e+00 -9.9110e-01 -1.7756e+00
145 0 +3.637499301e+00 +3.637499301e+00 +1.003637499e+03 +1.003637499e+03 -1.1666e+00 +1.4858e+00 -1.3257e-01 -1.3938e+00 -1.5010e+00 +1.2718e+00 -4.1486e-01 +6.4502e-01 -8.1383e-01 -9.8681e-01
176 0 +3.422017428e+00 +3.422017428e+00 +1.003422017e+03 +1.003422017e+03 +2.0351e-01 +1.7138e+00 +3.9623e-01 -1.4642e+00 -1.5638e-01 +1.2233e+00 -6.2422e-01 +1.2905e+00 -8.4974e-01 -1.2401e+00
% f evaluations | g evaluations | best noise-free fitness - Fopt | noise-free fitness - Fopt (2.083800000000e+02) | measured fitness | best measured fitness | x1 | x2...
1 0 +1.033747614e+04 +1.033747614e+04 +1.054585614e+04 +1.054585614e+04 +0.0000e+00 +0.0000e+00 +0.0000e+00 +0.0000e+00 +0.0000e+00 +0.0000e+00 +0.0000e+00 +0.0000e+00 +0.0000e+00 +0.0000e+00
3 0 +8.719752615e+03 +8.719752615e+03 +8.928132615e+03 +8.928132615e+03 -3.8089e-01 -2.5957e+00 -4.2645e-01 +7.9026e-01 -1.8408e-01 -3.2557e-02 +2.0466e-03 -6.0824e-01 -2.2329e-01 +7.4408e-01
7 0 +8.406961803e+03 +8.406961803e+03 +8.615341803e+03 +8.615341803e+03 +1.6997e-01 -1.0627e+00 +1.5766e+00 +1.5176e+00 +7.3073e-02 +7.8296e-04 -3.7765e-03 -4.7601e-01 +4.7098e-02 +9.4140e-01
13 0 +2.818137612e+03 +2.818137612e+03 +3.026517612e+03 +3.026517612e+03 +3.7074e-01 +5.4758e-01 +1.1409e+00 +4.9413e-01 +7.4456e-02 -6.6164e-02 +2.5207e-02 +1.7486e-01 -3.1761e-01 +8.0424e-01
18 0 +2.751106890e+03 +2.751106890e+03 +2.959486890e+03 +2.959486890e+03 +2.4798e-01 -1.1717e+00 +1.3502e+00 +1.0722e+00 +3.4903e-02 -1.2204e-01 +1.7718e-03 +2.9518e-02 -4.6046e-01 +9.4480e-01
22 0 +7.182881214e+02 +7.182881214e+02 +9.266681214e+02 +9.266681214e+02 +1.8264e-01 +2.7009e+00 +8.0904e-01 +5.2572e-01 +3.8697e-02 -3.9603e-02 +1.0205e-02 +1.0923e+00 -4.5886e-01 +1.2843e+00
37 0 +5.948710143e+02 +5.948710143e+02 +8.032510143e+02 +8.032510143e+02 +1.7415e-01 +4.5881e-01 +8.0027e-01 +1.2466e+00 +1.7625e-01 -8.9683e-02 +2.7564e-02 +5.8582e-01 -8.9862e-01 +1.0069e+00
40 0 +4.862874313e+02 +4.862874313e+02 +6.946674313e+02 +6.946674313e+02 +3.4082e-01 +1.2373e+00 +2.2474e+00 +9.2715e-01 +2.0524e-01 -5.0358e-02 +2.8246e-02 +9.6096e-01 -9.6338e-01 +1.2377e+00
92 0 +4.692844352e+02 +4.692844352e+02 +6.776644352e+02 +6.776644352e+02 -1.2717e-01 -1.1665e+00 +1.5507e-01 +8.8137e-01 +6.0044e-01 -6.0258e-02 +1.8643e-02 +8.2536e-01 -8.6363e-01 +1.7362e+00
111 0 +4.409993379e+02 +4.409993379e+02 +6.493793379e+02 +6.493793379e+02 +8.5462e-02 +1.6580e+00 -2.3580e-01 +1.5033e+00 +4.6558e-01 -9.8479e-03 +1.8408e-02 +1.4803e+00 -1.1905e+00 +1.2085e+00
756 0 +1.178974009e+02 +1.178974009e+02 +3.262774009e+02 +3.262774009e+02 -2.0114e+00 -1.7873e+00 +3.4742e+00 -4.3109e-01 -3.3378e-01 +1.2643e+00 +4.6591e-01 +2.5883e+00 -3.2529e-01 +2.4111e+00
763 0 +6.990644023e+01 +6.990644023e+01 +2.782864402e+02 +2.782864402e+02 -1.9694e+00 -1.4274e+00 +3.4482e+00 -2.2787e-01 -2.5663e-01 +1.2358e+00 +4.5963e-01 +2.7459e+00 -4.6029e-01 +2.4257e+00
780 0 +2.950985043e+01 +2.950985043e+01 +2.378898504e+02 +2.378898504e+02 -1.8148e+00 -1.5496e+00 +3.2765e+00 +3.8077e-01 -3.4493e-01 +1.2605e+00 +4.5568e-01 +2.2065e+00 -3.7103e-01 +2.6733e+00
783 0 +3.117660560e+00 +3.117660560e+00 +2.114976606e+02 +2.114976606e+02 -2.1223e+00 -1.0086e+00 +3.0747e+00 +4.9087e-01 -2.4091e-01 +1.3041e+00 +4.6709e-01 +2.4260e+00 -4.1112e-01 +2.4346e+00
% f evaluations | g evaluations | best noise-free fitness - Fopt | noise-free fitness - Fopt (-1.449600000000e+02) | measured fitness | best measured fitness | x1 | x2...
1 0 +1.033747614e+04 +1.033747614e+04 +1.019251614e+04 +1.019251614e+04 +0.0000e+00 +0.0000e+00 +0.0000e+00 +0.0000e+00 +0.0000e+00 +0.0000e+00 +0.0000e+00 +0.0000e+00 +0.0000e+00 +0.0000e+00
2 0 +6.049157193e+03 +6.049157193e+03 +5.904197193e+03 +5.904197193e+03 -3.7241e-01 -2.1641e-01 -1.5836e-01 -2.5771e-01 +1.1293e+00 +1.5269e-01 +5.0711e-01 +3.5479e+00 +1.9974e-02 +4.3660e-01
19 0 +3.894074020e+02 +3.894074020e+02 +2.444474020e+02 +2.444474020e+02 -9.7684e-01 +1.0416e-01 -1.0282e+00 +1.8372e-01 -4.9580e-01 -2.7213e-01 -4.5962e-01 +2.3174e+00 -1.4864e-01 +2.2479e+00
23 0 +1.629232720e+02 +1.629232720e+02 +1.796327205e+01 +1.796327205e+01 -4.1000e-02 +1.4143e-01 -9.3900e-01 -5.4155e-02 -9.3763e-02 +1.8170e-01 -5.5598e-01 +2.6217e+00 -9.4685e-02 +2.3254e+00
32 0 +1.219904383e+02 +1.219904383e+02 -2.296956173e+01 -2.296956173e+01 -1.1967e+00 -2.4933e-01 -1.8265e+00 -1.1302e-01 -5.6061e-01 -5.1749e-02 -5.7146e-01 +2.4368e+00 -1.8691e-01 +1.1604e+00
135 0 +1.318692288e+01 +1.318692288e+01 -1.317730771e+02 -1.317730771e+02 -2.2630e+00 +9.0151e-01 -2.1312e+00 +3.9788e-01 -2.7667e+00 +9.4401e-01 -4.1038e-01 +2.7534e+00 -2.9832e-01 +1.4281e+00
209 0 +4.557621596e+00 +4.557621596e+00 -1.404023784e+02 -1.404023784e+02 -2.3696e+00 +4.0905e-01 -1.2174e+00 -7.7473e-01 +4.9047e-03 +2.1787e-01 -4.7944e-01 +2.3657e+00 -4.2553e-01 +2.3751e+00
% f evaluations | g evaluations | best noise-free fitness - Fopt | noise-free fitness - Fopt (-6.300000000000e+00) | measured fitness | best measured fitness | x1 | x2...
1 0 +1.033747614e+04 +1.033747614e+04 +1.033117614e+04 +1.033117614e+04 +0.0000e+00 +0.0000e+00 +0.0000e+00 +0.0000e+00 +0.0000e+00 +0.0000e+00 +0.0000e+00 +0.0000e+00 +0.0000e+00 +0.0000e+00
2 0 +6.507694574e+03 +6.507694574e+03 +6.501394574e+03 +6.501394574e+03 +5.6618e-01 +1.4286e+00 -7.2189e-01 +1.8045e-01 +3.8305e-01 -4.8810e-02 +8.0952e-01 +4.8175e-01 +3.2551e-03 +1.0002e+00
12 0 +5.872374824e+03 +5.872374824e+03 +5.866074824e+03 +5.866074824e+03 -1.1135e+00 -1.7166e+00 -1.5964e+00 -2.3326e-01 -9.4694e-01 +3.7723e-02 +2.0059e-01 +5.8962e-02 +1.9735e-01 +3.5618e-01
14 0 +4.143887492e+03 +4.143887492e+03 +4.137587492e+03 +4.137587492e+03 +1.2318e-01 -2.3119e+00 -9.4707e-01 +5.8371e-01 +4.7654e-01 -6.0824e-02 +8.8616e-01 +1.1197e-01 +8.1991e-02 +8.4642e-01
20 0 +3.910310116e+03 +3.910310116e+03 +3.904010116e+03 +3.904010116e+03 +9.1632e-01 +2.2429e+00 -5.9451e-01 -1.4766e-01 -7.3450e-01 -1.5214e-01 +8.5121e-01 -2.5819e-02 +1.4743e-01 +6.3738e-01
22 0 +2.259007550e+03 +2.259007550e+03 +2.252707550e+03 +2.252707550e+03 +8.6006e-01 +2.1625e+00 -7.9168e-01 +1.3369e-01 -1.2071e-01 -5.7809e-02 +3.6391e-01 -1.8515e-01 +3.2012e-01 +7.8765e-01
31 0 +1.800903313e+03 +1.800903313e+03 +1.794603313e+03 +1.794603313e+03 +1.8410e+00 -1.7626e-01 -3.9489e-01 +7.8126e-01 -4.4414e-01 -1.0616e-01 +3.2527e-01 -2.6160e-01 +2.4759e-01 +1.2945e+00
35 0 +8.044718292e+02 +8.044718292e+02 +7.981718292e+02 +7.981718292e+02 +3.2856e-01 +6.0275e-01 -2.0607e-01 +2.0307e+00 -5.6807e-01 -1.1535e-01 +2.3044e+00 -3.3285e-01 +3.8488e-01 +1.5886e+00
50 0 +1.941817637e+02 +1.941817637e+02 +1.878817637e+02 +1.878817637e+02 +2.1871e+00 +1.6269e+00 -1.0770e+00 -7.1820e-01 -1.3090e+00 -1.2784e-01 +1.3856e+00 -1.2887e+00 +4.0677e-01 +1.5640e+00
88 0 +1.026980107e+02 +1.026980107e+02 +9.639801075e+01 +9.639801075e+01 -2.1740e+00 +5.7759e-01 -3.3250e+00 +1.0302e+00 -2.9378e-01 -1.0984e-01 +3.0896e-01 -2.4526e+00 +2.9864e-01 +1.5956e+00
138 0 +1.743751854e+01 +1.743751854e+01 +1.113751854e+01 +1.113751854e+01 -1.1425e+00 +1.0447e+00 -2.8382e+00 +1.5498e+00 -2.0452e+00 -1.1040e-01 +1.1716e+00 -2.2494e+00 +3.4698e-01 +2.1329e+00
158 0 +4.376509611e+00 +4.376509611e+00 -1.923490389e+00 -1.923490389e+00 -1.1546e+00 +6.7278e-01 -2.5867e+00 +1.3174e+00 -1.3746e+00 -1.4442e-01 +1.5035e+00 -2.3907e+00 +3.7311e-01 +2.5626e+00
% f evaluations | g evaluations | best noise-free fitness - Fopt | noise-free fitness - Fopt (-1.367600000000e+02) | measured fitness | best measured fitness | x1 | x2...
1 0 +1.033747614e+04 +1.033747614e+04 +1.020071614e+04 +1.020071614e+04 +0.0000e+00 +0.0000e+00 +0.0000e+00 +0.0000e+00 +0.0000e+00 +0.0000e+00 +0.0000e+00 +0.0000e+00 +0.0000e+00 +0.0000e+00
2 0 +9.380400012e+03 +9.380400012e+03 +9.243640012e+03 +9.243640012e+03 -4.0459e-01 +7.0994e-01 -9.7992e-01 +1.7525e+00 +1.3129e+00 +2.3358e+00 +1.7638e-01 +1.1061e+00 -8.9947e-01 -9.4560e-01
29 0 +7.280216107e+03 +7.280216107e+03 +7.143456107e+03 +7.143456107e+03 +6.1057e-01 -1.5704e+00 +2.6994e+00 +1.6514e-01 -1.2662e+00 -1.9368e+00 -2.6278e-01 +3.0766e+00 +1.6877e-01 -1.1714e+00
34 0 +3.599713762e+03 +3.599713762e+03 +3.462953762e+03 +3.462953762e+03 +8.3623e-01 -1.1805e+00 +2.9628e+00 +7.0706e-01 -2.3015e+00 -4.5791e-01 +3.1502e-01 +2.5184e+00 +1.0249e+00 -1.7268e+00
41 0 +1.627893825e+03 +1.627893825e+03 +1.491133825e+03 +1.491133825e+03 +6.1499e-01 -2.1273e+00 +1.9609e+00 +8.6834e-01 +5.9161e-01 -2.5261e-01 -7.2224e-02 +2.9020e+00 +3.1333e-01 -7.8269e-01
59 0 +1.143089813e+03 +1.143089813e+03 +1.006329813e+03 +1.006329813e+03 +7.5008e-01 -1.2451e+00 +2.5525e+00 +7.6093e-01 -1.9021e+00 +1.6774e+00 -4.4790e-01 +2.3979e+00 +9.4567e-01 -1.3602e+00
77 0 +4.344814126e+02 +4.344814126e+02 +2.977214126e+02 +2.977214126e+02 +1.1134e+00 -1.0621e+00 +1.7532e+00 +1.1524e+00 -1.5875e+00 +5.5534e-01 -3.8744e-01 +3.0025e+00 +1.6192e+00 -1.6900e+00
109 0 +2.125000723e+02 +2.125000723e+02 +7.574007234e+01 +7.574007234e+01 +2.7003e-01 -2.0563e-02 +4.5433e-01 +5.7098e-01 -1.6108e+00 +1.0335e+00 -8.2064e-01 +2.6344e+00 +1.8071e+00 -4.9847e-01
114 0 +4.353992049e+00 +4.353992049e+00 -1.324060080e+02 -1.324060080e+02 -2.1968e-01 -2.7523e-01 -9.3572e-01 +6.2730e-01 -1.5786e+00 +4.2115e-01 -5.0732e-01 +2.0180e+00 +2.2135e+00 -7.0473e-01
130 0 +3.695447857e+00 +3.695447857e+00 -1.330645521e+02 -1.330645521e+02 +5.5947e-01 +6.0705e-01 -1.3848e+00 -8.0415e-01 -4.2317e-01 +1.0075e+00 -6.3888e-01 +5.8161e-01 +2.1200e+00 -1.0334e+00
197 0 +3.393534734e+00 +3.393534734e+00 -1.333664653e+02 -1.333664653e+02 +1.1398e+00 -1.3582e+00 -1.3153e+00 -1.1964e-01 -8.2781e-01 +1.8095e+00 -9.1764e-01 +2.3302e+00 +8.6944e-01 -1.4451e+00
216 0 +2.938581230e+00 +2.938581230e+00 -1.338214188e+02 -1.338214188e+02 +1.1824e+00 -1.0907e+00 -4.4114e-01 -5.1616e-01 -5.8324e-01 +2.4204e+00 -7.7577e-01 +2.3178e+00 +7.7744e-01 -2.4025e+00
576 0 +2.764616581e+00 +2.764616581e+00 -1.339953834e+02 -1.339953834e+02 +1.7100e+00 -1.2281e+00 -2.2773e+00 -3.4639e-01 -2.8352e+00 +1.3009e+00 -1.2393e+00 +9.4136e-01 +2.0343e+00 -1.3020e+00
596 0 +2.306019963e+00 +2.306019963e+00 -1.344539800e+02 -1.344539800e+02 +1.8509e+00 -1.1678e+00 -2.3487e+00 +1.3994e-02 -2.5818e+00 +1.1298e+00 -1.1158e+00 +8.6247e-01 +2.4713e+00 -9.1652e-01
607 0 +2.045999914e+00 +2.045999914e+00 -1.347140001e+02 -1.347140001e+02 +2.0373e+00 -1.4133e+00 -2.1693e+00 +2.2880e-01 -2.5356e+00 +5.7137e-02 -1.2845e+00 +8.0641e-01 +2.4237e+00 -1.4202e+00
% f evaluations | g evaluations | best noise-free fitness - Fopt | noise-free fitness - Fopt (3.667500000000e+02) | measured fitness | best measured fitness | x1 | x2...
1 0 +1.033747614e+04 +1.033747614e+04 +1.070422614e+04 +1.070422614e+04 +0.0000e+00 +0.0000e+00 +0.0000e+00 +0.0000e+00 +0.0000e+00 +0.0000e+00 +0.0000e+00 +0.0000e+00 +0.0000e+00 +0.0000e+00
3 0 +5.496295580e+03 +5.496295580e+03 +5.863045580e+03 +5.863045580e+03 +3.3786e-01 +2.1084e-01 +2.7179e-01 -6.5361e-01 +4.7637e-02 +8.1652e-02 +1.6000e+00 +1.6668e+00 -3.6219e-01 -6.2550e-02
8 0 +4.080972934e+03 +4.080972934e+03 +4.447722934e+03 +4.447722934e+03 -5.7708e-01 -3.2640e-01 +1.1168e-01 -5.9926e-01 -4.0296e-01 -1.9023e+00 +8.2644e-01 +3.8764e-01 +1.6884e-01 +8.9623e-01
12 0 +1.816211337e+03 +1.816211337e+03 +2.182961337e+03 +2.182961337e+03 -3.5622e-02 -1.2397e-01 +4.8585e-01 -1.8641e-02 -2.6136e-01 -7.4377e-01 +1.5940e+00 +2.1700e+00 -5.4773e-01 +3.6838e-01
19 0 +1.355335161e+03 +1.355335161e+03 +1.722085161e+03 +1.722085161e+03 -4.3691e-01 -4.3252e-01 +8.0087e-01 +4.2830e-01 +1.7188e-01 -7.0062e-01 -1.0985e-01 +1.7879e+00 +4.1934e-02 +1.2179e+00
23 0 +4.204401512e+00 +4.204401512e+00 +3.709544015e+02 +3.709544015e+02 -8.8603e-01 +3.1566e-02 -6.8943e-02 +6.5751e-01 -2.0814e-01 -2.4684e+00 +1.1290e+00 +2.4902e+00 -3.8818e-01 +1.2950e+00
112 0 +3.028032370e+00 +3.028032370e+00 +3.697780324e+02 +3.697780324e+02 -5.9518e-01 +1.3733e+00 +2.0442e-01 +1.4691e+00 +2.3570e-02 -8.4456e-01 +7.1445e-01 +1.9756e+00 -8.0615e-01 +1.3016e+00
209 0 +2.801159062e+00 +2.801159062e+00 +3.695511591e+02 +3.695511591e+02 -1.0336e+00 +6.1130e-01 +1.1248e-01 +1.0311e+00 +1.2722e-01 -2.6231e+00 +2.0949e+00 +1.7031e+00 -8.1487e-01 +1.8287e+00
307 0 +2.749429521e+00 +2.749429521e+00 +3.694994295e+02 +3.694994295e+02 -9.8572e-01 +7.0836e-01 +9.5427e-01 +9.4827e-01 +1.6009e-01 -2.1270e+00 +1.5857e+00 +1.7179e+00 -9.4232e-01 +1.2607e+00
318 0 +2.621180611e+00 +2.621180611e+00 +3.693711806e+02 +3.693711806e+02 -9.6274e-01 +8.2225e-01 +1.1350e+00 +1.2223e+00 +1.3713e-01 -2.5823e+00 +1.4880e+00 +1.6111e+00 -8.2451e-01 +1.2976e+00
348 0 +2.523838454e+00 +2.523838454e+00 +3.692738385e+02 +3.692738385e+02 -1.0845e+00 +7.5863e-01 +1.4346e+00 +1.3135e+00 +1.4091e-01 -2.5963e+00 +1.5026e+00 +1.9052e+00 -7.9483e-01 +1.3367e+00
392 0 +2.323159236e+00 +2.323159236e+00 +3.690731592e+02 +3.690731592e+02 -9.5436e-01 +6.0696e-01 +1.1212e+00 +1.6349e+00 +1.8196e-01 -2.5808e+00 +1.4045e+00 +2.2486e+00 -8.3822e-01 +1.3084e+00
512 0 +2.196477913e+00 +2.196477913e+00 +3.689464779e+02 +3.689464779e+02 -1.1766e+00 +8.5644e-01 +1.2702e+00 +1.6389e+00 +3.3040e-02 -2.6083e+00 +1.4771e+00 +1.2882e+00 -1.0124e+00 +1.2318e+00
599 0 +2.119236944e+00 +2.119236944e+00 +3.688692369e+02 +3.688692369e+02 -1.0504e+00 +7.0595e-01 +1.4277e+00 +1.5058e+00 +1.3002e-01 -2.6631e+00 +1.4442e+00 +1.4607e+00 -9.6714e-01 +1.2404e+00
600 0 +2.056928083e+00 +2.056928083e+00 +3.688069281e+02 +3.688069281e+02 -1.0287e+00 +8.3120e-01 +1.4717e+00 +1.5265e+00 +1.5810e-01 -2.6445e+00 +1.4464e+00 +1.5074e+00 -9.2287e-01 +1.2465e+00
658 0 +1.997665932e+00 +1.997665932e+00 +3.687476659e+02 +3.687476659e+02 -9.3346e-01 +7.6640e-01 +1.4468e+00 +1.5029e+00 +1.2556e-01 -2.6419e+00 +1.4380e+00 +1.3534e+00 -9.8448e-01 +1.2369e+00
674 0 +1.982919752e+00 +1.982919752e+00 +3.687329198e+02 +3.687329198e+02 -9.0975e-01 +7.8015e-01 +1.4275e+00 +1.4963e+00 +9.1440e-02 -2.5969e+00 +1.4637e+00 +1.4216e+00 -9.6908e-01 +1.2425e+00
839 0 +1.931901641e+00 +1.931901641e+00 +3.686819016e+02 +3.686819016e+02 -1.0045e+00 +8.3315e-01 +1.4308e+00 +1.5571e+00 +2.3491e-02 -2.6046e+00 +1.4915e+00 +1.5385e+00 -9.2187e-01 +1.2623e+00
883 0 +1.904023716e+00 +1.904023716e+00 +3.686540237e+02 +3.686540237e+02 -1.0317e+00 +8.0382e-01 +1.3798e+00 +1.5475e+00 +3.9044e-02 -2.6154e+00 +1.4657e+00 +1.5340e+00 -9.5528e-01 +1.2530e+00
% f evaluations | g evaluations | best noise-free fitness - Fopt | noise-free fitness - Fopt (-2.486900000000e+02) | measured fitness | best measured fitness | x1 | x2...
1 0 +1.033747614e+04 +1.033747614e+04 +1.008878614e+04 +1.008878614e+04 +0.0000e+00 +0.0000e+00 +0.0000e+00 +0.0000e+00 +0.0000e+00 +0.0000e+00 +0.0000e+00 +0.0000e+00 +0.0000e+00 +0.0000e+00
4 0 +8.392807395e+03 +8.392807395e+03 +8.144117395e+03 +8.144117395e+03 +5.5225e-01 -5.7049e-01 +2.7672e-01 +1.0077e+00 -2.9863e+00 +5.8094e-02 +4.7967e-01 -7.6024e-03 -6.7188e-01 -4.9309e-02
5 0 +7.477986711e+03 +7.477986711e+03 +7.229296711e+03 +7.229296711e+03 -4.2704e-01 -1.9295e+00 -4.5193e-01 -6.7800e-01 -1.5737e+00 +3.3477e-02 +9.2561e-01 +4.7522e-02 -2.3045e+00 +5.8579e-02
8 0 +2.953814011e+03 +2.953814011e+03 +2.705124011e+03 +2.705124011e+03 -3.8937e-01 +1.7741e-02 +1.3405e+00 +5.9965e-02 -7.4510e-01 +1.8075e-03 -8.7016e-01 +2.4843e-01 -3.0564e+00 -1.6710e-01
79 0 +2.512289331e+03 +2.512289331e+03 +2.263599331e+03 +2.263599331e+03 +8.4776e-01 -1.8196e-01 -2.2084e+00 +4.7455e-01 -6.0837e-01 +9.1105e-02 -3.6109e+00 +2.8770e-02 -3.0333e+00 +2.9807e-01
83 0 +1.301652918e+03 +1.301652918e+03 +1.052962918e+03 +1.052962918e+03 +2.5738e+00 +6.9673e-01 -9.0673e-01 -7.2093e-01 -2.2665e+00 +9.7227e-02 -2.3173e+00 +1.5381e-01 -2.0182e+00 +2.0673e-01
86 0 +4.104000497e+02 +4.104000497e+02 +1.617100497e+02 +1.617100497e+02 +7.6883e-01 -3.9700e-01 -1.0820e+00 +1.1935e+00 -6.5821e-01 +5.7088e-02 -2.9849e+00 +1.9670e-01 -2.3465e+00 +3.4091e-01
115 0 +1.348042774e+02 +1.348042774e+02 -1.138857226e+02 -1.138857226e+02 -1.2415e+00 -1.7461e+00 +8.3802e-01 -2.1673e-01 -3.0984e+00 -9.9359e-02 -3.0660e+00 +3.4307e-03 -2.4784e+00 +5.6693e-01
% f evaluations | g evaluations | best noise-free fitness - Fopt | noise-free fitness - Fopt (-6.786000000000e+01) | measured fitness | best measured fitness | x1 | x2...
1 0 +1.033747614e+04 +1.033747614e+04 +1.026961614e+04 +1.026961614e+04 +0.0000e+00 +0.0000e+00 +0.0000e+00 +0.0000e+00 +0.0000e+00 +0.0000e+00 +0.0000e+00 +0.0000e+00 +0.0000e+00 +0.0000e+00
5 0 +9.441524449e+03 +9.441524449e+03 +9.373664449e+03 +9.373664449e+03 +2.4805e+00 +4.4101e-02 +1.4520e+00 +1.6904e-01 +3.9232e-03 -2.1930e+00 -2.2096e-01 -3.1543e-01 -2.9719e-02 +1.0532e-01
15 0 +6.209715233e+03 +6.209715233e+03 +6.141855233e+03 +6.141855233e+03 +1.9577e+00 -2.3398e-02 +2.5519e+00 -9.3779e-02 +1.4167e-01 -5.4585e-01 +1.4465e-01 -2.4212e-01 -4.7514e-01 +6.0212e-02
25 0 +3.423752535e+03 +3.423752535e+03 +3.355892535e+03 +3.355892535e+03 +4.2677e-01 +7.2578e-02 +1.6057e+00 -1.4074e-01 +8.3397e-02 -8.5612e-01 +6.4969e-02 -1.4679e+00 -3.5193e-01 -2.0248e-01
32 0 +1.823813085e+03 +1.823813085e+03 +1.755953085e+03 +1.755953085e+03 +2.9104e+00 +5.2600e-02 -3.6361e-01 -1.4078e-01 +4.8486e-02 -2.1189e+00 +3.8429e-01 -1.0115e+00 -9.4706e-01 -2.7594e-01
41 0 +1.047924442e+03 +1.047924442e+03 +9.800644416e+02 +9.800644416e+02 +2.0649e+00 +5.6509e-02 +6.3521e-02 -2.7095e-01 +7.2908e-02 -4.7032e-01 +2.2199e-01 -1.4780e-01 -1.3127e+00 -5.8160e-01
60 0 +4.494446999e+02 +4.494446999e+02 +3.815846999e+02 +3.815846999e+02 +6.4530e-01 -1.6725e-01 +6.0682e-01 -4.4159e-01 -1.6198e-01 -2.9137e-01 +8.0703e-01 -2.1746e+00 -7.1417e-01 -6.6327e-01
64 0 +3.425050312e+02 +3.425050312e+02 +2.746450312e+02 +2.746450312e+02 +9.4548e-01 -1.1595e-01 +5.9034e-01 -1.1203e+00 -2.2862e-01 -2.1347e+00 +1.8858e+00 -9.4038e-01 -6.3821e-01 -8.4335e-01
125 0 +2.824217292e+02 +2.824217292e+02 +2.145617292e+02 +2.145617292e+02 -2.4105e+00 +9.9696e-01 +2.7186e+00 +9.1379e-01 -1.4209e-01 -2.7958e+00 +4.0726e-01 -3.0308e+00 -1.7637e+00 -8.4274e-01
150 0 +7.419243463e+01 +7.419243463e+01 +6.332434632e+00 +6.332434632e+00 -2.5335e+00 +1.0161e+00 +2.2602e+00 +7.3582e-01 -2.3396e-01 -1.9403e+00 +1.6437e+00 -1.6721e-01 -2.1413e+00 -1.2419e+00
151 0 +9.450894190e+00 +9.450894190e+00 -5.840910581e+01 -5.840910581e+01 -2.6168e+00 +9.7680e-01 +1.7413e+00 +8.2045e-01 -1.0408e-01 -2.7830e+00 +1.5970e-01 -1.1666e+00 -1.9280e+00 -1.2383e+00
159 0 +4.038101230e+00 +4.038101230e+00 -6.382189877e+01 -6.382189877e+01 +1.8362e-02 +9.5709e-01 +1.8677e+00 +8.7671e-01 -1.5883e-01 -2.4948e+00 +1.1626e+00 -1.3843e+00 -1.6959e+00 -1.1652e+00
162 0 +3.318964654e+00 +3.318964654e+00 -6.454103535e+01 -6.454103535e+01 +7.9768e-01 +9.7156e-01 +1.4009e+00 +1.0854e+00 -1.7273e-01 -2.6476e+00 +2.9875e-01 -1.3239e+00 -2.0250e+00 -9.2094e-01
220 0 +3.178533789e+00 +3.178533789e+00 -6.468146621e+01 -6.468146621e+01 -1.3619e+00 +1.0476e+00 +1.6518e+00 +9.4170e-01 -1.1835e-01 -6.5930e-01 +7.3638e-01 -1.2321e+00 -2.3606e+00 -8.7251e-01
% f evaluations | g evaluations | best noise-free fitness - Fopt | noise-free fitness - Fopt (-2.329000000000e+01) | measured fitness | best measured fitness | x1 | x2...
1 0 +1.033747614e+04 +1.033747614e+04 +1.031418614e+04 +1.031418614e+04 +0.0000e+00 +0.0000e+00 +0.0000e+00 +0.0000e+00 +0.0000e+00 +0.0000e+00 +0.0000e+00 +0.0000e+00 +0.0000e+00 +0.0000e+00
4 0 +7.730601555e+03 +7.730601555e+03 +7.707311555e+03 +7.707311555e+03 +6.1471e-01 -5.1995e-01 +4.8912e-02 +2.3361e-01 -1.1123e-01 +6.5339e-01 -2.6745e-01 -2.7682e-01 +3.9898e+00 -4.2083e-01
10 0 +7.511542021e+03 +7.511542021e+03 +7.488252021e+03 +7.488252021e+03 +3.9265e-01 -1.0764e+00 +1.5153e+00 -2.5731e+00 +1.9060e-01 -3.2995e-01 +5.1537e-01 -5.3216e-01 +2.3486e+00 +4.9597e-01
% f evaluations | g evaluations | best noise-free fitness - Fopt | noise-free fitness - Fopt (-1.028000000000e+01) | measured fitness | best measured fitness | x1 | x2...
1 0 +1.033747614e+04 +1.033747614e+04 +1.032719614e+04 +1.032719614e+04 +0.0000e+00 +0.0000e+00 +0.0000e+00 +0.0000e+00 +0.0000e+00 +0.0000e+00 +0.0000e+00 +0.0000e+00 +0.0000e+00 +0.0000e+00
3 0 +9.615676151e+03 +9.615676151e+03 +9.605396151e+03 +9.605396151e+03 +3.8032e-01 -8.3776e-03 +4.3196e-01 +1.3239e+00 -8.7744e-02 -4.7536e-01 +4.1848e-04 +1.5867e-02 +6.9845e-02 -4.7341e-02
6 0 +6.155345593e+03 +6.155345593e+03 +6.145065593e+03 +6.145065593e+03 +2.2268e+00 -1.4636e-03 -2.9399e-01 +1.0219e+00 -1.7916e+00 +2.9175e-01 +1.1162e-01 +2.4767e-02 -1.7077e-01 -1.1729e+00
12 0 +3.468655857e+03 +3.468655857e+03 +3.458375857e+03 +3.458375857e+03 +1.9870e+00 +5.0890e-04 +1.0504e+00 +8.7025e-01 -1.5216e+00 -8.1865e-02 -2.6757e-02 -1.0207e-01 +1.5437e-01 -1.4057e+00
25 0 +3.283538970e+03 +3.283538970e+03 +3.273258970e+03 +3.273258970e+03 +1.6376e+00 -3.0150e-04 +2.0085e+00 +9.7482e-01 -2.8615e+00 +1.2587e-01 -3.9906e-03 +2.1171e-02 +3.2621e-01 -2.0061e+00
32 0 +2.126353180e+03 +2.126353180e+03 +2.116073180e+03 +2.116073180e+03 +1.8795e+00 +5.7561e-04 +2.3160e+00 +9.1232e-01 -2.4096e+00 -2.0891e-02 -2.1583e-02 -9.5859e-02 +5.1444e-01 -1.5226e+00
47 0 +1.823290841e+03 +1.823290841e+03 +1.813010841e+03 +1.813010841e+03 +1.5939e+00 +1.4750e-03 +1.8349e+00 +1.0797e+00 -1.4105e+00 +2.7463e-02 +4.4242e-02 -2.1247e-03 +7.8002e-01 -1.4988e+00
62 0 +1.640377150e+03 +1.640377150e+03 +1.630097150e+03 +1.630097150e+03 +1.5318e+00 +4.5162e-04 +2.0463e+00 +8.8519e-01 -1.3678e+00 +1.0321e-01 +8.7535e-02 -7.3773e-02 +6.6760e-01 -1.2400e+00
76 0 +1.611253195e+03 +1.611253195e+03 +1.600973195e+03 +1.600973195e+03 +2.2937e+00 +1.0408e-03 +1.7214e+00 +1.1710e+00 -7.1251e-01 +7.8036e-02 +1.1356e-01 -6.4802e-02 +6.9778e-01 -9.8073e-01
78 0 +1.451854653e+03 +1.451854653e+03 +1.441574653e+03 +1.441574653e+03 +1.4966e+00 -9.8753e-05 +2.5369e+00 +1.1222e+00 -1.5643e+00 +8.4481e-02 +8.9293e-02 -6.5696e-02 +8.2085e-01 -1.4604e+00
82 0 +1.119572411e+03 +1.119572411e+03 +1.109292411e+03 +1.109292411e+03 +1.2281e+00 +6.3296e-03 +2.8075e+00 +1.0680e+00 -9.3459e-01 -1.8405e-02 +9.9499e-02 -1.5081e-01 +8.2232e-01 -1.3148e+00
92 0 +1.056413857e+03 +1.056413857e+03 +1.046133857e+03 +1.046133857e+03 +1.2860e+00 +1.7346e-03 +3.3591e+00 +1.4851e+00 -1.2888e+00 -1.2777e-01 +9.0383e-02 -2.0347e-01 +9.7332e-01 -1.1220e+00
93 0 +6.431299621e+02 +6.431299621e+02 +6.328499621e+02 +6.328499621e+02 +1.9202e+00 +7.1608e-03 +1.6188e+00 +8.2923e-01 -1.7095e+00 +2.9189e-02 +1.2386e-01 -3.2504e-01 +9.9524e-01 -1.0752e+00
102 0 +5.163287349e+02 +5.163287349e+02 +5.060487349e+02 +5.060487349e+02 +2.0507e+00 +9.7759e-03 +1.6758e+00 +9.3118e-01 -1.0457e+00 +1.1459e-01 +1.1573e-01 -4.3206e-01 +9.3589e-01 -9.8025e-01
113 0 +4.856425868e+02 +4.856425868e+02 +4.753625868e+02 +4.753625868e+02 +1.3382e+00 +9.6498e-03 +1.4381e+00 +1.0561e+00 -1.5672e+00 -4.9973e-02 +9.0527e-02 -4.6438e-01 +9.4949e-01 -1.3050e+00
130 0 +4.534004147e+02 +4.534004147e+02 +4.431204147e+02 +4.431204147e+02 +1.3752e+00 +7.7685e-03 +8.2094e-01 +4.5774e-01 -1.7655e+00 +9.0282e-02 +7.6349e-02 -5.3868e-01 +1.1404e+00 -1.6872e+00
131 0 +4.037664153e+02 +4.037664153e+02 +3.934864153e+02 +3.934864153e+02 +1.7935e+00 +5.9491e-03 +1.3392e+00 +1.1992e+00 -1.7084e-01 -7.8461e-02 +1.3309e-01 -5.5209e-01 +1.1504e+00 -1.5246e+00
135 0 +2.847969524e+02 +2.847969524e+02 +2.745169524e+02 +2.745169524e+02 +1.4966e+00 +4.8505e-03 +7.1327e-01 +8.0480e-02 -8.9230e-01 +8.0521e-02 +1.3250e-01 -6.6821e-01 +1.1418e+00 -9.8450e-01
136 0 +2.328532482e+02 +2.328532482e+02 +2.225732482e+02 +2.225732482e+02 +8.8390e-01 +1.1614e-02 +2.3771e+00 +1.2930e+00 -1.6789e+00 +3.2625e-03 +2.1272e-01 -5.5243e-01 +1.3292e+00 -1.6101e+00
137 0 +9.972721992e+01 +9.972721992e+01 +8.944721992e+01 +8.944721992e+01 +3.6466e-01 +4.4342e-03 +2.5871e-01 +3.6000e-02 -1.9778e+00 -4.7005e-01 +1.7349e-01 -6.1361e-01 +1.1284e+00 -2.3603e+00
193 0 +7.187400393e+00 +7.187400393e+00 -3.092599607e+00 -3.092599607e+00 -6.3633e-01 -1.0275e-03 +2.9922e+00 +5.3777e-01 -5.9633e-01 -8.2091e-01 +2.6598e-01 -9.1873e-01 +2.2038e+00 -9.0214e-01
203 0 +4.154449897e+00 +4.154449897e+00 -6.125550103e+00 -6.125550103e+00 +4.0140e-01 +6.5064e-03 +2.4934e+00 +1.6222e-01 -7.2450e-01 -1.0213e+00 +2.3631e-01 -7.4229e-01 +1.9118e+00 -9.1163e-01
226 0 +4.055898782e+00 +4.055898782e+00 -6.224101218e+00 -6.224101218e+00 +8.4520e-01 +1.2148e-02 +9.1928e-01 -8.4952e-01 -1.6247e-01 -1.6534e+00 +2.4983e-01 -7.6148e-01 +2.0496e+00 -1.2927e+00
306 0 +3.798100117e+00 +3.798100117e+00 -6.481899883e+00 -6.481899883e+00 +7.0737e-01 +2.5859e-02 +4.6803e-01 -7.7688e-01 -1.4306e+00 -1.6930e+00 +2.5671e-01 -1.0600e+00 +9.9592e-01 -1.8300e+00
329 0 +3.545947935e+00 +3.545947935e+00 -6.734052065e+00 -6.734052065e+00 +6.2769e-01 +2.7039e-02 +5.9927e-01 -5.4357e-01 -1.3624e+00 -1.7519e+00 +2.7318e-01 -1.0470e+00 +1.0503e+00 -2.0109e+00
333 0 +3.244345084e+00 +3.244345084e+00 -7.035654916e+00 -7.035654916e+00 +8.4875e-01 +2.6912e-02 +5.2615e-01 -6.5121e-01 -1.2582e+00 -1.7160e+00 +2.6570e-01 -1.0448e+00 +1.0793e+00 -2.0250e+00
418 0 +3.071048453e+00 +3.071048453e+00 -7.208951547e+00 -7.208951547e+00 +9.2348e-01 +3.2153e-02 -2.7052e-01 -7.2421e-01 -7.6020e-01 -2.0525e+00 +3.0273e-01 -1.0962e+00 +1.0869e+00 -2.4208e+00
424 0 +2.930674837e+00 +2.930674837e+00 -7.349325163e+00 -7.349325163e+00 +1.1054e+00 +3.1653e-02 -1.4994e-01 -7.6180e-01 -8.5718e-01 -2.0561e+00 +2.9579e-01 -1.1071e+00 +1.0695e+00 -2.4128e+00
431 0 +2.498585125e+00 +2.498585125e+00 -7.781414875e+00 -7.781414875e+00 +9.4953e-01 +3.1950e-02 -2.3719e-01 -7.0208e-01 -2.6317e-01 -2.1241e+00 +3.1619e-01 -1.0607e+00 +1.0887e+00 -2.4130e+00
804 0 +2.433737235e+00 +2.433737235e+00 -7.846262765e+00 -7.846262765e+00 +1.0202e+00 +3.4912e-02 -2.7515e-01 -3.3691e-01 +2.1996e-01 -2.1891e+00 +2.9375e-01 -1.1236e+00 +1.0367e+00 -2.0106e+00
% f evaluations | g evaluations | best noise-free fitness - Fopt | noise-free fitness - Fopt (1.799700000000e+02) | measured fitness | best measured fitness | x1 | x2...
1 0 +1.033747614e+04 +1.033747614e+04 +1.051744614e+04 +1.051744614e+04 +0.0000e+00 +0.0000e+00 +0.0000e+00 +0.0000e+00 +0.0000e+00 +0.0000e+00 +0.0000e+00 +0.0000e+00 +0.0000e+00 +0.0000e+00
3 0 +9.503356108e+03 +9.503356108e+03 +9.683326108e+03 +9.683326108e+03 +2.3913e+00 -7.3235e-03 -1.5692e-02 -7.5916e-01 +2.3276e-01 -8.3291e-01 +2.3882e-01 +4.9899e-01 +4.2932e-01 +4.9071e-01
14 0 +6.452580100e+03 +6.452580100e+03 +6.632550100e+03 +6.632550100e+03 +2.7173e+00 -2.6054e-01 +4.4384e-02 +1.6607e-01 +3.7643e-01 -5.1311e-01 -9.3183e-01 +1.6934e+00 -3.1407e-01 +5.4482e-01
23 0 +4.673119984e+03 +4.673119984e+03 +4.853089984e+03 +4.853089984e+03 +8.9430e-01 -4.4381e-02 -6.5067e-03 -3.2870e-01 -1.0340e+00 +7.1056e-01 -9.5268e-01 +3.5158e+00 -1.3112e+00 +7.5723e-01
41 0 +4.144931651e+03 +4.144931651e+03 +4.324901651e+03 +4.324901651e+03 +1.8075e+00 -1.7785e-01 +1.0566e-02 -6.6832e-01 +8.7909e-01 +2.1730e-01 -9.8339e-01 +2.6287e+00 -1.0449e+00 +6.1406e-01
58 0 +1.861527658e+03 +1.861527658e+03 +2.041497658e+03 +2.041497658e+03 -2.9016e+00 -1.6024e-01 +4.3497e-02 -1.0844e+00 +8.8287e-01 +7.6878e-01 -6.0192e-01 +1.7528e+00 -1.0905e+00 +2.2800e+00
69 0 +9.733365763e+02 +9.733365763e+02 +1.153306576e+03 +1.153306576e+03 -2.7889e+00 -1.0290e-01 +4.9276e-02 +6.3350e-02 +1.8725e+00 +1.9004e-02 -2.2083e-01 +1.1554e+00 -9.0696e-01 +9.7892e-01
82 0 +9.185935183e+02 +9.185935183e+02 +1.098563518e+03 +1.098563518e+03 -3.2022e+00 -1.9134e-01 +3.3356e-02 -9.4894e-01 +1.1145e+00 -1.1197e-01 -2.4040e-02 +7.5728e-01 -1.4980e+00 +8.2857e-01
85 0 +8.644186123e+02 +8.644186123e+02 +1.044388612e+03 +1.044388612e+03 -2.4758e+00 -2.6087e-01 +4.2569e-02 -1.3502e+00 +7.3206e-01 -6.8566e-02 +1.5987e-01 +1.5358e+00 -1.1503e+00 +8.1269e-01
95 0 +2.350031042e+02 +2.350031042e+02 +4.149731042e+02 +4.149731042e+02 -2.4269e+00 -3.2993e-01 +5.1800e-02 -7.7594e-01 +1.4919e+00 +4.9816e-01 +2.4624e-01 +1.1334e+00 -1.1327e+00 +6.9952e-01
103 0 +1.373827397e+02 +1.373827397e+02 +3.173527397e+02 +3.173527397e+02 -2.5616e+00 -2.7028e-01 +4.8947e-02 -3.5257e-01 +2.1695e+00 +1.2450e+00 +6.3458e-01 +3.5716e-01 -1.9093e+00 +1.2720e+00
105 0 +1.751566570e+01 +1.751566570e+01 +1.974856657e+02 +1.974856657e+02 -1.8000e+00 -3.4859e-01 +4.3275e-02 -6.4300e-01 +1.9412e+00 +1.0121e+00 +5.1742e-01 +8.7571e-01 -1.8581e+00 +1.0575e+00
121 0 +3.685271050e+00 +3.685271050e+00 +1.836552710e+02 +1.836552710e+02 -1.9167e+00 -3.4389e-01 +3.7265e-02 -4.4724e-01 +6.4837e-01 +2.0253e-01 +1.2670e+00 +1.8660e+00 -1.6087e+00 +1.6336e+00
124 0 +3.567507174e+00 +3.567507174e+00 +1.835375072e+02 +1.835375072e+02 -2.0585e+00 -3.8471e-01 +3.5240e-02 -1.1324e-01 +1.9260e+00 +8.1311e-02 +1.6022e+00 +2.0805e+00 -1.7551e+00 +1.6217e+00
165 0 +3.474477400e+00 +3.474477400e+00 +1.834444774e+02 +1.834444774e+02 -7.8984e-01 -5.7523e-01 +3.0281e-02 -1.6306e-01 +1.9740e+00 +2.0766e-01 +1.2544e+00 +2.1408e+00 -1.1217e+00 +2.2821e+00
177 0 +3.196008908e+00 +3.196008908e+00 +1.831660089e+02 +1.831660089e+02 -9.7824e-01 -5.9300e-01 +2.5251e-02 +7.0246e-01 +1.6410e+00 +2.8804e-01 +1.5055e+00 +1.6813e+00 -1.5082e+00 +2.1880e+00
194 0 +3.036740043e+00 +3.036740043e+00 +1.830067400e+02 +1.830067400e+02 -1.0219e+00 -6.0290e-01 +3.1948e-02 +3.5175e-01 +1.5233e+00 +7.7676e-01 +1.1852e+00 +2.3002e+00 -1.5811e+00 +1.6126e+00
325 0 +2.609356191e+00 +2.609356191e+00 +1.825793562e+02 +1.825793562e+02 -2.3831e+00 -4.5663e-01 +1.6139e-02 +1.4299e-01 +2.5706e+00 +9.0314e-01 +1.0747e+00 +1.4579e+00 -2.2538e+00 +1.4021e+00
% f evaluations | g evaluations | best noise-free fitness - Fopt | noise-free fitness - Fopt (8.376000000000e+01) | measured fitness | best measured fitness | x1 | x2...
1 0 +1.033747614e+04 +1.033747614e+04 +1.042123614e+04 +1.042123614e+04 +0.0000e+00 +0.0000e+00 +0.0000e+00 +0.0000e+00 +0.0000e+00 +0.0000e+00 +0.0000e+00 +0.0000e+00 +0.0000e+00 +0.0000e+00
3 0 +5.341831034e+03 +5.341831034e+03 +5.425591034e+03 +5.425591034e+03 -1.7692e-01 +3.3516e-01 +2.1330e-01 -1.4615e-01 +9.7021e-02 -4.9449e-01 +1.4339e+00 -2.1322e-01 -6.0884e-01 +1.3341e-01
10 0 +1.015457452e+03 +1.015457452e+03 +1.099217452e+03 +1.099217452e+03 +2.9988e-01 +1.3414e-01 +1.0260e-01 +5.1296e-02 -1.7246e-01 -4.3526e-02 +7.4805e-01 +1.0116e+00 -9.5429e-01 +4.4842e-01
15 0 +8.086257908e+02 +8.086257908e+02 +8.923857908e+02 +8.923857908e+02 -2.2328e-01 -3.0168e-01 +5.7247e-01 -2.5845e-03 -1.2602e-01 -2.7362e-02 +1.2418e+00 +6.6010e-01 -9.6228e-01 +5.0205e-01
38 0 +7.643586111e+02 +7.643586111e+02 +8.481186111e+02 +8.481186111e+02 -1.5960e-01 +1.6961e-01 +6.7164e-01 +8.2061e-02 -2.1477e-01 -2.8967e-02 +2.5409e+00 +1.0625e+00 -9.5638e-01 +5.1292e-01
42 0 +3.809194985e+02 +3.809194985e+02 +4.646794985e+02 +4.646794985e+02 -4.5984e-02 +3.6791e-01 +4.0067e-02 +9.7841e-02 -1.3461e-01 +5.0991e-01 +7.3191e-01 +8.5043e-01 -1.6588e+00 +4.5390e-01
45 0 +7.738598346e+01 +7.738598346e+01 +1.611459835e+02 +1.611459835e+02 -3.8232e-01 -1.5819e-01 +4.5885e-01 +2.3363e-01 -1.7202e-01 +9.9366e-01 +2.4949e+00 +8.2458e-01 -2.4576e+00 +4.2515e-01
71 0 +5.559328676e+00 +5.559328676e+00 +8.931932868e+01 +8.931932868e+01 -4.4039e-01 +3.3403e-01 +2.9655e-01 +1.0628e-01 -1.0685e-01 +3.0103e-01 +2.5314e+00 +1.6299e+00 -2.3817e+00 +5.7353e-01
85 0 +4.547197418e+00 +4.547197418e+00 +8.830719742e+01 +8.830719742e+01 -9.6181e-01 +1.9309e-01 +5.3206e-01 +3.1551e-01 -1.5355e-01 +5.8382e-01 +2.0518e+00 +1.8972e+00 -2.1200e+00 +6.8603e-01
119 0 +4.123628061e+00 +4.123628061e+00 +8.788362806e+01 +8.788362806e+01 -7.4545e-01 +3.5437e-02 +1.1948e-02 +2.2207e-01 -2.1737e-01 +6.7826e-01 +2.3479e+00 +1.8556e+00 -2.1600e+00 +8.7762e-01
182 0 +3.564601312e+00 +3.564601312e+00 +8.732460131e+01 +8.732460131e+01 -1.7393e+00 +3.7775e-01 -3.3520e-01 +2.4488e-01 +6.0321e-02 +1.8855e+00 +2.1314e+00 +1.3478e+00 -2.2205e+00 +1.2534e+00
194 0 +3.518110006e+00 +3.518110006e+00 +8.727811001e+01 +8.727811001e+01 -2.0802e+00 +3.1678e-01 -3.4093e-01 -9.4712e-02 +3.2058e-02 +2.2979e+00 +2.1229e+00 +1.3612e+00 -1.4635e+00 +1.3934e+00
794 0 +3.221415929e+00 +3.221415929e+00 +8.698141593e+01 +8.698141593e+01 -8.7155e-01 -1.6434e+00 +3.6374e-01 +6.1581e-01 -4.6754e-02 +1.5538e+00 +5.3496e-01 +1.3996e+00 -2.1777e+00 +1.4299e+00
% f evaluations | g evaluations | best noise-free fitness - Fopt | noise-free fitness - Fopt (-3.890100000000e+02) | measured fitness | best measured fitness | x1 | x2...
1 0 +1.033747614e+04 +1.033747614e+04 +9.948466136e+03 +9.948466136e+03 +0.0000e+00 +0.0000e+00 +0.0000e+00 +0.0000e+00 +0.0000e+00 +0.0000e+00 +0.0000e+00 +0.0000e+00 +0.0000e+00 +0.0000e+00
4 0 +3.552468106e+03 +3.552468106e+03 +3.163458106e+03 +3.163458106e+03 +3.3374e-01 -2.3074e+00 -3.3097e-01 -6.3021e-02 -4.7986e-04 +1.8149e-01 -6.9181e-01 -2.3105e-03 +7.2887e-02 -1.5122e+00
24 0 +3.535570825e+03 +3.535570825e+03 +3.146560825e+03 +3.146560825e+03 +1.2739e+00 -7.7098e-01 -3.1397e-01 -6.0089e-02 -3.9562e-01 -2.8436e-01 -1.0994e+00 -2.5448e-01 +1.8655e-01 -2.0198e+00
41 0 +3.011016222e+03 +3.011016222e+03 +2.622006222e+03 +2.622006222e+03 +2.3259e+00 -2.0725e+00 -3.9053e-01 -1.7656e-02 -3.3109e-01 -2.7226e-03 -7.9559e-01 -2.5702e-02 +1.4177e-01 -1.4158e+00
218 0 +2.563529469e+03 +2.563529469e+03 +2.174519469e+03 +2.174519469e+03 +2.0867e+00 -1.8052e+00 -1.4194e+00 +7.5178e-01 -2.9995e-01 -1.0597e+00 -2.5984e+00 +2.1326e-01 +1.4911e-02 -1.4079e+00
712 0 +2.180761524e+03 +2.180761524e+03 +1.791751524e+03 +1.791751524e+03 +3.1943e+00 +1.5336e+00 -3.2919e+00 +1.6218e+00 -3.2949e+00 -1.2062e-01 -2.9693e+00 -3.0275e-01 +5.4241e-01 -2.9288e+00
716 0 +1.933656672e+03 +1.933656672e+03 +1.544646672e+03 +1.544646672e+03 +3.3673e+00 -1.2542e+00 -3.1793e+00 +1.6663e+00 -2.8698e+00 +6.7339e-02 -2.6467e+00 -3.1568e-01 +5.1152e-01 -2.3072e+00
722 0 +1.719468115e+03 +1.719468115e+03 +1.330458115e+03 +1.330458115e+03 +3.2570e+00 +5.6607e-01 -2.8456e+00 +1.6892e+00 -2.8866e+00 -2.6457e-01 -3.0134e+00 -3.8289e-01 +5.5832e-01 -2.0210e+00
724 0 +1.431833949e+03 +1.431833949e+03 +1.042823949e+03 +1.042823949e+03 +2.6481e+00 -1.0114e+00 -3.0521e+00 +1.6818e+00 -3.4474e+00 -9.7269e-02 -3.2149e+00 -2.2703e-01 +5.5340e-01 -9.4303e-01
738 0 +1.374214037e+03 +1.374214037e+03 +9.852040366e+02 +9.852040366e+02 +2.8541e+00 -1.8528e+00 -2.8318e+00 +1.6687e+00 -3.7829e+00 -1.3626e-01 -2.9254e+00 -1.3940e-01 +5.4984e-01 -9.6137e-01
739 0 +1.116910785e+03 +1.116910785e+03 +7.279007854e+02 +7.279007854e+02 +2.7646e+00 -1.2662e+00 -3.0333e+00 +1.7344e+00 -2.9913e+00 +1.7206e-01 -3.2056e+00 -1.7172e-01 +6.0886e-01 -1.5295e+00
% f evaluations | g evaluations | best noise-free fitness - Fopt | noise-free fitness - Fopt (-1.455800000000e+02) | measured fitness | best measured fitness | x1 | x2...
1 0 +1.033747614e+04 +1.033747614e+04 +1.019189614e+04 +1.019189614e+04 +0.0000e+00 +0.0000e+00 +0.0000e+00 +0.0000e+00 +0.0000e+00 +0.0000e+00 +0.0000e+00 +0.0000e+00 +0.0000e+00 +0.0000e+00
4 0 +7.804329978e+03 +7.804329978e+03 +7.658749978e+03 +7.658749978e+03 -6.7008e-01 +6.8912e-01 +1.0031e+00 +1.1515e+00 -9.8185e-01 -3.2986e-01 +5.6777e-01 -5.0540e-02 -2.5280e-01 +5.5050e-04
17 0 +6.905781750e+03 +6.905781750e+03 +6.760201750e+03 +6.760201750e+03 +4.2346e-01 -4.5737e-01 +8.5975e-01 +1.5001e+00 +1.5537e-01 +9.1034e-01 +1.4824e+00 -4.7598e-02 -8.5343e-01 +1.3075e-02
22 0 +4.396900408e+03 +4.396900408e+03 +4.251320408e+03 +4.251320408e+03 +6.5085e-02 +1.2263e+00 +4.5570e-01 +1.2809e-01 -3.0883e-01 -1.1432e+00 +1.1422e+00 -1.9914e-01 -1.0906e+00 +1.0788e-02
30 0 +4.185668038e+03 +4.185668038e+03 +4.040088038e+03 +4.040088038e+03 -3.6591e-01 -2.7536e-01 -2.2085e-01 -8.2141e-01 +1.2029e+00 -4.3776e-01 +1.9792e+00 +3.1741e-02 -1.1454e+00 +8.1934e-03
32 0 +3.181834210e+03 +3.181834210e+03 +3.036254210e+03 +3.036254210e+03 +5.2633e-01 -8.8251e-02 +7.9214e-01 +2.0085e-01 +6.0829e-01 -1.8392e+00 +1.9149e+00 -9.9842e-02 -1.5589e+00 +1.0719e-02
48 0 +3.083963489e+03 +3.083963489e+03 +2.938383489e+03 +2.938383489e+03 +7.8339e-01 -9.7153e-01 -1.5984e+00 -1.5914e-01 -5.9458e-01 -2.1866e+00 +2.7268e+00 +5.5550e-02 -1.5483e+00 +1.3729e-02
55 0 +2.767294064e+03 +2.767294064e+03 +2.621714064e+03 +2.621714064e+03 -7.3620e-01 -2.3353e+00 -1.8022e-02 -4.9360e-01 -1.1474e+00 -5.7992e-01 +7.2025e-01 -9.9824e-02 -2.1291e+00 +6.9037e-03
59 0 +1.762944875e+03 +1.762944875e+03 +1.617364875e+03 +1.617364875e+03 -1.6802e+00 -2.8260e+00 +3.6040e-01 -1.5238e+00 -1.8408e+00 -2.3962e+00 +1.8599e+00 -9.9451e-02 -2.4214e+00 +2.2673e-02
131 0 +1.481308169e+03 +1.481308169e+03 +1.335728169e+03 +1.335728169e+03 -3.1797e+00 -4.8151e-01 +9.6995e-01 -2.0717e+00 +6.5031e-01 -1.5156e+00 +2.7351e+00 +2.6296e-02 -2.8216e+00 +5.7924e-02
169 0 +1.395541782e+03 +1.395541782e+03 +1.249961782e+03 +1.249961782e+03 -1.4453e+00 -6.3989e-01 +6.3819e-01 +2.2353e-01 -1.5904e+00 +2.3727e-01 +3.2523e+00 -2.7392e-01 -2.8604e+00 +4.4235e-02
171 0 +1.344517815e+03 +1.344517815e+03 +1.198937815e+03 +1.198937815e+03 -3.5437e-01 -1.7125e+00 +1.1700e+00 -2.2920e-01 -1.8548e+00 +1.7815e-01 +2.1550e+00 -1.6649e-01 -3.0077e+00 +4.6463e-02
177 0 +1.293239844e+03 +1.293239844e+03 +1.147659844e+03 +1.147659844e+03 -1.4387e+00 +8.6256e-01 +3.6899e-02 +5.1064e-01 -1.4069e+00 -5.3345e-02 +2.6772e+00 -2.8287e-01 -2.8913e+00 +3.8891e-02
229 0 +1.229944812e+03 +1.229944812e+03 +1.084364812e+03 +1.084364812e+03 -1.6988e-02 +1.1130e+00 +1.4256e+00 -2.8156e-01 -4.1507e-01 -7.5220e-02 +3.0583e+00 -2.9487e-01 -3.0621e+00 +2.7656e-02
293 0 +1.179769427e+03 +1.179769427e+03 +1.034189427e+03 +1.034189427e+03 +2.7726e-01 +5.6305e-01 +3.3572e+00 -1.2601e+00 -4.5195e-01 -1.4161e-01 +2.9532e+00 -2.3032e-01 -2.9032e+00 +2.7527e-02
304 0 +1.108193472e+03 +1.108193472e+03 +9.626134720e+02 +9.626134720e+02 +4.3744e-01 +1.6763e-01 +2.9834e+00 -1.6243e+00 -2.0071e-01 -5.5961e-01 +2.5909e+00 -1.7740e-01 -2.9948e+00 +2.5992e-02
325 0 +1.068700765e+03 +1.068700765e+03 +9.231207653e+02 +9.231207653e+02 +7.8194e-01 -8.9000e-02 +2.7847e+00 -1.9559e+00 -3.9327e-01 -2.9437e-02 +2.9686e+00 -1.6896e-01 -2.9013e+00 +2.7569e-02
455 0 +1.039346798e+03 +1.039346798e+03 +8.937667977e+02 +8.937667977e+02 +1.3773e+00 +1.4407e+00 +3.3783e+00 +4.3342e-02 -2.5327e+00 -1.9739e-01 +2.4244e+00 -8.8861e-02 -2.9773e+00 +1.5809e-02
463 0 +1.010770543e+03 +1.010770543e+03 +8.651905430e+02 +8.651905430e+02 +1.2741e+00 +1.2035e+00 +2.7144e+00 +2.3153e-01 -2.8211e+00 -1.1006e-01 +2.5399e+00 -6.7938e-02 -3.0201e+00 +1.6764e-02
468 0 +9.863998079e+02 +9.863998079e+02 +8.408198079e+02 +8.408198079e+02 +1.4797e+00 +1.6146e+00 +3.0972e+00 +3.3488e-01 -2.6663e+00 -1.5544e-01 +2.6365e+00 -9.8547e-02 -2.9807e+00 +1.5436e-02
485 0 +9.565202955e+02 +9.565202955e+02 +8.109402955e+02 +8.109402955e+02 +1.2710e+00 +1.7831e+00 +1.9061e+00 +6.3833e-01 -1.8937e+00 -1.9904e-01 +2.6153e+00 -7.1770e-04 -2.8540e+00 +1.5266e-02
642 0 +9.102770435e+02 +9.102770435e+02 +7.646970435e+02 +7.646970435e+02 +3.2818e-01 +7.2940e-01 +2.2288e+00 +6.5285e-01 -2.8439e+00 -2.5152e-01 +2.8036e+00 -7.6180e-02 -2.9772e+00 +4.3774e-03
745 0 +8.888454735e+02 +8.888454735e+02 +7.432654735e+02 +7.432654735e+02 +1.0253e+00 -6.1872e-01 +2.3212e+00 +1.6406e-01 -2.5732e+00 +2.3185e-01 +2.9209e+00 -9.4713e-02 -2.9688e+00 +2.2403e-03
