% f evaluations | g evaluations | best noise-free fitness - Fopt | noise-free fitness - Fopt (-5.465000000000e+02) | measured fitness | best measured fitness | x1 | x2...
1 0 +1.831961742e+04 +1.831961742e+04 +1.777311742e+04 +1.777311742e+04 +0.0000e+00 +0.0000e+00 +0.0000e+00 +0.0000e+00 +0.0000e+00 +0.0000e+00 +0.0000e+00 +0.0000e+00 +0.0000e+00 +0.0000e+00 +0.0000e+00 +0.0000e+00 +0.0000e+00 +0.0000e+00 +0.0000e+00 +0.0000e+00 +0.0000e+00 +0.0000e+00 +0.0000e+00 +0.0000e+00
3 0 +1.778638176e+04 +1.778638176e+04 +1.723988176e+04 +1.723988176e+04 -2.2251e-02 -6.3627e-01 -2.1709e-01 +5.0123e-01 -1.1262e+00 +1.7774e-01 -1.3028e-02 +4.7382e+00 +1.1591e+00 -3.8251e-01 +5.1129e-01 +7.1150e-01 -3.3301e-01 -3.0219e+00 +3.1397e-01 -3.4542e-01 +4.8201e-01 +4.4841e-03 -7.4092e-01 -5.9905e-01
11 0 +1.626162361e+04 +1.626162361e+04 +1.571512361e+04 +1.571512361e+04 -1.3478e+00 +4.8397e-01 -3.5510e-01 +4.6156e-01 -1.9253e-03 -2.0833e-01 +1.5338e-01 +3.5004e+00 -6.4856e-01 -1.3036e+00 +7.0721e-01 -4.5055e-01 -3.9121e-02 -2.6610e+00 -2.1104e+00 -8.3545e-01 +7.9014e-01 -2.0676e-02 -4.3583e-01 +2.6458e+00
15 0 +1.308280966e+04 +1.308280966e+04 +1.253630966e+04 +1.253630966e+04 -1.0899e-01 -3.8584e-01 -1.5925e-01 +6.0248e-01 -1.5922e+00 +5.1716e-02 -9.5948e-02 +2.8448e+00 +3.3416e-01 +6.1471e-01 +3.7702e-01 +9.3323e-02 -3.1252e-01 -3.1206e+00 +3.0516e-01 -7.7289e-01 +7.2932e-01 -2.1994e-02 -1.1258e+00 -6.7491e-01
18 0 +7.080812004e+03 +7.080812004e+03 +6.534312004e+03 +6.534312004e+03 -3.1601e-01 +1.7340e-01 -4.2338e-01 +3.0109e-01 -1.9254e+00 -1.0867e-01 +9.1207e-02 +3.7272e+00 +7.3435e-01 +1.4916e-01 +1.6773e+00 +5.9279e-02 -2.2904e-01 -3.3183e+00 +1.2298e+00 -2.6393e+00 +5.9483e-01 -1.7739e-02 -2.2978e-01 +1.8662e+00
30 0 +6.259181119e+03 +6.259181119e+03 +5.712681119e+03 +5.712681119e+03 -4.9394e-01 +4.3251e-01 -4.3242e-01 +5.8342e-01 -1.3755e+00 +1.3569e-02 +4.8432e-01 +3.0404e+00 +9.1660e-01 -1.6308e-01 +1.6858e+00 -2.9481e-01 -8.1480e-02 -2.2759e+00 +2.3840e+00 -2.7940e+00 +7.3662e-01 -9.7558e-02 -2.0318e-01 +8.7430e-01
64 0 +5.611172565e+03 +5.611172565e+03 +5.064672565e+03 +5.064672565e+03 -2.5122e+00 +2.5329e+00 -1.1332e+00 -1.7381e-01 +4.8660e-01 -1.3533e-01 +1.4736e-01 +3.9424e+00 -2.0770e-01 -1.0514e+00 +2.0704e+00 +6.6306e-01 -4.1056e-01 -1.7657e+00 +2.8809e+00 -7.4527e-01 +5.6858e-01 -2.5636e-02 -1.0522e+00 +7.9413e-01
65 0 +3.106333385e+03 +3.106333385e+03 +2.559833385e+03 +2.559833385e+03 -1.7348e+00 +2.5914e+00 -7.7603e-01 +2.6941e-01 -4.7767e-01 -1.6949e-01 +1.3124e-02 +2.6861e+00 -2.1670e-01 -5.3838e-01 +2.1228e+00 +6.3519e-02 -4.8030e-01 -2.9637e+00 +2.9365e-01 -9.6862e-01 +8.9603e-01 -1.2489e-01 -7.6773e-01 +1.0985e+00
276 0 +3.017212140e+03 +3.017212140e+03 +2.470712140e+03 +2.470712140e+03 -3.7967e-01 +1.5502e+00 -1.2082e+00 +5.5277e-01 +3.7949e-01 +5.0749e-03 -4.7255e-01 +2.7514e+00 -4.1086e-02 +6.2037e-01 +2.7425e+00 +1.0623e+00 -6.2012e-01 -1.2987e+00 +9.2938e-01 -1.6281e+00 +1.1968e+00 +1.1411e-01 -2.5860e+00 +1.0407e+00
279 0 +2.473728341e+03 +2.473728341e+03 +1.927228341e+03 +1.927228341e+03 -4.9082e-01 +2.0104e+00 -1.4244e+00 +2.7730e-01 +6.0001e-01 -5.7049e-02 -4.1900e-01 +2.8579e+00 +1.8868e-01 +8.2355e-01 +2.6765e+00 +1.1398e+00 -5.7161e-01 -2.3164e+00 +8.5204e-01 -1.8048e+00 +1.3012e+00 +6.1246e-02 -2.7191e+00 +1.7791e+00
288 0 +2.400083040e+03 +2.400083040e+03 +1.853583040e+03 +1.853583040e+03 -5.1264e-01 +1.6725e+00 -1.4229e+00 +3.3889e-01 +7.9466e-02 +1.9976e-02 -4.7848e-01 +3.0596e+00 +5.3575e-02 +8.4570e-01 +2.5300e+00 +1.2711e+00 -5.6713e-01 -2.5909e+00 +1.0039e+00 -1.7613e+00 +1.2372e+00 +3.1679e-02 -2.7923e+00 +1.8110e+00
289 0 +2.381650941e+03 +2.381650941e+03 +1.835150941e+03 +1.835150941e+03 -3.4065e-01 +1.8596e+00 -1.1068e+00 +3.4771e-01 +3.3582e-01 -4.2499e-02 -5.2603e-01 +2.6006e+00 +2.9381e-01 +9.6074e-01 +2.7372e+00 +1.2643e+00 -5.8867e-01 -1.4573e+00 +1.1369e+00 -2.2139e+00 +1.3785e+00 +6.2055e-02 -2.8266e+00 +1.6938e+00
294 0 +2.313791534e+03 +2.313791534e+03 +1.767291534e+03 +1.767291534e+03 -3.1705e-01 +1.5265e+00 -1.2769e+00 +2.7364e-01 +2.5434e-01 +6.7498e-03 -5.6920e-01 +1.4796e+00 +1.7681e-01 +8.0540e-01 +2.6171e+00 +1.3524e+00 -5.2545e-01 -2.6910e+00 +1.2092e+00 -2.2881e+00 +1.1405e+00 +3.5499e-02 -2.5541e+00 +1.7121e+00
300 0 +2.089501451e+03 +2.089501451e+03 +1.543001451e+03 +1.543001451e+03 -3.3015e-01 +1.5354e+00 -1.1791e+00 +6.6208e-01 +4.1766e-02 +1.3161e-02 -5.1548e-01 +3.0637e+00 +1.8224e-01 +1.1768e+00 +2.5801e+00 +1.6016e+00 -5.6768e-01 -2.4532e+00 +1.4090e+00 -2.4213e+00 +1.2222e+00 -5.5446e-03 -2.7775e+00 +1.6797e+00
313 0 +1.871702220e+03 +1.871702220e+03 +1.325202220e+03 +1.325202220e+03 -4.2499e-01 +1.5319e+00 -1.1790e+00 +8.0502e-01 -3.9799e-01 +2.5701e-02 -5.3435e-01 +2.6148e+00 +2.4503e-01 +1.2017e+00 +2.5021e+00 +1.4881e+00 -5.2156e-01 -1.5386e+00 +6.5537e-01 -2.6313e+00 +1.1116e+00 -5.8080e-02 -2.3724e+00 +2.2087e+00
325 0 +1.823376360e+03 +1.823376360e+03 +1.276876360e+03 +1.276876360e+03 -4.3102e-01 +1.6053e+00 -1.2697e+00 +7.9967e-01 -4.4696e-01 +4.1752e-02 -6.1583e-01 +2.3436e+00 +2.5783e-01 +1.1882e+00 +2.4565e+00 +1.3951e+00 -4.8331e-01 -1.3285e+00 +4.1777e-01 -2.4945e+00 +1.1334e+00 -5.5458e-02 -2.3800e+00 +2.0856e+00
346 0 +1.803971472e+03 +1.803971472e+03 +1.257471472e+03 +1.257471472e+03 -4.9745e-01 +1.7109e+00 -1.3699e+00 +7.3337e-01 -5.8262e-01 +1.9857e-02 -6.2372e-01 +1.7666e+00 +2.4319e-01 +1.3181e+00 +2.6356e+00 +1.5054e+00 -4.7533e-01 -1.3404e+00 +4.5735e-01 -2.5798e+00 +1.1321e+00 -4.9868e-02 -2.1769e+00 +1.8801e+00
361 0 +1.772914015e+03 +1.772914015e+03 +1.226414015e+03 +1.226414015e+03 -4.0595e-01 +1.5656e+00 -1.2726e+00 +6.6852e-01 -8.9805e-01 +4.7439e-02 -6.1031e-01 +2.7429e+00 +1.9356e-01 +1.5317e+00 +2.5966e+00 +1.5955e+00 -4.7066e-01 -8.1588e-01 +1.1355e+00 -2.4855e+00 +1.1475e+00 -4.4639e-02 -1.9685e+00 +2.0700e+00
364 0 +1.636983759e+03 +1.636983759e+03 +1.090483759e+03 +1.090483759e+03 -3.5072e-01 +1.5964e+00 -1.5154e+00 +5.2311e-01 -5.5087e-01 +5.2398e-02 -5.9763e-01 +2.4056e+00 +1.9736e-01 +1.2775e+00 +2.5884e+00 +1.6870e+00 -4.5085e-01 -1.2581e+00 +9.2277e-01 -2.6245e+00 +1.1179e+00 -6.6000e-02 -2.0261e+00 +1.9227e+00
392 0 +1.584133378e+03 +1.584133378e+03 +1.037633378e+03 +1.037633378e+03 -4.6862e-01 +1.6733e+00 -1.3930e+00 +2.6196e-01 -7.0183e-01 +7.7651e-03 -6.0944e-01 +2.6434e+00 +1.8395e-01 +1.3584e+00 +2.5088e+00 +1.6944e+00 -4.8256e-01 -1.3140e+00 +8.8312e-01 -2.3122e+00 +1.1122e+00 -8.8297e-02 -2.1650e+00 +2.1121e+00
415 0 +1.515772827e+03 +1.515772827e+03 +9.692728273e+02 +9.692728273e+02 -3.8143e-01 +1.7443e+00 -1.4357e+00 +3.1068e-01 -7.0037e-01 +3.1662e-02 -5.4192e-01 +2.7775e+00 +2.3345e-01 +1.4746e+00 +2.6388e+00 +1.7809e+00 -4.7194e-01 -1.5812e+00 +7.5374e-01 -2.4230e+00 +1.1498e+00 -9.2971e-02 -2.2169e+00 +1.9951e+00
433 0 +1.443497861e+03 +1.443497861e+03 +8.969978614e+02 +8.969978614e+02 -4.5411e-01 +1.7930e+00 -1.5099e+00 +1.5573e-01 -7.0638e-01 +8.8875e-04 -5.2691e-01 +2.8186e+00 +2.0632e-01 +1.3654e+00 +2.5799e+00 +1.7346e+00 -4.4893e-01 -1.3347e+00 +9.5660e-01 -2.0676e+00 +1.1941e+00 -9.0345e-02 -2.2296e+00 +1.6328e+00
442 0 +1.404853472e+03 +1.404853472e+03 +8.583534718e+02 +8.583534718e+02 -5.0972e-01 +1.8234e+00 -1.5459e+00 +9.0348e-02 -6.7345e-01 -3.9081e-03 -5.5145e-01 +2.8546e+00 +1.5550e-01 +1.3734e+00 +2.5538e+00 +1.7901e+00 -4.4896e-01 -1.4348e+00 +9.0894e-01 -2.3205e+00 +1.2103e+00 -9.1917e-02 -2.2323e+00 +1.4800e+00
452 0 +1.326620267e+03 +1.326620267e+03 +7.801202674e+02 +7.801202674e+02 -4.8268e-01 +1.7406e+00 -1.5640e+00 +2.0187e-01 -7.5529e-01 +1.0031e-02 -5.1945e-01 +2.7025e+00 +2.2410e-01 +1.3817e+00 +2.5557e+00 +1.8385e+00 -4.2064e-01 -1.5160e+00 +6.3330e-01 -2.5994e+00 +1.1916e+00 -1.0057e-01 -2.2219e+00 +1.6893e+00
462 0 +1.304022324e+03 +1.304022324e+03 +7.575223242e+02 +7.575223242e+02 -4.7166e-01 +1.7975e+00 -1.4209e+00 +4.3618e-02 -5.9204e-01 -1.3869e-02 -5.4912e-01 +2.6559e+00 +1.1337e-01 +1.4314e+00 +2.5366e+00 +1.7946e+00 -3.9398e-01 -1.5760e+00 +5.2570e-01 -2.5749e+00 +1.1974e+00 -9.9802e-02 -2.1953e+00 +1.5272e+00
470 0 +1.280931699e+03 +1.280931699e+03 +7.344316989e+02 +7.344316989e+02 -4.3324e-01 +1.7223e+00 -1.3809e+00 +2.7120e-01 -6.9777e-01 +1.0744e-03 -5.3525e-01 +2.3893e+00 +1.9836e-01 +1.2393e+00 +2.5221e+00 +1.8152e+00 -4.1229e-01 -1.3556e+00 +8.0018e-01 -2.4243e+00 +1.2072e+00 -1.0708e-01 -2.2678e+00 +1.7420e+00
473 0 +1.255267473e+03 +1.255267473e+03 +7.087674727e+02 +7.087674727e+02 -4.9218e-01 +1.7713e+00 -1.4034e+00 +2.1863e-01 -6.5204e-01 -8.7075e-03 -5.1782e-01 +2.3730e+00 +1.9753e-01 +1.2308e+00 +2.5208e+00 +1.8489e+00 -4.0736e-01 -1.4539e+00 +5.9527e-01 -2.3571e+00 +1.1929e+00 -1.1331e-01 -2.1990e+00 +1.6584e+00
487 0 +1.217425501e+03 +1.217425501e+03 +6.709255008e+02 +6.709255008e+02 -4.0738e-01 +1.6790e+00 -1.3983e+00 +1.6121e-01 -6.3532e-01 -9.3879e-03 -5.4356e-01 +2.6025e+00 +1.4308e-01 +1.1956e+00 +2.5265e+00 +1.9353e+00 -3.9115e-01 -1.4823e+00 +7.9291e-01 -2.3395e+00 +1.1913e+00 -1.1216e-01 -2.1819e+00 +1.6359e+00
495 0 +1.183558288e+03 +1.183558288e+03 +6.370582884e+02 +6.370582884e+02 -4.2931e-01 +1.6762e+00 -1.4347e+00 +1.6232e-01 -6.4481e-01 -1.0196e-02 -4.9991e-01 +2.6231e+00 +1.6186e-01 +1.2187e+00 +2.4946e+00 +1.8930e+00 -4.2279e-01 -1.4411e+00 +4.5943e-01 -2.3718e+00 +1.2283e+00 -1.2621e-01 -2.2057e+00 +1.5577e+00
511 0 +1.167415614e+03 +1.167415614e+03 +6.209156139e+02 +6.209156139e+02 -4.5945e-01 +1.6634e+00 -1.4785e+00 +1.3309e-01 -6.5598e-01 -1.5799e-02 -5.1619e-01 +2.5947e+00 +1.1443e-01 +1.2692e+00 +2.4850e+00 +1.9362e+00 -4.1151e-01 -1.4220e+00 +4.1672e-01 -2.4219e+00 +1.2186e+00 -1.2577e-01 -2.2332e+00 +1.5860e+00
512 0 +1.106615458e+03 +1.106615458e+03 +5.601154580e+02 +5.601154580e+02 -4.9087e-01 +1.6563e+00 -1.4517e+00 +1.1707e-01 -6.6474e-01 -1.4247e-02 -4.8492e-01 +2.6462e+00 +6.5241e-02 +1.3046e+00 +2.4859e+00 +1.9615e+00 -3.9311e-01 -1.4694e+00 +5.9778e-01 -2.3928e+00 +1.2216e+00 -1.3466e-01 -2.2540e+00 +1.5590e+00
532 0 +1.089883131e+03 +1.089883131e+03 +5.433831309e+02 +5.433831309e+02 -5.0766e-01 +1.5684e+00 -1.4128e+00 +1.8068e-01 -5.1462e-01 -1.2229e-02 -5.2587e-01 +2.4028e+00 +8.2527e-02 +1.3444e+00 +2.4729e+00 +2.0624e+00 -3.9240e-01 -1.7042e+00 +2.2396e-01 -2.4476e+00 +1.1906e+00 -1.3959e-01 -2.2431e+00 +1.6889e+00
542 0 +1.059938536e+03 +1.059938536e+03 +5.134385365e+02 +5.134385365e+02 -4.3718e-01 +1.5969e+00 -1.4669e+00 +1.1183e-01 -8.5180e-01 -3.6468e-02 -5.4174e-01 +2.5017e+00 +4.2225e-02 +1.0817e+00 +2.4792e+00 +1.9143e+00 -3.8803e-01 -1.5231e+00 +1.7308e-01 -2.1033e+00 +1.2395e+00 -1.5334e-01 -2.3388e+00 +1.5711e+00
543 0 +1.026784273e+03 +1.026784273e+03 +4.802842730e+02 +4.802842730e+02 -4.2486e-01 +1.7064e+00 -1.4074e+00 +1.4851e-01 -7.8314e-01 -4.5543e-03 -5.2923e-01 +2.3554e+00 +1.1929e-02 +1.2809e+00 +2.5189e+00 +2.0798e+00 -4.0779e-01 -1.5205e+00 +4.6272e-01 -2.2131e+00 +1.1605e+00 -1.6919e-01 -2.2804e+00 +1.4286e+00
555 0 +9.313387901e+02 +9.313387901e+02 +3.848387901e+02 +3.848387901e+02 -4.3448e-01 +1.7034e+00 -1.4452e+00 +1.7387e-01 -9.1657e-01 +1.6538e-03 -5.3808e-01 +2.5623e+00 +8.8209e-02 +1.0062e+00 +2.4794e+00 +1.9318e+00 -3.4612e-01 -1.5419e+00 +3.2636e-01 -2.1520e+00 +1.2946e+00 -1.5753e-01 -2.2731e+00 +1.7875e+00
562 0 +9.113635118e+02 +9.113635118e+02 +3.648635118e+02 +3.648635118e+02 -5.7170e-01 +1.5162e+00 -1.3704e+00 +1.4359e-01 -6.9363e-01 +8.3095e-03 -5.0469e-01 +2.6266e+00 +1.5230e-01 +1.0164e+00 +2.4476e+00 +1.9096e+00 -3.0971e-01 -1.5536e+00 +6.0681e-01 -2.0899e+00 +1.2816e+00 -1.5863e-01 -2.3006e+00 +1.6830e+00
565 0 +8.851321348e+02 +8.851321348e+02 +3.386321348e+02 +3.386321348e+02 -3.0010e-01 +1.6054e+00 -1.4243e+00 +1.0489e-01 -7.1798e-01 +2.9347e-03 -4.9396e-01 +2.7829e+00 +1.6508e-01 +1.1356e+00 +2.4763e+00 +2.0023e+00 -3.4473e-01 -1.5982e+00 +6.4935e-01 -2.0423e+00 +1.3366e+00 -1.5645e-01 -2.2364e+00 +1.9779e+00
584 0 +7.978659855e+02 +7.978659855e+02 +2.513659855e+02 +2.513659855e+02 -3.6677e-01 +1.5639e+00 -1.4430e+00 +2.6438e-01 -7.6463e-01 +1.3818e-02 -5.0037e-01 +2.8571e+00 +2.0543e-01 +1.1085e+00 +2.4228e+00 +1.9679e+00 -2.7255e-01 -1.5465e+00 +5.3262e-01 -2.1149e+00 +1.2970e+00 -1.8198e-01 -2.3225e+00 +1.9815e+00
588 0 +7.853566783e+02 +7.853566783e+02 +2.388566783e+02 +2.388566783e+02 -2.7668e-01 +1.7420e+00 -1.3226e+00 +1.6809e-01 -8.5201e-01 +1.3269e-02 -5.8988e-01 +2.4926e+00 +1.5835e-01 +1.3393e+00 +2.2567e+00 +2.0244e+00 -3.1286e-01 -1.7866e+00 +5.4513e-01 -2.4996e+00 +1.2889e+00 -1.9110e-01 -2.1710e+00 +2.1648e+00
600 0 +7.301048311e+02 +7.301048311e+02 +1.836048311e+02 +1.836048311e+02 -3.9773e-01 +1.5306e+00 -1.4399e+00 +4.1538e-01 -8.4658e-01 -3.2824e-03 -4.1120e-01 +2.7104e+00 +2.1236e-01 +9.2792e-01 +2.3013e+00 +2.0548e+00 -2.9648e-01 -1.7785e+00 +1.1227e+00 -2.1067e+00 +1.3126e+00 -1.9872e-01 -2.2733e+00 +2.0621e+00
606 0 +7.227862449e+02 +7.227862449e+02 +1.762862449e+02 +1.762862449e+02 -3.8635e-01 +1.5280e+00 -1.5331e+00 +3.9134e-01 -9.7782e-01 -7.3124e-03 -5.4962e-01 +2.7175e+00 +3.4919e-01 +1.2983e+00 +2.3372e+00 +2.1983e+00 -3.2754e-01 -2.0508e+00 +7.8543e-01 -2.0046e+00 +1.2730e+00 -2.1212e-01 -2.3770e+00 +1.7354e+00
624 0 +7.009843302e+02 +7.009843302e+02 +1.544843302e+02 +1.544843302e+02 -2.4854e-01 +1.4789e+00 -1.5174e+00 +7.1180e-02 -1.0579e+00 +1.8936e-02 -5.3372e-01 +2.5380e+00 +3.5970e-01 +1.0497e+00 +2.2505e+00 +2.2345e+00 -3.2116e-01 -1.7315e+00 +7.5096e-01 -2.3402e+00 +1.2827e+00 -2.1393e-01 -2.3119e+00 +1.6206e+00
635 0 +6.409343025e+02 +6.409343025e+02 +9.443430249e+01 +9.443430249e+01 -2.2915e-01 +1.6261e+00 -1.6177e+00 -3.2678e-03 -9.9507e-01 +1.1431e-02 -5.0267e-01 +2.8607e+00 +4.2970e-01 +1.0678e+00 +2.2877e+00 +2.2982e+00 -3.2348e-01 -1.5226e+00 +5.5293e-01 -2.6893e+00 +1.2946e+00 -2.3328e-01 -2.2887e+00 +1.6529e+00
648 0 +6.093684538e+02 +6.093684538e+02 +6.286845378e+01 +6.286845378e+01 -2.0319e-01 +1.5559e+00 -1.6532e+00 +2.5946e-02 -9.9327e-01 +1.4791e-02 -4.9514e-01 +2.6838e+00 +4.5090e-01 +9.7324e-01 +2.1944e+00 +2.2505e+00 -3.1468e-01 -1.4865e+00 +7.4527e-01 -2.4953e+00 +1.2984e+00 -2.3931e-01 -2.3804e+00 +1.5148e+00
654 0 +5.808223872e+02 +5.808223872e+02 +3.432238718e+01 +3.432238718e+01 -3.1126e-01 +1.7186e+00 -1.5222e+00 +1.3351e-02 -9.2911e-01 +1.6992e-02 -5.6698e-01 +2.5010e+00 +4.2373e-01 +1.0037e+00 +2.1715e+00 +2.2902e+00 -3.3104e-01 -1.5141e+00 +6.3539e-01 -2.5385e+00 +1.3153e+00 -2.4732e-01 -2.3159e+00 +1.2497e+00
675 0 +5.655987956e+02 +5.655987956e+02 +1.909879561e+01 +1.909879561e+01 -2.1208e-01 +1.6712e+00 -1.5376e+00 +1.3419e-02 -9.0405e-01 +1.8442e-02 -6.0272e-01 +2.7007e+00 +5.0258e-01 +9.9912e-01 +2.1445e+00 +2.2565e+00 -2.8678e-01 -1.3702e+00 +9.3612e-01 -2.4873e+00 +1.3338e+00 -2.4185e-01 -2.3336e+00 +1.5396e+00
682 0 +5.613999234e+02 +5.613999234e+02 +1.489992344e+01 +1.489992344e+01 -2.6773e-01 +1.5996e+00 -1.5706e+00 +2.3442e-02 -8.6760e-01 +1.1702e-02 -5.8411e-01 +2.6962e+00 +5.1414e-01 +9.3416e-01 +2.1371e+00 +2.2453e+00 -2.8110e-01 -1.4586e+00 +7.9631e-01 -2.3180e+00 +1.3517e+00 -2.3839e-01 -2.2802e+00 +1.4713e+00
686 0 +5.393653447e+02 +5.393653447e+02 -7.134655282e+00 -7.134655282e+00 -2.0403e-01 +1.7110e+00 -1.5855e+00 -1.2922e-02 -9.8775e-01 +1.4807e-02 -6.3288e-01 +2.4340e+00 +4.4592e-01 +1.0373e+00 +2.1782e+00 +2.2962e+00 -2.6785e-01 -1.3785e+00 +1.0222e+00 -2.4687e+00 +1.3658e+00 -2.3958e-01 -2.3418e+00 +1.3505e+00
690 0 +5.335673146e+02 +5.335673146e+02 -1.293268543e+01 -1.293268543e+01 -2.0535e-01 +1.6185e+00 -1.5122e+00 +8.1139e-02 -1.0004e+00 +6.7742e-03 -5.8762e-01 +2.5734e+00 +4.9529e-01 +1.0886e+00 +2.1360e+00 +2.2538e+00 -2.6526e-01 -1.3759e+00 +7.1794e-01 -2.4496e+00 +1.3356e+00 -2.5073e-01 -2.3836e+00 +1.5458e+00
696 0 +5.086107514e+02 +5.086107514e+02 -3.788924863e+01 -3.788924863e+01 -2.0585e-01 +1.6208e+00 -1.5680e+00 -3.2514e-02 -1.0256e+00 +5.1860e-03 -6.0133e-01 +2.4805e+00 +4.7293e-01 +9.8884e-01 +2.2185e+00 +2.3295e+00 -2.4920e-01 -1.4013e+00 +9.4104e-01 -2.3195e+00 +1.3980e+00 -2.4241e-01 -2.3050e+00 +1.4306e+00
703 0 +4.891237317e+02 +4.891237317e+02 -5.737626829e+01 -5.737626829e+01 -2.3605e-01 +1.7619e+00 -1.6405e+00 -8.4073e-02 -9.1417e-01 +1.9773e-02 -5.8694e-01 +2.4006e+00 +4.6148e-01 +1.1949e+00 +2.2163e+00 +2.3202e+00 -2.4769e-01 -1.4125e+00 +1.1175e+00 -2.4689e+00 +1.3729e+00 -2.5580e-01 -2.3445e+00 +1.6634e+00
727 0 +4.717156218e+02 +4.717156218e+02 -7.478437824e+01 -7.478437824e+01 -1.5044e-01 +1.7725e+00 -1.6080e+00 +5.5818e-02 -1.0072e+00 +3.6578e-02 -6.4208e-01 +2.5905e+00 +5.0848e-01 +1.0185e+00 +2.1437e+00 +2.3065e+00 -2.7667e-01 -1.2693e+00 +1.4004e+00 -2.1810e+00 +1.3999e+00 -2.5994e-01 -2.3125e+00 +1.7411e+00
729 0 +4.616229410e+02 +4.616229410e+02 -8.487705899e+01 -8.487705899e+01 -9.8750e-02 +1.7091e+00 -1.5533e+00 +1.7810e-01 -9.8634e-01 +2.0689e-02 -6.2826e-01 +2.3353e+00 +5.5188e-01 +9.9321e-01 +2.1705e+00 +2.3306e+00 -2.4110e-01 -1.4597e+00 +1.5505e+00 -2.2811e+00 +1.3821e+00 -2.6468e-01 -2.4334e+00 +1.6184e+00
744 0 +4.488607516e+02 +4.488607516e+02 -9.763924844e+01 -9.763924844e+01 -3.0189e-01 +1.6840e+00 -1.4216e+00 +1.1168e-01 -1.0142e+00 -8.8796e-03 -6.5545e-01 +2.4512e+00 +6.0841e-01 +1.0652e+00 +2.2439e+00 +2.1916e+00 -2.6050e-01 -1.3108e+00 +1.5478e+00 -2.3807e+00 +1.4303e+00 -2.6458e-01 -2.3334e+00 +1.6134e+00
747 0 +4.435794710e+02 +4.435794710e+02 -1.029205290e+02 -1.029205290e+02 -1.6767e-01 +1.7356e+00 -1.5731e+00 +1.5158e-01 -9.3140e-01 +1.6119e-02 -6.1364e-01 +2.4331e+00 +6.4624e-01 +9.7815e-01 +2.1446e+00 +2.2775e+00 -2.4176e-01 -1.1088e+00 +1.0409e+00 -2.2657e+00 +1.4096e+00 -2.6528e-01 -2.4920e+00 +1.5878e+00
752 0 +4.339708507e+02 +4.339708507e+02 -1.125291493e+02 -1.125291493e+02 -1.8231e-01 +1.6779e+00 -1.6118e+00 +1.2004e-01 -9.7159e-01 +2.9803e-02 -6.1658e-01 +2.4771e+00 +6.2555e-01 +1.0544e+00 +2.1827e+00 +2.3234e+00 -2.2189e-01 -1.2671e+00 +1.0548e+00 -2.5593e+00 +1.4492e+00 -2.5895e-01 -2.4263e+00 +1.6167e+00
758 0 +4.183453355e+02 +4.183453355e+02 -1.281546645e+02 -1.281546645e+02 -1.8815e-01 +1.6357e+00 -1.6216e+00 +2.5070e-01 -9.8160e-01 +7.9711e-03 -5.9862e-01 +2.3222e+00 +6.5339e-01 +1.0223e+00 +2.1704e+00 +2.3096e+00 -2.4756e-01 -1.2777e+00 +1.2931e+00 -2.2554e+00 +1.4115e+00 -2.7698e-01 -2.3086e+00 +1.7576e+00
760 0 +4.134731289e+02 +4.134731289e+02 -1.330268711e+02 -1.330268711e+02 -2.2368e-01 +1.6551e+00 -1.5605e+00 +1.7122e-01 -1.0373e+00 +1.1287e-02 -6.0878e-01 +2.4470e+00 +6.5685e-01 +9.5794e-01 +2.2041e+00 +2.3054e+00 -2.4657e-01 -1.1947e+00 +1.1802e+00 -2.4308e+00 +1.4293e+00 -2.7645e-01 -2.4094e+00 +1.7554e+00
763 0 +3.966812358e+02 +3.966812358e+02 -1.498187642e+02 -1.498187642e+02 -1.5361e-01 +1.6454e+00 -1.6163e+00 +8.9246e-02 -1.0095e+00 +2.2937e-03 -6.1505e-01 +2.3355e+00 +6.0202e-01 +1.0037e+00 +2.1716e+00 +2.3229e+00 -2.5465e-01 -1.2818e+00 +1.1261e+00 -2.3730e+00 +1.4346e+00 -2.8145e-01 -2.4816e+00 +1.8007e+00
778 0 +3.738615541e+02 +3.738615541e+02 -1.726384459e+02 -1.726384459e+02 -2.2714e-01 +1.6345e+00 -1.6385e+00 +1.2541e-01 -1.0629e+00 +2.0571e-02 -6.1112e-01 +2.4524e+00 +5.9675e-01 +1.0145e+00 +2.2180e+00 +2.3021e+00 -2.4106e-01 -1.5427e+00 +1.1401e+00 -2.3583e+00 +1.4585e+00 -2.8769e-01 -2.3974e+00 +1.7047e+00
784 0 +3.593812447e+02 +3.593812447e+02 -1.871187553e+02 -1.871187553e+02 -2.2172e-01 +1.6845e+00 -1.6948e+00 +7.8982e-02 -1.0088e+00 +2.2333e-02 -6.2763e-01 +2.4371e+00 +5.7410e-01 +9.7248e-01 +2.1605e+00 +2.3291e+00 -2.4936e-01 -1.5081e+00 +1.0583e+00 -2.4739e+00 +1.4814e+00 -2.8647e-01 -2.4785e+00 +1.8950e+00
791 0 +3.501312126e+02 +3.501312126e+02 -1.963687874e+02 -1.963687874e+02 -1.6025e-01 +1.6863e+00 -1.6480e+00 +1.0261e-01 -9.9175e-01 +1.7973e-02 -5.9267e-01 +2.2840e+00 +6.1292e-01 +1.0736e+00 +2.1834e+00 +2.3479e+00 -2.2212e-01 -1.2386e+00 +1.0995e+00 -2.4661e+00 +1.4703e+00 -2.9234e-01 -2.4014e+00 +1.9673e+00
793 0 +3.461844221e+02 +3.461844221e+02 -2.003155779e+02 -2.003155779e+02 -2.6689e-01 +1.7413e+00 -1.6062e+00 +7.6884e-02 -9.3720e-01 +2.1192e-02 -6.2371e-01 +2.2889e+00 +6.0639e-01 +9.4012e-01 +2.1290e+00 +2.3364e+00 -2.2328e-01 -1.2754e+00 +1.0329e+00 -2.5069e+00 +1.4978e+00 -2.8563e-01 -2.4165e+00 +2.0028e+00
795 0 +3.341941621e+02 +3.341941621e+02 -2.123058379e+02 -2.123058379e+02 -2.3190e-01 +1.7208e+00 -1.6896e+00 +8.8273e-02 -9.9732e-01 +1.8248e-02 -6.0871e-01 +2.3054e+00 +5.8482e-01 +1.0413e+00 +2.2144e+00 +2.2925e+00 -2.2367e-01 -1.2877e+00 +1.0696e+00 -2.4230e+00 +1.4766e+00 -2.9717e-01 -2.3925e+00 +2.0133e+00
815 0 +3.173682137e+02 +3.173682137e+02 -2.291317863e+02 -2.291317863e+02 -2.4589e-01 +1.7708e+00 -1.6469e+00 +3.3304e-02 -1.0792e+00 +1.8893e-02 -6.3713e-01 +2.2853e+00 +5.8101e-01 +9.9498e-01 +2.2860e+00 +2.2653e+00 -2.1165e-01 -1.0922e+00 +1.2494e+00 -2.3677e+00 +1.4776e+00 -3.0799e-01 -2.3668e+00 +1.8813e+00
822 0 +3.134635694e+02 +3.134635694e+02 -2.330364306e+02 -2.330364306e+02 -1.6584e-01 +1.5838e+00 -1.5710e+00 -1.0082e-01 -9.9280e-01 +5.1052e-03 -6.1718e-01 +2.4829e+00 +6.0822e-01 +9.8324e-01 +2.2390e+00 +2.2327e+00 -2.1520e-01 -1.1077e+00 +8.1583e-01 -2.5040e+00 +1.4760e+00 -3.0760e-01 -2.3081e+00 +2.0786e+00
823 0 +3.084843183e+02 +3.084843183e+02 -2.380156817e+02 -2.380156817e+02 -2.7969e-01 +1.6197e+00 -1.5989e+00 -9.9737e-02 -1.0410e+00 +1.2878e-02 -6.2701e-01 +2.4280e+00 +6.1062e-01 +1.0239e+00 +2.2553e+00 +2.2928e+00 -2.0745e-01 -9.0882e-01 +7.9701e-01 -2.3431e+00 +1.4527e+00 -3.1488e-01 -2.3178e+00 +2.1263e+00
837 0 +2.990832089e+02 +2.990832089e+02 -2.474167911e+02 -2.474167911e+02 -1.2691e-01 +1.5532e+00 -1.6347e+00 -4.4434e-02 -9.6353e-01 +1.0264e-02 -6.1164e-01 +2.3034e+00 +5.9907e-01 +9.0323e-01 +2.2315e+00 +2.3064e+00 -2.2855e-01 -1.0007e+00 +5.6047e-01 -2.3667e+00 +1.4642e+00 -3.1859e-01 -2.2702e+00 +1.9754e+00
842 0 +2.876635130e+02 +2.876635130e+02 -2.588364870e+02 -2.588364870e+02 -2.1819e-01 +1.6374e+00 -1.5576e+00 -1.2308e-01 -1.0346e+00 +5.9177e-03 -5.9535e-01 +2.6442e+00 +5.5596e-01 +1.0373e+00 +2.2326e+00 +2.1500e+00 -2.1999e-01 -1.1000e+00 +1.0652e+00 -2.2793e+00 +1.4747e+00 -3.2525e-01 -2.3192e+00 +2.1229e+00
844 0 +2.733086798e+02 +2.733086798e+02 -2.731913202e+02 -2.731913202e+02 -2.6418e-01 +1.6615e+00 -1.6143e+00 -2.3654e-01 -1.1521e+00 -1.6463e-03 -6.0076e-01 +2.2749e+00 +6.0770e-01 +9.1789e-01 +2.2338e+00 +2.1752e+00 -2.2824e-01 -1.0833e+00 +5.3119e-01 -2.3429e+00 +1.4960e+00 -3.3258e-01 -2.3028e+00 +2.0728e+00
854 0 +2.266195799e+02 +2.266195799e+02 -3.198804201e+02 -3.198804201e+02 -2.7566e-01 +1.7112e+00 -1.7620e+00 +4.6997e-02 -9.4825e-01 +5.6145e-03 -6.0796e-01 +2.1434e+00 +6.1233e-01 +9.0422e-01 +2.2476e+00 +2.2205e+00 -1.9191e-01 -9.8274e-01 +3.5916e-01 -2.2673e+00 +1.5057e+00 -3.5188e-01 -2.3587e+00 +2.1893e+00
873 0 +2.197477569e+02 +2.197477569e+02 -3.267522431e+02 -3.267522431e+02 -1.8592e-01 +1.6655e+00 -1.6805e+00 -1.4995e-02 -8.4625e-01 +9.2255e-03 -6.4206e-01 +2.1200e+00 +6.5105e-01 +9.2839e-01 +2.1997e+00 +2.1787e+00 -2.1292e-01 -9.0316e-01 +4.4692e-01 -2.1875e+00 +1.5154e+00 -3.5210e-01 -2.3021e+00 +2.0923e+00
875 0 +2.133825715e+02 +2.133825715e+02 -3.331174285e+02 -3.331174285e+02 -1.6926e-01 +1.8238e+00 -1.6964e+00 -7.3598e-02 -8.7142e-01 -7.9174e-03 -5.8086e-01 +2.0869e+00 +7.3231e-01 +8.2890e-01 +2.1892e+00 +2.2056e+00 -2.0679e-01 -9.9827e-01 +5.7074e-01 -2.1687e+00 +1.4970e+00 -3.5897e-01 -2.2559e+00 +2.1757e+00
882 0 +2.078985580e+02 +2.078985580e+02 -3.386014420e+02 -3.386014420e+02 -1.5567e-01 +1.7753e+00 -1.5983e+00 +4.7305e-02 -9.3302e-01 +9.1532e-03 -6.4716e-01 +2.2289e+00 +6.9219e-01 +6.8305e-01 +2.2217e+00 +2.2082e+00 -2.0846e-01 -7.6493e-01 +5.7594e-01 -2.2997e+00 +1.4927e+00 -3.6374e-01 -2.3306e+00 +1.9910e+00
888 0 +1.977779760e+02 +1.977779760e+02 -3.487220240e+02 -3.487220240e+02 -1.6948e-01 +1.8529e+00 -1.6788e+00 -5.2662e-03 -8.7821e-01 -1.6200e-02 -6.0130e-01 +2.0364e+00 +6.8293e-01 +9.6697e-01 +2.1798e+00 +2.2351e+00 -1.9623e-01 -8.7701e-01 +4.7358e-01 -2.3926e+00 +1.5274e+00 -3.5927e-01 -2.3548e+00 +2.0807e+00
895 0 +1.935358710e+02 +1.935358710e+02 -3.529641290e+02 -3.529641290e+02 -8.4115e-02 +1.8044e+00 -1.5838e+00 +1.7816e-02 -8.0457e-01 +1.0564e-02 -6.1734e-01 +2.2316e+00 +6.1355e-01 +8.8675e-01 +2.2070e+00 +2.2332e+00 -2.2820e-01 -7.9949e-01 +7.0416e-01 -2.6586e+00 +1.5323e+00 -3.6869e-01 -2.3365e+00 +2.0913e+00
905 0 +1.892257669e+02 +1.892257669e+02 -3.572742331e+02 -3.572742331e+02 -1.7119e-01 +1.8165e+00 -1.5428e+00 +2.3624e-02 -7.6494e-01 -3.6541e-03 -6.2039e-01 +1.9948e+00 +6.2982e-01 +9.0371e-01 +2.2286e+00 +2.2365e+00 -2.1769e-01 -1.0657e+00 +4.9277e-01 -2.3214e+00 +1.5486e+00 -3.6216e-01 -2.2235e+00 +2.1691e+00
906 0 +1.774776697e+02 +1.774776697e+02 -3.690223303e+02 -3.690223303e+02 -1.4959e-01 +1.8655e+00 -1.6591e+00 +1.7952e-02 -7.3836e-01 -2.2791e-03 -6.3232e-01 +2.0484e+00 +6.7871e-01 +9.8815e-01 +2.3132e+00 +2.2625e+00 -1.8453e-01 -8.8538e-01 +4.6172e-01 -2.2276e+00 +1.5025e+00 -3.7762e-01 -2.4169e+00 +2.0150e+00
916 0 +1.680623615e+02 +1.680623615e+02 -3.784376385e+02 -3.784376385e+02 -1.2142e-01 +1.6968e+00 -1.5220e+00 -1.9506e-02 -7.5977e-01 -1.3718e-02 -6.0041e-01 +1.9187e+00 +5.8539e-01 +8.8414e-01 +2.3331e+00 +2.3193e+00 -1.9016e-01 -9.2992e-01 +6.2146e-01 -2.4575e+00 +1.5239e+00 -3.8313e-01 -2.4714e+00 +1.9211e+00
917 0 +1.528526689e+02 +1.528526689e+02 -3.936473311e+02 -3.936473311e+02 -1.9059e-01 +1.7947e+00 -1.5833e+00 +3.2384e-02 -8.3645e-01 +5.7540e-03 -5.8404e-01 +2.2814e+00 +6.8978e-01 +1.1736e+00 +2.4182e+00 +2.2277e+00 -1.9519e-01 -8.2494e-01 +6.4286e-01 -2.6033e+00 +1.5070e+00 -3.9539e-01 -2.4530e+00 +1.7293e+00
942 0 +1.274191359e+02 +1.274191359e+02 -4.190808641e+02 -4.190808641e+02 -2.9100e-01 +1.3022e+00 -1.6914e+00 +1.3732e-01 -7.5449e-01 -4.4521e-02 -6.3656e-01 +1.3318e+00 +5.8334e-01 +9.8360e-01 +2.4680e+00 +2.3499e+00 -1.9405e-01 -1.8265e+00 +1.4452e+00 -2.1728e+00 +1.5657e+00 -4.2259e-01 -2.6041e+00 +6.6680e-01
945 0 +9.345637851e+01 +9.345637851e+01 -4.530436215e+02 -4.530436215e+02 -2.1642e-01 +1.4788e+00 -1.9448e+00 -2.7662e-01 -5.3533e-01 -3.3689e-02 -5.4122e-01 +2.0400e+00 +7.1576e-01 +1.0452e+00 +2.4335e+00 +2.2089e+00 -2.3190e-01 -1.3696e+00 +8.1540e-01 -2.2199e+00 +1.4988e+00 -4.6385e-01 -2.4428e+00 +1.5784e+00
% f evaluations | g evaluations | best noise-free fitness - Fopt | noise-free fitness - Fopt (1.000000000000e+03) | measured fitness | best measured fitness | x1 | x2...
1 0 +1.831961742e+04 +1.831961742e+04 +1.931961742e+04 +1.931961742e+04 +0.0000e+00 +0.0000e+00 +0.0000e+00 +0.0000e+00 +0.0000e+00 +0.0000e+00 +0.0000e+00 +0.0000e+00 +0.0000e+00 +0.0000e+00 +0.0000e+00 +0.0000e+00 +0.0000e+00 +0.0000e+00 +0.0000e+00 +0.0000e+00 +0.0000e+00 +0.0000e+00 +0.0000e+00 +0.0000e+00
2 0 +1.589490073e+04 +1.589490073e+04 +1.689490073e+04 +1.689490073e+04 -7.3995e-01 +1.6614e-03 -6.1568e-01 -6.6661e-01 -2.4559e-01 +2.2595e-01 -1.0893e+00 -2.9120e-01 -6.7975e-02 -2.1731e-01 +4.0613e-01 -5.5828e-01 -1.2320e-01 +3.0440e-01 +2.7197e-01 -6.8524e-02 -4.5891e-03 -1.6245e+00 +2.7336e-02 -1.1867e-01
5 0 +1.001714603e+04 +1.001714603e+04 +1.101714603e+04 +1.101714603e+04 -1.2310e-01 +1.2728e-03 -3.2646e-01 +7.2408e-01 -1.2690e-01 +1.7907e-01 -1.1644e+00 +1.9387e-01 +6.9113e-02 -3.1447e-01 -2.0428e-01 +2.3723e-01 +1.4190e-01 +1.5255e-01 -2.2348e-02 -7.9914e-01 -1.3043e-01 +1.5019e-02 -2.5016e-01 +6.7397e-01
12 0 +6.721329070e+03 +6.721329070e+03 +7.721329070e+03 +7.721329070e+03 +8.3865e-03 +3.0825e-03 -3.1293e-01 -3.8607e-01 -4.3684e-01 +4.4538e-01 -1.2537e+00 +3.5598e-01 +9.8845e-02 -5.2465e-01 +1.9800e-02 -3.0559e-01 +1.5562e-01 -2.9642e-01 +5.0802e-01 -1.9317e-01 -2.4821e-01 -2.3400e+00 +2.3192e-02 +8.6938e-01
14 0 +6.153987672e+03 +6.153987672e+03 +7.153987672e+03 +7.153987672e+03 -3.8944e-01 -1.3597e-03 -7.0338e-01 +2.4962e+00 -2.0665e-01 +3.3972e-01 -3.3507e-01 -1.7337e-02 -2.1503e-01 -5.4373e-01 -4.8384e-02 +6.2566e-01 -9.7661e-02 -1.5177e-01 -1.4665e-01 -4.9397e-01 -1.4312e-01 -9.3900e-01 -1.0913e-01 +1.8829e+00
21 0 +4.110859046e+03 +4.110859046e+03 +5.110859046e+03 +5.110859046e+03 +4.0776e-01 -1.0151e-03 -9.7905e-01 +1.6171e+00 -8.2897e-03 +1.6891e-02 -1.4278e+00 +6.2933e-01 +2.6781e-02 -1.9785e-01 -3.2271e-01 +7.4397e-01 -5.7923e-01 -7.4072e-01 -2.0174e-01 -1.0066e+00 -4.5412e-01 -7.5024e-01 -1.4245e-01 +7.9756e-01
26 0 +3.337796266e+03 +3.337796266e+03 +4.337796266e+03 +4.337796266e+03 -1.1350e-01 -2.4856e-03 +5.3836e-02 +2.4406e+00 -3.0493e-01 +4.1711e-01 +5.3691e-01 +5.2987e-02 -3.2491e-02 -4.9414e-01 +1.5544e-02 +2.6988e-02 -3.5653e-01 -9.1258e-02 -2.0192e-01 -1.1318e+00 -1.8219e-01 -8.4128e-01 -3.3482e-01 +9.3791e-01
38 0 +3.032310308e+03 +3.032310308e+03 +4.032310308e+03 +4.032310308e+03 +6.0943e-01 -1.2774e-03 -8.2208e-02 +3.6342e-01 +2.3136e-02 +7.1167e-01 +2.6090e-01 +3.6987e-02 -6.9500e-02 -6.4203e-01 +3.7662e-02 +4.0209e-01 -5.8954e-01 -1.6871e-01 -3.5411e-01 -1.0089e+00 -7.8260e-02 -1.1851e+00 -2.1021e-01 +1.0096e+00
42 0 +2.559517368e+03 +2.559517368e+03 +3.559517368e+03 +3.559517368e+03 +6.8622e-01 +2.0042e-03 -3.9025e-01 +2.3217e+00 -2.9788e-01 +6.7433e-01 +7.9946e-01 +1.3699e-01 -2.4154e-01 +2.7982e-02 -7.1635e-01 +3.7908e-01 -7.1477e-01 -7.9254e-01 +2.5004e-02 -1.7558e+00 -4.9774e-01 -7.2926e-01 -3.5576e-01 +1.9280e+00
43 0 +2.373901249e+03 +2.373901249e+03 +3.373901249e+03 +3.373901249e+03 -1.1657e+00 +2.0517e-04 -6.1733e-01 +2.4940e+00 -9.5707e-02 +6.4977e-01 +1.3757e-01 +1.1316e-01 -2.7490e-01 -8.2122e-02 -7.7511e-01 +8.1321e-03 -7.2992e-01 -1.1492e+00 -2.8095e-01 -1.4744e+00 -3.6828e-01 -5.8817e-01 -3.4309e-01 +1.8129e+00
46 0 +1.997977970e+03 +1.997977970e+03 +2.997977970e+03 +2.997977970e+03 -6.9016e-01 -7.1331e-04 -4.4261e-01 +1.0533e+00 -2.7139e-01 +7.1104e-01 +6.0459e-01 +2.4132e-01 -1.2627e-01 -4.6956e-01 -2.5941e-01 +4.0459e-02 -7.3895e-01 -4.9135e-01 -3.6500e-01 -1.7107e+00 -3.0012e-01 -7.5344e-01 -2.0424e-01 +1.5653e+00
52 0 +8.624849577e+02 +8.624849577e+02 +1.862484958e+03 +1.862484958e+03 -7.8834e-01 +1.1625e-03 -1.6417e-01 +2.3079e+00 -7.5639e-02 +7.9449e-01 +7.4078e-02 +4.8654e-01 -1.5003e-01 -7.6999e-01 -9.9986e-01 +3.8920e-02 -5.9786e-01 -1.2156e+00 -2.5640e-01 -1.4903e+00 -3.9520e-01 -1.7554e+00 -4.3936e-01 +2.0763e+00
62 0 +7.739505247e+02 +7.739505247e+02 +1.773950525e+03 +1.773950525e+03 -1.0624e+00 +5.5963e-03 -1.4591e+00 +1.4193e+00 -1.3288e-01 +6.3775e-01 +6.5048e-01 +1.3852e-02 -1.3062e-01 -6.5855e-01 -9.2249e-01 -2.2972e-01 -4.5302e-01 -1.1548e+00 -3.6810e-01 -2.1953e+00 -2.0342e-01 -1.1784e+00 -3.3839e-01 +2.4252e+00
63 0 +5.648524648e+02 +5.648524648e+02 +1.564852465e+03 +1.564852465e+03 -9.3458e-01 +3.4318e-03 -1.6881e+00 +1.9769e+00 -6.5622e-01 +1.0429e+00 +4.9622e-01 +2.5745e-01 -2.8641e-01 -7.5665e-01 -5.0617e-01 +3.0742e-02 -7.5215e-01 -1.0047e+00 +2.1192e-02 -1.5239e+00 -7.3781e-01 -1.7887e+00 -5.2400e-01 +1.7138e+00
67 0 +3.121303978e+02 +3.121303978e+02 +1.312130398e+03 +1.312130398e+03 -1.6743e+00 -9.3155e-04 -7.4743e-01 +1.5174e+00 -1.8144e-01 +7.0243e-01 +4.0123e-01 +1.7698e-01 -1.1416e-01 -6.7075e-01 -6.6021e-01 -1.4089e-01 -1.6718e-01 -2.7654e+00 -6.2615e-02 -1.3049e+00 -5.0537e-01 -1.9532e+00 -3.4601e-01 +2.0802e+00
78 0 +1.277471522e+01 +1.277471522e+01 +1.012774715e+03 +1.012774715e+03 -1.1537e+00 -5.4245e-03 -2.3438e-01 +8.3818e-01 -5.1309e-01 +6.8554e-01 +8.3756e-01 +4.6614e-01 -2.4797e-01 -7.8971e-01 -7.9218e-01 -1.3419e+00 -2.5088e+00 -7.8400e-01 -9.9769e-01 -1.4419e+00 -6.0318e-01 -2.5765e+00 -5.0871e-01 +1.7126e+00
% f evaluations | g evaluations | best noise-free fitness - Fopt | noise-free fitness - Fopt (2.083800000000e+02) | measured fitness | best measured fitness | x1 | x2...
1 0 +1.831961742e+04 +1.831961742e+04 +1.852799742e+04 +1.852799742e+04 +0.0000e+00 +0.0000e+00 +0.0000e+00 +0.0000e+00 +0.0000e+00 +0.0000e+00 +0.0000e+00 +0.0000e+00 +0.0000e+00 +0.0000e+00 +0.0000e+00 +0.0000e+00 +0.0000e+00 +0.0000e+00 +0.0000e+00 +0.0000e+00 +0.0000e+00 +0.0000e+00 +0.0000e+00 +0.0000e+00
4 0 +1.658826383e+04 +1.658826383e+04 +1.679664383e+04 +1.679664383e+04 +9.1430e-02 -1.0979e+00 -6.5376e-01 -6.5859e-01 +4.8959e-01 -6.0831e-01 -4.9108e-01 -3.9089e-01 +1.1693e-01 -6.4528e-01 -1.7944e+00 -3.4841e-01 +3.2798e-01 -2.3965e+00 -1.0958e-01 +2.0227e-02 +9.5388e-01 -2.0691e-02 +1.2787e+00 -1.2433e-01
27 0 +1.566276854e+04 +1.566276854e+04 +1.587114854e+04 +1.587114854e+04 -1.0706e+00 -1.8956e+00 -1.9211e+00 -6.8347e-01 +1.7613e+00 -6.6785e-02 -1.6624e+00 -2.2970e+00 +7.8651e-02 -2.9450e-01 +2.6732e-01 +1.3028e-01 +9.1818e-01 -3.7908e+00 -6.1982e-01 +2.4714e-01 +1.4099e+00 +6.0693e-01 +2.3175e+00 +4.8540e-02
32 0 +1.078257022e+04 +1.078257022e+04 +1.099095022e+04 +1.099095022e+04 -5.9899e-01 -1.7499e+00 -1.3442e+00 -1.0639e-02 +3.7188e+00 -6.5776e-01 -1.2898e+00 -1.5697e+00 +9.9037e-02 -3.9912e-01 +1.9895e+00 +3.6480e-01 -9.7802e-01 -1.1242e+00 -7.6147e-01 -2.2668e-01 +6.6020e-01 +1.1860e+00 +1.7403e+00 -1.3068e-01
46 0 +8.075384141e+03 +8.075384141e+03 +8.283764141e+03 +8.283764141e+03 -3.2353e-01 -7.3205e-01 -1.1948e+00 -1.4552e+00 +3.1992e+00 -8.3846e-01 -2.1810e+00 +2.1724e-01 +1.5983e-01 -2.6593e-01 +1.8142e+00 +4.4615e-01 -1.9458e+00 -1.1362e+00 -6.6914e-01 -8.3903e-01 +2.9215e+00 +1.1438e+00 +2.6449e+00 -2.3210e-01
114 0 +6.843809887e+03 +6.843809887e+03 +7.052189887e+03 +7.052189887e+03 +2.1615e+00 -2.9566e+00 -2.1481e+00 -2.0019e+00 +3.8998e+00 -2.6538e+00 +2.0857e-01 -2.5297e-01 +6.4209e-01 +1.8612e-01 +2.0522e+00 +4.0613e-01 +1.1673e-01 -2.5543e-01 -1.1427e-01 -3.8590e-01 +3.0050e+00 +3.2685e-01 +1.2269e+00 +1.8064e+00
473 0 +6.323103103e+03 +6.323103103e+03 +6.531483103e+03 +6.531483103e+03 +4.5335e+00 +3.6678e+00 -2.6454e+00 +8.1957e-02 +3.0943e+00 -3.0950e+00 +3.2974e+00 +1.1838e-01 +7.5070e-01 -9.9953e-01 -2.2137e-01 +1.8259e+00 -1.5736e+00 -2.8258e+00 -3.4881e-01 -1.7886e+00 +2.1981e+00 +1.3166e+00 +2.1069e+00 +1.2840e+00
480 0 +6.193434785e+03 +6.193434785e+03 +6.401814785e+03 +6.401814785e+03 +4.5974e+00 +3.7540e+00 -2.1539e+00 -2.1129e-01 +4.3342e+00 -3.0194e+00 +3.3944e+00 -3.0401e-01 +8.2123e-01 -6.5397e-01 -1.9787e-01 +1.7863e+00 -2.4563e+00 -2.4836e+00 -3.9032e-01 -7.3424e-01 +2.6973e+00 +1.8384e+00 +1.9425e+00 +1.6716e+00
485 0 +5.783463896e+03 +5.783463896e+03 +5.991843896e+03 +5.991843896e+03 +3.7079e+00 +4.1926e+00 -1.9056e+00 -1.6018e-01 +4.3468e+00 -2.7272e+00 +2.8267e+00 +1.1800e+00 +8.0566e-01 -1.2149e+00 -1.8551e-01 +1.5574e+00 -2.7052e+00 -2.4135e+00 +4.2193e-02 -1.1177e+00 +2.4619e+00 +2.3876e+00 +2.3295e+00 +1.0723e+00
513 0 +4.567377093e+03 +4.567377093e+03 +4.775757093e+03 +4.775757093e+03 +3.7922e+00 +3.5270e+00 -2.4920e+00 -1.5029e-01 +2.7447e+00 -2.1934e+00 +1.5244e+00 -5.7240e-01 +9.3411e-01 -7.0296e-01 +2.8530e-01 +1.8563e+00 -2.8164e+00 -2.7356e+00 -5.4650e-01 -1.0724e+00 +2.4911e+00 +1.5717e+00 +1.7921e+00 +1.7309e+00
744 0 +4.105049124e+03 +4.105049124e+03 +4.313429124e+03 +4.313429124e+03 +3.3450e+00 +3.9292e+00 -3.0159e+00 -8.9015e-02 +1.4224e+00 +3.0847e+00 +6.2773e-01 +9.1182e-01 +1.1422e+00 -9.8476e-01 +2.2442e-01 +1.3218e+00 -1.7930e+00 -1.6820e+00 +8.2523e-02 -3.2991e+00 +2.3018e+00 +2.0495e+00 +7.0128e-01 +1.7737e+00
749 0 +3.624167401e+03 +3.624167401e+03 +3.832547401e+03 +3.832547401e+03 +2.8162e+00 +3.8761e+00 -2.8542e+00 -4.2216e-01 -1.5183e+00 +2.4073e+00 +2.1284e-01 +1.2617e-01 +1.2903e+00 -6.1654e-01 -1.2749e-01 +1.0748e+00 -1.8018e+00 -1.5096e+00 -2.8863e-01 -2.7387e+00 +2.3197e+00 +2.0081e+00 +1.7583e+00 +1.4239e+00
773 0 +2.836419284e+03 +2.836419284e+03 +3.044799284e+03 +3.044799284e+03 +3.4704e+00 +3.7710e+00 -2.8888e+00 -7.3086e-03 +1.7293e+00 +2.9737e+00 -6.8193e-01 +2.5952e+00 +1.1623e+00 -8.6774e-01 +1.6807e-01 +1.2881e+00 -1.7062e+00 -2.1602e+00 -3.7164e-01 -2.3727e+00 +1.9107e+00 +1.4001e+00 +1.4421e+00 +1.5089e+00
791 0 +2.568530206e+03 +2.568530206e+03 +2.776910206e+03 +2.776910206e+03 +2.4530e+00 +3.7673e+00 -3.1240e+00 +6.6246e-01 +1.5151e+00 +3.3780e+00 -4.6596e-01 +1.3997e+00 +1.0600e+00 -5.4942e-01 +1.2196e+00 +1.3575e+00 -2.0404e+00 -2.4036e+00 -5.3207e-01 -2.0945e+00 +1.6965e+00 +1.1689e+00 +1.4794e+00 +1.7393e+00
794 0 +2.377827119e+03 +2.377827119e+03 +2.586207119e+03 +2.586207119e+03 +2.6856e+00 +4.0680e+00 -3.3632e+00 +5.8761e-02 +1.0662e-01 +3.3145e+00 -1.9509e-02 +1.6154e+00 +1.0715e+00 -6.7748e-01 +1.8010e+00 +1.5313e+00 -2.3602e+00 -1.8653e+00 -3.0585e-01 -2.5814e+00 +1.7827e+00 +1.2054e+00 +1.2101e+00 +2.1661e+00
803 0 +2.220618768e+03 +2.220618768e+03 +2.428998768e+03 +2.428998768e+03 +2.3702e+00 +4.3560e+00 -2.8433e+00 +1.2238e-01 -2.6222e-01 +3.7568e+00 -4.4335e-02 +2.3730e+00 +1.1776e+00 -4.4574e-01 +9.8482e-01 +1.4959e+00 -2.8147e+00 -1.0811e+00 -8.5104e-02 -2.4939e+00 +1.3614e+00 +1.2260e+00 +1.7142e+00 +2.3880e+00
806 0 +1.780771372e+03 +1.780771372e+03 +1.989151372e+03 +1.989151372e+03 +2.5375e+00 +3.9160e+00 -2.2663e+00 +4.7015e-01 -3.4086e-01 +3.0906e+00 +1.5566e-01 +2.4606e+00 +1.1792e+00 -8.3456e-01 +2.9988e+00 +1.6788e+00 -2.6629e+00 -2.0024e+00 -1.3861e-02 -2.3871e+00 +1.9425e+00 +1.7941e+00 +1.4833e+00 +2.4010e+00
889 0 +1.465224969e+03 +1.465224969e+03 +1.673604969e+03 +1.673604969e+03 +5.6363e-01 +4.3950e+00 -7.6751e-01 +1.4673e+00 +2.8675e+00 +1.0946e+00 -8.0692e-01 +3.0447e+00 +1.1491e+00 -2.6028e-01 +2.3481e+00 +9.7593e-01 +2.4300e-01 -6.9978e-01 +5.9832e-01 -8.9558e-01 +9.8105e-01 +2.6793e+00 +1.0117e+00 +1.5876e+00
% f evaluations | g evaluations | best noise-free fitness - Fopt | noise-free fitness - Fopt (-1.449600000000e+02) | measured fitness | best measured fitness | x1 | x2...
1 0 +1.831961742e+04 +1.831961742e+04 +1.817465742e+04 +1.817465742e+04 +0.0000e+00 +0.0000e+00 +0.0000e+00 +0.0000e+00 +0.0000e+00 +0.0000e+00 +0.0000e+00 +0.0000e+00 +0.0000e+00 +0.0000e+00 +0.0000e+00 +0.0000e+00 +0.0000e+00 +0.0000e+00 +0.0000e+00 +0.0000e+00 +0.0000e+00 +0.0000e+00 +0.0000e+00 +0.0000e+00
2 0 +1.523872426e+04 +1.523872426e+04 +1.509376426e+04 +1.509376426e+04 +1.3824e+00 -1.2747e+00 +2.3885e-01 +5.6886e-02 +8.7376e-01 +1.4555e+00 -7.5593e-01 -1.7908e+00 +1.1209e-02 +1.4944e-01 +5.3236e-01 -3.1061e-01 -2.9141e-01 -3.9726e-01 +1.3012e-01 -2.2466e-01 -1.8123e+00 -6.4241e-01 -1.5624e-01 -3.2062e-01
14 0 +1.465456399e+04 +1.465456399e+04 +1.450960399e+04 +1.450960399e+04 +1.7356e+00 -3.2701e+00 +3.4907e-01 -1.7327e-02 +2.9547e+00 +2.5477e-01 -7.9127e-01 -2.4480e+00 +2.5905e-01 +2.5322e-01 +1.7536e+00 +7.6368e-01 +1.3786e+00 +2.8875e-01 +1.4981e-01 +6.8672e-01 -1.1948e-01 -1.4864e+00 -4.1123e-01 -4.8270e-01
16 0 +1.120036214e+04 +1.120036214e+04 +1.105540214e+04 +1.105540214e+04 +1.7324e-01 -1.9209e+00 +2.8006e-01 -1.0047e-01 -3.0255e-01 +3.8723e+00 +7.8692e-01 -2.8881e-01 +1.4125e+00 +9.5457e-01 +1.3506e+00 +1.1905e+00 -4.0364e-01 -4.2783e-01 -1.0004e-02 +3.4540e+00 +2.0283e-01 -9.5454e-01 -1.4759e-01 -2.5213e+00
24 0 +1.085818062e+04 +1.085818062e+04 +1.071322062e+04 +1.071322062e+04 +1.0458e+00 -4.2216e+00 -4.8198e-02 +2.7009e-01 +2.2373e+00 +2.2880e-01 -4.0402e-01 -2.2380e+00 -4.7560e-01 +6.4373e-01 +2.4214e+00 +1.3269e+00 +2.4146e+00 -1.0108e-01 -9.8343e-02 +2.2307e+00 -3.1629e+00 -1.5564e+00 -3.9671e-02 -7.6033e-01
34 0 +9.962163514e+03 +9.962163514e+03 +9.817203514e+03 +9.817203514e+03 -1.3136e+00 -1.7948e-01 +4.7844e-01 -3.1009e-01 -4.1830e+00 -1.4183e+00 +2.8353e-01 -1.5318e+00 -5.5325e-01 +6.5002e-01 +7.6715e-01 +1.1557e+00 +3.0773e+00 -3.2850e-01 +2.3117e-01 +2.1483e+00 -1.0998e+00 -6.2417e-01 -2.3770e-01 -6.2187e-01
46 0 +7.972805219e+03 +7.972805219e+03 +7.827845219e+03 +7.827845219e+03 -1.2488e+00 -1.9743e+00 +8.5794e-02 -1.6434e-01 -3.7049e+00 -5.0411e-01 +8.3385e-01 -1.7759e+00 -3.6815e-01 -4.5298e-01 +1.7692e+00 +3.1237e-01 +3.3241e-01 +3.2584e-01 +1.6797e-02 +2.1356e+00 +1.2035e-01 -1.3550e+00 -2.5762e-01 -1.6379e+00
52 0 +6.754966572e+03 +6.754966572e+03 +6.610006572e+03 +6.610006572e+03 -2.0140e+00 -2.1014e+00 +6.7934e-01 -2.2191e-01 -3.4860e+00 -4.2517e-01 +7.3045e-01 -1.8112e+00 -1.5188e+00 -8.4776e-01 +1.7916e+00 +5.7653e-01 +1.6518e+00 +2.6002e-01 +1.1516e-02 +2.8889e+00 -1.1142e-01 -2.1629e+00 -2.5652e-01 -8.0026e-01
62 0 +4.886863893e+03 +4.886863893e+03 +4.741903893e+03 +4.741903893e+03 -2.0383e+00 -3.4673e+00 -6.4690e-02 -2.2661e-01 -2.7685e+00 -1.1857e+00 +4.1058e-01 -1.4484e+00 -1.2562e-03 -1.2341e-01 +1.4602e+00 +1.2242e+00 +2.5856e+00 +1.3874e-01 +2.1158e-01 +2.8769e+00 -5.4812e-01 -2.8387e+00 -2.8860e-01 -7.4380e-01
81 0 +3.693504383e+03 +3.693504383e+03 +3.548544383e+03 +3.548544383e+03 -8.1434e-01 -3.8500e+00 +4.6754e-01 -9.9250e-02 -3.5292e+00 -6.3617e-01 -5.1871e-02 -1.1692e+00 -2.0668e-01 -4.3181e-01 +1.3220e+00 +4.3827e-01 +2.8976e+00 -5.1078e-01 +1.9873e-01 +2.9545e+00 -1.1866e+00 -2.7499e+00 -6.0002e-02 -1.0003e+00
92 0 +3.067566872e+03 +3.067566872e+03 +2.922606872e+03 +2.922606872e+03 -2.2881e-01 -4.3632e+00 +6.3429e-03 +3.6274e-02 -3.6571e+00 -1.5976e+00 -5.4685e-01 -6.1482e-01 -8.0819e-01 -3.7408e-01 +2.3154e+00 +1.4397e+00 +1.0857e+00 +5.1962e-01 +5.1484e-02 +1.0345e+00 -6.4371e-01 -2.1147e+00 -4.4072e-02 -1.0980e+00
108 0 +1.723160239e+03 +1.723160239e+03 +1.578200239e+03 +1.578200239e+03 -5.4212e-01 -3.4161e+00 +1.2505e-01 +1.2090e-01 -3.0396e+00 -2.4107e+00 -2.0817e-01 +1.9818e-01 +7.9361e-02 -9.6843e-02 +2.8734e+00 +1.9290e+00 +1.9336e+00 +5.6736e-01 +3.2807e-01 +1.9142e+00 -7.3534e-01 -2.7413e+00 -9.1604e-02 -1.3828e+00
% f evaluations | g evaluations | best noise-free fitness - Fopt | noise-free fitness - Fopt (-6.300000000000e+00) | measured fitness | best measured fitness | x1 | x2...
1 0 +1.831961742e+04 +1.831961742e+04 +1.831331742e+04 +1.831331742e+04 +0.0000e+00 +0.0000e+00 +0.0000e+00 +0.0000e+00 +0.0000e+00 +0.0000e+00 +0.0000e+00 +0.0000e+00 +0.0000e+00 +0.0000e+00 +0.0000e+00 +0.0000e+00 +0.0000e+00 +0.0000e+00 +0.0000e+00 +0.0000e+00 +0.0000e+00 +0.0000e+00 +0.0000e+00 +0.0000e+00
14 0 +1.654954952e+04 +1.654954952e+04 +1.654324952e+04 +1.654324952e+04 +1.2625e+00 +6.1377e-01 +1.7871e-01 +2.5615e+00 -1.3272e+00 -3.4270e-01 +1.9683e+00 +7.9877e-01 +6.6008e-01 -5.9046e-02 +1.2934e+00 +1.1563e-01 +1.0604e+00 +4.8229e-01 -1.4381e+00 +6.3859e-01 -2.3775e-01 -8.4308e-01 -2.9756e-01 +3.0279e-01
22 0 +1.442999579e+04 +1.442999579e+04 +1.442369579e+04 +1.442369579e+04 +5.6055e-01 -2.2638e+00 +7.3411e-02 +1.9062e+00 -3.3266e+00 +2.5373e+00 +1.6541e+00 +2.1046e+00 +2.5288e+00 +3.4998e-02 -7.3524e-01 -3.0200e-01 -5.2955e-02 +1.0399e+00 +2.9826e-01 -8.0107e-02 -1.4222e-01 -1.6979e+00 -7.3038e-02 -2.3573e-02
24 0 +1.234875375e+04 +1.234875375e+04 +1.234245375e+04 +1.234245375e+04 +2.6082e+00 -5.0347e-01 +2.0949e-01 +2.6948e+00 -3.0570e-01 +1.5902e+00 +2.1063e+00 +2.6556e-01 +1.4163e+00 +3.2613e-01 +6.0214e-01 -4.7367e-01 -5.6264e-01 -2.9586e-01 -1.9543e+00 +4.5905e-01 -1.4300e-01 +3.0018e-01 -2.6282e+00 +3.8290e-01
29 0 +1.023079162e+04 +1.023079162e+04 +1.022449162e+04 +1.022449162e+04 +1.6142e+00 -1.8013e+00 +6.8115e-02 +1.4582e+00 -3.8293e+00 +1.2849e+00 -2.1813e-01 +1.7070e+00 +1.1073e+00 -6.2323e-01 +9.6857e-02 -3.8506e-01 -6.4714e-01 -4.5731e-02 -6.6969e-01 +1.0567e-01 -2.8776e-02 -2.3153e+00 -9.7491e-01 +1.2277e-02
32 0 +9.574475071e+03 +9.574475071e+03 +9.568175071e+03 +9.568175071e+03 +2.7169e+00 -5.1667e-01 +4.1600e-01 +2.3368e+00 -1.7630e+00 +3.1708e+00 +3.0752e+00 +1.4186e+00 +2.1104e+00 +4.1052e-01 +1.5987e-01 -3.2171e-01 -1.1351e+00 +1.5486e+00 -1.5268e+00 -4.3189e-01 -5.4967e-02 -1.1060e+00 -2.3877e+00 +1.1194e-01
34 0 +7.003831099e+03 +7.003831099e+03 +6.997531099e+03 +6.997531099e+03 +3.1466e+00 -1.4612e+00 +1.7170e-01 +3.1609e+00 -1.4029e-01 +1.9788e+00 +2.0529e+00 -6.5558e-01 +3.1459e-01 +2.7041e-01 +8.2061e-01 -1.5879e-01 -4.0262e-01 +1.0511e+00 -1.6116e+00 +1.5476e-01 -1.6549e-01 -6.8462e-01 -1.9738e+00 +1.1892e-01
36 0 +6.615864787e+03 +6.615864787e+03 +6.609564787e+03 +6.609564787e+03 +2.2472e+00 -2.0590e+00 +2.9453e-01 +2.1979e+00 -2.0142e+00 +9.0142e-01 +2.9916e+00 +1.5300e+00 +2.9613e-01 +5.0450e-01 +5.5489e-01 -1.7761e-01 -1.0930e+00 +1.1644e-02 -1.6153e+00 +1.3301e-01 -2.8847e-01 -3.0430e-01 -1.9569e+00 +2.1277e-01
49 0 +4.643859791e+03 +4.643859791e+03 +4.637559791e+03 +4.637559791e+03 +2.2938e+00 -2.2469e+00 +3.3331e-01 +4.1703e+00 +6.5385e-01 +5.9199e-01 +2.4112e+00 +4.5463e-01 +8.3364e-01 -2.3230e-01 +5.2510e-01 +3.5331e-01 -5.5232e-01 +5.8208e-01 -2.0006e+00 +1.0934e-01 +4.0357e-02 -9.5310e-01 -2.0857e+00 -1.7114e-01
65 0 +4.095414918e+03 +4.095414918e+03 +4.089114918e+03 +4.089114918e+03 +2.1714e+00 -7.9900e-01 +2.1620e-01 +3.3936e+00 -1.3160e+00 -1.1763e+00 +2.7576e+00 +6.1366e-01 -3.1138e-01 +1.6753e-01 +4.8257e-01 +6.1699e-02 -2.5426e-01 +1.1599e+00 -1.5736e+00 -1.4017e-01 -3.3150e-01 -7.7682e-01 -1.5437e+00 -1.5221e-01
70 0 +2.235014926e+03 +2.235014926e+03 +2.228714926e+03 +2.228714926e+03 +1.8433e+00 -2.1583e-01 +2.9063e-01 +3.4263e+00 +1.1451e+00 -2.7059e-01 +2.6082e+00 +7.5102e-01 -1.5672e-02 +4.3297e-01 +1.3674e-02 +3.1091e-01 -2.3756e-02 +1.2524e+00 -2.6294e+00 +3.4230e-01 -2.3092e-01 -6.8206e-01 -2.2705e+00 -1.4665e-01
777 0 +1.997154542e+03 +1.997154542e+03 +1.990854542e+03 +1.990854542e+03 -1.1564e-01 -3.1896e+00 +1.2041e+00 +3.2146e+00 -3.5923e-01 -2.2380e+00 -9.9810e-01 -8.7296e-01 +3.5681e+00 -1.2142e+00 -3.8561e+00 +2.0910e+00 -1.3426e+00 +2.7280e+00 -6.9506e-01 +2.6892e+00 -1.9558e-01 -2.5518e+00 -2.5648e-01 -2.6154e+00
781 0 +6.408738045e+02 +6.408738045e+02 +6.345738045e+02 +6.345738045e+02 -1.7730e+00 -3.0627e+00 +1.2380e+00 +2.6907e+00 -5.5230e-02 -1.5257e+00 -5.0686e-01 -1.5418e+00 +2.5263e+00 -1.1321e+00 -2.9876e+00 +1.5766e+00 -1.9327e+00 +1.9279e+00 +1.5736e-01 +2.8598e+00 -1.8097e-01 -2.0030e+00 -7.8035e-01 -2.7431e+00
880 0 +4.848370787e+02 +4.848370787e+02 +4.785370787e+02 +4.785370787e+02 -1.2832e+00 -2.1645e+00 +8.8287e-01 +2.8683e+00 -2.3502e+00 -2.5999e+00 -2.4602e-01 -8.3189e-01 +2.5046e+00 -6.5945e-01 -2.6760e+00 +2.2058e+00 -1.3981e+00 +1.7360e-01 -1.2064e+00 +2.3567e+00 +2.0423e-02 -2.2174e+00 -4.0554e-01 -2.7998e+00
898 0 +2.775386979e+02 +2.775386979e+02 +2.712386979e+02 +2.712386979e+02 -7.8208e-01 -2.1988e+00 +1.0532e+00 +3.1542e+00 -1.7736e+00 -2.6194e+00 +3.4869e-02 -6.5183e-01 +2.1752e+00 -7.4975e-01 -1.6416e+00 +2.2044e+00 -1.7987e+00 +3.9549e-01 -9.7187e-01 +2.4195e+00 -6.3751e-03 -2.1015e+00 -6.1388e-01 -2.6691e+00
913 0 +2.665729583e+02 +2.665729583e+02 +2.602729583e+02 +2.602729583e+02 -1.2063e+00 -2.8362e+00 +1.1658e+00 +3.1402e+00 -1.8300e+00 -2.5668e+00 -6.8744e-01 -4.0842e-01 +1.7190e+00 -6.3017e-01 -1.3528e+00 +1.9710e+00 -1.5357e+00 +4.6861e-01 -1.0910e+00 +2.2596e+00 -3.5850e-02 -2.7470e+00 -5.7303e-01 -2.5530e+00
922 0 +2.499099104e+02 +2.499099104e+02 +2.436099104e+02 +2.436099104e+02 -1.2907e+00 -3.1408e+00 +1.2139e+00 +3.1967e+00 -9.3282e-01 -2.7621e+00 -7.8050e-01 +3.5245e-01 +1.5859e+00 -5.8633e-01 -1.8604e+00 +2.5614e+00 -1.3317e+00 +6.2890e-01 -1.1250e+00 +2.2194e+00 -1.1088e-01 -2.3518e+00 -7.4724e-01 -2.5081e+00
931 0 +1.679551354e+02 +1.679551354e+02 +1.616551354e+02 +1.616551354e+02 -1.2249e+00 -2.4040e+00 +1.0747e+00 +3.3423e+00 -1.9266e+00 -2.5934e+00 -1.4787e+00 -5.3625e-01 +9.2973e-01 -4.9641e-01 -1.8220e+00 +2.3020e+00 -1.5761e+00 +7.9034e-01 -7.7290e-01 +2.2519e+00 -3.0005e-01 -2.2020e+00 -4.5425e-01 -2.4459e+00
959 0 +1.154444093e+02 +1.154444093e+02 +1.091444093e+02 +1.091444093e+02 -6.7818e-01 -2.6676e+00 +1.1088e+00 +2.4712e+00 -1.9087e+00 -2.7810e+00 -2.8823e-01 +2.2408e-02 +9.8722e-01 -6.4501e-02 -2.4299e+00 +2.0954e+00 -1.4482e+00 +1.5945e+00 -8.4411e-01 +1.9488e+00 -2.9749e-01 -2.1564e+00 -9.9822e-01 -2.5221e+00
% f evaluations | g evaluations | best noise-free fitness - Fopt | noise-free fitness - Fopt (-1.367600000000e+02) | measured fitness | best measured fitness | x1 | x2...
1 0 +1.831961742e+04 +1.831961742e+04 +1.818285742e+04 +1.818285742e+04 +0.0000e+00 +0.0000e+00 +0.0000e+00 +0.0000e+00 +0.0000e+00 +0.0000e+00 +0.0000e+00 +0.0000e+00 +0.0000e+00 +0.0000e+00 +0.0000e+00 +0.0000e+00 +0.0000e+00 +0.0000e+00 +0.0000e+00 +0.0000e+00 +0.0000e+00 +0.0000e+00 +0.0000e+00 +0.0000e+00
2 0 +9.763128538e+03 +9.763128538e+03 +9.626368538e+03 +9.626368538e+03 -3.4299e-02 +3.5105e-01 +1.0381e+00 -2.9084e+00 +2.0846e-01 +2.2868e-03 +5.1362e-01 +5.3091e-01 +7.9572e-02 +6.8128e-01 -1.6641e-04 -1.8223e-02 -1.9468e-01 +1.9466e-01 +2.4016e-01 +3.7287e-01 +1.1384e-01 +5.8273e-02 -1.5185e+00 +9.3599e-01
4 0 +8.849555209e+03 +8.849555209e+03 +8.712795209e+03 +8.712795209e+03 +1.2441e-01 -1.0737e+00 -3.1906e-01 +1.3636e+00 +7.6984e-01 -1.1373e+00 -6.5656e-01 +2.1145e-01 -7.6306e-02 +9.9734e-01 -2.2401e-03 -1.1561e-01 -2.1505e-01 +1.8771e-01 -5.1547e-01 +8.2224e-01 -5.8975e-02 +4.4768e-01 -9.3941e-01 +5.8571e-04
19 0 +6.165799455e+03 +6.165799455e+03 +6.029039455e+03 +6.029039455e+03 +8.1529e-03 -9.2597e-01 +6.5378e-01 -1.5657e+00 +6.3147e-01 -1.1204e+00 +1.0062e+00 -4.9562e-01 +3.1751e-01 +1.0239e-01 -1.9859e-04 -2.3199e-02 -3.6486e-02 +4.7340e-02 -5.1160e-01 +1.1057e-01 +1.2603e-01 +1.4734e-01 -1.4613e+00 +1.5440e+00
26 0 +5.591909744e+03 +5.591909744e+03 +5.455149744e+03 +5.455149744e+03 +1.2236e-01 -1.1260e+00 -1.3481e+00 +5.1174e-01 +5.0604e-01 -1.6422e-01 +1.7353e+00 +1.1651e+00 +8.4433e-01 -3.0336e-01 -2.3250e-03 +1.2510e-01 -5.4065e-01 +4.2883e-01 -1.5144e-01 +7.2112e-01 +3.7266e-01 +3.3080e-01 -2.2445e+00 +7.7359e-02
43 0 +4.010421276e+03 +4.010421276e+03 +3.873661276e+03 +3.873661276e+03 -1.5028e-01 -1.0026e+00 -1.7511e+00 +1.3123e-02 -3.3481e-01 -4.3015e-01 +1.6199e+00 +3.5285e+00 +6.7366e-01 -9.4500e-01 -2.2506e-03 +1.6369e-01 -3.3030e-01 +7.7016e-01 -1.5988e+00 +5.2030e-02 +3.7851e-01 +3.6087e-01 -2.8994e+00 +5.3444e-01
62 0 +3.769903523e+03 +3.769903523e+03 +3.633143523e+03 +3.633143523e+03 -1.4195e-01 -4.2381e-01 -1.4334e+00 +1.5352e+00 +3.0669e-01 -4.3428e-01 +1.6327e+00 +3.4103e+00 +2.4486e-01 -1.1120e+00 -2.4967e-03 +2.4133e-01 -1.2082e-01 +6.3958e-01 -5.6662e-01 +2.1556e-04 +4.6809e-01 +3.8488e-01 -2.6807e+00 +4.1310e-01
65 0 +3.500394757e+03 +3.500394757e+03 +3.363634757e+03 +3.363634757e+03 -2.5433e-01 -3.3875e-01 -1.1144e+00 +1.1447e+00 -1.5885e+00 -8.3290e-01 +1.5291e+00 +2.7627e+00 +2.6034e-01 -5.9113e-01 -1.8258e-03 +1.8689e-01 -1.1648e-01 +9.8356e-01 -1.5025e+00 -1.5187e-01 +3.2029e-01 +6.6127e-01 -2.0191e+00 +5.9225e-01
68 0 +2.236162739e+03 +2.236162739e+03 +2.099402739e+03 +2.099402739e+03 -2.0412e-01 -6.5318e-01 -1.4145e+00 +2.0064e-01 -1.2327e+00 +6.8984e-01 +1.5004e+00 +2.4313e+00 +4.7581e-01 -1.6937e+00 -1.6321e-03 +2.1157e-01 -1.2482e-01 +8.6063e-01 -1.8865e+00 +2.1824e-01 +3.1031e-01 +6.0651e-01 -2.8855e+00 +3.5494e-01
93 0 +2.082325634e+03 +2.082325634e+03 +1.945565634e+03 +1.945565634e+03 -9.8196e-02 +8.6494e-02 -1.4420e+00 -8.0491e-01 -7.4586e-01 -3.3086e-01 +1.3658e+00 +2.4358e+00 +1.0904e-01 -1.4581e+00 -2.4238e-03 +2.8784e-01 -2.5139e-01 +7.2526e-01 -1.6260e+00 +7.2625e-01 +3.9400e-01 +4.9313e-01 -2.8044e+00 +6.5513e-01
99 0 +2.032765326e+03 +2.032765326e+03 +1.896005326e+03 +1.896005326e+03 -2.7379e-01 -8.0015e-02 -1.9923e+00 -1.2244e+00 -9.3417e-01 -3.6466e-01 +1.3382e+00 +2.5347e+00 +9.7823e-02 -1.3393e+00 -1.8913e-03 +2.3720e-01 -1.9604e-01 +8.4179e-01 -1.7015e+00 +7.8810e-01 +3.1830e-01 +5.2664e-01 -2.7781e+00 +5.9425e-01
100 0 +1.214178237e+03 +1.214178237e+03 +1.077418237e+03 +1.077418237e+03 -1.2291e-01 -3.9053e-02 -2.0480e+00 -7.3217e-02 -1.4828e+00 -3.6902e-01 +1.0113e+00 +2.4419e+00 +1.5468e-01 -1.1376e+00 -2.4110e-03 +2.6845e-01 -2.2339e-01 +9.1797e-01 -1.0381e+00 +8.4415e-01 +3.6281e-01 +6.6759e-01 -2.1829e+00 +8.8610e-01
109 0 +9.878103527e+02 +9.878103527e+02 +8.510503527e+02 +8.510503527e+02 -2.7644e-01 +1.4334e-01 -1.6886e+00 +1.1072e-02 -1.0336e+00 -2.2214e-01 +9.6763e-01 +1.9515e+00 +4.1754e-03 -1.1887e+00 -1.5158e-03 +2.1613e-01 -8.8684e-02 +8.2860e-01 -1.1536e+00 +5.4847e-01 +3.4871e-01 +7.9354e-01 -2.3888e+00 +1.2173e+00
114 0 +9.341408100e+02 +9.341408100e+02 +7.973808100e+02 +7.973808100e+02 -4.3260e-01 -2.9820e-03 -1.6719e+00 +1.3137e-01 -9.4195e-01 -2.5673e-01 +1.0637e+00 +1.7968e+00 +1.5259e-01 -1.4667e+00 -1.3185e-03 +1.7329e-01 -5.1782e-02 +8.2810e-01 -1.3978e+00 +5.9610e-01 +3.7505e-01 +9.8090e-01 -2.4867e+00 +5.2349e-01
116 0 +8.878124915e+02 +8.878124915e+02 +7.510524915e+02 +7.510524915e+02 -3.2574e-01 +1.9491e-01 -1.1811e+00 +5.0809e-01 -1.1219e+00 -1.3599e-01 +9.5243e-01 +1.7165e+00 +1.7730e-01 -1.3758e+00 -1.3975e-03 +1.9066e-01 -4.8267e-02 +9.0306e-01 -6.3863e-01 +6.9793e-01 +3.2912e-01 +7.8551e-01 -2.0664e+00 +1.6350e+00
124 0 +5.469256234e+02 +5.469256234e+02 +4.101656234e+02 +4.101656234e+02 -4.3807e-01 -9.8986e-02 -1.7612e+00 -2.5680e-01 -1.0533e+00 +1.5578e-01 +8.2826e-01 +2.1426e+00 -2.7786e-02 -1.1440e+00 -8.6931e-04 +1.8608e-01 -8.9642e-02 +9.1817e-01 -1.4658e+00 +7.8262e-01 +4.5861e-01 +8.5317e-01 -2.1816e+00 +7.7430e-01
142 0 +4.994889794e+02 +4.994889794e+02 +3.627289794e+02 +3.627289794e+02 -6.5059e-01 -7.2585e-02 -1.6157e+00 -1.6408e+00 -1.9545e+00 +3.4091e-01 +8.2435e-01 +2.7177e+00 +1.7009e-01 -2.3995e+00 -1.5389e-03 +1.5914e-01 -5.8729e-02 +9.9330e-01 -1.9650e+00 +7.0659e-01 +4.7864e-01 +9.1071e-01 -2.4802e+00 +1.3264e+00
147 0 +3.144823284e+02 +3.144823284e+02 +1.777223284e+02 +1.777223284e+02 -3.6188e-01 +1.0848e-01 -1.1979e+00 -1.2629e+00 -2.7244e+00 +9.0115e-01 +5.4974e-01 +1.7605e+00 -1.3384e-02 -1.5718e+00 -2.6615e-03 +2.1608e-01 -5.0160e-02 +7.5165e-01 -2.0611e+00 +1.4902e+00 +4.0938e-01 +9.4167e-01 -1.9172e+00 +1.5039e+00
189 0 +2.950717225e+02 +2.950717225e+02 +1.583117225e+02 +1.583117225e+02 -2.5607e-01 +3.9736e-02 -1.9402e+00 -1.2156e+00 -3.6236e+00 -8.3677e-02 -2.3105e-01 +1.5460e+00 -2.9762e-01 -1.2244e+00 -9.7571e-04 +7.0245e-02 +1.1670e-01 +8.2473e-01 -1.2716e+00 +7.8356e-01 +6.2013e-01 +1.3160e+00 -1.8700e+00 +2.2567e+00
199 0 +1.866631345e+02 +1.866631345e+02 +4.990313455e+01 +4.990313455e+01 -2.3563e-01 +2.6832e-01 -1.6955e+00 -5.7762e-01 -3.0939e+00 -3.0561e-01 -1.7702e-01 +1.2756e+00 -3.6988e-01 -1.2226e+00 -5.0170e-04 +1.5120e-01 +1.2604e-01 +7.1382e-01 -1.7799e+00 +1.0084e+00 +5.9292e-01 +1.2881e+00 -2.5693e+00 +2.0888e+00
208 0 +1.772096850e+02 +1.772096850e+02 +4.044968496e+01 +4.044968496e+01 -2.5436e-01 +5.6836e-02 -2.0327e+00 -1.9685e+00 -3.2250e+00 -1.6548e-01 -5.5785e-02 +1.5786e+00 -3.1134e-01 -1.2983e+00 -3.8528e-04 +1.3634e-01 +1.1680e-01 +6.7935e-01 -2.3941e+00 +1.1985e+00 +6.0109e-01 +1.4604e+00 -2.1195e+00 +1.3812e+00
216 0 +1.506707946e+02 +1.506707946e+02 +1.391079457e+01 +1.391079457e+01 -2.7575e-01 +1.5194e-01 -1.8654e+00 -1.7251e+00 -2.7996e+00 -2.5140e-01 -3.0727e-01 +1.6226e+00 -8.2104e-02 -1.4924e+00 -9.8202e-04 +1.0967e-01 +1.2689e-01 +7.9149e-01 -2.3703e+00 +1.1158e+00 +6.1424e-01 +1.2743e+00 -1.9124e+00 +2.0180e+00
222 0 +1.361991182e+02 +1.361991182e+02 -5.608818396e-01 -5.608818396e-01 -3.2864e-01 +5.0730e-02 -1.7829e+00 -1.7525e+00 -2.9452e+00 -1.5528e-01 -1.6516e-01 +1.6120e+00 -1.6799e-01 -1.5798e+00 -9.5519e-04 +9.5760e-02 +1.6172e-01 +6.8547e-01 -2.5138e+00 +1.4067e+00 +5.6541e-01 +1.0971e+00 -2.0052e+00 +1.6874e+00
226 0 +1.330827877e+02 +1.330827877e+02 -3.677212268e+00 -3.677212268e+00 -3.0708e-01 +1.0779e-01 -1.6841e+00 -1.5423e+00 -3.1755e+00 -4.1688e-01 -3.8508e-01 +1.3017e+00 -4.9941e-02 -1.6944e+00 -1.4666e-03 +1.0308e-01 +1.5317e-01 +7.6819e-01 -2.0664e+00 +1.1239e+00 +5.9082e-01 +1.4650e+00 -2.0519e+00 +1.9999e+00
227 0 +1.005078756e+02 +1.005078756e+02 -3.625212440e+01 -3.625212440e+01 -3.2489e-01 +8.2268e-02 -1.9360e+00 -1.5163e+00 -2.7116e+00 -1.9324e-01 -2.9746e-01 +1.3948e+00 -1.6477e-01 -1.4133e+00 -9.2763e-04 +1.5138e-01 +1.5738e-01 +7.4204e-01 -2.1907e+00 +1.3088e+00 +5.6783e-01 +1.0553e+00 -2.2663e+00 +1.3551e+00
236 0 +9.059324293e+01 +9.059324293e+01 -4.616675707e+01 -4.616675707e+01 -2.5504e-01 +9.7939e-02 -1.9573e+00 -1.4151e+00 -3.0251e+00 -3.0507e-01 -5.4957e-01 +1.7754e+00 -1.4796e-01 -1.7741e+00 -9.2894e-04 +1.4188e-01 +1.8365e-01 +7.2740e-01 -2.0967e+00 +1.2836e+00 +5.2857e-01 +9.0280e-01 -2.0847e+00 +1.3236e+00
237 0 +7.843325293e+01 +7.843325293e+01 -5.832674707e+01 -5.832674707e+01 -2.9406e-01 +1.4391e-01 -1.9468e+00 -1.7135e+00 -2.8610e+00 -1.7802e-01 -3.8383e-01 +1.5648e+00 -6.0204e-02 -1.7873e+00 -1.3388e-03 +1.5906e-01 +1.8423e-01 +7.5885e-01 -2.2288e+00 +1.2410e+00 +5.8711e-01 +9.6507e-01 -1.9552e+00 +1.4121e+00
240 0 +6.186764453e+01 +6.186764453e+01 -7.489235547e+01 -7.489235547e+01 -2.1569e-01 +7.0159e-02 -1.8752e+00 -1.0577e+00 -2.7414e+00 -4.4897e-01 -4.2988e-01 +1.1059e+00 -4.2296e-05 -1.9541e+00 -6.4517e-04 +1.8109e-01 +1.9460e-01 +7.1043e-01 -1.9239e+00 +1.3456e+00 +6.1803e-01 +1.0891e+00 -2.2264e+00 +9.5540e-01
244 0 +6.125158121e+01 +6.125158121e+01 -7.550841879e+01 -7.550841879e+01 -2.6892e-01 -2.4006e-02 -1.9211e+00 -1.3158e+00 -2.7605e+00 -2.4598e-01 -4.7058e-01 +1.1549e+00 +4.7156e-02 -2.0588e+00 -1.1832e-03 +1.5697e-01 +2.1520e-01 +8.0284e-01 -2.2364e+00 +1.2573e+00 +5.7940e-01 +1.1026e+00 -1.8974e+00 +1.7595e+00
247 0 +5.762735503e+01 +5.762735503e+01 -7.913264497e+01 -7.913264497e+01 -3.1384e-01 -5.5423e-03 -2.0736e+00 -1.6072e+00 -2.5802e+00 -4.4119e-01 -6.3556e-01 +1.2304e+00 -1.2596e-01 -2.0034e+00 -1.0272e-03 +1.4333e-01 +2.3687e-01 +6.9767e-01 -2.3447e+00 +1.2886e+00 +5.8361e-01 +1.0836e+00 -1.5555e+00 +1.3543e+00
259 0 +5.152684347e+01 +5.152684347e+01 -8.523315653e+01 -8.523315653e+01 -3.6785e-01 -4.2874e-02 -2.0493e+00 -1.7040e+00 -2.9438e+00 -2.3673e-01 -4.2046e-01 +1.2410e+00 +5.8453e-02 -2.0003e+00 -1.2673e-03 +1.4592e-01 +2.4651e-01 +7.5431e-01 -2.3769e+00 +1.3781e+00 +5.9762e-01 +1.0219e+00 -1.5079e+00 +1.7346e+00
262 0 +4.179735600e+01 +4.179735600e+01 -9.496264400e+01 -9.496264400e+01 -3.1903e-01 -4.5789e-02 -2.1889e+00 -1.5774e+00 -3.1356e+00 -1.6589e-02 -4.3691e-01 +1.2370e+00 -1.7356e-02 -2.2101e+00 -1.1467e-03 +1.6615e-01 +2.5005e-01 +7.3838e-01 -2.5709e+00 +1.4132e+00 +5.6016e-01 +1.0364e+00 -1.7267e+00 +1.5848e+00
269 0 +3.876167909e+01 +3.876167909e+01 -9.799832091e+01 -9.799832091e+01 -3.7516e-01 -1.3143e-01 -1.9460e+00 -1.5588e+00 -2.8256e+00 -3.3304e-01 -4.6728e-01 +1.2074e+00 +7.3063e-02 -2.0785e+00 -1.0658e-03 +1.6563e-01 +2.5803e-01 +7.8244e-01 -2.2572e+00 +1.2855e+00 +6.2194e-01 +1.0641e+00 -2.0576e+00 +1.5673e+00
283 0 +3.045085768e+01 +3.045085768e+01 -1.063091423e+02 -1.063091423e+02 -3.5173e-01 +1.0417e-02 -2.0667e+00 -1.4908e+00 -3.2144e+00 -3.3477e-01 -4.5476e-01 +1.0703e+00 +2.2964e-02 -2.0613e+00 -9.2984e-04 +1.6762e-01 +2.8177e-01 +6.7601e-01 -2.5428e+00 +1.4571e+00 +5.2442e-01 +9.3244e-01 -1.5194e+00 +1.3321e+00
289 0 +2.993478125e+01 +2.993478125e+01 -1.068252187e+02 -1.068252187e+02 -2.9696e-01 -2.5840e-02 -1.9892e+00 -1.7250e+00 -3.1832e+00 -4.7078e-01 -4.8947e-01 +1.0126e+00 +6.7572e-02 -2.1733e+00 -9.7098e-04 +1.8047e-01 +2.6857e-01 +7.3121e-01 -2.4328e+00 +1.4856e+00 +5.6755e-01 +9.5561e-01 -2.1239e+00 +1.8536e+00
293 0 +2.741282779e+01 +2.741282779e+01 -1.093471722e+02 -1.093471722e+02 -3.8310e-01 +7.5317e-02 -2.0144e+00 -1.6911e+00 -3.3939e+00 -3.4519e-01 -6.0611e-01 +1.0624e+00 +1.1748e-01 -2.2831e+00 -9.0847e-04 +1.8747e-01 +2.7019e-01 +7.4148e-01 -2.4195e+00 +1.3460e+00 +5.7266e-01 +8.9916e-01 -1.9231e+00 +1.7871e+00
296 0 +2.265014042e+01 +2.265014042e+01 -1.141098596e+02 -1.141098596e+02 -3.4334e-01 +2.3402e-02 -1.8906e+00 -1.7377e+00 -2.9771e+00 -3.4633e-01 -3.7511e-01 +1.3632e+00 +7.5179e-02 -2.2401e+00 -1.0009e-03 +1.8064e-01 +3.0206e-01 +7.7900e-01 -2.3775e+00 +1.3845e+00 +5.7459e-01 +9.9090e-01 -2.1761e+00 +1.6430e+00
298 0 +2.221919090e+01 +2.221919090e+01 -1.145408091e+02 -1.145408091e+02 -3.2817e-01 +8.5833e-02 -2.1131e+00 -1.7556e+00 -2.8135e+00 -2.6578e-01 -4.0898e-01 +1.0716e+00 -6.3762e-02 -2.1115e+00 -1.1743e-03 +1.9136e-01 +2.8411e-01 +7.3973e-01 -2.5556e+00 +1.4897e+00 +5.7538e-01 +8.8514e-01 -2.1888e+00 +1.7369e+00
305 0 +2.082546999e+01 +2.082546999e+01 -1.159345300e+02 -1.159345300e+02 -3.4400e-01 +4.5708e-02 -2.1190e+00 -1.3622e+00 -2.6841e+00 -3.0359e-01 -4.1313e-01 +1.1011e+00 +5.2267e-03 -2.4722e+00 -5.1614e-04 +1.8953e-01 +2.9278e-01 +7.7235e-01 -2.3212e+00 +1.2663e+00 +5.5493e-01 +9.0056e-01 -2.1161e+00 +1.5047e+00
310 0 +1.647151201e+01 +1.647151201e+01 -1.202884880e+02 -1.202884880e+02 -3.4336e-01 -2.8219e-02 -1.9778e+00 -1.5948e+00 -2.9294e+00 -4.4379e-01 -3.5843e-01 +1.2978e+00 -2.8200e-02 -2.2282e+00 -8.4828e-04 +1.8737e-01 +3.1658e-01 +7.6079e-01 -2.5670e+00 +1.4371e+00 +5.7010e-01 +1.0609e+00 -2.0676e+00 +1.7705e+00
319 0 +1.428350265e+01 +1.428350265e+01 -1.224764974e+02 -1.224764974e+02 -3.7663e-01 -9.5584e-02 -1.9330e+00 -1.4093e+00 -2.8994e+00 -3.6556e-01 -5.0141e-01 +1.2385e+00 -2.3360e-02 -2.2080e+00 -1.0816e-03 +2.0408e-01 +3.0272e-01 +7.8051e-01 -2.4697e+00 +1.3103e+00 +5.6585e-01 +1.0925e+00 -1.9659e+00 +1.7210e+00
322 0 +1.363870328e+01 +1.363870328e+01 -1.231212967e+02 -1.231212967e+02 -3.8287e-01 -8.1200e-02 -2.0537e+00 -1.4870e+00 -2.6397e+00 -3.9634e-01 -4.5018e-01 +1.1055e+00 -3.9927e-02 -2.3426e+00 -1.3648e-03 +2.1091e-01 +3.0179e-01 +7.9220e-01 -2.5529e+00 +1.2855e+00 +5.8496e-01 +1.0599e+00 -2.0632e+00 +1.8660e+00
324 0 +1.035840375e+01 +1.035840375e+01 -1.264015963e+02 -1.264015963e+02 -3.8000e-01 -9.7991e-02 -1.9388e+00 -1.1651e+00 -2.8768e+00 -3.6373e-01 -3.5230e-01 +1.2970e+00 -3.2198e-02 -2.3203e+00 -8.8945e-04 +2.0433e-01 +3.3670e-01 +7.6002e-01 -2.5541e+00 +1.3689e+00 +5.5509e-01 +1.0679e+00 -1.9426e+00 +1.6455e+00
333 0 +9.380171436e+00 +9.380171436e+00 -1.273798286e+02 -1.273798286e+02 -3.9088e-01 -2.1930e-01 -2.0047e+00 -1.1333e+00 -2.9773e+00 -4.1750e-01 -6.2817e-01 +1.3222e+00 -2.9352e-02 -2.3788e+00 -9.9467e-04 +2.1146e-01 +3.2737e-01 +7.3784e-01 -2.5010e+00 +1.3046e+00 +5.7659e-01 +1.1155e+00 -2.0794e+00 +1.7396e+00
344 0 +7.705614461e+00 +7.705614461e+00 -1.290543855e+02 -1.290543855e+02 -3.8226e-01 -2.0818e-01 -2.0638e+00 -9.3349e-01 -3.0251e+00 -3.9898e-01 -5.6411e-01 +1.3883e+00 +5.0300e-02 -2.3688e+00 -7.5653e-04 +2.2587e-01 +3.2147e-01 +7.5129e-01 -2.3907e+00 +1.3440e+00 +5.8027e-01 +9.8984e-01 -1.8530e+00 +1.4807e+00
350 0 +7.477695402e+00 +7.477695402e+00 -1.292823046e+02 -1.292823046e+02 -3.9922e-01 -2.8593e-01 -1.9604e+00 -1.1103e+00 -2.7697e+00 -5.0240e-01 -6.0065e-01 +1.3752e+00 -7.2790e-02 -2.4352e+00 -9.5076e-04 +2.2274e-01 +3.2689e-01 +7.5039e-01 -2.5070e+00 +1.2540e+00 +5.8753e-01 +1.0905e+00 -2.0531e+00 +1.8052e+00
352 0 +6.525489308e+00 +6.525489308e+00 -1.302345107e+02 -1.302345107e+02 -4.1510e-01 -2.9624e-01 -1.9685e+00 -1.0423e+00 -2.6894e+00 -5.9336e-01 -5.1874e-01 +1.4720e+00 -6.6591e-02 -2.4351e+00 -8.8047e-04 +2.2690e-01 +3.2890e-01 +7.6767e-01 -2.3933e+00 +1.2634e+00 +5.8867e-01 +1.1301e+00 -2.0387e+00 +1.7026e+00
362 0 +4.897617598e+00 +4.897617598e+00 -1.318623824e+02 -1.318623824e+02 -4.3557e-01 -4.0055e-01 -1.9148e+00 -1.2004e+00 -2.5512e+00 -5.8920e-01 -6.0688e-01 +1.4095e+00 -3.3656e-02 -2.5339e+00 -1.1304e-03 +2.4331e-01 +3.5283e-01 +7.4664e-01 -2.3634e+00 +1.3785e+00 +6.1041e-01 +1.0890e+00 -1.6612e+00 +1.6126e+00
369 0 +4.650086126e+00 +4.650086126e+00 -1.321099139e+02 -1.321099139e+02 -4.0147e-01 -2.6747e-01 -1.9540e+00 -8.7001e-01 -2.8220e+00 -6.0386e-01 -4.9876e-01 +1.2430e+00 -4.9034e-02 -2.3762e+00 -7.1102e-04 +2.4679e-01 +3.3491e-01 +7.5993e-01 -2.3514e+00 +1.4186e+00 +5.7709e-01 +1.1057e+00 -2.1835e+00 +1.8591e+00
374 0 +4.111894235e+00 +4.111894235e+00 -1.326481058e+02 -1.326481058e+02 -4.2228e-01 -2.5390e-01 -1.9629e+00 -7.3592e-01 -2.5431e+00 -7.6522e-01 -6.4487e-01 +1.2745e+00 -1.0189e-01 -2.4168e+00 -8.3036e-04 +2.7260e-01 +3.7830e-01 +7.8862e-01 -2.0443e+00 +1.3927e+00 +5.7774e-01 +1.1742e+00 -2.0964e+00 +1.9572e+00
382 0 +4.060318440e+00 +4.060318440e+00 -1.326996816e+02 -1.326996816e+02 -4.1889e-01 -2.8374e-01 -2.1741e+00 -8.0361e-01 -2.9207e+00 -6.5207e-01 -7.4627e-01 +1.1830e+00 -2.8783e-01 -2.6786e+00 -8.8992e-04 +2.7081e-01 +4.3552e-01 +6.9958e-01 -2.2502e+00 +1.3252e+00 +5.6537e-01 +1.0123e+00 -2.2972e+00 +1.7650e+00
383 0 +3.684382150e+00 +3.684382150e+00 -1.330756179e+02 -1.330756179e+02 -4.0952e-01 -4.5233e-01 -2.0107e+00 -1.9606e-01 -2.4685e+00 -4.5841e-01 -2.6123e-01 +1.4874e+00 -8.9902e-02 -2.4568e+00 -4.3323e-04 +2.7607e-01 +3.7266e-01 +8.4916e-01 -2.3527e+00 +1.4898e+00 +5.1446e-01 +1.0919e+00 -2.2276e+00 +1.6441e+00
% f evaluations | g evaluations | best noise-free fitness - Fopt | noise-free fitness - Fopt (3.667500000000e+02) | measured fitness | best measured fitness | x1 | x2...
1 0 +1.831961742e+04 +1.831961742e+04 +1.868636742e+04 +1.868636742e+04 +0.0000e+00 +0.0000e+00 +0.0000e+00 +0.0000e+00 +0.0000e+00 +0.0000e+00 +0.0000e+00 +0.0000e+00 +0.0000e+00 +0.0000e+00 +0.0000e+00 +0.0000e+00 +0.0000e+00 +0.0000e+00 +0.0000e+00 +0.0000e+00 +0.0000e+00 +0.0000e+00 +0.0000e+00 +0.0000e+00
27 0 +1.606305157e+04 +1.606305157e+04 +1.642980157e+04 +1.642980157e+04 -2.9572e-01 +1.1562e-01 +3.9178e-01 +1.6589e+00 +2.8016e+00 +9.0972e-01 +1.0805e+00 -5.1300e-01 -1.7916e-02 +1.7259e-01 -1.3666e-01 -1.0073e+00 -2.5718e-01 +2.3611e-01 +6.2993e-01 +2.4353e-02 +3.6891e-01 +3.2722e-02 -2.8197e-03 -3.6254e-01
33 0 +1.098348546e+04 +1.098348546e+04 +1.135023546e+04 +1.135023546e+04 -1.7408e-01 -4.1679e-01 -8.6398e-01 +3.0245e+00 +1.7343e+00 +3.0100e+00 -9.6393e-01 +8.6510e-01 -2.1692e-03 -2.5836e-01 +1.4350e-01 -1.0794e+00 -3.6159e-01 +3.9353e-01 +8.8389e-01 +2.3030e+00 -1.5255e+00 -1.8560e-01 +3.8303e-01 -2.1788e-01
36 0 +1.054802105e+04 +1.054802105e+04 +1.091477105e+04 +1.091477105e+04 -4.1603e-01 -5.5551e-01 +4.4893e-01 +3.1844e+00 +3.3505e+00 +2.9183e+00 -1.5716e+00 -1.3361e+00 -2.4956e-02 +4.6593e-01 +3.2969e-02 -1.3408e+00 -5.2447e-01 +3.6583e-01 +5.5665e-01 +1.2137e+00 -5.9246e-01 +6.6441e-01 -3.4148e-02 -1.3712e+00
70 0 +6.175569183e+03 +6.175569183e+03 +6.542319183e+03 +6.542319183e+03 -4.8899e-01 -2.1081e-01 -8.2030e-01 +2.4523e+00 +2.4719e+00 +3.0998e+00 -1.3271e-02 +9.0400e-01 -2.1627e-01 +1.2103e+00 +2.8995e-01 -1.4162e+00 -2.2217e-02 -6.2765e-02 +3.1214e+00 +2.8157e+00 -1.1541e+00 +9.2700e-01 +6.1810e-01 -4.5964e-01
75 0 +5.612376821e+03 +5.612376821e+03 +5.979126821e+03 +5.979126821e+03 -4.4309e-01 +7.2298e-01 -7.5233e-01 +1.5599e+00 +1.7559e+00 +1.1111e+00 +7.7633e-01 +2.6188e+00 -2.3098e-01 +1.0962e+00 +2.9911e-01 -3.6746e-01 -3.4762e-02 -4.9576e-02 +2.5900e+00 +3.2095e+00 -6.1613e-01 +1.6353e+00 +4.1526e-01 -4.2408e-01
83 0 +1.486453081e+03 +1.486453081e+03 +1.853203081e+03 +1.853203081e+03 -5.0944e-01 +6.5151e-01 +1.4114e+00 +2.9775e+00 +1.2350e+00 +1.5771e+00 +4.5162e-01 +1.7027e+00 -2.8896e-01 +1.1755e+00 +5.4118e-01 -9.6010e-01 +9.5950e-02 -1.0694e-01 +2.1495e+00 +2.1724e+00 -1.1513e+00 +9.7164e-01 +4.7640e-01 -1.1608e+00
105 0 +1.423267057e+03 +1.423267057e+03 +1.790017057e+03 +1.790017057e+03 -6.8998e-01 -3.9598e-01 -4.0325e-02 +1.9571e+00 +1.3267e+00 +1.1288e+00 +8.5598e-01 -9.3931e-01 -2.1718e-01 +9.6806e-01 +4.6007e-01 -6.3710e-01 +2.4166e-01 -2.6251e-02 +1.7610e+00 +6.3526e-01 -1.3747e+00 +1.7107e-01 +8.5711e-01 -1.5643e+00
112 0 +1.056425013e+03 +1.056425013e+03 +1.423175013e+03 +1.423175013e+03 -7.3855e-01 +9.3842e-02 +1.3957e-01 +1.2830e+00 +1.8321e+00 +8.4644e-01 +6.4773e-01 -1.0691e+00 -1.6727e-01 +1.0061e+00 +3.5760e-01 -6.2486e-02 +2.3321e-01 +6.9113e-03 +1.9476e+00 +9.3870e-01 -2.0563e+00 +6.6803e-01 +1.3857e+00 -2.6848e+00
113 0 +6.924956755e+02 +6.924956755e+02 +1.059245676e+03 +1.059245676e+03 -7.0860e-01 +1.8490e-01 -5.1200e-01 +1.5597e+00 +2.0653e+00 +1.3420e+00 +1.5924e+00 -1.2481e+00 -1.9558e-01 +1.0869e+00 +3.9556e-01 -2.8870e-01 +1.9934e-01 +9.1708e-02 +1.5687e+00 +1.2156e+00 -3.4872e-01 +1.1999e+00 +1.0539e+00 -1.5567e+00
156 0 +5.846641997e+02 +5.846641997e+02 +9.514141997e+02 +9.514141997e+02 -5.6407e-01 +4.8402e-01 +1.4312e+00 +1.0912e+00 +2.0728e+00 -2.5279e+00 +8.7967e-01 +3.4766e-01 -1.2709e-01 +1.0867e+00 +4.2613e-01 -5.2807e-01 +2.2214e-01 -5.9383e-02 +1.9002e+00 +1.6291e+00 -1.4409e+00 +2.0120e+00 +8.4667e-01 -1.2400e+00
160 0 +5.546051921e+02 +5.546051921e+02 +9.213551921e+02 +9.213551921e+02 -5.8126e-01 +1.2018e-01 +1.1406e+00 +1.6837e+00 +1.5863e+00 -1.7468e+00 +9.3497e-01 +1.1996e+00 -1.6763e-01 +1.0313e+00 +3.7920e-01 -9.7423e-01 +2.0082e-01 -4.7251e-02 +1.6161e+00 +2.3354e+00 -1.4533e+00 +2.3344e+00 +1.2616e+00 -1.3061e+00
176 0 +4.637488412e+02 +4.637488412e+02 +8.304988412e+02 +8.304988412e+02 -1.2792e-01 -3.7614e-01 +6.0370e-01 +7.4011e-01 +2.8563e+00 -2.4430e-01 +7.0308e-01 -4.8840e-01 -6.8087e-02 +1.0686e+00 +3.8662e-01 -9.5115e-01 +1.8879e-01 +2.4801e-02 +1.1683e+00 +2.3758e+00 -9.0552e-01 +2.6522e+00 +7.3008e-01 -1.5382e+00
192 0 +3.954510736e+02 +3.954510736e+02 +7.622010736e+02 +7.622010736e+02 -3.2308e-01 -2.4854e-02 +1.0172e+00 +1.5306e+00 +2.2279e+00 -9.8721e-01 +1.8342e+00 -9.6163e-01 -1.3899e-01 +1.3923e+00 +5.1511e-01 -3.9441e-01 +1.0785e-01 +1.0934e-01 +7.3300e-01 +2.6065e+00 -1.2258e+00 +2.1244e+00 +5.7035e-01 -1.8180e+00
199 0 +2.137892682e+02 +2.137892682e+02 +5.805392682e+02 +5.805392682e+02 -3.0969e-01 +3.1933e-01 +3.0718e-01 +1.4384e+00 +2.3565e+00 -8.9120e-01 +2.7229e+00 -2.6160e-01 -1.2107e-01 +1.4005e+00 +4.6397e-01 -1.0671e+00 +1.5220e-01 +1.7015e-01 +6.9108e-01 +1.0015e+00 -1.5091e+00 +1.9400e+00 +9.2006e-01 -1.3679e+00
203 0 +1.496863724e+02 +1.496863724e+02 +5.164363724e+02 +5.164363724e+02 -3.7541e-01 +5.6003e-01 +4.3131e-01 +1.6025e+00 +2.4058e+00 -1.5047e+00 +2.6665e+00 +5.3755e-01 -9.6630e-02 +1.3734e+00 +4.5159e-01 -8.3456e-01 +1.8497e-01 +2.3110e-01 +6.3039e-01 +7.7193e-01 -1.7751e+00 +1.4159e+00 +9.6761e-01 -1.2337e+00
286 0 +7.698394628e+01 +7.698394628e+01 +4.437339463e+02 +4.437339463e+02 -6.3259e-01 +4.9672e-01 +1.9751e-01 +2.8079e+00 +1.5759e+00 -8.3364e-01 +2.5331e+00 +8.9181e-01 -2.6098e-01 +1.1323e+00 +5.1648e-01 -1.1884e-01 +2.5442e-01 +3.3285e-01 +7.8626e-01 +8.3314e-01 -1.5334e+00 +7.3838e-01 +2.1271e+00 -5.9393e-01
317 0 +6.253607750e+01 +6.253607750e+01 +4.292860775e+02 +4.292860775e+02 -7.4811e-01 +2.8722e-01 +4.4386e-01 +1.1748e+00 +1.7844e+00 -2.0912e-01 +2.8088e+00 +4.7109e-01 -1.8108e-01 +1.4970e+00 +5.5596e-01 -3.1010e-01 +1.9664e-01 +3.6472e-01 +8.9479e-01 +5.4300e-01 -1.2405e+00 +9.5859e-01 +1.9353e+00 -1.2835e+00
320 0 +5.198530511e+01 +5.198530511e+01 +4.187353051e+02 +4.187353051e+02 -7.2243e-01 +4.1967e-01 +5.9804e-01 +7.5940e-01 +2.1379e+00 -1.3619e-01 +2.7231e+00 +4.3840e-01 -2.3181e-01 +1.4787e+00 +4.7600e-01 -4.5702e-01 +1.9542e-01 +3.5778e-01 +8.0454e-01 +5.8030e-01 -1.6115e+00 +1.2325e+00 +2.3663e+00 -1.0537e+00
324 0 +4.796220659e+01 +4.796220659e+01 +4.147122066e+02 +4.147122066e+02 -7.2006e-01 +6.8992e-01 +6.2348e-01 +1.6811e+00 +1.6433e+00 -4.1842e-01 +2.9255e+00 +1.0490e+00 -2.0302e-01 +1.2950e+00 +5.4328e-01 -6.0781e-01 +1.5432e-01 +4.1220e-01 +7.4592e-01 +5.8696e-01 -1.5043e+00 +1.3964e+00 +2.0336e+00 -1.4903e+00
331 0 +3.265262763e+01 +3.265262763e+01 +3.994026276e+02 +3.994026276e+02 -7.5317e-01 +1.0088e-01 +4.3665e-01 +1.7682e+00 +2.2278e+00 -2.2747e-01 +2.7767e+00 +5.6044e-01 -2.1178e-01 +1.6616e+00 +4.3710e-01 -5.7225e-01 +1.8639e-01 +3.8985e-01 +1.2783e+00 +8.9623e-01 -1.6925e+00 +1.5541e+00 +2.0682e+00 -1.1544e+00
336 0 +9.258747474e+00 +9.258747474e+00 +3.760087475e+02 +3.760087475e+02 -8.2436e-01 +2.6466e-01 +2.1508e-01 +1.4447e+00 +2.5305e+00 -3.2717e-01 +2.8481e+00 +9.4026e-01 -2.1577e-01 +1.5428e+00 +4.9544e-01 -1.0103e+00 +1.8722e-01 +4.3897e-01 +1.3601e+00 +1.8619e+00 -1.5707e+00 +1.7148e+00 +2.1323e+00 -8.8893e-01
358 0 +4.241023377e+00 +4.241023377e+00 +3.709910234e+02 +3.709910234e+02 -8.5021e-01 -1.8569e-01 +1.1213e+00 +2.0783e+00 +2.0002e+00 -5.1452e-01 +2.0881e+00 +9.3304e-01 -2.1197e-01 +1.5185e+00 +5.3303e-01 -9.6385e-01 +2.6364e-01 +4.7087e-01 +1.2986e+00 +1.4329e+00 -1.5422e+00 +1.6496e+00 +1.9849e+00 -9.0895e-01
367 0 +3.473197201e+00 +3.473197201e+00 +3.702231972e+02 +3.702231972e+02 -7.9805e-01 +6.6889e-02 +1.6021e+00 +1.4337e+00 +2.2332e+00 -1.0954e+00 +2.2518e+00 +7.3703e-01 -1.8270e-01 +1.5849e+00 +5.4722e-01 -1.3132e+00 +1.7450e-01 +5.2011e-01 +9.8280e-01 +9.7757e-01 -1.5213e+00 +1.3341e+00 +1.7571e+00 -1.1523e+00
372 0 +3.422630894e+00 +3.422630894e+00 +3.701726309e+02 +3.701726309e+02 -9.3158e-01 -2.8647e-02 +1.1803e+00 +1.3814e+00 +2.2457e+00 -6.8430e-01 +2.4369e+00 +1.2707e+00 -1.9658e-01 +1.6977e+00 +5.3587e-01 -8.9439e-01 +2.4972e-01 +4.8325e-01 +1.3480e+00 +1.5706e+00 -1.7721e+00 +1.4139e+00 +1.9707e+00 -1.0432e+00
524 0 +3.202571084e+00 +3.202571084e+00 +3.699525711e+02 +3.699525711e+02 -9.2423e-01 -2.1415e-01 +1.7340e+00 +7.2580e-01 +1.8290e+00 -7.6013e-01 +1.5743e+00 +2.2568e+00 -2.7414e-01 +1.2957e+00 +4.6355e-01 -2.0048e+00 +3.5551e-01 +4.7368e-01 +2.0506e+00 +1.2105e+00 -1.5371e+00 +1.2796e+00 +1.1554e+00 -2.2756e+00
578 0 +3.155008086e+00 +3.155008086e+00 +3.699050081e+02 +3.699050081e+02 -1.0337e+00 +9.8641e-02 +1.7589e+00 +1.1768e+00 +1.3356e+00 -1.1542e+00 +2.3597e+00 +2.0497e+00 -2.2555e-01 +1.2966e+00 +4.2057e-01 -2.1610e+00 +4.0542e-01 +5.0471e-01 +2.4663e+00 +1.3628e+00 -1.2541e+00 +1.3133e+00 +1.0523e+00 -2.2762e+00
598 0 +2.733427317e+00 +2.733427317e+00 +3.694834273e+02 +3.694834273e+02 -9.5008e-01 +2.5075e-01 +1.7002e+00 +1.3107e+00 +1.2633e+00 -1.6635e+00 +2.2099e+00 +2.0719e+00 -2.0926e-01 +1.2550e+00 +4.2871e-01 -1.9502e+00 +3.6786e-01 +4.7768e-01 +2.5008e+00 +1.3514e+00 -1.6467e+00 +1.4887e+00 +1.0788e+00 -2.4224e+00
% f evaluations | g evaluations | best noise-free fitness - Fopt | noise-free fitness - Fopt (-2.486900000000e+02) | measured fitness | best measured fitness | x1 | x2...
1 0 +1.831961742e+04 +1.831961742e+04 +1.807092742e+04 +1.807092742e+04 +0.0000e+00 +0.0000e+00 +0.0000e+00 +0.0000e+00 +0.0000e+00 +0.0000e+00 +0.0000e+00 +0.0000e+00 +0.0000e+00 +0.0000e+00 +0.0000e+00 +0.0000e+00 +0.0000e+00 +0.0000e+00 +0.0000e+00 +0.0000e+00 +0.0000e+00 +0.0000e+00 +0.0000e+00 +0.0000e+00
23 0 +1.742232112e+04 +1.742232112e+04 +1.717363112e+04 +1.717363112e+04 -7.6572e-03 +3.0542e-02 -2.2530e-01 -3.3478e-02 -1.2664e+00 -6.0471e-01 +9.3232e-01 +1.9871e-02 +6.6309e-01 -8.9359e-02 +8.0191e-02 +4.4714e+00 +1.8698e+00 -6.8058e-01 +1.2095e-01 +3.0996e+00 -2.8952e+00 -1.9254e-01 -1.3776e+00 -3.0260e+00
% f evaluations | g evaluations | best noise-free fitness - Fopt | noise-free fitness - Fopt (-6.786000000000e+01) | measured fitness | best measured fitness | x1 | x2...
1 0 +1.831961742e+04 +1.831961742e+04 +1.825175742e+04 +1.825175742e+04 +0.0000e+00 +0.0000e+00 +0.0000e+00 +0.0000e+00 +0.0000e+00 +0.0000e+00 +0.0000e+00 +0.0000e+00 +0.0000e+00 +0.0000e+00 +0.0000e+00 +0.0000e+00 +0.0000e+00 +0.0000e+00 +0.0000e+00 +0.0000e+00 +0.0000e+00 +0.0000e+00 +0.0000e+00 +0.0000e+00
13 0 +1.673791462e+04 +1.673791462e+04 +1.667005462e+04 +1.667005462e+04 +1.4448e-02 -1.3972e-03 -3.6217e-01 +5.8826e-02 -6.8886e-01 +1.3213e+00 -6.0327e-01 +8.2967e-01 -2.5436e-01 -7.6760e-01 +5.2014e-01 +1.7995e-02 +1.3656e+00 +1.3181e-01 -2.7978e+00 +5.3332e-01 -1.2037e+00 +2.0746e-02 +3.1279e+00 +1.1755e+00
16 0 +1.294899055e+04 +1.294899055e+04 +1.288113055e+04 +1.288113055e+04 +1.1580e-01 +2.1450e-02 +2.0468e+00 -2.1569e-01 -5.4869e-01 -1.7189e+00 -4.5839e-03 +4.2187e-01 +6.6561e-01 -4.6691e-01 -8.3463e-02 -2.0875e-03 +1.1473e+00 -4.4526e-01 -3.3085e+00 +1.0251e+00 -7.7988e-01 -6.0164e-02 +1.5621e+00 +3.2823e-01
% f evaluations | g evaluations | best noise-free fitness - Fopt | noise-free fitness - Fopt (-2.329000000000e+01) | measured fitness | best measured fitness | x1 | x2...
1 0 +1.831961742e+04 +1.831961742e+04 +1.829632742e+04 +1.829632742e+04 +0.0000e+00 +0.0000e+00 +0.0000e+00 +0.0000e+00 +0.0000e+00 +0.0000e+00 +0.0000e+00 +0.0000e+00 +0.0000e+00 +0.0000e+00 +0.0000e+00 +0.0000e+00 +0.0000e+00 +0.0000e+00 +0.0000e+00 +0.0000e+00 +0.0000e+00 +0.0000e+00 +0.0000e+00 +0.0000e+00
9 0 +1.163430054e+04 +1.163430054e+04 +1.161101054e+04 +1.161101054e+04 -3.7328e-01 -4.3971e-01 +1.5967e-01 +1.7756e-02 +1.7124e+00 -2.2763e+00 -4.0631e-01 -9.8338e-03 -2.8438e-01 +2.8176e-01 +5.3830e-01 +4.1659e-02 +1.2475e-01 +1.8609e-02 -2.3044e-01 +6.1139e-01 +1.4135e-02 +6.4161e-02 +2.4694e-01 +8.0049e-01
14 0 +1.079358502e+04 +1.079358502e+04 +1.077029502e+04 +1.077029502e+04 -2.1660e+00 +4.5874e-01 +9.8042e-01 +7.6306e-03 -2.2320e-01 +6.2381e-01 -2.7178e+00 -1.2254e-01 -8.9234e-01 -1.6490e-02 -9.7288e-01 -4.2174e-03 +9.9823e-02 +1.8547e-01 -1.7035e-01 +2.9857e-01 +2.1395e-01 +2.1544e-01 -1.3651e-01 +5.9523e-01
16 0 +7.671000239e+03 +7.671000239e+03 +7.647710239e+03 +7.647710239e+03 -2.7263e-01 -4.9222e-01 +1.0372e+00 -1.5755e-02 -1.1589e+00 -4.0084e-01 +1.8993e+00 +1.6933e-01 -7.8978e-02 +1.0760e-01 -2.8172e-01 -1.8566e-02 -8.4332e-03 -1.7975e-01 -5.9197e-02 +2.5578e-01 +1.8277e-01 +3.8359e-01 +4.6663e-01 +1.1578e+00
21 0 +5.780069402e+03 +5.780069402e+03 +5.756779402e+03 +5.756779402e+03 -8.4453e-01 +1.6550e-01 +4.6725e-01 +4.5132e-03 +2.6444e-01 -1.0700e+00 +7.3790e-01 +4.5716e-02 +4.2636e-01 +7.2342e-01 +7.4313e-01 +2.8525e-02 +9.1256e-02 -1.3253e-01 -2.0114e-01 +3.0071e-01 +1.8956e-01 +6.3545e-01 +4.1221e-01 +7.5862e-01
30 0 +3.946540144e+03 +3.946540144e+03 +3.923250144e+03 +3.923250144e+03 -3.3629e-01 -5.2091e-02 +1.9496e+00 +1.1796e-02 -3.3641e-01 -1.4481e+00 +1.1964e+00 +1.7516e-01 +3.5066e-01 +7.3141e-01 +6.1338e-01 +9.1503e-02 -8.4358e-02 -2.5371e-02 -1.6657e-03 +1.1308e+00 +2.6745e-01 +9.0443e-01 +8.9423e-01 +1.5534e+00
33 0 +1.789411376e+03 +1.789411376e+03 +1.766121376e+03 +1.766121376e+03 -1.9200e+00 +2.3428e-01 +2.8444e+00 -2.7537e-02 +2.3246e-01 -8.7235e-01 -1.8774e+00 -4.6067e-01 +2.1326e-01 -1.6946e-01 -1.4799e+00 +2.5797e-02 -2.7759e-01 +3.6813e-02 -2.7303e-01 +2.1678e+00 +2.2572e-01 +1.6240e+00 +8.8915e-01 +1.2881e+00
54 0 +1.621448485e+03 +1.621448485e+03 +1.598158485e+03 +1.598158485e+03 -2.4105e+00 -3.2057e-01 +1.1420e+00 +3.3139e-02 -1.7503e+00 -1.8775e+00 -8.3213e-02 +1.6972e-01 +1.7557e-01 +8.2821e-01 -2.6065e+00 +3.7678e-03 -2.2348e-01 +2.8010e-01 -2.7738e-01 +2.6557e+00 +2.2557e-01 +1.6513e+00 +4.2693e-01 +1.4541e+00
75 0 +1.501165460e+03 +1.501165460e+03 +1.477875460e+03 +1.477875460e+03 -2.3361e+00 +2.6802e-01 +7.7380e-01 -5.5927e-02 -3.3129e+00 -1.9716e-01 +8.6007e-02 +1.4202e-01 +4.3890e-02 +9.5793e-01 -1.1634e+00 +3.7194e-02 -2.9833e-01 +2.2478e-01 -2.4206e-01 +2.6512e+00 +2.2683e-01 +2.3340e+00 +1.2302e+00 +2.3023e+00
89 0 +1.267112902e+03 +1.267112902e+03 +1.243822902e+03 +1.243822902e+03 -2.0601e+00 +1.1043e-01 +1.0143e+00 -1.4477e-01 -3.4260e+00 +1.1512e+00 -1.8941e+00 -1.3925e-01 -2.6518e-01 +9.9975e-01 -7.6322e-01 +1.1539e-01 -2.8844e-01 +2.8703e-01 -3.7905e-01 +2.4288e+00 +3.9929e-01 +2.7593e+00 +1.0982e+00 +1.0867e+00
99 0 +1.091607162e+03 +1.091607162e+03 +1.068317162e+03 +1.068317162e+03 -2.3943e+00 +1.1005e+00 -7.6051e-01 -2.5884e-02 -2.6484e+00 +1.8497e+00 +1.5654e-01 -1.1250e-01 -4.9711e-01 +4.6080e-01 -8.7010e-01 +5.2017e-02 -1.3417e-01 +4.2138e-01 -3.4863e-01 +1.6100e+00 +1.1764e-01 +2.4987e+00 +1.0431e+00 +1.7116e+00
118 0 +7.233391560e+02 +7.233391560e+02 +7.000491560e+02 +7.000491560e+02 -1.0188e+00 +7.2337e-01 -1.2062e+00 -2.0861e-02 -2.6138e+00 +1.5182e+00 -2.8391e+00 +2.1089e-01 -9.8544e-02 +2.2502e+00 -2.7203e+00 +6.8403e-02 +5.1929e-02 +7.5554e-01 -5.1248e-01 +1.7083e+00 +2.0373e-01 +2.7737e+00 +1.3437e+00 +1.4063e+00
127 0 +6.059980444e+02 +6.059980444e+02 +5.827080444e+02 +5.827080444e+02 -1.5922e-01 +2.3078e-01 +3.4726e-01 -1.6563e-01 -3.6337e+00 +1.1389e+00 -2.5514e-01 +1.3285e-01 +2.5587e-01 +1.0106e+00 -5.1834e-01 +1.3650e-01 +1.0158e-02 +8.9736e-01 -3.9880e-01 +2.7810e+00 +2.8865e-01 +2.5328e+00 +1.7531e+00 +2.3550e+00
304 0 +5.690795363e+02 +5.690795363e+02 +5.457895363e+02 +5.457895363e+02 +1.7208e+00 -5.5707e-01 -2.4491e-01 +9.0453e-02 -1.3530e+00 +5.0640e-01 -2.5711e+00 -1.6340e+00 +2.4713e-01 +1.5953e+00 -1.2172e+00 +4.3853e-02 +1.6945e-01 +5.7691e-01 -5.6324e-01 +2.2456e+00 +1.0595e-01 +2.6706e+00 +1.6475e+00 +9.5592e-01
315 0 +4.731528762e+02 +4.731528762e+02 +4.498628762e+02 +4.498628762e+02 +1.9227e+00 -4.3150e-01 -3.3329e-01 +1.1945e-01 -1.7344e+00 +2.6549e-01 -3.1034e+00 -1.5471e+00 +2.9731e-01 +1.6737e+00 -1.2154e+00 +6.6057e-02 +2.7019e-01 +5.9642e-01 -4.6919e-01 +1.7436e+00 +1.5363e-01 +2.2401e+00 +1.7058e+00 +1.2586e+00
330 0 +2.299003681e+02 +2.299003681e+02 +2.066103681e+02 +2.066103681e+02 +6.3902e-01 -5.9561e-01 -5.7145e-01 +8.9665e-02 -1.0170e+00 +7.6947e-01 -2.7826e+00 -1.2280e+00 -2.8020e-02 +1.5370e+00 -1.4056e+00 +7.0331e-02 +3.2523e-01 +5.2703e-01 -4.0163e-01 +1.7531e+00 +2.2035e-01 +1.6458e+00 +1.7176e+00 +1.0226e+00
336 0 +7.907929256e+01 +7.907929256e+01 +5.578929256e+01 +5.578929256e+01 +1.8640e-01 -4.0341e-01 -3.9087e-02 +1.4660e-01 -1.2546e+00 +1.2350e+00 -1.9390e+00 -7.7233e-01 -1.6293e-01 +1.8285e+00 -1.2260e+00 +8.8297e-02 +2.5230e-01 +4.7230e-01 -4.6701e-01 +2.1897e+00 +2.7894e-01 +1.0076e+00 +1.5830e+00 +1.4781e+00
% f evaluations | g evaluations | best noise-free fitness - Fopt | noise-free fitness - Fopt (-1.028000000000e+01) | measured fitness | best measured fitness | x1 | x2...
1 0 +1.831961742e+04 +1.831961742e+04 +1.830933742e+04 +1.830933742e+04 +0.0000e+00 +0.0000e+00 +0.0000e+00 +0.0000e+00 +0.0000e+00 +0.0000e+00 +0.0000e+00 +0.0000e+00 +0.0000e+00 +0.0000e+00 +0.0000e+00 +0.0000e+00 +0.0000e+00 +0.0000e+00 +0.0000e+00 +0.0000e+00 +0.0000e+00 +0.0000e+00 +0.0000e+00 +0.0000e+00
8 0 +1.464216838e+04 +1.464216838e+04 +1.463188838e+04 +1.463188838e+04 +5.6597e-01 +8.0318e-01 -2.5290e+00 +5.7247e-01 -1.7229e+00 -1.4370e-01 -3.4880e-01 +7.5965e-01 -6.1115e-02 +7.5808e-01 -4.9792e-01 +2.7779e-01 -2.4507e-02 -2.7259e+00 +1.0109e+00 +4.2350e-01 +2.7860e-02 -2.4734e-01 +2.0732e-01 -1.7185e-01
29 0 +9.393920659e+03 +9.393920659e+03 +9.383640659e+03 +9.383640659e+03 +7.5520e-01 -5.4961e-01 -4.4181e-01 -9.7374e-01 +2.5631e+00 +4.4443e-01 -5.1648e-01 +1.6762e+00 -2.0407e-01 +6.9557e-01 +3.3275e+00 +5.8791e-01 +3.9790e-01 -3.3002e+00 +2.1690e+00 +2.1437e+00 +1.4233e-01 -3.9256e-01 +3.5358e-01 +4.3010e-01
412 0 +8.889585939e+03 +8.889585939e+03 +8.879305939e+03 +8.879305939e+03 -4.4823e+00 -1.8347e+00 -6.6452e-01 -3.9507e+00 +2.6753e+00 -2.3500e-01 -8.6476e-01 -3.2311e+00 -6.7896e-01 -3.1091e+00 -1.2201e+00 +4.5313e+00 -5.1568e-01 -2.2453e+00 +1.2101e+00 +1.3439e+00 -8.1485e-02 -3.2029e+00 -1.9957e-01 +2.4416e+00
426 0 +8.505983224e+03 +8.505983224e+03 +8.495703224e+03 +8.495703224e+03 -4.5174e+00 -1.7717e+00 -1.0494e+00 -3.6998e+00 +2.7623e+00 -2.8086e-01 -8.4749e-01 -3.5807e+00 -6.9694e-01 -2.1647e+00 -8.8609e-01 +4.4764e+00 -4.3519e-01 -2.6746e+00 +1.3444e+00 +1.5683e+00 -1.0105e-01 -3.0956e+00 -1.5275e-01 +2.4348e+00
433 0 +8.145907424e+03 +8.145907424e+03 +8.135627424e+03 +8.135627424e+03 -4.1595e+00 -1.9723e+00 -1.1545e+00 -3.3600e+00 +2.6990e+00 -2.2549e-01 -7.6799e-01 -3.3557e+00 -6.8531e-01 -2.3067e+00 -1.0081e+00 +4.5642e+00 -4.5009e-01 -2.5689e+00 +9.3072e-01 +1.5167e+00 -1.1644e-01 -3.0415e+00 -1.1278e-01 +2.4544e+00
439 0 +7.911600063e+03 +7.911600063e+03 +7.901320063e+03 +7.901320063e+03 -4.0250e+00 -1.7469e+00 -1.6121e+00 -3.3757e+00 +2.8094e+00 -2.3761e-01 -7.4747e-01 -3.7740e+00 -8.0378e-01 -2.4684e+00 -8.4398e-01 +4.4754e+00 -6.5717e-01 -2.2986e+00 +1.3138e+00 +1.4544e+00 -1.0011e-01 -3.1260e+00 -8.2415e-02 +2.5127e+00
444 0 +7.649948917e+03 +7.649948917e+03 +7.639668917e+03 +7.639668917e+03 -3.9647e+00 -1.7177e+00 -1.4370e+00 -3.2250e+00 +2.6758e+00 -1.0863e-01 -8.4939e-01 -3.4402e+00 -6.8138e-01 -2.4924e+00 -9.1723e-01 +4.5922e+00 -5.1137e-01 -1.9201e+00 +9.6889e-01 +1.5312e+00 -8.7884e-02 -3.1196e+00 -7.0198e-02 +2.5463e+00
450 0 +7.499574261e+03 +7.499574261e+03 +7.489294261e+03 +7.489294261e+03 -3.9955e+00 -1.6335e+00 -1.1167e+00 -3.5027e+00 +2.7078e+00 -3.3864e-01 -6.9995e-01 -3.5119e+00 -7.5575e-01 -2.1480e+00 -6.6769e-01 +4.4371e+00 -4.4085e-01 -2.1542e+00 +9.1874e-01 +1.4005e+00 -1.5669e-01 -3.2174e+00 -7.7521e-02 +2.5396e+00
452 0 +6.791288502e+03 +6.791288502e+03 +6.781008502e+03 +6.781008502e+03 -4.1828e+00 -1.8767e+00 -1.6460e+00 -3.4447e+00 +2.3331e+00 -2.3532e-01 -8.3580e-01 -3.1011e+00 -6.2670e-01 -1.9844e+00 -8.8388e-01 +4.4696e+00 -7.3264e-01 -1.8194e+00 +1.4950e+00 +2.1208e+00 -1.1780e-01 -3.0319e+00 -7.3949e-03 +2.5014e+00
462 0 +6.582797012e+03 +6.582797012e+03 +6.572517012e+03 +6.572517012e+03 -3.7997e+00 -1.2548e+00 -2.4449e+00 -3.5825e+00 +2.5965e+00 -2.3007e-01 -7.3225e-01 -3.1397e+00 -7.4118e-01 -2.5670e+00 -1.3105e+00 +4.3269e+00 -4.8615e-01 -2.7585e+00 +1.2937e+00 +2.0048e+00 -8.3665e-02 -3.2825e+00 -2.8699e-02 +2.6693e+00
% f evaluations | g evaluations | best noise-free fitness - Fopt | noise-free fitness - Fopt (1.799700000000e+02) | measured fitness | best measured fitness | x1 | x2...
1 0 +1.831961742e+04 +1.831961742e+04 +1.849958742e+04 +1.849958742e+04 +0.0000e+00 +0.0000e+00 +0.0000e+00 +0.0000e+00 +0.0000e+00 +0.0000e+00 +0.0000e+00 +0.0000e+00 +0.0000e+00 +0.0000e+00 +0.0000e+00 +0.0000e+00 +0.0000e+00 +0.0000e+00 +0.0000e+00 +0.0000e+00 +0.0000e+00 +0.0000e+00 +0.0000e+00 +0.0000e+00
% f evaluations | g evaluations | best noise-free fitness - Fopt | noise-free fitness - Fopt (8.376000000000e+01) | measured fitness | best measured fitness | x1 | x2...
1 0 +1.831961742e+04 +1.831961742e+04 +1.840337742e+04 +1.840337742e+04 +0.0000e+00 +0.0000e+00 +0.0000e+00 +0.0000e+00 +0.0000e+00 +0.0000e+00 +0.0000e+00 +0.0000e+00 +0.0000e+00 +0.0000e+00 +0.0000e+00 +0.0000e+00 +0.0000e+00 +0.0000e+00 +0.0000e+00 +0.0000e+00 +0.0000e+00 +0.0000e+00 +0.0000e+00 +0.0000e+00
5 0 +1.467051754e+04 +1.467051754e+04 +1.475427754e+04 +1.475427754e+04 +1.4950e-01 +3.7549e-01 +4.6227e-01 +5.2960e-01 -8.4826e-01 -7.3284e-03 -5.6731e-02 +4.5034e-01 -9.8711e-01 +1.9207e+00 -2.1342e+00 -8.6580e-01 -9.9115e-03 -1.0183e-01 -3.4874e-01 +8.1775e-03 +1.0544e+00 -3.6227e-01 +4.3074e-02 -1.3509e-01
8 0 +1.408042597e+04 +1.408042597e+04 +1.416418597e+04 +1.416418597e+04 -1.1907e+00 +1.5891e+00 +6.8335e-01 +1.1205e-01 +7.6573e-01 +5.5038e-03 +1.0381e-01 +5.1138e-02 +6.3008e-01 +2.7453e+00 -4.5538e-01 -1.3195e+00 -6.6149e-03 +7.6724e-01 -1.0448e+00 +3.8076e-03 +2.1083e+00 +1.2755e-01 -2.5378e-01 +1.3483e-01
16 0 +6.979197292e+03 +6.979197292e+03 +7.062957292e+03 +7.062957292e+03 -5.6007e-01 -1.3750e+00 +2.5273e-01 +4.1042e-01 -4.0595e+00 -2.3216e-03 -6.8967e-02 +3.7230e-01 -2.5121e+00 +2.9404e+00 +3.2346e-01 -1.5155e+00 +7.6789e-03 +6.3052e-02 -2.3950e+00 +7.3701e-04 +2.0800e+00 -2.3771e-01 -3.8331e-01 -1.6836e-01
77 0 +5.806025682e+03 +5.806025682e+03 +5.889785682e+03 +5.889785682e+03 -1.6263e+00 -1.0881e+00 +2.6515e+00 +1.1746e+00 -2.7512e+00 +1.0538e-02 -3.5612e-02 -1.2656e-01 -3.5462e-01 +2.9487e+00 +3.7888e+00 -1.9674e+00 +1.1588e-02 -8.4473e-01 -2.1569e+00 -7.6331e-03 +3.5006e+00 -2.9259e-01 -2.1563e+00 -3.2468e-01
85 0 +4.798530084e+03 +4.798530084e+03 +4.882290084e+03 +4.882290084e+03 -2.8995e+00 -2.3241e+00 +3.7084e+00 +1.1798e+00 -2.9286e+00 +1.4778e-02 +5.2181e-02 +6.6727e-02 -7.8040e-01 +1.2479e+00 +6.4108e-01 -5.5936e-01 +2.1525e-02 -1.6552e+00 -3.1579e+00 -5.4606e-03 +3.5819e+00 +4.5715e-01 -1.2605e+00 -4.7834e-01
108 0 +4.035326399e+03 +4.035326399e+03 +4.119086399e+03 +4.119086399e+03 -9.9477e-01 -1.7483e+00 +3.3421e+00 +1.8581e+00 +1.4551e+00 -1.1659e-02 -1.0698e-02 +1.3194e-01 -3.8711e-01 +2.1961e+00 +1.5907e+00 -3.0572e+00 -3.2021e-02 -3.0650e-01 -2.5064e+00 -2.5481e-03 +3.4255e+00 -9.5014e-02 -1.1352e+00 -2.6803e-01
% f evaluations | g evaluations | best noise-free fitness - Fopt | noise-free fitness - Fopt (-3.890100000000e+02) | measured fitness | best measured fitness | x1 | x2...
1 0 +1.831961742e+04 +1.831961742e+04 +1.793060742e+04 +1.793060742e+04 +0.0000e+00 +0.0000e+00 +0.0000e+00 +0.0000e+00 +0.0000e+00 +0.0000e+00 +0.0000e+00 +0.0000e+00 +0.0000e+00 +0.0000e+00 +0.0000e+00 +0.0000e+00 +0.0000e+00 +0.0000e+00 +0.0000e+00 +0.0000e+00 +0.0000e+00 +0.0000e+00 +0.0000e+00 +0.0000e+00
2 0 +5.572841551e+03 +5.572841551e+03 +5.183831551e+03 +5.183831551e+03 -3.5328e-03 -2.6044e-01 +2.5673e-01 -9.9126e-01 +1.5962e-02 -3.5813e+00 +1.5832e+00 -6.6390e-02 +4.4227e-01 -4.8953e-01 -6.5327e-01 +6.9212e-02 -5.3310e-01 -8.5953e-02 +1.2313e-01 +6.7612e-01 -7.5837e-03 +1.8992e+00 +3.1060e-01 -2.1666e+00
51 0 +1.880656478e+03 +1.880656478e+03 +1.491646478e+03 +1.491646478e+03 +4.2629e-03 +9.9290e-02 -1.2851e+00 -1.2703e-01 -3.7928e-02 -2.8295e+00 +1.4748e+00 -9.1436e-01 +4.2685e-01 +2.6549e-01 +5.1685e-01 +4.4355e-01 -1.1725e+00 -1.6382e+00 +2.7862e-01 +2.2731e+00 +4.0715e-02 +2.9285e+00 -1.7773e-01 -2.0929e+00
% f evaluations | g evaluations | best noise-free fitness - Fopt | noise-free fitness - Fopt (-1.455800000000e+02) | measured fitness | best measured fitness | x1 | x2...
1 0 +1.831961742e+04 +1.831961742e+04 +1.817403742e+04 +1.817403742e+04 +0.0000e+00 +0.0000e+00 +0.0000e+00 +0.0000e+00 +0.0000e+00 +0.0000e+00 +0.0000e+00 +0.0000e+00 +0.0000e+00 +0.0000e+00 +0.0000e+00 +0.0000e+00 +0.0000e+00 +0.0000e+00 +0.0000e+00 +0.0000e+00 +0.0000e+00 +0.0000e+00 +0.0000e+00 +0.0000e+00
22 0 +7.276824454e+03 +7.276824454e+03 +7.131244454e+03 +7.131244454e+03 +5.8813e-01 +1.8055e-02 +1.9085e-01 -1.0049e+00 +3.7052e-01 +4.4001e-01 +2.1514e+00 -1.9002e-01 -6.8693e-03 +2.0556e-01 -1.9455e+00 +1.6832e-01 -2.4075e-01 -4.8264e-01 +8.2917e-01 -1.2179e+00 -1.0192e-01 -7.9632e-01 +1.2630e+00 +1.9138e-01
32 0 +5.652577658e+03 +5.652577658e+03 +5.506997658e+03 +5.506997658e+03 +5.3374e-01 -1.1566e-01 -7.2976e-03 -2.7531e+00 +3.9046e-01 -1.1539e+00 +2.3434e+00 -1.2457e-01 +1.1700e+00 +3.9674e-01 -1.9919e+00 -3.5214e-02 +6.3607e-01 -3.7031e+00 +2.3710e-01 -1.1818e+00 -8.8314e-02 -3.3118e-01 +1.0666e+00 +1.0408e+00
37 0 +5.255998323e+03 +5.255998323e+03 +5.110418323e+03 +5.110418323e+03 +5.6730e-01 +1.3277e+00 +1.3409e-01 +4.6098e-01 +4.8634e-01 +2.8722e-01 +3.3858e+00 -1.7917e-01 +4.0513e-01 -5.4644e-01 -2.4714e+00 -1.4801e+00 +5.2289e-01 -1.0509e+00 +2.7840e-01 -8.6416e-01 -1.3720e-01 -3.4858e-01 +1.8576e+00 +5.6713e-01
45 0 +5.059354522e+03 +5.059354522e+03 +4.913774522e+03 +4.913774522e+03 +6.3191e-01 -6.6935e-01 -3.5082e-02 -2.2135e+00 +4.5080e-01 -2.8009e-01 +2.1686e+00 -1.7440e-01 +2.2404e-01 +1.2370e-01 -4.1972e-02 -9.0147e-01 +3.0435e-01 -3.0047e+00 +4.5568e-01 -8.8944e-01 -1.0096e-01 -2.7287e-01 +1.0686e+00 +1.4835e+00
50 0 +2.923294826e+03 +2.923294826e+03 +2.777714826e+03 +2.777714826e+03 +6.2496e-01 +8.2712e-02 +1.8447e-01 -8.0151e-01 +5.0901e-01 -1.2955e+00 +3.1330e+00 -2.3898e-01 +2.9962e-01 -1.6608e+00 -1.1853e+00 +5.7527e-02 +6.1044e-01 -2.8768e+00 -3.4284e-01 -5.1737e-01 -1.4046e-01 -4.8300e-01 +1.2805e+00 +4.2598e-01
65 0 +2.153577808e+03 +2.153577808e+03 +2.007997808e+03 +2.007997808e+03 +2.9585e-01 +2.9538e-01 -8.2128e-03 +1.0558e+00 +5.0828e-01 -2.6408e+00 +1.0415e+00 -1.9283e-01 -1.9748e-01 -5.6192e-01 -7.8906e-01 +8.6703e-02 +3.0302e-01 -2.5574e+00 -3.5044e-01 -6.5655e-01 -8.3651e-02 -5.0041e-01 +1.4503e+00 +5.2657e-01
73 0 +1.824916007e+03 +1.824916007e+03 +1.679336007e+03 +1.679336007e+03 +1.2460e-01 -1.8698e+00 +1.6052e-01 -3.2169e-02 +4.4438e-01 -2.0624e+00 +9.7946e-01 -3.3600e-01 +3.6035e-02 -3.5846e-02 -2.7489e+00 -4.2053e-01 +5.1673e-01 -3.1019e+00 -4.2732e-01 -8.0828e-01 +4.3156e-02 -9.2741e-01 +1.1071e+00 +1.4964e+00
165 0 +1.473323860e+03 +1.473323860e+03 +1.327743860e+03 +1.327743860e+03 -2.6204e-01 +2.4365e+00 +1.0668e-01 -3.3261e+00 +2.0528e-01 +3.1108e-02 -5.5667e-01 -3.8834e-01 -9.1161e-01 -6.5238e-01 -1.3624e+00 +1.3606e+00 +9.5246e-01 -2.7794e+00 -8.1109e-01 -8.6901e-01 -9.4066e-02 -8.0798e-01 +2.5588e+00 +9.8670e-01
304 0 +1.202631539e+03 +1.202631539e+03 +1.057051539e+03 +1.057051539e+03 +2.6480e-01 +1.3929e+00 -3.6233e-02 +2.3209e-02 +4.0103e-01 +3.4314e-01 -2.1808e-01 -3.2258e-01 -2.6403e-01 -1.2113e+00 -2.6803e+00 -7.3223e-01 +7.7186e-01 -1.1039e+00 -5.0447e-01 -1.7613e+00 +1.1918e-01 -1.1932e+00 +2.6535e+00 +1.5667e+00
324 0 +7.047463113e+02 +7.047463113e+02 +5.591663113e+02 +5.591663113e+02 +3.2948e-01 +2.6376e-01 +1.3213e-01 -5.2157e-01 +3.8934e-01 +6.8608e-01 +9.7409e-01 -3.0095e-01 -9.5153e-02 -4.7666e-01 -2.3393e+00 +1.3930e-01 +5.3562e-01 -1.1441e+00 -9.8803e-01 -1.9121e+00 +9.4861e-02 -1.1909e+00 +2.4785e+00 +9.8069e-01
332 0 +6.570934806e+02 +6.570934806e+02 +5.115134806e+02 +5.115134806e+02 +4.9140e-01 +1.0722e+00 +5.0250e-01 +1.3574e+00 +3.9135e-01 -7.4654e-01 +1.8757e+00 -3.3036e-01 -4.1879e-01 -1.2080e+00 -1.3671e+00 +6.4221e-01 +4.5206e-01 -2.7315e+00 -8.3014e-01 -1.9030e+00 +7.4687e-02 -1.3353e+00 +2.3694e+00 +1.0658e+00
343 0 +3.466626828e+02 +3.466626828e+02 +2.010826828e+02 +2.010826828e+02 +5.7401e-01 +6.9637e-01 +4.7654e-01 +1.0277e+00 +4.2634e-01 +5.1141e-02 +1.5296e+00 -3.2446e-01 -4.3712e-02 -1.3264e+00 -1.4086e+00 +1.4052e+00 +5.0575e-01 -2.4065e+00 -9.8634e-01 -2.3633e+00 +5.7154e-02 -1.3768e+00 +2.2024e+00 +9.0801e-01
357 0 +2.856171059e+02 +2.856171059e+02 +1.400371059e+02 +1.400371059e+02 +5.0212e-01 +8.2308e-01 +4.6346e-01 +3.6865e-01 +3.7187e-01 -3.9376e-01 +1.8176e+00 -3.3232e-01 -9.2947e-02 -1.2353e+00 -8.2325e-01 +1.4887e+00 +5.8444e-01 -1.6078e+00 -1.2114e+00 -2.5704e+00 +6.6349e-02 -1.2834e+00 +2.3157e+00 +1.0846e+00
368 0 +2.683553742e+02 +2.683553742e+02 +1.227753742e+02 +1.227753742e+02 +6.0933e-01 +9.8163e-01 +4.7703e-01 +2.2763e-02 +3.7019e-01 +2.1074e-01 +1.5933e+00 -3.4573e-01 -1.4302e-02 -1.4215e+00 -8.3277e-01 +2.6760e+00 +5.5918e-01 -1.3223e+00 -1.0955e+00 -2.5303e+00 +5.3438e-02 -1.2748e+00 +2.3440e+00 +1.5494e+00
370 0 +2.073321480e+02 +2.073321480e+02 +6.175214804e+01 +6.175214804e+01 +5.5217e-01 +3.9899e-01 +5.1813e-01 +5.6217e-02 +3.6950e-01 -1.0483e-01 +2.1952e+00 -3.3375e-01 -3.6397e-01 -1.7588e+00 -6.3641e-01 +1.2308e+00 +7.1011e-01 -1.6972e+00 -9.4382e-01 -2.6228e+00 +3.3482e-02 -1.4359e+00 +2.2249e+00 +1.3790e+00
375 0 +1.843995501e+02 +1.843995501e+02 +3.881955012e+01 +3.881955012e+01 +6.5590e-01 +1.0519e+00 +5.9148e-01 -5.7558e-01 +3.5348e-01 +1.4667e-01 +1.8835e+00 -3.3318e-01 +4.1059e-02 -1.5695e+00 -6.9987e-01 +1.5074e+00 +6.8384e-01 -2.5514e+00 -8.7339e-01 -2.6296e+00 +2.1783e-02 -1.5292e+00 +2.1715e+00 +1.2197e+00
380 0 +1.631859776e+02 +1.631859776e+02 +1.760597758e+01 +1.760597758e+01 +7.0936e-01 +1.1517e+00 +4.2397e-01 +6.9543e-01 +3.1826e-01 +8.2369e-02 +1.4518e+00 -3.2508e-01 +4.6404e-02 -1.4169e+00 -3.5925e-01 +1.8748e+00 +8.2367e-01 -1.1736e+00 -8.5361e-01 -2.6338e+00 +7.0282e-03 -1.2942e+00 +2.1585e+00 +1.4032e+00
386 0 +1.586583217e+02 +1.586583217e+02 +1.307832174e+01 +1.307832174e+01 +7.0472e-01 +1.4147e+00 +4.7258e-01 -7.4192e-01 +2.7567e-01 +9.4340e-02 +1.9381e+00 -3.2896e-01 -1.4498e-02 -1.4002e+00 -6.7656e-01 +1.2554e+00 +6.0496e-01 -2.0272e+00 -7.8816e-01 -2.6311e+00 +5.8902e-03 -1.4990e+00 +2.0716e+00 +1.1470e+00
392 0 +1.422084102e+02 +1.422084102e+02 -3.371589774e+00 -3.371589774e+00 +6.7528e-01 +1.5442e+00 +3.7639e-01 +5.1591e-01 +3.1502e-01 -5.2244e-02 +1.7529e+00 -3.3687e-01 +1.8412e-01 -1.6670e+00 -5.5360e-01 +9.6388e-01 +7.7638e-01 -1.9847e+00 -7.2274e-01 -2.6938e+00 -6.6148e-03 -1.4549e+00 +1.9840e+00 +1.2574e+00
396 0 +1.318475609e+02 +1.318475609e+02 -1.373243909e+01 -1.373243909e+01 +6.5791e-01 +1.3581e+00 +4.6285e-01 +1.0959e-01 +3.3867e-01 -4.2218e-01 +1.6191e+00 -3.0174e-01 +1.7791e-01 -1.0899e+00 -3.8163e-01 +1.1241e+00 +7.2247e-01 -2.0477e+00 -5.8847e-01 -2.7554e+00 -1.1194e-02 -1.3491e+00 +2.2206e+00 +1.2313e+00
412 0 +1.317663396e+02 +1.317663396e+02 -1.381366043e+01 -1.381366043e+01 +6.4986e-01 +1.0759e+00 +4.1426e-01 -3.6374e-01 +3.2300e-01 -4.2250e-01 +2.2480e+00 -3.4224e-01 +1.3964e-01 -1.4490e+00 -4.2448e-01 +1.5901e+00 +8.3367e-01 -2.5795e+00 -7.2472e-01 -2.6574e+00 -1.1119e-02 -1.4940e+00 +2.1952e+00 +1.0935e+00
413 0 +1.129044680e+02 +1.129044680e+02 -3.267553203e+01 -3.267553203e+01 +7.2908e-01 +1.2951e+00 +4.1198e-01 -4.5613e-01 +3.8030e-01 -4.6321e-01 +1.7338e+00 -3.3082e-01 +1.7927e-01 -1.0529e+00 -4.4002e-01 +1.2402e+00 +7.0971e-01 -2.2993e+00 -7.0835e-01 -2.6785e+00 -3.0217e-02 -1.4719e+00 +1.9537e+00 +1.3714e+00
426 0 +9.037049234e+01 +9.037049234e+01 -5.520950766e+01 -5.520950766e+01 +5.9432e-01 +1.7123e+00 +4.3089e-01 +1.0681e+00 +3.5469e-01 -3.1729e-01 +1.9194e+00 -3.1568e-01 +1.3083e-01 -1.3272e+00 -3.4607e-01 +8.1846e-01 +7.2608e-01 -1.8916e+00 -3.2662e-01 -2.7672e+00 -2.5934e-02 -1.4432e+00 +1.9940e+00 +1.4241e+00
448 0 +8.349394457e+01 +8.349394457e+01 -6.208605543e+01 -6.208605543e+01 +6.2561e-01 +1.7336e+00 +3.9391e-01 +1.2115e+00 +3.6669e-01 -4.3240e-01 +1.7204e+00 -3.1855e-01 -1.4183e-01 -1.4185e+00 -3.8289e-01 +1.4767e+00 +6.8160e-01 -2.1050e+00 -2.0198e-01 -2.7903e+00 -2.5851e-02 -1.4407e+00 +2.0147e+00 +1.4772e+00
468 0 +8.315166035e+01 +8.315166035e+01 -6.242833965e+01 -6.242833965e+01 +6.5229e-01 +1.1995e+00 +4.4154e-01 +1.3051e+00 +3.8235e-01 -5.3736e-01 +2.0807e+00 -3.2367e-01 +4.8495e-02 -1.3195e+00 -1.9161e-01 +1.2282e+00 +6.8606e-01 -2.4277e+00 -4.9147e-02 -2.8661e+00 -2.1263e-02 -1.5068e+00 +1.9135e+00 +1.6304e+00
505 0 +8.081179743e+01 +8.081179743e+01 -6.476820257e+01 -6.476820257e+01 +6.3907e-01 +1.4438e+00 +2.7433e-01 -3.4328e-01 +3.3997e-01 -2.4568e-01 +1.6105e+00 -3.1316e-01 +7.8061e-04 -1.3686e+00 +8.1104e-02 +1.2390e+00 +6.4922e-01 -1.9076e+00 -2.6598e-01 -2.8016e+00 -3.5434e-02 -1.5974e+00 +1.8782e+00 +1.8132e+00
506 0 +7.780245506e+01 +7.780245506e+01 -6.777754494e+01 -6.777754494e+01 +5.4528e-01 +1.5388e+00 +3.3593e-01 +2.0510e-01 +3.6407e-01 -2.1744e-01 +1.8125e+00 -3.3482e-01 +1.1352e-01 -1.7079e+00 -1.8432e-01 +1.4621e+00 +6.3243e-01 -2.2845e+00 -1.2317e-01 -2.7521e+00 -3.3624e-02 -1.4356e+00 +1.8607e+00 +1.4533e+00
528 0 +7.025796273e+01 +7.025796273e+01 -7.532203727e+01 -7.532203727e+01 +5.6989e-01 +1.3606e+00 +3.4834e-01 +4.0940e-01 +3.6176e-01 -3.3493e-01 +2.1315e+00 -3.3005e-01 +8.9725e-02 -1.5681e+00 +1.8476e-01 +7.6227e-01 +6.9240e-01 -1.9229e+00 -2.7212e-01 -2.7490e+00 -4.5347e-02 -1.5902e+00 +1.7751e+00 +1.7558e+00
531 0 +6.769500770e+01 +6.769500770e+01 -7.788499230e+01 -7.788499230e+01 +5.4693e-01 +1.3757e+00 +3.8845e-01 -5.5833e-02 +3.4013e-01 -1.1867e-01 +1.5877e+00 -3.4350e-01 -3.8910e-02 -1.3963e+00 +2.7294e-02 +8.3946e-01 +6.4621e-01 -1.8265e+00 -2.5973e-01 -2.8113e+00 -5.4589e-02 -1.6291e+00 +1.7617e+00 +1.6280e+00
554 0 +5.990309492e+01 +5.990309492e+01 -8.567690508e+01 -8.567690508e+01 +6.0081e-01 +9.0101e-01 +2.9706e-01 +7.0461e-01 +3.2767e-01 -1.0212e+00 +2.6803e+00 -3.2877e-01 +7.2829e-02 -1.4376e+00 -1.6882e-01 +1.3385e+00 +7.9996e-01 -1.9601e+00 -2.5601e-01 -2.6862e+00 -7.2312e-02 -1.3553e+00 +2.1614e+00 +1.1243e+00
563 0 +4.974867914e+01 +4.974867914e+01 -9.583132086e+01 -9.583132086e+01 +4.8312e-01 +1.9071e+00 +4.2972e-01 +5.0583e-01 +2.7656e-01 -8.4829e-01 +2.2559e+00 -3.0020e-01 +1.2232e-01 -6.0658e-01 -3.7524e-02 +1.4647e+00 +7.4744e-01 -2.1217e+00 -4.2737e-01 -2.6783e+00 -9.0851e-02 -1.5418e+00 +2.0200e+00 +1.5590e+00
606 0 +4.198665245e+01 +4.198665245e+01 -1.035933475e+02 -1.035933475e+02 +5.9781e-01 +1.2304e+00 +3.0596e-01 +5.0586e-01 +4.2721e-01 +1.0022e-01 +1.8536e+00 -2.6506e-01 -5.1374e-01 -8.6497e-01 -8.6039e-01 +9.0150e-01 +5.6641e-01 -2.0050e+00 -4.1697e-01 -2.7096e+00 -9.2036e-02 -1.7823e+00 +1.8991e+00 +1.3288e+00
630 0 +3.440993526e+01 +3.440993526e+01 -1.111700647e+02 -1.111700647e+02 +6.1322e-01 +2.2433e-01 +3.1253e-01 +9.2760e-01 +4.4876e-01 -9.6786e-01 +2.1953e+00 -3.2422e-01 -3.8668e-01 -5.1819e-01 -1.1179e+00 +3.8923e-01 +3.0765e-01 -2.7164e+00 +6.1754e-02 -2.8778e+00 -9.4706e-02 -2.1251e+00 +2.2172e+00 +1.7178e+00
