% f evaluations | g evaluations | best noise-free fitness - Fopt | noise-free fitness - Fopt (-5.465000000000e+02) | measured fitness | best measured fitness | x1 | x2...
1 0 +6.592654473e+03 +6.592654473e+03 +6.046154473e+03 +6.046154473e+03 +0.0000e+00 +0.0000e+00 +0.0000e+00 +0.0000e+00 +0.0000e+00
3 0 +6.577024279e+03 +6.577024279e+03 +6.030524279e+03 +6.030524279e+03 -5.4281e-01 -1.1278e-01 +3.0272e-01 -2.5457e-04 -2.1846e-02
10 0 +6.103880749e+03 +6.103880749e+03 +5.557380749e+03 +5.557380749e+03 +1.5251e+00 +2.2616e-01 +1.1175e-01 +8.2759e-01 +8.5370e-01
12 0 +1.661179345e+03 +1.661179345e+03 +1.114679345e+03 +1.114679345e+03 +1.0087e+00 +1.6206e-01 -5.2689e-01 -5.9511e-02 +1.2836e+00
14 0 +1.353332393e+03 +1.353332393e+03 +8.068323933e+02 +8.068323933e+02 -5.4233e-01 +9.9461e-02 -3.3613e-01 -4.5120e-02 +1.9368e+00
31 0 +7.286115436e+02 +7.286115436e+02 +1.821115436e+02 +1.821115436e+02 -4.0793e-01 +5.7928e-01 +9.2679e-02 -1.2160e+00 +4.4577e-01
35 0 +5.088050519e+00 +5.088050519e+00 -5.414119495e+02 -5.414119495e+02 +2.5074e-01 +8.7831e-01 +8.1432e-02 -1.5648e+00 +1.1645e+00
53 0 +4.889161853e+00 +4.889161853e+00 -5.416108381e+02 -5.416108381e+02 +2.2124e+00 +2.1162e+00 +2.2409e-02 -1.2719e+00 +1.6196e+00
63 0 +3.378349574e+00 +3.378349574e+00 -5.431216504e+02 -5.431216504e+02 +1.3809e+00 +2.1234e+00 +2.1462e-01 -1.1713e+00 +1.7023e+00
64 0 +3.257077746e+00 +3.257077746e+00 -5.432429223e+02 -5.432429223e+02 -5.2149e-01 +2.5712e+00 -8.9217e-03 -2.0348e+00 +1.7040e+00
72 0 +2.405154256e+00 +2.405154256e+00 -5.440948457e+02 -5.440948457e+02 -3.0925e-01 +2.4720e+00 +8.1587e-02 -1.4760e+00 +1.0735e+00
109 0 +2.273519264e+00 +2.273519264e+00 -5.442264807e+02 -5.442264807e+02 +2.6433e-01 +2.8259e+00 -7.3345e-03 -1.1244e+00 +1.1867e+00
113 0 +1.830162718e+00 +1.830162718e+00 -5.446698373e+02 -5.446698373e+02 +4.8720e-02 +2.7466e+00 -1.1200e-01 -1.1085e+00 +1.1893e+00
700 0 +1.815496451e+00 +1.815496451e+00 -5.446845035e+02 -5.446845035e+02 -2.4445e-02 +2.5691e+00 -3.3869e-02 -1.1015e+00 +2.0217e+00
816 0 +1.767017601e+00 +1.767017601e+00 -5.447329824e+02 -5.447329824e+02 -2.6748e-01 +2.6002e+00 -5.5970e-02 -1.1501e+00 +2.0194e+00
875 0 +1.643449729e+00 +1.643449729e+00 -5.448565503e+02 -5.448565503e+02 -6.6577e-01 +2.4840e+00 -5.6436e-02 -1.1512e+00 +2.3340e+00
894 0 +1.354848759e+00 +1.354848759e+00 -5.451451512e+02 -5.451451512e+02 -3.7027e-01 +2.5097e+00 -2.7528e-02 -1.1366e+00 +2.3792e+00
928 0 +1.267262297e+00 +1.267262297e+00 -5.452327377e+02 -5.452327377e+02 -3.0014e-01 +2.5484e+00 -1.0754e-02 -1.1336e+00 +2.3375e+00
935 0 +1.257882571e+00 +1.257882571e+00 -5.452421174e+02 -5.452421174e+02 -3.0571e-01 +2.5791e+00 -9.9964e-03 -1.1229e+00 +2.3496e+00
977 0 +1.226093845e+00 +1.226093845e+00 -5.452739062e+02 -5.452739062e+02 -3.6276e-01 +2.5449e+00 -4.3006e-02 -1.1383e+00 +2.3436e+00
% f evaluations | g evaluations | best noise-free fitness - Fopt | noise-free fitness - Fopt (1.000000000000e+03) | measured fitness | best measured fitness | x1 | x2...
1 0 +6.592654473e+03 +6.592654473e+03 +7.592654473e+03 +7.592654473e+03 +0.0000e+00 +0.0000e+00 +0.0000e+00 +0.0000e+00 +0.0000e+00
3 0 +5.580750482e+03 +5.580750482e+03 +6.580750482e+03 +6.580750482e+03 +1.5549e-02 -5.6317e-01 +1.0722e+00 -1.1062e+00 +4.8126e-02
7 0 +1.718858466e+03 +1.718858466e+03 +2.718858466e+03 +2.718858466e+03 -4.2947e-03 -2.1794e+00 -8.8025e-01 -1.7360e+00 -4.2244e-01
12 0 +1.100238323e+03 +1.100238323e+03 +2.100238323e+03 +2.100238323e+03 -4.7796e-02 +9.9630e-01 +7.8763e-01 -4.3793e-01 -8.3337e-01
15 0 +5.969632865e+02 +5.969632865e+02 +1.596963286e+03 +1.596963286e+03 -3.4102e-02 -5.2183e-01 -1.2845e+00 -1.2244e+00 -4.8443e-01
16 0 +3.726595067e+02 +3.726595067e+02 +1.372659507e+03 +1.372659507e+03 -5.9657e-02 +2.6034e+00 +1.1487e+00 -2.6207e+00 -7.9601e-01
85 0 +4.776083380e+00 +4.776083380e+00 +1.004776083e+03 +1.004776083e+03 +5.4575e-02 +2.9685e+00 -1.4465e+00 -1.6984e+00 -2.2203e+00
98 0 +4.472574681e+00 +4.472574681e+00 +1.004472575e+03 +1.004472575e+03 +1.0418e-02 +2.4544e+00 -2.4211e-01 -7.5507e-01 -2.4994e+00
104 0 +3.076696038e+00 +3.076696038e+00 +1.003076696e+03 +1.003076696e+03 -4.4494e-03 +4.2808e-01 -4.4686e-01 -1.0238e+00 -1.8174e+00
247 0 +2.512830674e+00 +2.512830674e+00 +1.002512831e+03 +1.002512831e+03 -1.4444e-02 -1.1894e-01 -2.5779e+00 -1.8720e+00 -1.2975e+00
402 0 +2.133888842e+00 +2.133888842e+00 +1.002133889e+03 +1.002133889e+03 +1.2761e-02 +8.9554e-01 -2.3627e+00 -2.0585e+00 -1.0068e+00
436 0 +2.088638525e+00 +2.088638525e+00 +1.002088639e+03 +1.002088639e+03 +1.3171e-02 +7.7485e-01 -2.4796e+00 -2.0163e+00 -9.9221e-01
494 0 +1.685372167e+00 +1.685372167e+00 +1.001685372e+03 +1.001685372e+03 +9.1193e-03 +5.6226e-01 -2.4981e+00 -2.0079e+00 -9.8108e-01
% f evaluations | g evaluations | best noise-free fitness - Fopt | noise-free fitness - Fopt (2.083800000000e+02) | measured fitness | best measured fitness | x1 | x2...
1 0 +6.592654473e+03 +6.592654473e+03 +6.801034473e+03 +6.801034473e+03 +0.0000e+00 +0.0000e+00 +0.0000e+00 +0.0000e+00 +0.0000e+00
4 0 +4.359832229e+03 +4.359832229e+03 +4.568212229e+03 +4.568212229e+03 -3.4015e-01 +1.6032e+00 +7.1902e-01 -1.6338e-02 +2.1317e-01
6 0 +3.751613742e+03 +3.751613742e+03 +3.959993742e+03 +3.959993742e+03 -6.7720e-01 -2.3366e-02 +2.4429e-01 -1.8961e-02 +3.4245e-01
12 0 +1.381532555e+03 +1.381532555e+03 +1.589912555e+03 +1.589912555e+03 -9.0762e-01 +3.7625e-01 +1.4648e-01 -1.7630e-02 +8.7683e-01
22 0 +1.190837932e+03 +1.190837932e+03 +1.399217932e+03 +1.399217932e+03 -9.1300e-01 -3.0421e-02 +5.8750e-02 -2.5827e-02 +1.0352e+00
24 0 +7.602692669e+02 +7.602692669e+02 +9.686492669e+02 +9.686492669e+02 -8.7224e-01 +4.3710e-01 +7.6799e-01 -4.4855e-03 +9.5896e-01
34 0 +5.418539702e+02 +5.418539702e+02 +7.502339702e+02 +7.502339702e+02 -7.8446e-01 +1.1321e+00 +9.4385e-01 -3.4950e-02 +1.6054e+00
48 0 +2.433018518e+02 +2.433018518e+02 +4.516818518e+02 +4.516818518e+02 -2.8241e-01 -1.3181e+00 +1.8108e+00 +1.3956e-02 +2.1225e+00
56 0 +1.273380767e+02 +1.273380767e+02 +3.357180767e+02 +3.357180767e+02 -1.0738e+00 +2.1389e+00 +1.9498e+00 -3.3755e-02 +2.3092e+00
64 0 +1.410136509e+01 +1.410136509e+01 +2.224813651e+02 +2.224813651e+02 -6.9807e-02 +2.5640e-01 +2.4219e+00 +1.4853e-02 +1.1997e+00
648 0 +1.252467296e+01 +1.252467296e+01 +2.209046730e+02 +2.209046730e+02 +5.6039e-01 +2.1209e-01 +2.8383e+00 -7.6546e-02 +1.9065e+00
655 0 +1.006922592e+01 +1.006922592e+01 +2.184492259e+02 +2.184492259e+02 +4.0263e-01 +5.6365e-02 +2.8169e+00 -7.1219e-02 +1.9394e+00
808 0 +9.337530780e+00 +9.337530780e+00 +2.177175308e+02 +2.177175308e+02 +1.2958e+00 -5.0688e-01 +2.9303e+00 -1.0038e-01 +2.6208e+00
823 0 +9.195415826e+00 +9.195415826e+00 +2.175754158e+02 +2.175754158e+02 +1.4380e+00 -4.5403e-01 +2.9628e+00 -1.0347e-01 +2.5277e+00
825 0 +8.183003067e+00 +8.183003067e+00 +2.165630031e+02 +2.165630031e+02 +1.1998e+00 -5.2609e-01 +2.9719e+00 -9.8405e-02 +2.5255e+00
848 0 +6.893865493e+00 +6.893865493e+00 +2.152738655e+02 +2.152738655e+02 +1.3109e+00 -5.0301e-01 +2.9991e+00 -1.0187e-01 +2.6387e+00
869 0 +6.612307425e+00 +6.612307425e+00 +2.149923074e+02 +2.149923074e+02 +1.3820e+00 -5.1097e-01 +3.0020e+00 -9.7958e-02 +2.6416e+00
926 0 +5.826931535e+00 +5.826931535e+00 +2.142069315e+02 +2.142069315e+02 +7.5123e-01 -2.7001e-01 +2.9361e+00 -7.1689e-02 +2.6305e+00
% f evaluations | g evaluations | best noise-free fitness - Fopt | noise-free fitness - Fopt (-1.449600000000e+02) | measured fitness | best measured fitness | x1 | x2...
1 0 +6.592654473e+03 +6.592654473e+03 +6.447694473e+03 +6.447694473e+03 +0.0000e+00 +0.0000e+00 +0.0000e+00 +0.0000e+00 +0.0000e+00
4 0 +1.774493576e+03 +1.774493576e+03 +1.629533576e+03 +1.629533576e+03 -1.0982e-01 +5.1432e-01 +5.7437e-01 -5.9546e-01 -5.4089e-01
9 0 +1.522801533e+03 +1.522801533e+03 +1.377841533e+03 +1.377841533e+03 +1.1724e+00 -1.0314e+00 +5.2556e-01 -1.3251e+00 -2.5203e-01
15 0 +5.861510501e+02 +5.861510501e+02 +4.411910501e+02 +4.411910501e+02 -7.5313e-01 -1.1777e+00 -1.7965e-01 -1.3600e-01 -1.1411e+00
19 0 +3.912654496e+01 +3.912654496e+01 -1.058334550e+02 -1.058334550e+02 +5.6550e-02 -8.6802e-01 +3.4358e-01 -1.7403e+00 -1.2571e+00
38 0 +5.521484130e+00 +5.521484130e+00 -1.394385159e+02 -1.394385159e+02 +7.5128e-01 -1.7730e+00 +2.8218e-01 -8.7487e-01 -1.8942e+00
108 0 +4.591385035e+00 +4.591385035e+00 -1.403686150e+02 -1.403686150e+02 +1.4859e+00 -2.5952e+00 -1.3492e+00 -5.6797e-01 -1.7358e+00
122 0 +4.298763770e+00 +4.298763770e+00 -1.406612362e+02 -1.406612362e+02 -1.6606e+00 -2.1054e+00 -3.6614e-01 -1.1841e+00 -1.2417e+00
126 0 +3.615712159e+00 +3.615712159e+00 -1.413442878e+02 -1.413442878e+02 +9.4301e-01 -2.6599e+00 -9.5437e-01 -2.3984e+00 -6.1867e-01
137 0 +3.048703537e+00 +3.048703537e+00 -1.419112965e+02 -1.419112965e+02 +2.3157e+00 -3.1754e+00 +7.2307e-01 -1.1846e+00 -1.2184e+00
157 0 +2.423895833e+00 +2.423895833e+00 -1.425361042e+02 -1.425361042e+02 -1.1570e+00 -2.3204e+00 -1.5058e-01 -6.5472e-01 -2.0844e+00
273 0 +2.191548564e+00 +2.191548564e+00 -1.427684514e+02 -1.427684514e+02 +1.3198e+00 -9.9326e-01 -3.4260e-01 -2.0154e+00 -2.1211e+00
308 0 +2.113273828e+00 +2.113273828e+00 -1.428467262e+02 -1.428467262e+02 +1.4827e+00 -1.2689e+00 -3.9663e-01 -9.5585e-01 -2.3760e+00
835 0 +2.057775744e+00 +2.057775744e+00 -1.429022243e+02 -1.429022243e+02 +1.6780e+00 -1.1215e+00 -3.1759e-01 -2.1344e+00 -2.0916e+00
926 0 +1.832703816e+00 +1.832703816e+00 -1.431272962e+02 -1.431272962e+02 -2.0551e+00 -2.2517e+00 -9.9993e-01 -8.0541e-01 -1.3100e+00
% f evaluations | g evaluations | best noise-free fitness - Fopt | noise-free fitness - Fopt (-6.300000000000e+00) | measured fitness | best measured fitness | x1 | x2...
1 0 +6.592654473e+03 +6.592654473e+03 +6.586354473e+03 +6.586354473e+03 +0.0000e+00 +0.0000e+00 +0.0000e+00 +0.0000e+00 +0.0000e+00
6 0 +1.360356164e+03 +1.360356164e+03 +1.354056164e+03 +1.354056164e+03 -9.7866e-02 -2.6020e-01 +5.6416e-01 +1.6872e-01 -1.2657e+00
11 0 +5.897412323e+02 +5.897412323e+02 +5.834412323e+02 +5.834412323e+02 -1.8206e+00 +1.1169e-01 -1.3374e+00 +7.3160e-02 -8.3854e-01
17 0 +4.359173510e+00 +4.359173510e+00 -1.940826490e+00 -1.940826490e+00 -1.6980e+00 -4.8999e-01 -1.2819e+00 +3.4604e-01 -1.1256e+00
48 0 +3.463195179e+00 +3.463195179e+00 -2.836804821e+00 -2.836804821e+00 +2.0655e+00 -1.1373e+00 -1.3515e+00 +3.9279e-01 -1.2904e+00
177 0 +3.329095182e+00 +3.329095182e+00 -2.970904818e+00 -2.970904818e+00 +3.2114e-01 -2.4433e-03 -1.1380e+00 +8.5143e-01 -2.2972e+00
188 0 +2.809249722e+00 +2.809249722e+00 -3.490750278e+00 -3.490750278e+00 +2.0685e+00 +2.9789e-01 -7.5813e-01 +8.9830e-01 -2.5118e+00
267 0 +2.458550744e+00 +2.458550744e+00 -3.841449256e+00 -3.841449256e+00 +2.1675e+00 +3.2466e-01 -1.3000e+00 +8.1213e-01 -2.4549e+00
273 0 +2.166369114e+00 +2.166369114e+00 -4.133630886e+00 -4.133630886e+00 +1.9694e+00 +4.6110e-01 -1.2137e+00 +7.3829e-01 -2.1268e+00
434 0 +1.837328511e+00 +1.837328511e+00 -4.462671489e+00 -4.462671489e+00 +1.9904e+00 +5.8750e-01 -1.8132e+00 +6.8938e-01 -1.2728e+00
505 0 +1.725906037e+00 +1.725906037e+00 -4.574093963e+00 -4.574093963e+00 +2.1650e+00 +6.6055e-01 -1.8039e+00 +6.2742e-01 -2.1268e+00
952 0 +1.582333439e+00 +1.582333439e+00 -4.717666561e+00 -4.717666561e+00 +2.1258e+00 -4.6395e-02 -1.9709e+00 +6.2535e-01 -1.3158e+00
% f evaluations | g evaluations | best noise-free fitness - Fopt | noise-free fitness - Fopt (-1.367600000000e+02) | measured fitness | best measured fitness | x1 | x2...
1 0 +6.592654473e+03 +6.592654473e+03 +6.455894473e+03 +6.455894473e+03 +0.0000e+00 +0.0000e+00 +0.0000e+00 +0.0000e+00 +0.0000e+00
3 0 +6.380457469e+03 +6.380457469e+03 +6.243697469e+03 +6.243697469e+03 +5.6741e-01 -3.4163e-01 +1.7045e-01 -3.4134e-01 -2.9021e-01
5 0 +1.703822605e+03 +1.703822605e+03 +1.567062605e+03 +1.567062605e+03 +1.4397e+00 -1.5696e-01 +3.4997e-01 +2.2509e-01 -6.5577e-01
14 0 +1.488171341e+03 +1.488171341e+03 +1.351411341e+03 +1.351411341e+03 -2.8170e-01 -4.8616e-01 -4.6517e-01 +4.2361e-01 -4.6960e-01
16 0 +1.389955162e+03 +1.389955162e+03 +1.253195162e+03 +1.253195162e+03 +4.2221e+00 -1.1131e+00 +3.9796e-01 +5.1697e-01 -1.8029e+00
22 0 +2.036887023e+02 +2.036887023e+02 +6.692870229e+01 +6.692870229e+01 +2.8811e+00 -1.7784e+00 +5.9702e-01 +1.1125e+00 -2.6307e+00
44 0 +1.410867375e+02 +1.410867375e+02 +4.326737470e+00 +4.326737470e+00 +1.1793e+00 -5.5400e-01 +4.2780e-01 +1.2105e+00 -1.1654e+00
47 0 +9.654279460e+01 +9.654279460e+01 -4.021720540e+01 -4.021720540e+01 +2.6722e+00 -1.0180e+00 +4.6637e-01 +1.2156e+00 -1.7827e+00
53 0 +4.226663606e+00 +4.226663606e+00 -1.325333364e+02 -1.325333364e+02 +1.3087e+00 -1.5478e+00 +3.6714e-01 +1.3428e+00 -1.3973e+00
75 0 +3.287624086e+00 +3.287624086e+00 -1.334723759e+02 -1.334723759e+02 -5.3394e-01 -5.6461e-01 +1.0827e-01 +1.0523e+00 -1.4984e+00
154 0 +2.854722661e+00 +2.854722661e+00 -1.339052773e+02 -1.339052773e+02 +2.0851e+00 -5.9764e-01 -6.1705e-01 +1.6925e+00 -2.2638e+00
326 0 +2.611277884e+00 +2.611277884e+00 -1.341487221e+02 -1.341487221e+02 +2.0648e+00 +7.6258e-01 -1.3328e+00 +9.2839e-01 -2.4406e+00
332 0 +2.374327683e+00 +2.374327683e+00 -1.343856723e+02 -1.343856723e+02 +1.9188e+00 -1.6528e-01 -1.4194e+00 +7.6196e-01 -2.3813e+00
675 0 +2.263995934e+00 +2.263995934e+00 -1.344960041e+02 -1.344960041e+02 +1.0914e+00 -2.4219e+00 -9.5022e-01 +8.8714e-01 -1.5567e+00
888 0 +2.134753630e+00 +2.134753630e+00 -1.346252464e+02 -1.346252464e+02 +2.0234e+00 -1.1440e+00 -8.0299e-01 +1.9062e+00 -2.1569e+00
951 0 +1.991624348e+00 +1.991624348e+00 -1.347683757e+02 -1.347683757e+02 +2.0220e+00 -2.1535e+00 -8.4418e-01 +1.8963e+00 -1.7958e+00
% f evaluations | g evaluations | best noise-free fitness - Fopt | noise-free fitness - Fopt (3.667500000000e+02) | measured fitness | best measured fitness | x1 | x2...
1 0 +6.592654473e+03 +6.592654473e+03 +6.959404473e+03 +6.959404473e+03 +0.0000e+00 +0.0000e+00 +0.0000e+00 +0.0000e+00 +0.0000e+00
2 0 +4.164413976e+03 +4.164413976e+03 +4.531163976e+03 +4.531163976e+03 +1.7258e-01 +3.2028e-01 -6.7789e-02 -7.8502e-02 +3.6818e-01
7 0 +3.236645844e+03 +3.236645844e+03 +3.603395844e+03 +3.603395844e+03 -1.1884e+00 -4.5399e-01 +4.4323e-01 +2.8231e-02 +3.6927e-01
9 0 +2.669514364e+03 +2.669514364e+03 +3.036264364e+03 +3.036264364e+03 -8.0504e-02 -3.2014e-01 +5.5323e-01 -2.0094e-02 +4.8479e-01
12 0 +1.850183341e+03 +1.850183341e+03 +2.216933341e+03 +2.216933341e+03 -3.8300e-01 -8.6803e-01 +1.4312e+00 -7.0801e-03 +5.4625e-01
13 0 +1.810216665e+03 +1.810216665e+03 +2.176966665e+03 +2.176966665e+03 -8.3297e-01 -8.4143e-01 -3.3789e-01 +2.9237e-02 +8.0546e-01
14 0 +9.302213988e+02 +9.302213988e+02 +1.296971399e+03 +1.296971399e+03 -2.5409e-01 -1.6321e-01 +1.8603e+00 +5.9235e-04 +7.2373e-01
22 0 +1.346897507e+02 +1.346897507e+02 +5.014397507e+02 +5.014397507e+02 -1.4806e+00 +3.4451e-01 +2.1597e+00 -3.4733e-02 +1.0648e+00
35 0 +8.399487654e+01 +8.399487654e+01 +4.507448765e+02 +4.507448765e+02 +5.8304e-01 +7.6000e-02 +1.7875e+00 +5.3308e-02 +2.4265e+00
136 0 +2.250846975e+01 +2.250846975e+01 +3.892584697e+02 +3.892584697e+02 -1.7521e+00 +5.0848e-01 +8.7338e-01 +3.7689e-01 +1.7427e+00
143 0 +4.120598188e+00 +4.120598188e+00 +3.708705982e+02 +3.708705982e+02 -2.0952e+00 +9.8082e-01 +1.7337e+00 +4.3260e-01 +2.5218e+00
175 0 +3.648537809e+00 +3.648537809e+00 +3.703985378e+02 +3.703985378e+02 -1.9336e+00 -3.3914e-01 +2.2996e+00 +5.1926e-01 +1.4579e+00
276 0 +2.753140815e+00 +2.753140815e+00 +3.695031408e+02 +3.695031408e+02 +1.6671e+00 -3.9365e-01 +1.3355e+00 +7.9126e-01 +1.6943e+00
305 0 +2.502224603e+00 +2.502224603e+00 +3.692522246e+02 +3.692522246e+02 +1.3303e+00 -8.8016e-01 +1.2279e+00 +7.8695e-01 +1.2733e+00
324 0 +2.250579641e+00 +2.250579641e+00 +3.690005796e+02 +3.690005796e+02 +1.4201e+00 -2.6484e-01 +1.0363e+00 +8.0351e-01 +1.3665e+00
394 0 +2.197459739e+00 +2.197459739e+00 +3.689474597e+02 +3.689474597e+02 +1.5765e+00 -2.7928e-01 +9.8250e-01 +7.9466e-01 +1.3466e+00
428 0 +1.933751716e+00 +1.933751716e+00 +3.686837517e+02 +3.686837517e+02 +1.5772e+00 -4.4039e-01 +9.4531e-01 +8.7574e-01 +1.2857e+00
% f evaluations | g evaluations | best noise-free fitness - Fopt | noise-free fitness - Fopt (-2.486900000000e+02) | measured fitness | best measured fitness | x1 | x2...
1 0 +6.592654473e+03 +6.592654473e+03 +6.343964473e+03 +6.343964473e+03 +0.0000e+00 +0.0000e+00 +0.0000e+00 +0.0000e+00 +0.0000e+00
2 0 +4.278845956e+03 +4.278845956e+03 +4.030155956e+03 +4.030155956e+03 -5.3471e-01 -3.1925e-02 +1.5332e+00 +8.0051e-01 +5.8983e-02
6 0 +3.963743204e+03 +3.963743204e+03 +3.715053204e+03 +3.715053204e+03 -7.1150e-01 -1.4264e+00 -2.2438e-01 +1.3543e+00 +1.5835e-01
12 0 +2.801265164e+03 +2.801265164e+03 +2.552575164e+03 +2.552575164e+03 -1.5107e+00 -3.4589e+00 +1.1845e+00 +1.6436e+00 +6.9530e-02
16 0 +1.199179869e+03 +1.199179869e+03 +9.504898693e+02 +9.504898693e+02 -1.2756e+00 +1.0455e+00 +2.3285e+00 +1.8752e+00 -2.0956e-01
32 0 +7.249800982e+02 +7.249800982e+02 +4.762900982e+02 +4.762900982e+02 -1.4452e-01 -1.3516e-01 +1.3443e+00 +1.9209e+00 -2.7031e-01
42 0 +5.720836773e+02 +5.720836773e+02 +3.233936773e+02 +3.233936773e+02 -6.4663e-01 -4.6746e-01 +1.8212e+00 +2.1863e+00 -2.5166e-01
47 0 +4.989805274e+02 +4.989805274e+02 +2.502905274e+02 +2.502905274e+02 +4.5816e-01 +1.9992e-01 +2.0339e+00 +2.3770e+00 -2.3569e-01
48 0 +2.694437006e+02 +2.694437006e+02 +2.075370061e+01 +2.075370061e+01 +3.7038e-01 -4.9703e-01 +1.6959e+00 +2.5973e+00 -3.3026e-01
60 0 +1.844419083e+02 +1.844419083e+02 -6.424809169e+01 -6.424809169e+01 +2.5479e-01 -4.0444e-01 +1.8860e+00 +2.3625e+00 -3.7388e-01
69 0 +1.771301482e+02 +1.771301482e+02 -7.155985175e+01 -7.155985175e+01 +5.0955e-01 -6.5746e-01 +1.3154e+00 +2.4724e+00 -3.4924e-01
72 0 +7.343018019e+01 +7.343018019e+01 -1.752598198e+02 -1.752598198e+02 -5.3775e-01 -1.1102e+00 +1.3186e+00 +2.4052e+00 -4.4053e-01
92 0 +2.978730803e+01 +2.978730803e+01 -2.189026920e+02 -2.189026920e+02 +1.3794e-01 -2.6913e+00 +1.1813e+00 +2.2122e+00 -5.3917e-01
107 0 +4.856678843e+00 +4.856678843e+00 -2.438333212e+02 -2.438333212e+02 +4.0069e-01 +6.3062e-01 +1.9686e+00 +1.7972e+00 -1.0115e+00
206 0 +4.661537473e+00 +4.661537473e+00 -2.440284625e+02 -2.440284625e+02 +2.3164e-01 -5.5736e-01 +2.9751e-01 +1.7994e+00 -8.7133e-01
418 0 +3.186807409e+00 +3.186807409e+00 -2.455031926e+02 -2.455031926e+02 +1.8043e+00 +1.2345e+00 +1.4329e+00 +2.1297e+00 -9.4134e-01
485 0 +2.980091415e+00 +2.980091415e+00 -2.457099086e+02 -2.457099086e+02 +1.9482e+00 -2.0096e+00 +1.0603e-01 +1.5545e+00 -2.0138e+00
532 0 +2.752114849e+00 +2.752114849e+00 -2.459378852e+02 -2.459378852e+02 +2.1188e+00 -1.9394e+00 +1.1590e+00 +1.6276e+00 -1.6981e+00
548 0 +2.676895734e+00 +2.676895734e+00 -2.460131043e+02 -2.460131043e+02 +2.0073e+00 -1.8023e-01 +4.5982e-01 +2.0852e+00 -1.4952e+00
556 0 +2.336693192e+00 +2.336693192e+00 -2.463533068e+02 -2.463533068e+02 +2.1546e+00 -2.6690e-01 +4.9201e-01 +9.5749e-01 -1.6822e+00
% f evaluations | g evaluations | best noise-free fitness - Fopt | noise-free fitness - Fopt (-6.786000000000e+01) | measured fitness | best measured fitness | x1 | x2...
1 0 +6.592654473e+03 +6.592654473e+03 +6.524794473e+03 +6.524794473e+03 +0.0000e+00 +0.0000e+00 +0.0000e+00 +0.0000e+00 +0.0000e+00
2 0 +3.074326486e+03 +3.074326486e+03 +3.006466486e+03 +3.006466486e+03 +8.2912e-02 -3.2760e-01 +1.2943e+00 +5.6708e-02 -3.1611e-01
12 0 +8.933093574e+02 +8.933093574e+02 +8.254493574e+02 +8.254493574e+02 +7.3834e-02 +1.0109e+00 +1.8392e+00 +3.3858e-02 -7.1814e-01
17 0 +4.127637651e+02 +4.127637651e+02 +3.449037651e+02 +3.449037651e+02 +4.2338e-02 +1.9642e+00 +1.6870e+00 +7.8561e-02 -8.6889e-01
18 0 +1.410332695e+02 +1.410332695e+02 +7.317326948e+01 +7.317326948e+01 +1.3639e-02 +2.0961e+00 +2.4735e+00 +6.3808e-02 -9.9316e-01
26 0 +4.117128727e+01 +4.117128727e+01 -2.668871273e+01 -2.668871273e+01 +1.0290e-01 +2.1281e+00 +1.9837e+00 +6.2481e-02 -1.1588e+00
28 0 +2.854697992e+01 +2.854697992e+01 -3.931302008e+01 -3.931302008e+01 +4.1452e-02 +2.6282e+00 +2.2855e+00 +5.6060e-02 -1.1180e+00
41 0 +1.300955999e+01 +1.300955999e+01 -5.485044001e+01 -5.485044001e+01 +9.9169e-02 +2.4220e+00 +2.1104e+00 +9.5992e-02 -1.3009e+00
54 0 +3.744535512e+00 +3.744535512e+00 -6.411546449e+01 -6.411546449e+01 +1.1166e-01 +1.3524e+00 +2.3901e+00 +9.4657e-02 -1.2261e+00
61 0 +3.515622796e+00 +3.515622796e+00 -6.434437720e+01 -6.434437720e+01 +1.2349e-01 +6.6048e-01 +2.3468e+00 +8.0101e-02 -1.4407e+00
66 0 +2.490030082e+00 +2.490030082e+00 -6.536996992e+01 -6.536996992e+01 +9.6517e-02 +9.1309e-01 +2.4303e+00 +8.7159e-02 -1.4821e+00
% f evaluations | g evaluations | best noise-free fitness - Fopt | noise-free fitness - Fopt (-2.329000000000e+01) | measured fitness | best measured fitness | x1 | x2...
1 0 +6.592654473e+03 +6.592654473e+03 +6.569364473e+03 +6.569364473e+03 +0.0000e+00 +0.0000e+00 +0.0000e+00 +0.0000e+00 +0.0000e+00
3 0 +4.161426178e+03 +4.161426178e+03 +4.138136178e+03 +4.138136178e+03 +2.9241e-01 -3.4674e-01 -1.4354e-01 +2.5444e-01 -5.4774e-01
6 0 +2.253667357e+03 +2.253667357e+03 +2.230377357e+03 +2.230377357e+03 +5.6289e-02 +1.1368e+00 -8.2460e-01 -9.9728e-01 -2.5092e-01
9 0 +1.873795289e+03 +1.873795289e+03 +1.850505289e+03 +1.850505289e+03 +4.7016e-01 -2.9038e-01 +6.3006e-01 +3.8072e-01 -2.7752e+00
13 0 +1.255717942e+02 +1.255717942e+02 +1.022817942e+02 +1.022817942e+02 +7.3420e-01 -4.9880e-02 -2.5719e-01 -1.1597e+00 -1.1307e+00
14 0 +4.216380128e+00 +4.216380128e+00 -1.907361987e+01 -1.907361987e+01 +3.1316e-01 -7.8180e-01 +2.2886e-01 -9.4058e-01 -1.9064e+00
26 0 +3.524355041e+00 +3.524355041e+00 -1.976564496e+01 -1.976564496e+01 +6.0685e-02 +2.5671e+00 -1.5872e-01 -8.5096e-01 -1.3229e+00
39 0 +3.435046530e+00 +3.435046530e+00 -1.985495347e+01 -1.985495347e+01 +4.0623e-01 +1.5909e+00 +2.4487e-01 -2.2161e+00 -1.6727e+00
55 0 +3.093602915e+00 +3.093602915e+00 -2.019639709e+01 -2.019639709e+01 -1.9932e-01 +6.2669e-01 +4.5635e-01 -2.1187e+00 -1.5674e+00
66 0 +2.664374348e+00 +2.664374348e+00 -2.062562565e+01 -2.062562565e+01 +1.0787e-01 +4.2423e-01 +5.6872e-01 -2.4206e+00 -8.9239e-01
118 0 +2.491198199e+00 +2.491198199e+00 -2.079880180e+01 -2.079880180e+01 +2.2575e-02 -1.0498e-01 +6.1708e-01 -2.5020e+00 -1.7611e+00
570 0 +2.269185642e+00 +2.269185642e+00 -2.102081436e+01 -2.102081436e+01 +9.8176e-01 +5.9920e-01 +9.3899e-01 -2.4656e+00 -2.0304e+00
686 0 +2.198588616e+00 +2.198588616e+00 -2.109141138e+01 -2.109141138e+01 +1.2302e+00 +3.0400e-01 +9.6003e-01 -2.3586e+00 -2.0462e+00
704 0 +2.107937341e+00 +2.107937341e+00 -2.118206266e+01 -2.118206266e+01 +1.2036e+00 +2.8705e-01 +1.0142e+00 -2.4106e+00 -2.0619e+00
753 0 +2.059619651e+00 +2.059619651e+00 -2.123038035e+01 -2.123038035e+01 +1.2137e+00 +3.4880e-01 +1.0199e+00 -2.3583e+00 -2.0393e+00
824 0 +2.037109302e+00 +2.037109302e+00 -2.125289070e+01 -2.125289070e+01 +1.1975e+00 +3.0267e-01 +1.0832e+00 -2.3707e+00 -2.0406e+00
868 0 +1.971183184e+00 +1.971183184e+00 -2.131881682e+01 -2.131881682e+01 +1.1751e+00 +3.1404e-01 +1.0752e+00 -2.3787e+00 -2.0343e+00
914 0 +1.940621594e+00 +1.940621594e+00 -2.134937841e+01 -2.134937841e+01 +1.1779e+00 +3.0599e-01 +1.0659e+00 -2.3519e+00 -2.0508e+00
925 0 +1.871151085e+00 +1.871151085e+00 -2.141884892e+01 -2.141884892e+01 +1.1730e+00 +2.7218e-01 +1.0322e+00 -2.3653e+00 -2.0266e+00
% f evaluations | g evaluations | best noise-free fitness - Fopt | noise-free fitness - Fopt (-1.028000000000e+01) | measured fitness | best measured fitness | x1 | x2...
1 0 +6.592654473e+03 +6.592654473e+03 +6.582374473e+03 +6.582374473e+03 +0.0000e+00 +0.0000e+00 +0.0000e+00 +0.0000e+00 +0.0000e+00
3 0 +1.858580331e+03 +1.858580331e+03 +1.848300331e+03 +1.848300331e+03 -2.2860e+00 +1.6416e+00 -2.5746e-01 -1.3610e-01 -6.4183e-01
12 0 +1.266179250e+03 +1.266179250e+03 +1.255899250e+03 +1.255899250e+03 +2.9799e+00 +2.0498e+00 -2.8585e-02 +2.2070e-02 -1.1285e+00
22 0 +9.868882842e+02 +9.868882842e+02 +9.766082842e+02 +9.766082842e+02 +2.3009e+00 +9.8405e-01 -1.4148e-01 -6.3688e-02 -1.3139e+00
24 0 +8.668444250e+02 +8.668444250e+02 +8.565644250e+02 +8.565644250e+02 -1.3571e+00 +9.2198e-01 +1.5255e-01 -3.1829e-02 -1.3839e+00
26 0 +6.933915537e+01 +6.933915537e+01 +5.905915537e+01 +5.905915537e+01 -5.5126e-01 +1.5578e+00 -2.0284e-01 -5.6917e-01 -1.0599e+00
34 0 +6.276207057e+01 +6.276207057e+01 +5.248207057e+01 +5.248207057e+01 -1.4865e+00 +2.8961e+00 -4.2949e-01 -6.3255e-01 -1.3628e+00
38 0 +6.246518682e+00 +6.246518682e+00 -4.033481318e+00 -4.033481318e+00 +9.6316e-01 +1.1849e+00 +6.9658e-02 -6.3927e-01 -1.7222e+00
40 0 +5.060814563e+00 +5.060814563e+00 -5.219185437e+00 -5.219185437e+00 +2.9683e-01 +2.5303e+00 +1.5939e-01 -7.8409e-01 -1.1094e+00
58 0 +3.035186624e+00 +3.035186624e+00 -7.244813376e+00 -7.244813376e+00 +9.7248e-01 -3.9782e-02 +2.5553e+00 -5.3714e-01 -1.9143e+00
174 0 +2.367372197e+00 +2.367372197e+00 -7.912627803e+00 -7.912627803e+00 -1.5441e+00 +3.1869e+00 +5.2196e-01 -1.7459e+00 -2.2171e+00
268 0 +2.248880069e+00 +2.248880069e+00 -8.031119931e+00 -8.031119931e+00 +1.2176e+00 +2.1940e+00 +1.4188e+00 -2.2171e+00 -1.7490e+00
275 0 +2.198910309e+00 +2.198910309e+00 -8.081089691e+00 -8.081089691e+00 +1.7572e+00 +2.3221e+00 +1.4704e+00 -2.2741e+00 -1.7497e+00
321 0 +2.186744519e+00 +2.186744519e+00 -8.093255481e+00 -8.093255481e+00 +6.3118e-01 +2.5224e+00 +1.3263e+00 -2.2774e+00 -1.7391e+00
325 0 +2.020358557e+00 +2.020358557e+00 -8.259641443e+00 -8.259641443e+00 +5.6820e-01 +2.4835e+00 +1.3501e+00 -2.2756e+00 -1.7261e+00
334 0 +1.993267718e+00 +1.993267718e+00 -8.286732282e+00 -8.286732282e+00 -7.4058e-03 +2.5437e+00 +1.4487e+00 -2.2686e+00 -1.7070e+00
358 0 +1.851335046e+00 +1.851335046e+00 -8.428664954e+00 -8.428664954e+00 -2.7943e-01 +2.7112e+00 +1.3663e+00 -2.3055e+00 -1.7194e+00
363 0 +1.806297534e+00 +1.806297534e+00 -8.473702466e+00 -8.473702466e+00 -1.6132e-01 +2.7535e+00 +1.3134e+00 -2.3106e+00 -1.7151e+00
367 0 +1.720533163e+00 +1.720533163e+00 -8.559466837e+00 -8.559466837e+00 -9.7706e-02 +2.6897e+00 +1.3704e+00 -2.3020e+00 -1.7183e+00
437 0 +1.690693126e+00 +1.690693126e+00 -8.589306874e+00 -8.589306874e+00 -1.2765e-01 +2.6851e+00 +1.3526e+00 -2.3126e+00 -1.7128e+00
634 0 +1.647746265e+00 +1.647746265e+00 -8.632253735e+00 -8.632253735e+00 -1.4699e+00 +2.8328e+00 +1.3514e+00 -2.3100e+00 -1.6953e+00
664 0 +1.253647407e+00 +1.253647407e+00 -9.026352593e+00 -9.026352593e+00 -1.5363e+00 +3.0301e+00 +1.2762e+00 -2.3211e+00 -1.6705e+00
714 0 +1.163419001e+00 +1.163419001e+00 -9.116580999e+00 -9.116580999e+00 -1.5254e+00 +3.0598e+00 +1.2761e+00 -2.3180e+00 -1.7061e+00
% f evaluations | g evaluations | best noise-free fitness - Fopt | noise-free fitness - Fopt (1.799700000000e+02) | measured fitness | best measured fitness | x1 | x2...
1 0 +6.592654473e+03 +6.592654473e+03 +6.772624473e+03 +6.772624473e+03 +0.0000e+00 +0.0000e+00 +0.0000e+00 +0.0000e+00 +0.0000e+00
3 0 +2.355719381e+03 +2.355719381e+03 +2.535689381e+03 +2.535689381e+03 +1.7360e+00 -7.8296e-01 -4.3636e-01 +8.4695e-01 +3.1746e-01
16 0 +9.272955782e+02 +9.272955782e+02 +1.107265578e+03 +1.107265578e+03 +8.8319e-01 -1.4667e-01 -1.9328e-01 +1.0465e+00 +4.5783e-01
24 0 +7.923072300e+02 +7.923072300e+02 +9.722772300e+02 +9.722772300e+02 +1.8856e-01 -2.4778e-01 -6.8566e-01 +1.3170e+00 +1.2814e+00
28 0 +4.645015967e+02 +4.645015967e+02 +6.444715967e+02 +6.444715967e+02 -9.3638e-01 +6.8211e-01 -5.9076e-01 +1.0098e+00 +7.0498e-01
32 0 +2.069425053e+01 +2.069425053e+01 +2.006642505e+02 +2.006642505e+02 +3.3560e-01 +2.8130e+00 +1.1390e-02 +5.9507e-01 +1.3813e+00
37 0 +3.922988938e+00 +3.922988938e+00 +1.838929889e+02 +1.838929889e+02 -1.2816e+00 +1.6618e+00 +2.7803e-01 +2.6393e+00 +1.7384e+00
483 0 +3.659139667e+00 +3.659139667e+00 +1.836291397e+02 +1.836291397e+02 +6.3065e-01 +2.6181e+00 +1.7904e+00 +2.0304e+00 +1.4221e+00
489 0 +3.559113750e+00 +3.559113750e+00 +1.835291138e+02 +1.835291138e+02 -5.3939e-01 +1.6349e+00 +2.0626e+00 +5.1370e-01 +1.8947e+00
495 0 +3.221072944e+00 +3.221072944e+00 +1.831910729e+02 +1.831910729e+02 +1.1166e+00 +2.8355e+00 +2.0153e+00 +1.7136e-01 +2.3221e+00
496 0 +3.064952783e+00 +3.064952783e+00 +1.830349528e+02 +1.830349528e+02 -1.7707e+00 +1.1330e+00 +1.7448e+00 +2.1191e+00 +1.7651e+00
502 0 +2.929843637e+00 +2.929843637e+00 +1.828998436e+02 +1.828998436e+02 -3.6408e-01 +2.6001e+00 +1.9903e+00 +7.0725e-01 +2.2684e+00
564 0 +2.788732925e+00 +2.788732925e+00 +1.827587329e+02 +1.827587329e+02 -7.9614e-01 +2.4528e+00 +1.6058e+00 +6.8050e-01 +2.1234e+00
573 0 +2.583766541e+00 +2.583766541e+00 +1.825537665e+02 +1.825537665e+02 -2.0672e+00 +2.2859e+00 +2.1692e+00 +7.3356e-01 +2.5261e+00
594 0 +2.075576456e+00 +2.075576456e+00 +1.820455765e+02 +1.820455765e+02 -7.0845e-01 +2.4915e+00 +2.0832e+00 +1.3720e+00 +2.3263e+00
600 0 +1.733226070e+00 +1.733226070e+00 +1.817032261e+02 +1.817032261e+02 -9.2075e-01 +2.2725e+00 +2.1040e+00 +5.8180e-01 +2.3982e+00
% f evaluations | g evaluations | best noise-free fitness - Fopt | noise-free fitness - Fopt (8.376000000000e+01) | measured fitness | best measured fitness | x1 | x2...
1 0 +6.592654473e+03 +6.592654473e+03 +6.676414473e+03 +6.676414473e+03 +0.0000e+00 +0.0000e+00 +0.0000e+00 +0.0000e+00 +0.0000e+00
2 0 +3.475468063e+03 +3.475468063e+03 +3.559228063e+03 +3.559228063e+03 -1.1839e+00 -2.0089e-01 -1.0915e-01 -3.4335e-01 -2.0792e-01
4 0 +4.299816390e+00 +4.299816390e+00 +8.805981639e+01 +8.805981639e+01 -9.8148e-01 +1.6814e+00 +3.8757e-02 -9.8072e-01 -9.1143e-01
195 0 +4.070536330e+00 +4.070536330e+00 +8.783053633e+01 +8.783053633e+01 +8.8242e-01 +1.3982e+00 +1.0196e+00 -2.5330e+00 -8.6007e-01
227 0 +3.941379551e+00 +3.941379551e+00 +8.770137955e+01 +8.770137955e+01 +7.5010e-01 +2.6580e+00 +9.1370e-01 -1.2744e+00 -2.0993e+00
247 0 +3.366070375e+00 +3.366070375e+00 +8.712607038e+01 +8.712607038e+01 +7.6757e-01 +2.6596e+00 +5.4792e-01 -2.0837e+00 -1.5499e+00
249 0 +3.215619939e+00 +3.215619939e+00 +8.697561994e+01 +8.697561994e+01 -2.3844e-01 +1.4418e+00 +4.9652e-01 -2.5409e+00 -2.0201e+00
250 0 +3.061240172e+00 +3.061240172e+00 +8.682124017e+01 +8.682124017e+01 +9.6289e-01 +1.2612e+00 +2.5732e-01 -2.5269e+00 -1.6047e+00
373 0 +2.924705803e+00 +2.924705803e+00 +8.668470580e+01 +8.668470580e+01 +1.6340e+00 +2.1482e+00 -4.2640e-01 -1.9796e+00 -2.0817e+00
374 0 +2.508205701e+00 +2.508205701e+00 +8.626820570e+01 +8.626820570e+01 +1.5129e+00 +2.2021e+00 -4.6268e-01 -2.2334e+00 -2.0059e+00
417 0 +2.129890510e+00 +2.129890510e+00 +8.588989051e+01 +8.588989051e+01 +1.4225e+00 +1.5726e+00 -3.4470e-01 -2.2535e+00 -2.0872e+00
520 0 +2.029076449e+00 +2.029076449e+00 +8.578907645e+01 +8.578907645e+01 +1.5878e+00 +1.7512e+00 -3.9440e-01 -2.2985e+00 -2.0613e+00
529 0 +1.959333307e+00 +1.959333307e+00 +8.571933331e+01 +8.571933331e+01 +1.5849e+00 +1.7328e+00 -3.9479e-01 -2.2932e+00 -2.0659e+00
553 0 +1.915536723e+00 +1.915536723e+00 +8.567553672e+01 +8.567553672e+01 +1.5701e+00 +1.7282e+00 -3.9382e-01 -2.2832e+00 -2.0640e+00
640 0 +1.884399263e+00 +1.884399263e+00 +8.564439926e+01 +8.564439926e+01 +1.5220e+00 +1.6849e+00 -3.8054e-01 -2.2523e+00 -2.0803e+00
893 0 +1.852501606e+00 +1.852501606e+00 +8.561250161e+01 +8.561250161e+01 +1.5113e+00 +1.6618e+00 -3.7696e-01 -2.2622e+00 -2.0657e+00
% f evaluations | g evaluations | best noise-free fitness - Fopt | noise-free fitness - Fopt (-3.890100000000e+02) | measured fitness | best measured fitness | x1 | x2...
1 0 +6.592654473e+03 +6.592654473e+03 +6.203644473e+03 +6.203644473e+03 +0.0000e+00 +0.0000e+00 +0.0000e+00 +0.0000e+00 +0.0000e+00
2 0 +2.020559883e+03 +2.020559883e+03 +1.631549883e+03 +1.631549883e+03 +2.1127e-01 +4.8741e-01 +3.9171e-01 +6.3108e-02 -1.8508e+00
5 0 +1.510027468e+03 +1.510027468e+03 +1.121017468e+03 +1.121017468e+03 +1.6888e-01 -2.8395e+00 +5.1076e-01 +1.7562e-03 -1.1871e+00
22 0 +1.387468482e+03 +1.387468482e+03 +9.984584821e+02 +9.984584821e+02 +2.9335e-01 -1.0793e+00 +3.2021e-01 +1.2373e-02 -1.3181e+00
27 0 +1.365738754e+03 +1.365738754e+03 +9.767287535e+02 +9.767287535e+02 +5.0826e-01 -8.4450e-01 +1.7986e-01 +4.4376e-02 -1.3998e+00
28 0 +8.880437471e+02 +8.880437471e+02 +4.990337471e+02 +4.990337471e+02 +6.7398e-01 -3.3648e-01 -3.2768e-01 +1.9479e-02 -2.1059e+00
45 0 +5.838623418e+02 +5.838623418e+02 +1.948523418e+02 +1.948523418e+02 +1.4965e-01 +2.8616e-01 -6.3914e-01 -2.2198e-02 -1.8821e+00
87 0 +2.240519919e+02 +2.240519919e+02 -1.649580081e+02 -1.649580081e+02 +1.1511e+00 -3.0230e+00 -6.0043e-01 -2.2647e-01 -1.8371e+00
95 0 +1.206083805e+01 +1.206083805e+01 -3.769491619e+02 -3.769491619e+02 +1.2490e+00 -2.5799e+00 -1.5171e+00 -2.4889e-01 -1.4961e+00
% f evaluations | g evaluations | best noise-free fitness - Fopt | noise-free fitness - Fopt (-1.455800000000e+02) | measured fitness | best measured fitness | x1 | x2...
1 0 +6.592654473e+03 +6.592654473e+03 +6.447074473e+03 +6.447074473e+03 +0.0000e+00 +0.0000e+00 +0.0000e+00 +0.0000e+00 +0.0000e+00
7 0 +1.343756598e+01 +1.343756598e+01 -1.321424340e+02 -1.321424340e+02 +1.9526e-01 +4.6731e-01 +6.7017e-02 -1.1212e+00 -1.1709e+00
19 0 +6.142614442e+00 +6.142614442e+00 -1.394373856e+02 -1.394373856e+02 -6.8289e-03 -1.2225e+00 -1.4506e-02 -2.3263e+00 -7.4756e-01
221 0 +5.176883039e+00 +5.176883039e+00 -1.404031170e+02 -1.404031170e+02 +2.3222e+00 -1.5873e+00 -3.9636e-01 -1.7129e+00 -2.2187e+00
233 0 +4.280133114e+00 +4.280133114e+00 -1.412998669e+02 -1.412998669e+02 +1.7401e+00 -1.8158e+00 -3.8421e-01 -2.5374e+00 -1.9922e+00
248 0 +3.034573839e+00 +3.034573839e+00 -1.425454262e+02 -1.425454262e+02 +1.9712e+00 -2.1863e+00 -3.9822e-01 -2.1771e+00 -1.5286e+00
266 0 +2.878630234e+00 +2.878630234e+00 -1.427013698e+02 -1.427013698e+02 +2.2092e+00 -1.9989e+00 -3.5850e-01 -1.9528e+00 -7.0254e-01
290 0 +2.750783020e+00 +2.750783020e+00 -1.428292170e+02 -1.428292170e+02 +2.0663e+00 -2.2319e+00 -3.6659e-01 -1.1917e+00 -1.5122e+00
518 0 +2.670910289e+00 +2.670910289e+00 -1.429090897e+02 -1.429090897e+02 -1.5811e+00 -1.6208e+00 -3.3252e-01 -2.2897e+00 -9.5280e-01
523 0 +2.562336234e+00 +2.562336234e+00 -1.430176638e+02 -1.430176638e+02 -1.6749e+00 -1.4867e+00 -3.2920e-01 -2.2611e+00 -8.9260e-01
525 0 +2.415448991e+00 +2.415448991e+00 -1.431645510e+02 -1.431645510e+02 -1.4506e+00 -1.6505e+00 -3.4046e-01 -2.2840e+00 -9.1104e-01
552 0 +2.377630975e+00 +2.377630975e+00 -1.432023690e+02 -1.432023690e+02 -1.4123e+00 -1.5516e+00 -3.4407e-01 -2.2346e+00 -9.2405e-01
699 0 +2.314012346e+00 +2.314012346e+00 -1.432659877e+02 -1.432659877e+02 -1.3946e+00 -1.6081e+00 -3.5467e-01 -2.2680e+00 -9.0978e-01
710 0 +2.279597067e+00 +2.279597067e+00 -1.433004029e+02 -1.433004029e+02 -1.4771e+00 -1.6174e+00 -3.5168e-01 -2.2821e+00 -9.2953e-01
