% f evaluations | g evaluations | best noise-free fitness - Fopt | noise-free fitness - Fopt (9.431000000000e+01) | measured fitness | best measured fitness | x1 | x2...
1 0 +1.868724839e+06 +1.868724839e+06 +1.868819149e+06 +1.868819149e+06
2 0 +6.520526331e+04 +6.520526331e+04 +6.529957331e+04 +6.529957331e+04
3 0 +6.107376742e+04 +6.107376742e+04 +6.116807742e+04 +6.116807742e+04
4 0 +2.463483633e+04 +2.463483633e+04 +2.472914633e+04 +2.472914633e+04
14 0 +2.691933988e+03 +2.691933988e+03 +2.786243988e+03 +2.786243988e+03
15 0 +1.523863181e+03 +1.523863181e+03 +1.618173181e+03 +1.618173181e+03
56 0 +8.479528172e+02 +8.479528172e+02 +9.422628172e+02 +9.422628172e+02
79 0 +6.029011942e+02 +6.029011942e+02 +6.972111942e+02 +6.972111942e+02
123 0 +4.907768175e+02 +4.907768175e+02 +5.850868175e+02 +5.850868175e+02
