% f evaluations | g evaluations | best noise-free fitness - Fopt | noise-free fitness - Fopt (7.948000000000e+01) | measured fitness | best measured fitness | x1 | x2...
1 0 +2.503646976e+01 +2.503646976e+01 +1.045164698e+02 +1.045164698e+02 +0.0000e+00 +0.0000e+00 +0.0000e+00 +0.0000e+00 +0.0000e+00 +0.0000e+00 +0.0000e+00 +0.0000e+00 +0.0000e+00 +0.0000e+00
3 0 +2.252965581e+01 +2.252965581e+01 +1.020096558e+02 +1.020096558e+02 -1.0384e+00 -1.1054e-01 -1.0318e+00 -2.0577e-01 -5.8194e-01 +5.5973e-02 +4.2217e-01 +1.1106e-01 -6.7886e-01 +9.0594e-03
7 0 +2.189708343e+01 +2.189708343e+01 +1.013770834e+02 +1.013770834e+02 +6.5860e-01 +3.9536e-01 -1.2584e+00 +5.7122e-01 -4.9185e-01 +4.1713e-02 -8.3239e-02 -3.0893e-02 +1.3859e-01 -3.9070e-02
19 0 +1.747387965e+01 +1.747387965e+01 +9.695387965e+01 +9.695387965e+01 +1.0093e+00 -1.1192e-01 -1.3108e+00 +2.5373e-01 -1.3699e+00 +9.6888e-02 -1.1044e+00 +2.9928e-02 -5.6105e-01 -1.0337e-01
54 0 +1.592771238e+01 +1.592771238e+01 +9.540771238e+01 +9.540771238e+01 +3.8309e-01 -1.1343e+00 -1.2401e+00 +8.1540e-01 -9.9578e-01 +1.5406e-01 -8.0850e-01 -4.3184e-01 +1.2677e-01 -2.9565e-01
% f evaluations | g evaluations | best noise-free fitness - Fopt | noise-free fitness - Fopt (3.944800000000e+02) | measured fitness | best measured fitness | x1 | x2...
1 0 +8.939697536e+01 +8.939697536e+01 +4.838769754e+02 +4.838769754e+02 +0.0000e+00 +0.0000e+00 +0.0000e+00 +0.0000e+00 +0.0000e+00 +0.0000e+00 +0.0000e+00 +0.0000e+00 +0.0000e+00 +0.0000e+00
5 0 +6.040002828e+01 +6.040002828e+01 +4.548800283e+02 +4.548800283e+02 +1.6056e-02 -1.7646e-02 -1.4653e+00 -1.9986e-02 +3.8529e-01 -1.0484e+00 +2.2721e+00 -3.5003e-01 -1.5337e-01 -5.2398e-01
16 0 +5.676304674e+01 +5.676304674e+01 +4.512430467e+02 +4.512430467e+02 +1.6697e-01 -1.5029e+00 -2.5802e+00 +1.4942e-01 +1.9421e-01 -1.1353e+00 +3.1437e+00 -4.1414e-01 +2.5597e-01 +4.7353e-01
22 0 +5.194602621e+01 +5.194602621e+01 +4.464260262e+02 +4.464260262e+02 +2.1467e-01 -7.3655e-01 -3.4934e+00 +1.3281e-01 +1.1365e-01 -4.5292e-01 +1.7265e+00 -2.5312e-01 -1.9107e-01 -1.2976e+00
32 0 +4.878149113e+01 +4.878149113e+01 +4.432614911e+02 +4.432614911e+02 +1.1900e-01 -2.7068e+00 -3.5324e+00 +3.1648e-01 +1.5421e-01 +2.5290e-01 +3.7296e+00 +3.1423e-01 +3.8654e-01 -1.1548e+00
35 0 +4.783479455e+01 +4.783479455e+01 +4.423147946e+02 +4.423147946e+02 +2.8244e-01 -1.6058e+00 -1.7922e+00 +1.1687e-01 -3.0286e-01 -1.1047e+00 +2.0745e+00 +9.9361e-03 -7.9402e-02 -2.0545e+00
36 0 +4.565527072e+01 +4.565527072e+01 +4.401352707e+02 +4.401352707e+02 +6.8851e-02 -1.0401e+00 -2.3434e+00 +1.9962e-01 -2.8348e-01 -8.8129e-01 +2.1062e+00 -2.1311e-01 -4.0653e-02 -2.1292e+00
43 0 +4.447529562e+01 +4.447529562e+01 +4.389552956e+02 +4.389552956e+02 +7.7592e-01 -2.1283e+00 -5.1272e+00 +4.6953e-01 -6.3080e-01 -3.4371e+00 +4.1389e+00 -6.1209e-01 -3.8726e-01 -1.4432e+00
44 0 +4.271543494e+01 +4.271543494e+01 +4.371954349e+02 +4.371954349e+02 +4.4959e-01 -2.9145e+00 -3.9786e+00 +3.6240e-01 -5.4286e-02 -1.3587e+00 +2.3201e+00 -5.9242e-01 -2.8222e-01 -1.2104e+00
45 0 +3.544281872e+01 +3.544281872e+01 +4.299228187e+02 +4.299228187e+02 +4.3567e-01 -2.0367e+00 -4.0657e+00 +4.8861e-01 +2.1228e-01 -2.1864e+00 +3.9136e+00 -1.1411e+00 -2.9060e-01 -2.1901e+00
58 0 +3.294440175e+01 +3.294440175e+01 +4.274244018e+02 +4.274244018e+02 -1.5821e-01 -3.0012e+00 -3.1526e+00 +2.8497e-01 +2.9443e-01 -2.2322e+00 +1.5669e+00 +2.6077e-02 -6.5382e-01 -4.5537e+00
71 0 +2.905063998e+01 +2.905063998e+01 +4.235306400e+02 +4.235306400e+02 -1.0100e+00 -5.0722e+00 -4.7078e+00 +8.6790e-01 +8.3918e-01 -3.1843e+00 +1.7136e+00 +4.3345e-01 -1.5029e+00 -2.5640e+00
91 0 +2.512657639e+01 +2.512657639e+01 +4.196065764e+02 +4.196065764e+02 -9.8645e-01 -2.5152e+00 -3.5027e+00 +1.0907e+00 +1.6463e+00 -5.0649e+00 +3.9435e+00 -2.0676e+00 -1.4560e+00 -4.4251e+00
103 0 +2.203562026e+01 +2.203562026e+01 +4.165156203e+02 +4.165156203e+02 -1.1847e+00 -3.7212e+00 -2.3441e+00 +1.3157e+00 +2.7940e-01 -4.2034e+00 +4.3102e+00 -1.3591e-01 -2.2690e+00 -4.2226e+00
138 0 +1.940278163e+01 +1.940278163e+01 +4.138827816e+02 +4.138827816e+02 -1.4604e+00 -2.2032e+00 -3.9906e+00 +9.6454e-01 +1.1902e+00 -1.7684e+00 +3.1603e+00 -1.3243e+00 -2.2895e+00 -4.2966e+00
155 0 +1.820256901e+01 +1.820256901e+01 +4.126825690e+02 +4.126825690e+02 -2.2433e+00 -4.6097e+00 -4.1024e+00 +1.2370e+00 +1.7505e+00 -4.3138e+00 +3.7890e+00 -1.0999e+00 -2.3434e+00 -3.8503e+00
164 0 +1.674166863e+01 +1.674166863e+01 +4.112216686e+02 +4.112216686e+02 -2.7134e+00 -2.5324e+00 -3.2926e+00 +1.0402e+00 +5.9685e-01 -3.8285e+00 +5.1266e+00 +5.3640e-01 -2.0319e+00 -3.1226e+00
187 0 +1.483111266e+01 +1.483111266e+01 +4.093111127e+02 +4.093111127e+02 -3.1293e+00 -3.8832e+00 -2.6811e+00 +9.4332e-01 +1.0430e+00 -3.6030e+00 +3.6347e+00 +5.2821e-02 -1.9734e+00 -4.7588e+00
209 0 +1.445998954e+01 +1.445998954e+01 +4.089399895e+02 +4.089399895e+02 -2.4896e+00 -3.7040e+00 -3.7261e+00 +1.2730e+00 +1.3682e+00 -3.6390e+00 +2.8538e+00 +2.9820e-01 -2.4465e+00 -3.0451e+00
225 0 +1.260953306e+01 +1.260953306e+01 +4.070895331e+02 +4.070895331e+02 -3.5875e+00 -2.4171e+00 -2.6842e+00 +1.4637e+00 +1.4380e+00 -2.0584e+00 +1.8552e+00 -6.7952e-01 -2.0999e+00 -3.6417e+00
627 0 +6.627789007e+00 +6.627789007e+00 +4.011077890e+02 +4.011077890e+02 -4.1556e+00 -3.5998e+00 -3.7346e+00 +2.4532e+00 +8.3280e-01 -2.9178e+00 +3.0502e+00 -2.7130e-01 -2.1629e+00 -5.1635e+00
879 0 +6.349748444e+00 +6.349748444e+00 +4.008297484e+02 +4.008297484e+02 -3.3913e+00 -2.9396e+00 -3.7357e+00 +2.2342e+00 +4.6670e-01 -3.4132e+00 +3.0803e+00 -7.2591e-01 -2.5343e+00 -3.7837e+00
887 0 +6.212585604e+00 +6.212585604e+00 +4.006925856e+02 +4.006925856e+02 -3.5471e+00 -3.1562e+00 -4.0907e+00 +2.2017e+00 +5.5730e-01 -3.2750e+00 +3.1559e+00 -7.5668e-01 -2.5188e+00 -3.8699e+00
890 0 +6.146575654e+00 +6.146575654e+00 +4.006265757e+02 +4.006265757e+02 -3.4968e+00 -3.1791e+00 -3.8518e+00 +2.2123e+00 +5.0779e-01 -3.3716e+00 +3.2421e+00 -6.3936e-01 -2.4864e+00 -4.0103e+00
903 0 +5.883536719e+00 +5.883536719e+00 +4.003635367e+02 +4.003635367e+02 -3.5600e+00 -3.0697e+00 -3.8160e+00 +2.1781e+00 +4.5049e-01 -3.2308e+00 +3.3922e+00 -7.1450e-01 -2.4465e+00 -3.8646e+00
915 0 +5.747135216e+00 +5.747135216e+00 +4.002271352e+02 +4.002271352e+02 -3.5211e+00 -2.6519e+00 -3.8503e+00 +2.1995e+00 +4.9029e-01 -3.1694e+00 +3.4715e+00 -5.6660e-01 -2.4173e+00 -4.0016e+00
929 0 +5.614537753e+00 +5.614537753e+00 +4.000945378e+02 +4.000945378e+02 -3.7337e+00 -2.7511e+00 -3.3550e+00 +2.1988e+00 +1.1802e+00 -3.2081e+00 +3.6156e+00 -9.8821e-01 -2.2560e+00 -4.1744e+00
939 0 +5.088138429e+00 +5.088138429e+00 +3.995681384e+02 +3.995681384e+02 -3.5927e+00 -2.5195e+00 -3.6764e+00 +2.2142e+00 +7.9956e-01 -3.1962e+00 +3.7891e+00 -7.6936e-01 -2.1990e+00 -3.8415e+00
952 0 +4.940480924e+00 +4.940480924e+00 +3.994204809e+02 +3.994204809e+02 -3.7676e+00 -3.7558e+00 -3.6654e+00 +2.1905e+00 +1.2521e-01 -3.2962e+00 +3.5851e+00 -6.2776e-01 -1.5392e+00 -4.0006e+00
957 0 +4.697923341e+00 +4.697923341e+00 +3.991779233e+02 +3.991779233e+02 -3.8646e+00 -3.6403e+00 -3.2349e+00 +2.3158e+00 +5.3969e-01 -2.7374e+00 +3.6516e+00 -4.4326e-01 -1.7055e+00 -4.3755e+00
971 0 +4.086997539e+00 +4.086997539e+00 +3.985669975e+02 +3.985669975e+02 -3.8123e+00 -3.3378e+00 -3.1182e+00 +2.2527e+00 +2.7442e-01 -2.7248e+00 +3.4075e+00 -5.2610e-01 -1.3019e+00 -4.0846e+00
997 0 +3.608874113e+00 +3.608874113e+00 +3.980888741e+02 +3.980888741e+02 -4.2913e+00 -2.6218e+00 -3.6642e+00 +2.2706e+00 +5.4640e-01 -3.2358e+00 +3.4015e+00 -1.1104e+00 -1.3510e+00 -3.7065e+00
% f evaluations | g evaluations | best noise-free fitness - Fopt | noise-free fitness - Fopt (-2.471100000000e+02) | measured fitness | best measured fitness | x1 | x2...
1 0 +7.721891776e+01 +7.721891776e+01 -1.698910822e+02 -1.698910822e+02 +0.0000e+00 +0.0000e+00 +0.0000e+00 +0.0000e+00 +0.0000e+00 +0.0000e+00 +0.0000e+00 +0.0000e+00 +0.0000e+00 +0.0000e+00
4 0 +5.186048683e+01 +5.186048683e+01 -1.952495132e+02 -1.952495132e+02 +2.1626e-01 +5.3205e-02 +3.0644e-02 -1.1380e+00 -1.6526e+00 +1.2034e+00 +6.3745e-01 -7.6423e-02 +1.3376e+00 +1.4254e+00
16 0 +4.909505949e+01 +4.909505949e+01 -1.980149405e+02 -1.980149405e+02 -1.6537e+00 -9.6934e-02 +1.0711e-02 -1.0580e-01 -1.0964e+00 +1.8225e+00 +7.0427e-01 +1.1090e-01 +1.3505e-01 +7.6947e-01
17 0 +4.808803269e+01 +4.808803269e+01 -1.990219673e+02 -1.990219673e+02 -1.3085e+00 -1.5972e-01 -3.4902e-02 -2.9709e-01 -1.1256e+00 -1.6637e-01 +1.3140e+00 -2.2219e-01 +3.0737e-01 +1.2979e+00
19 0 +4.424647708e+01 +4.424647708e+01 -2.028635229e+02 -2.028635229e+02 -2.0165e+00 -3.4846e-01 -3.7760e-02 -2.8440e-01 -1.3411e+00 +1.5876e+00 +4.8625e-01 -9.5281e-02 -3.4044e-01 +1.0998e+00
22 0 +4.183245528e+01 +4.183245528e+01 -2.052775447e+02 -2.052775447e+02 -1.8325e+00 -3.6466e-01 -7.0058e-02 -6.1823e-01 -5.1637e-01 +1.4428e+00 +1.5318e+00 -9.4303e-02 -1.5539e+00 +1.9693e+00
23 0 +4.122983629e+01 +4.122983629e+01 -2.058801637e+02 -2.058801637e+02 -2.7296e+00 -8.9900e-01 -2.8473e-02 -1.6854e-01 -1.9610e+00 +2.1858e+00 +1.4979e+00 -1.1632e-01 +1.2280e+00 +4.5165e-01
25 0 +3.426156125e+01 +3.426156125e+01 -2.128484387e+02 -2.128484387e+02 -2.4289e+00 -5.6598e-01 +6.5325e-02 -1.0251e+00 -1.1716e+00 +6.4832e-01 +1.7703e+00 -8.3528e-02 -4.4639e-01 +1.9951e+00
35 0 +2.734937477e+01 +2.734937477e+01 -2.197606252e+02 -2.197606252e+02 -2.5334e+00 -2.6222e-01 +1.2338e-01 -1.3541e+00 -1.5058e+00 +1.6809e+00 +3.0408e+00 -1.0986e-01 -4.1070e-01 +1.4698e+00
58 0 +2.678237219e+01 +2.678237219e+01 -2.203276278e+02 -2.203276278e+02 -2.5233e+00 -3.7151e-01 +9.1030e-02 -1.4383e+00 -1.8710e+00 +2.7440e+00 +2.9590e+00 +8.7730e-02 +8.1162e-01 +2.0673e+00
65 0 +2.406397249e+01 +2.406397249e+01 -2.230460275e+02 -2.230460275e+02 -3.1748e+00 -2.9160e-01 +9.7446e-02 -1.7255e+00 -1.8035e+00 +2.1996e+00 +2.8393e+00 +2.2069e-02 +3.5216e-01 +1.6311e+00
73 0 +2.379451144e+01 +2.379451144e+01 -2.233154886e+02 -2.233154886e+02 -3.0929e+00 -2.9638e-01 +4.6264e-02 -1.6178e+00 -1.7796e+00 +2.0074e+00 +2.5833e+00 -5.8104e-03 -2.8154e-03 +2.0054e+00
75 0 +2.235440930e+01 +2.235440930e+01 -2.247555907e+02 -2.247555907e+02 -3.5488e+00 -3.6989e-01 +2.8824e-02 -1.8328e+00 -2.3757e+00 +2.0812e+00 +2.7367e+00 +7.9833e-02 +4.6249e-01 +1.8593e+00
102 0 +2.060705906e+01 +2.060705906e+01 -2.265029409e+02 -2.265029409e+02 -4.0764e+00 -1.0484e-01 -8.2136e-02 -2.6709e+00 -3.3909e+00 +2.3323e+00 +2.6892e+00 +1.8763e-01 -3.3251e-01 +1.5004e+00
137 0 +1.909354932e+01 +1.909354932e+01 -2.280164507e+02 -2.280164507e+02 -3.8397e+00 +8.3438e-02 -5.3645e-02 -2.1205e+00 -4.0576e+00 +2.8689e+00 +3.5853e+00 -2.0480e-01 +9.5999e-01 +2.7184e+00
171 0 +1.628435154e+01 +1.628435154e+01 -2.308256485e+02 -2.308256485e+02 -3.9779e+00 +1.0714e+00 +4.6518e-02 -4.0634e+00 -2.2197e+00 +3.3032e+00 +3.7712e+00 -5.8568e-01 +1.2154e+00 +2.6851e+00
178 0 +1.598341059e+01 +1.598341059e+01 -2.311265894e+02 -2.311265894e+02 -3.6076e+00 +5.9307e-01 -1.4457e-03 -3.7966e+00 -2.5056e+00 +1.7575e+00 +4.6507e+00 -4.7625e-01 +8.0260e-01 +2.8494e+00
231 0 +1.335210299e+01 +1.335210299e+01 -2.337578970e+02 -2.337578970e+02 -4.0800e+00 +3.6085e-01 -2.5854e-01 -4.3012e+00 -2.5948e+00 +7.8295e-01 +2.3761e+00 -1.2575e+00 +1.4101e+00 +3.1496e+00
572 0 +1.237216333e+01 +1.237216333e+01 -2.347378367e+02 -2.347378367e+02 -3.7659e+00 +2.2506e+00 -1.9311e-01 -4.3994e+00 -1.4463e+00 +2.8313e+00 +3.4805e+00 -1.8826e+00 +3.6673e-01 +3.0182e+00
578 0 +1.223353521e+01 +1.223353521e+01 -2.348764648e+02 -2.348764648e+02 -3.9404e+00 +2.2416e+00 -2.2346e-01 -4.4676e+00 -2.4443e+00 +3.6376e+00 +3.0202e+00 -1.6792e+00 -1.0584e-01 +2.9611e+00
583 0 +1.076261436e+01 +1.076261436e+01 -2.363473856e+02 -2.363473856e+02 -3.7228e+00 +2.2047e+00 -2.0888e-01 -4.1997e+00 -2.3126e+00 +3.0497e+00 +2.8343e+00 -1.7082e+00 +2.1202e-01 +2.8140e+00
601 0 +1.030598071e+01 +1.030598071e+01 -2.368040193e+02 -2.368040193e+02 -4.2321e+00 +2.1485e+00 -2.1566e-01 -4.2810e+00 -2.4813e+00 +2.5478e+00 +2.8074e+00 -1.7228e+00 -2.2393e-01 +2.2558e+00
% f evaluations | g evaluations | best noise-free fitness - Fopt | noise-free fitness - Fopt (-1.520400000000e+02) | measured fitness | best measured fitness | x1 | x2...
1 0 +4.987594176e+01 +4.987594176e+01 -1.021640582e+02 -1.021640582e+02 +0.0000e+00 +0.0000e+00 +0.0000e+00 +0.0000e+00 +0.0000e+00 +0.0000e+00 +0.0000e+00 +0.0000e+00 +0.0000e+00 +0.0000e+00
3 0 +3.945938173e+01 +3.945938173e+01 -1.125806183e+02 -1.125806183e+02 +1.3762e-02 +5.1332e-02 -2.4243e-01 +1.7412e+00 +3.3691e-01 -2.6190e-01 +2.5305e-01 -2.9810e-01 -6.1733e-02 -1.4262e-01
8 0 +3.190338067e+01 +3.190338067e+01 -1.201366193e+02 -1.201366193e+02 +1.9482e-02 +2.5833e-02 -2.9547e+00 -2.3368e-01 +8.3056e-02 +4.1822e-01 -3.2024e-01 +3.5933e-01 +2.7759e-02 +7.7364e-01
12 0 +3.015087347e+01 +3.015087347e+01 -1.218891265e+02 -1.218891265e+02 -5.4776e-02 +5.5804e-02 -2.2413e+00 +1.2023e+00 +1.6413e-01 -2.9179e-01 +5.1539e-01 -1.3384e-01 -3.9986e-02 +1.4974e-01
16 0 +2.870417193e+01 +2.870417193e+01 -1.233358281e+02 -1.233358281e+02 +1.0077e-01 +1.1079e-01 -2.4436e+00 +1.4449e+00 +3.3214e-01 -3.4479e-01 +1.4326e-01 -2.3723e-01 +3.8646e-02 -1.5586e-01
23 0 +2.460223286e+01 +2.460223286e+01 -1.274377671e+02 -1.274377671e+02 +4.7748e-02 -1.8305e-01 -2.7575e+00 +2.7385e+00 -3.2698e-01 -1.8791e-02 +2.6091e-01 -2.7223e-01 +2.5439e-01 +3.7554e-01
57 0 +1.841032128e+01 +1.841032128e+01 -1.336296787e+02 -1.336296787e+02 -1.2063e-01 -7.5332e-03 -2.2457e+00 +3.0519e+00 +8.9075e-02 -1.8952e-01 -2.4728e-01 -1.5478e-01 +3.0933e-02 +1.2312e+00
68 0 +1.644749851e+01 +1.644749851e+01 -1.355925015e+02 -1.355925015e+02 -1.0344e-01 -8.9106e-02 -3.1141e+00 +2.3298e+00 +1.5001e-01 -2.1250e-01 -1.6957e-01 +5.5263e-02 +7.0719e-02 +1.4458e+00
70 0 +1.453755872e+01 +1.453755872e+01 -1.375024413e+02 -1.375024413e+02 -1.6860e-01 +3.1179e-02 -3.0872e+00 +4.1994e+00 +9.2447e-02 -1.7435e-01 -2.8650e-01 -1.8145e-01 +8.7485e-02 +1.7670e+00
72 0 +1.272652165e+01 +1.272652165e+01 -1.393134784e+02 -1.393134784e+02 -9.7213e-02 +5.5314e-02 -3.3714e+00 +3.0845e+00 +2.0705e-01 -2.3897e-01 -4.1924e-01 +1.7856e-01 +1.0381e-01 +1.9014e+00
95 0 +1.176700078e+01 +1.176700078e+01 -1.402729992e+02 -1.402729992e+02 -1.6476e-01 -1.3322e-01 -4.2023e+00 +2.8011e+00 +2.0458e-01 -2.0883e-01 -5.8738e-01 +4.6788e-01 +1.1730e-01 +2.6979e+00
100 0 +1.128808306e+01 +1.128808306e+01 -1.407519169e+02 -1.407519169e+02 -1.2413e-01 -1.9275e-02 -4.6711e+00 +2.9112e+00 +2.4068e-01 -2.9594e-01 -8.6587e-01 +5.8524e-01 +2.1813e-01 +2.9945e+00
103 0 +1.098197359e+01 +1.098197359e+01 -1.410580264e+02 -1.410580264e+02 -2.3866e-01 -1.8141e-01 -4.3357e+00 +2.9386e+00 +1.9333e-01 -1.5595e-01 -7.0646e-01 +4.4073e-01 +1.9323e-01 +3.3463e+00
113 0 +1.057439208e+01 +1.057439208e+01 -1.414656079e+02 -1.414656079e+02 -2.7862e-01 -1.2600e-01 -3.9318e+00 +2.2540e+00 +4.3529e-01 -3.2990e-01 -6.5061e-01 +3.1336e-01 +1.4456e-01 +3.4775e+00
114 0 +8.694061978e+00 +8.694061978e+00 -1.433459380e+02 -1.433459380e+02 -2.1303e-01 -1.6011e-01 -4.2563e+00 +3.1015e+00 +5.3141e-01 -7.6737e-02 -1.3529e+00 +1.1595e-01 +2.6731e-01 +3.5621e+00
126 0 +8.434038159e+00 +8.434038159e+00 -1.436059618e+02 -1.436059618e+02 -2.0735e-01 -1.0980e-01 -4.6418e+00 +3.7098e+00 +7.3119e-01 -2.6888e-01 -9.1587e-01 +1.9339e-01 +2.9528e-01 +3.1404e+00
134 0 +7.476801119e+00 +7.476801119e+00 -1.445631989e+02 -1.445631989e+02 -2.2956e-01 -6.8557e-02 -4.2439e+00 +2.9901e+00 +7.0272e-01 -1.5084e-01 -1.0481e+00 +1.2700e-01 +3.6295e-01 +3.3926e+00
144 0 +6.992713635e+00 +6.992713635e+00 -1.450472864e+02 -1.450472864e+02 -2.8964e-01 -7.8780e-02 -4.1578e+00 +3.0482e+00 +7.4940e-01 -2.6730e-01 -8.1005e-01 -2.8740e-01 +2.9794e-01 +3.2950e+00
145 0 +6.650485617e+00 +6.650485617e+00 -1.453895144e+02 -1.453895144e+02 -3.2410e-01 +2.3559e-02 -4.3452e+00 +3.5342e+00 +7.7471e-01 -2.3060e-01 -8.0469e-01 -1.7344e-01 +4.5855e-01 +2.9958e+00
157 0 +6.315712802e+00 +6.315712802e+00 -1.457242872e+02 -1.457242872e+02 -2.0707e-01 +3.8956e-02 -4.0568e+00 +3.2699e+00 +9.3170e-01 -1.7353e-01 -6.9306e-01 +5.9654e-02 +5.1028e-01 +2.7983e+00
177 0 +6.059646705e+00 +6.059646705e+00 -1.459803533e+02 -1.459803533e+02 -2.6309e-01 -1.9166e-01 -4.3339e+00 +3.5228e+00 +1.4684e+00 -7.8157e-01 -8.0439e-01 -4.8277e-01 +7.4306e-01 +2.5685e+00
179 0 +5.816038281e+00 +5.816038281e+00 -1.462239617e+02 -1.462239617e+02 -1.2384e-01 +5.7255e-02 -4.4974e+00 +3.2203e+00 +1.1651e+00 -3.1859e-01 -1.6456e-01 -6.1912e-01 +4.5790e-01 +3.0350e+00
189 0 +5.736420259e+00 +5.736420259e+00 -1.463035797e+02 -1.463035797e+02 -1.7932e-01 -9.6569e-02 -3.7775e+00 +4.4053e+00 +1.7525e+00 -2.3367e-01 -1.2160e-01 -9.4698e-01 +5.8902e-01 +3.1480e+00
194 0 +5.301586489e+00 +5.301586489e+00 -1.467384135e+02 -1.467384135e+02 -1.3089e-01 +4.1090e-02 -4.7762e+00 +2.8530e+00 +1.5788e+00 -8.8168e-02 -1.0597e+00 -1.4175e+00 +5.4544e-01 +3.0035e+00
369 0 +5.157662726e+00 +5.157662726e+00 -1.468823373e+02 -1.468823373e+02 -9.2975e-02 +8.6150e-01 -3.6837e+00 +4.1056e+00 +9.1147e-01 +5.3011e-01 -7.5523e-01 -1.8936e+00 +1.1455e+00 +3.8238e+00
419 0 +3.460804538e+00 +3.460804538e+00 -1.485791955e+02 -1.485791955e+02 -7.9176e-02 +1.1887e+00 -3.4914e+00 +3.1670e+00 +1.2067e+00 -1.5634e-02 +2.6487e-01 -6.5546e-01 +1.1635e+00 +3.9760e+00
423 0 +2.666930404e+00 +2.666930404e+00 -1.493730696e+02 -1.493730696e+02 -1.4175e-01 +1.2593e+00 -4.4056e+00 +3.2558e+00 +1.3505e+00 +3.7767e-01 -3.6243e-01 -5.7110e-01 +1.2230e+00 +2.5656e+00
508 0 +2.370056176e+00 +2.370056176e+00 -1.496699438e+02 -1.496699438e+02 -3.9726e-01 +1.3542e+00 -3.9784e+00 +3.5735e+00 +1.6075e+00 +6.4743e-01 -2.1919e-01 -1.5026e+00 +1.3283e+00 +3.9869e+00
519 0 +2.143735993e+00 +2.143735993e+00 -1.498962640e+02 -1.498962640e+02 -3.8716e-01 +1.3611e+00 -3.6759e+00 +3.1831e+00 +1.6532e+00 +5.7611e-01 -1.4471e-01 -1.4401e+00 +1.2226e+00 +3.8282e+00
523 0 +2.076782562e+00 +2.076782562e+00 -1.499632174e+02 -1.499632174e+02 -3.5695e-01 +1.3585e+00 -3.9636e+00 +3.5097e+00 +1.6479e+00 +6.6069e-01 -2.8164e-01 -1.4602e+00 +1.2690e+00 +3.9005e+00
530 0 +1.833469319e+00 +1.833469319e+00 -1.502065307e+02 -1.502065307e+02 -3.6839e-01 +1.4344e+00 -3.8665e+00 +3.8831e+00 +1.5717e+00 +5.8640e-01 -3.7923e-01 -1.2050e+00 +1.2910e+00 +3.6246e+00
535 0 +1.523752205e+00 +1.523752205e+00 -1.505162478e+02 -1.505162478e+02 -3.7039e-01 +1.3885e+00 -3.6834e+00 +3.1289e+00 +1.6176e+00 +6.0472e-01 -5.1725e-01 -1.3065e+00 +1.2649e+00 +3.6351e+00
553 0 +1.452649807e+00 +1.452649807e+00 -1.505873502e+02 -1.505873502e+02 -4.1064e-01 +1.3148e+00 -3.7140e+00 +3.4357e+00 +1.6352e+00 +6.7313e-01 -5.4132e-01 -1.2219e+00 +1.2226e+00 +3.5608e+00
562 0 +1.393679228e+00 +1.393679228e+00 -1.506463208e+02 -1.506463208e+02 -3.8463e-01 +1.3504e+00 -3.8264e+00 +3.0770e+00 +1.7776e+00 +6.9518e-01 -4.8322e-01 -1.2335e+00 +1.2036e+00 +3.7640e+00
568 0 +1.200596263e+00 +1.200596263e+00 -1.508394037e+02 -1.508394037e+02 -4.2330e-01 +1.3326e+00 -3.8427e+00 +3.5745e+00 +1.8020e+00 +7.1901e-01 -5.7496e-01 -1.1384e+00 +1.2190e+00 +3.6119e+00
572 0 +1.058524971e+00 +1.058524971e+00 -1.509814750e+02 -1.509814750e+02 -3.7652e-01 +1.3510e+00 -3.9479e+00 +3.1438e+00 +1.8163e+00 +6.9915e-01 -6.5744e-01 -1.1473e+00 +1.2226e+00 +3.6467e+00
583 0 +9.606768316e-01 +9.606768316e-01 -1.510793232e+02 -1.510793232e+02 -3.8911e-01 +1.3583e+00 -3.9175e+00 +3.2935e+00 +1.8458e+00 +7.1057e-01 -7.5150e-01 -1.1484e+00 +1.2238e+00 +3.5589e+00
593 0 +9.426197521e-01 +9.426197521e-01 -1.510973802e+02 -1.510973802e+02 -3.8978e-01 +1.3594e+00 -3.8880e+00 +3.2271e+00 +1.8605e+00 +7.0826e-01 -7.4717e-01 -1.1207e+00 +1.2306e+00 +3.6472e+00
595 0 +9.295769727e-01 +9.295769727e-01 -1.511104230e+02 -1.511104230e+02 -3.8446e-01 +1.3633e+00 -3.8531e+00 +3.2894e+00 +1.8507e+00 +6.8099e-01 -7.1687e-01 -1.1411e+00 +1.2255e+00 +3.5642e+00
602 0 +9.061419208e-01 +9.061419208e-01 -1.511338581e+02 -1.511338581e+02 -3.7618e-01 +1.3538e+00 -3.9539e+00 +3.2513e+00 +1.8688e+00 +6.7121e-01 -6.4831e-01 -1.1280e+00 +1.2266e+00 +3.5261e+00
606 0 +8.596840164e-01 +8.596840164e-01 -1.511803160e+02 -1.511803160e+02 -3.9068e-01 +1.3638e+00 -3.8655e+00 +3.2961e+00 +1.8829e+00 +6.7545e-01 -6.8705e-01 -1.1024e+00 +1.2327e+00 +3.5489e+00
615 0 +8.288737232e-01 +8.288737232e-01 -1.512111263e+02 -1.512111263e+02 -3.6130e-01 +1.3565e+00 -3.8564e+00 +3.2412e+00 +1.8559e+00 +6.5793e-01 -7.2826e-01 -1.0594e+00 +1.2386e+00 +3.5963e+00
623 0 +7.653753801e-01 +7.653753801e-01 -1.512746246e+02 -1.512746246e+02 -3.6773e-01 +1.3673e+00 -3.9834e+00 +3.2183e+00 +1.8652e+00 +6.2686e-01 -7.4288e-01 -1.0335e+00 +1.2337e+00 +3.5736e+00
632 0 +7.352243234e-01 +7.352243234e-01 -1.513047757e+02 -1.513047757e+02 -3.7044e-01 +1.3624e+00 -3.8962e+00 +3.3641e+00 +1.8976e+00 +6.3579e-01 -7.9936e-01 -1.0505e+00 +1.2474e+00 +3.6049e+00
648 0 +6.985337863e-01 +6.985337863e-01 -1.513414662e+02 -1.513414662e+02 -3.5508e-01 +1.3500e+00 -4.0137e+00 +3.2211e+00 +1.8821e+00 +5.9488e-01 -7.7744e-01 -1.0311e+00 +1.2586e+00 +3.5710e+00
653 0 +6.809470823e-01 +6.809470823e-01 -1.513590529e+02 -1.513590529e+02 -3.4981e-01 +1.3471e+00 -3.9301e+00 +3.1052e+00 +1.9179e+00 +6.1540e-01 -8.3622e-01 -1.0081e+00 +1.2596e+00 +3.5803e+00
658 0 +6.694563374e-01 +6.694563374e-01 -1.513705437e+02 -1.513705437e+02 -3.5353e-01 +1.3493e+00 -4.0615e+00 +3.2986e+00 +1.9203e+00 +5.9250e-01 -7.2994e-01 -1.0156e+00 +1.2469e+00 +3.5714e+00
668 0 +6.592577058e-01 +6.592577058e-01 -1.513807423e+02 -1.513807423e+02 -3.5772e-01 +1.3391e+00 -4.0907e+00 +3.3002e+00 +1.8917e+00 +5.9416e-01 -7.7716e-01 -9.5991e-01 +1.2546e+00 +3.5406e+00
669 0 +6.330696592e-01 +6.330696592e-01 -1.514069303e+02 -1.514069303e+02 -3.5826e-01 +1.3598e+00 -4.0193e+00 +3.2028e+00 +1.9257e+00 +5.9655e-01 -7.6642e-01 -9.9615e-01 +1.2539e+00 +3.4818e+00
678 0 +6.291837206e-01 +6.291837206e-01 -1.514108163e+02 -1.514108163e+02 -3.5289e-01 +1.3594e+00 -4.0194e+00 +3.2437e+00 +1.9245e+00 +5.9813e-01 -7.4941e-01 -9.6916e-01 +1.2422e+00 +3.5557e+00
685 0 +6.165539957e-01 +6.165539957e-01 -1.514234460e+02 -1.514234460e+02 -3.4861e-01 +1.3520e+00 -3.9691e+00 +3.2904e+00 +1.9350e+00 +6.1186e-01 -7.5378e-01 -9.6750e-01 +1.2444e+00 +3.5387e+00
701 0 +5.917562744e-01 +5.917562744e-01 -1.514482437e+02 -1.514482437e+02 -3.5292e-01 +1.3538e+00 -4.0157e+00 +3.3021e+00 +1.9509e+00 +6.1720e-01 -7.8533e-01 -9.3104e-01 +1.2386e+00 +3.5434e+00
704 0 +5.864405827e-01 +5.864405827e-01 -1.514535594e+02 -1.514535594e+02 -3.6947e-01 +1.3704e+00 -3.9624e+00 +3.1958e+00 +1.9622e+00 +5.8578e-01 -7.6966e-01 -9.8231e-01 +1.2360e+00 +3.5292e+00
723 0 +5.494207901e-01 +5.494207901e-01 -1.514905792e+02 -1.514905792e+02 -3.4993e-01 +1.3447e+00 -4.0108e+00 +3.3069e+00 +1.9532e+00 +5.6949e-01 -8.1347e-01 -9.3841e-01 +1.2453e+00 +3.5833e+00
732 0 +5.237487964e-01 +5.237487964e-01 -1.515162512e+02 -1.515162512e+02 -3.4565e-01 +1.3505e+00 -3.9603e+00 +3.2936e+00 +1.9701e+00 +5.6813e-01 -8.0961e-01 -9.3518e-01 +1.2464e+00 +3.5848e+00
737 0 +5.101274211e-01 +5.101274211e-01 -1.515298726e+02 -1.515298726e+02 -3.4548e-01 +1.3491e+00 -3.9959e+00 +3.2744e+00 +1.9746e+00 +5.6760e-01 -8.3101e-01 -9.2250e-01 +1.2513e+00 +3.5695e+00
751 0 +4.987738824e-01 +4.987738824e-01 -1.515412261e+02 -1.515412261e+02 -3.5126e-01 +1.3504e+00 -3.9676e+00 +3.3141e+00 +1.9816e+00 +5.6581e-01 -8.3282e-01 -9.1765e-01 +1.2440e+00 +3.5547e+00
757 0 +4.866610851e-01 +4.866610851e-01 -1.515533389e+02 -1.515533389e+02 -3.5126e-01 +1.3422e+00 -3.9664e+00 +3.3317e+00 +1.9814e+00 +5.6838e-01 -8.2414e-01 -8.9134e-01 +1.2474e+00 +3.5039e+00
764 0 +4.753743594e-01 +4.753743594e-01 -1.515646256e+02 -1.515646256e+02 -3.4524e-01 +1.3574e+00 -4.0041e+00 +3.3501e+00 +2.0010e+00 +5.6884e-01 -8.1833e-01 -8.9536e-01 +1.2496e+00 +3.5203e+00
772 0 +4.584092661e-01 +4.584092661e-01 -1.515815907e+02 -1.515815907e+02 -3.4665e-01 +1.3531e+00 -3.9349e+00 +3.2757e+00 +2.0068e+00 +5.6760e-01 -8.3888e-01 -8.9561e-01 +1.2514e+00 +3.5138e+00
776 0 +4.522589653e-01 +4.522589653e-01 -1.515877410e+02 -1.515877410e+02 -3.4840e-01 +1.3530e+00 -3.9531e+00 +3.2897e+00 +2.0017e+00 +5.5715e-01 -8.4641e-01 -8.9368e-01 +1.2517e+00 +3.4935e+00
793 0 +4.434883843e-01 +4.434883843e-01 -1.515965116e+02 -1.515965116e+02 -3.4563e-01 +1.3538e+00 -3.9697e+00 +3.3007e+00 +2.0097e+00 +5.6038e-01 -8.4702e-01 -8.8521e-01 +1.2564e+00 +3.4971e+00
825 0 +4.343501772e-01 +4.343501772e-01 -1.516056498e+02 -1.516056498e+02 -3.4947e-01 +1.3510e+00 -3.9121e+00 +3.2583e+00 +2.0156e+00 +5.5680e-01 -8.7605e-01 -8.8061e-01 +1.2556e+00 +3.5028e+00
846 0 +4.263202608e-01 +4.263202608e-01 -1.516136797e+02 -1.516136797e+02 -3.5007e-01 +1.3485e+00 -3.8951e+00 +3.2685e+00 +2.0222e+00 +5.5312e-01 -8.8386e-01 -8.7615e-01 +1.2552e+00 +3.5206e+00
899 0 +4.167809086e-01 +4.167809086e-01 -1.516232191e+02 -1.516232191e+02 -3.5230e-01 +1.3495e+00 -3.9106e+00 +3.2757e+00 +2.0276e+00 +5.5049e-01 -8.7528e-01 -8.7299e-01 +1.2559e+00 +3.5074e+00
943 0 +4.071020222e-01 +4.071020222e-01 -1.516328980e+02 -1.516328980e+02 -3.5404e-01 +1.3481e+00 -3.8993e+00 +3.3060e+00 +2.0354e+00 +5.4690e-01 -8.7752e-01 -8.6880e-01 +1.2556e+00 +3.5045e+00
974 0 +3.936968555e-01 +3.936968555e-01 -1.516463031e+02 -1.516463031e+02 -3.5151e-01 +1.3507e+00 -3.8919e+00 +3.2707e+00 +2.0457e+00 +5.4292e-01 -8.7215e-01 -8.6279e-01 +1.2571e+00 +3.5048e+00
987 0 +3.813161412e-01 +3.813161412e-01 -1.516586839e+02 -1.516586839e+02 -3.4833e-01 +1.3493e+00 -3.9209e+00 +3.2782e+00 +2.0539e+00 +5.4109e-01 -8.8289e-01 -8.5457e-01 +1.2574e+00 +3.4930e+00
995 0 +3.759130716e-01 +3.759130716e-01 -1.516640869e+02 -1.516640869e+02 -3.5029e-01 +1.3436e+00 -3.9303e+00 +3.2943e+00 +2.0527e+00 +5.3454e-01 -8.8247e-01 -8.5189e-01 +1.2597e+00 +3.4789e+00
% f evaluations | g evaluations | best noise-free fitness - Fopt | noise-free fitness - Fopt (-2.525000000000e+01) | measured fitness | best measured fitness | x1 | x2...
1 0 +4.929094336e+01 +4.929094336e+01 +2.404094336e+01 +2.404094336e+01 +0.0000e+00 +0.0000e+00 +0.0000e+00 +0.0000e+00 +0.0000e+00 +0.0000e+00 +0.0000e+00 +0.0000e+00 +0.0000e+00 +0.0000e+00
4 0 +3.931051282e+01 +3.931051282e+01 +1.406051282e+01 +1.406051282e+01 +1.7037e+00 +1.7772e+00 +7.7296e-02 -9.9989e-02 +2.3026e-01 -1.1979e+00 -4.8055e-02 +3.0909e-02 +2.3706e+00 -5.1491e-02
11 0 +3.734414513e+01 +3.734414513e+01 +1.209414513e+01 +1.209414513e+01 +1.1912e+00 +1.0222e-01 +2.4109e-01 -1.4740e-01 +9.3431e-03 +1.5563e-01 +1.6317e-01 -5.7987e-02 +1.7486e+00 -8.5896e-01
13 0 +2.885990742e+01 +2.885990742e+01 +3.609907419e+00 +3.609907419e+00 +2.8358e-01 +1.1268e+00 +1.6355e-02 -2.0643e-01 +1.2054e+00 +2.4015e-01 -1.7544e+00 -1.6942e-01 +5.8901e-01 -8.2209e-01
28 0 +2.491188947e+01 +2.491188947e+01 -3.381105317e-01 -3.381105317e-01 +1.4540e+00 -2.5633e-01 +1.1587e-02 -1.5937e-01 +7.3215e-01 +3.4150e-01 -1.6640e+00 -1.0171e-01 +7.1123e-01 -1.0320e+00
45 0 +2.389114697e+01 +2.389114697e+01 -1.358853033e+00 -1.358853033e+00 +1.1812e+00 +1.4408e+00 -2.6522e-02 -8.2522e-02 +1.1474e+00 +8.3231e-01 -1.0925e+00 -8.4237e-02 +1.6766e+00 -1.9268e+00
53 0 +1.924891581e+01 +1.924891581e+01 -6.001084190e+00 -6.001084190e+00 +2.2285e+00 +1.4352e+00 +1.8941e-02 -1.6801e-01 +1.1970e+00 +9.9781e-01 -1.0471e+00 -1.3426e-01 +1.7041e+00 -2.4791e+00
64 0 +1.877785151e+01 +1.877785151e+01 -6.472148492e+00 -6.472148492e+00 +3.1876e+00 +1.4990e+00 -2.0719e-02 -2.8598e-02 +9.6751e-01 +7.1149e-01 -1.2251e+00 -1.7643e-01 +1.8439e+00 -1.8024e+00
65 0 +1.657239352e+01 +1.657239352e+01 -8.677606482e+00 -8.677606482e+00 +2.6877e+00 +5.0225e-01 +2.3858e-01 -1.6652e-01 +1.2585e+00 +7.6364e-01 -1.4342e+00 -1.1384e-01 +1.5661e+00 -2.4525e+00
93 0 +1.484775856e+01 +1.484775856e+01 -1.040224144e+01 -1.040224144e+01 +3.0756e+00 +1.0678e+00 +3.1536e-02 -7.6213e-02 +1.1349e+00 +2.8681e-01 -1.7920e+00 -2.2736e-01 +1.6222e+00 -2.4779e+00
103 0 +1.477259530e+01 +1.477259530e+01 -1.047740470e+01 -1.047740470e+01 +4.1198e+00 +7.3636e-01 -4.3692e-02 -1.3870e-01 +9.8786e-01 +6.3762e-02 -2.2087e+00 -1.3422e-01 +9.9958e-01 -2.2274e+00
108 0 +1.444069306e+01 +1.444069306e+01 -1.080930694e+01 -1.080930694e+01 +4.4474e+00 +3.7833e-01 -5.8483e-02 +5.7520e-05 +1.6721e+00 +2.5226e-01 -2.1536e+00 -1.1431e-01 +5.1656e-01 -1.7824e+00
116 0 +1.340249009e+01 +1.340249009e+01 -1.184750991e+01 -1.184750991e+01 +3.9197e+00 +1.5139e-01 +1.2203e-01 -5.0419e-02 +1.8329e+00 +7.2991e-01 -3.0844e+00 -1.2649e-01 +8.8182e-01 -2.8444e+00
127 0 +1.283459409e+01 +1.283459409e+01 -1.241540591e+01 -1.241540591e+01 +3.6403e+00 +5.1998e-01 +1.1037e-01 -1.4537e-02 +1.7362e+00 +4.7569e-01 -2.5736e+00 -1.2699e-01 +1.2283e+00 -3.1886e+00
136 0 +1.231349318e+01 +1.231349318e+01 -1.293650682e+01 -1.293650682e+01 +3.9788e+00 -8.6128e-02 -3.7243e-02 +8.9832e-03 +2.0032e+00 +1.9161e-01 -2.5658e+00 -1.0891e-01 +1.2410e+00 -3.2944e+00
144 0 +1.151606347e+01 +1.151606347e+01 -1.373393653e+01 -1.373393653e+01 +3.8603e+00 +1.1780e+00 -3.8584e-03 +2.4476e-02 +2.4360e+00 +3.7934e-01 -2.7582e+00 -2.0930e-01 +1.4915e+00 -3.5372e+00
157 0 +1.131727938e+01 +1.131727938e+01 -1.393272062e+01 -1.393272062e+01 +4.0574e+00 +6.9908e-01 -1.4328e-02 -2.1802e-03 +2.4125e+00 +2.9104e-01 -3.2571e+00 -2.5080e-01 +1.5215e+00 -3.3606e+00
167 0 +1.101697164e+01 +1.101697164e+01 -1.423302836e+01 -1.423302836e+01 +3.9790e+00 +1.5955e-01 -7.0171e-03 -3.0550e-02 +2.5171e+00 +4.9068e-01 -2.9006e+00 -2.4918e-01 +1.7525e+00 -3.2789e+00
171 0 +1.092203272e+01 +1.092203272e+01 -1.432796728e+01 -1.432796728e+01 +4.0915e+00 +8.2460e-01 +5.6156e-02 +1.8175e-02 +2.4750e+00 +4.3249e-01 -2.5602e+00 -3.0455e-01 +1.5312e+00 -3.3540e+00
175 0 +1.033480216e+01 +1.033480216e+01 -1.491519784e+01 -1.491519784e+01 +4.2198e+00 +7.3806e-01 +1.2669e-02 -6.9593e-02 +2.5515e+00 +4.1465e-01 -2.4610e+00 -2.5587e-01 +1.0253e+00 -3.1467e+00
187 0 +1.006864717e+01 +1.006864717e+01 -1.518135283e+01 -1.518135283e+01 +3.9232e+00 +6.3057e-01 -1.3756e-02 -7.4728e-02 +2.5352e+00 +5.9649e-01 -2.8888e+00 -2.6500e-01 +1.1583e+00 -2.7587e+00
202 0 +9.591827739e+00 +9.591827739e+00 -1.565817226e+01 -1.565817226e+01 +3.6919e+00 +3.9787e-01 -1.6716e-02 -5.6743e-02 +2.6639e+00 +4.4881e-01 -2.4800e+00 -2.6944e-01 +1.3972e+00 -2.9223e+00
218 0 +8.680836952e+00 +8.680836952e+00 -1.656916305e+01 -1.656916305e+01 +3.7674e+00 +7.1995e-01 -1.5562e-01 -3.3086e-02 +3.1079e+00 +1.5849e-01 -2.4358e+00 -2.8005e-01 +1.6110e+00 -2.6105e+00
271 0 +8.347937070e+00 +8.347937070e+00 -1.690206293e+01 -1.690206293e+01 +3.6760e+00 +5.1878e-01 -1.2847e-01 -9.5719e-02 +3.1364e+00 +1.2638e-01 -2.5424e+00 -3.1469e-01 +1.0997e+00 -2.4545e+00
303 0 +8.116027952e+00 +8.116027952e+00 -1.713397205e+01 -1.713397205e+01 +3.5558e+00 +5.3753e-01 -1.8078e-01 -8.9767e-02 +3.2405e+00 -2.4177e-02 -2.6072e+00 -3.1240e-01 +1.2302e+00 -2.5483e+00
313 0 +7.825776413e+00 +7.825776413e+00 -1.742422359e+01 -1.742422359e+01 +3.4576e+00 +5.4254e-01 -2.3720e-01 -1.3187e-01 +3.2544e+00 +1.5277e-01 -2.4409e+00 -3.2332e-01 +1.3834e+00 -2.5875e+00
641 0 +7.439490238e+00 +7.439490238e+00 -1.781050976e+01 -1.781050976e+01 +3.8036e+00 +8.9481e-01 -1.1959e+00 -4.2214e-01 +2.6053e+00 -1.8585e-01 -1.4650e+00 -2.2981e-01 +1.5501e+00 -2.2096e+00
660 0 +7.060841665e+00 +7.060841665e+00 -1.818915833e+01 -1.818915833e+01 +3.3621e+00 +2.1598e-01 -1.0386e+00 -4.6476e-01 +2.6056e+00 -4.6580e-01 -2.6457e+00 -2.2688e-01 +1.8079e+00 -2.0264e+00
672 0 +6.484338847e+00 +6.484338847e+00 -1.876566115e+01 -1.876566115e+01 +3.3995e+00 +4.6526e-01 -1.1043e+00 -4.5037e-01 +2.6818e+00 -2.8533e-01 -2.5080e+00 -1.8763e-01 +1.8024e+00 -2.3433e+00
677 0 +6.438813592e+00 +6.438813592e+00 -1.881118641e+01 -1.881118641e+01 +3.3451e+00 +7.6514e-01 -1.1351e+00 -4.9228e-01 +2.7675e+00 -6.5967e-01 -2.6749e+00 -1.9631e-01 +1.8005e+00 -2.5319e+00
687 0 +6.240958545e+00 +6.240958545e+00 -1.900904146e+01 -1.900904146e+01 +3.3411e+00 +8.3926e-01 -1.0154e+00 -4.4797e-01 +2.8163e+00 -4.5591e-01 -2.2175e+00 -2.1879e-01 +1.5971e+00 -2.7035e+00
696 0 +6.153238241e+00 +6.153238241e+00 -1.909676176e+01 -1.909676176e+01 +3.4978e+00 +6.2675e-01 -1.0834e+00 -4.6132e-01 +2.6835e+00 -4.3521e-01 -2.5266e+00 -1.8807e-01 +1.4628e+00 -2.7364e+00
715 0 +5.980014005e+00 +5.980014005e+00 -1.926998599e+01 -1.926998599e+01 +3.5886e+00 +6.6187e-01 -1.0134e+00 -4.6833e-01 +2.8572e+00 -4.4456e-01 -2.3528e+00 -1.8812e-01 +1.3484e+00 -2.6636e+00
756 0 +5.839417285e+00 +5.839417285e+00 -1.941058271e+01 -1.941058271e+01 +3.5807e+00 +1.1007e-01 -1.0316e+00 -5.5371e-01 +3.0886e+00 +2.9804e-01 -2.2203e+00 -2.1939e-01 +1.4787e+00 -2.5669e+00
768 0 +5.674971741e+00 +5.674971741e+00 -1.957502826e+01 -1.957502826e+01 +3.3048e+00 +8.0848e-01 -1.0135e+00 -5.2898e-01 +3.3327e+00 +9.8844e-03 -2.8396e+00 -2.0786e-01 +1.2344e+00 -2.5752e+00
853 0 +5.575315609e+00 +5.575315609e+00 -1.967468439e+01 -1.967468439e+01 +3.3049e+00 +8.6649e-01 -1.1147e+00 -5.6464e-01 +2.8917e+00 +9.2402e-02 -2.4335e+00 -2.0592e-01 +1.4228e+00 -2.7377e+00
910 0 +5.474757283e+00 +5.474757283e+00 -1.977524272e+01 -1.977524272e+01 +3.4581e+00 +5.4670e-01 -1.1607e+00 -5.9100e-01 +2.8027e+00 +3.7141e-02 -2.4943e+00 -1.9336e-01 +1.5111e+00 -2.7146e+00
917 0 +5.355743524e+00 +5.355743524e+00 -1.989425648e+01 -1.989425648e+01 +3.5047e+00 +6.5748e-01 -1.1657e+00 -6.1180e-01 +2.8258e+00 -9.5621e-02 -2.6810e+00 -1.9412e-01 +1.2593e+00 -2.5830e+00
933 0 +5.168371574e+00 +5.168371574e+00 -2.008162843e+01 -2.008162843e+01 +3.7384e+00 +7.2147e-01 -1.2168e+00 -6.3660e-01 +2.8967e+00 -9.2066e-03 -2.5857e+00 -2.0502e-01 +1.1733e+00 -2.5642e+00
957 0 +5.002838585e+00 +5.002838585e+00 -2.024716141e+01 -2.024716141e+01 +3.7254e+00 +6.5066e-01 -1.1412e+00 -7.0553e-01 +2.9185e+00 -1.5946e-02 -2.6548e+00 -2.1333e-01 +1.2837e+00 -2.9326e+00
% f evaluations | g evaluations | best noise-free fitness - Fopt | noise-free fitness - Fopt (1.830100000000e+02) | measured fitness | best measured fitness | x1 | x2...
1 0 +7.126800256e+01 +7.126800256e+01 +2.542780026e+02 +2.542780026e+02 +0.0000e+00 +0.0000e+00 +0.0000e+00 +0.0000e+00 +0.0000e+00 +0.0000e+00 +0.0000e+00 +0.0000e+00 +0.0000e+00 +0.0000e+00
5 0 +5.011315407e+01 +5.011315407e+01 +2.331231541e+02 +2.331231541e+02 +1.4538e-01 +1.6569e+00 -2.1725e-03 -3.7528e-01 -8.4222e-01 +2.6374e-01 -1.9286e-01 +2.4897e+00 +1.3076e-01 -2.3612e-01
15 0 +4.610640610e+01 +4.610640610e+01 +2.291164061e+02 +2.291164061e+02 -8.9938e-01 +1.9242e+00 +2.1079e-01 -6.2930e-01 -7.7896e-01 +4.3747e-01 -4.2526e-01 +1.4833e+00 -2.3864e-01 -1.8148e+00
21 0 +4.070648601e+01 +4.070648601e+01 +2.237164860e+02 +2.237164860e+02 -8.6643e-01 +1.7206e+00 +1.0008e-01 -6.6509e-01 -8.0873e-01 +4.2010e-01 -6.6856e-01 +2.3337e+00 +3.4868e-01 -1.2292e+00
39 0 +3.909267701e+01 +3.909267701e+01 +2.221026770e+02 +2.221026770e+02 -1.6729e+00 +1.4322e+00 +5.6799e-02 -4.9014e-01 -8.4267e-01 +3.2884e-01 -5.8998e-01 +3.2258e+00 +3.6302e-01 -2.0600e+00
41 0 +3.743017076e+01 +3.743017076e+01 +2.204401708e+02 +2.204401708e+02 -2.2679e+00 +1.8556e+00 +1.3720e-01 -2.8658e-01 -7.6332e-01 +4.0797e-01 -4.9242e-01 +1.7029e+00 +7.0946e-01 -1.9759e+00
51 0 +3.481667650e+01 +3.481667650e+01 +2.178266765e+02 +2.178266765e+02 -2.2464e+00 +1.7061e+00 +8.6951e-02 -4.7329e-01 -6.7768e-01 +3.9533e-01 -1.2432e+00 +2.6301e+00 +5.1367e-01 -1.2674e+00
57 0 +3.268390395e+01 +3.268390395e+01 +2.156939040e+02 +2.156939040e+02 -2.8016e+00 +1.9366e+00 +1.1195e-01 -2.1151e-01 -7.3296e-01 +3.8249e-01 -1.3853e+00 +2.6793e+00 +4.8950e-01 -1.5618e+00
70 0 +3.232841963e+01 +3.232841963e+01 +2.153384196e+02 +2.153384196e+02 -2.1235e+00 +1.8515e+00 -4.6536e-03 -4.8006e-01 -8.4455e-01 +3.8075e-01 -1.0108e+00 +3.0326e+00 +8.1735e-01 -2.1965e+00
72 0 +3.031962335e+01 +3.031962335e+01 +2.133296234e+02 +2.133296234e+02 -2.2649e+00 +1.9390e+00 -6.4352e-02 -5.3971e-01 -8.4572e-01 +3.1651e-01 -1.4338e+00 +3.2594e+00 +7.9920e-01 -1.6092e+00
87 0 +2.993517315e+01 +2.993517315e+01 +2.129451731e+02 +2.129451731e+02 -2.3073e+00 +2.0829e+00 +1.0048e-02 -1.2371e-01 -1.0728e+00 +3.6167e-01 -1.3228e+00 +3.1427e+00 +6.0180e-01 -1.2566e+00
90 0 +2.921769728e+01 +2.921769728e+01 +2.122276973e+02 +2.122276973e+02 -2.2053e+00 +2.1624e+00 +7.8702e-02 -5.7110e-02 -8.7785e-01 +4.4416e-01 -1.4938e+00 +3.4196e+00 +7.5650e-01 -1.7383e+00
92 0 +2.839901095e+01 +2.839901095e+01 +2.114090109e+02 +2.114090109e+02 -2.1940e+00 +1.9164e+00 +3.1775e-02 -4.4015e-02 -9.5297e-01 +4.1613e-01 -1.5880e+00 +2.7696e+00 +6.0157e-01 -2.0138e+00
101 0 +2.809125914e+01 +2.809125914e+01 +2.111012591e+02 +2.111012591e+02 -2.5168e+00 +2.6873e+00 +6.2561e-02 -3.7945e-01 -8.2384e-01 +4.2918e-01 -1.9713e+00 +3.9888e+00 +8.8648e-01 -2.0856e+00
104 0 +2.639533923e+01 +2.639533923e+01 +2.094053392e+02 +2.094053392e+02 -2.1373e+00 +2.0812e+00 +1.1909e-02 +8.3359e-02 -9.5641e-01 +4.8178e-01 -1.9242e+00 +3.4241e+00 +7.0534e-01 -2.0964e+00
108 0 +2.606021477e+01 +2.606021477e+01 +2.090702148e+02 +2.090702148e+02 -2.1388e+00 +1.7826e+00 +2.1094e-02 -2.6643e-02 -1.0073e+00 +4.4208e-01 -1.9916e+00 +2.6902e+00 +7.1541e-01 -2.1409e+00
116 0 +2.539631741e+01 +2.539631741e+01 +2.084063174e+02 +2.084063174e+02 -2.4075e+00 +1.8525e+00 -2.0609e-02 +2.0352e-01 -1.1126e+00 +4.6727e-01 -1.9901e+00 +2.8315e+00 +6.3468e-01 -1.7154e+00
122 0 +2.510568592e+01 +2.510568592e+01 +2.081156859e+02 +2.081156859e+02 -2.6625e+00 +2.0549e+00 +1.4585e-02 +2.9488e-01 -1.0379e+00 +4.9390e-01 -2.0942e+00 +2.9048e+00 +6.4103e-01 -1.8160e+00
141 0 +2.431528820e+01 +2.431528820e+01 +2.073252882e+02 +2.073252882e+02 -2.5856e+00 +2.1973e+00 -2.2156e-02 +2.5839e-01 -9.8030e-01 +5.1568e-01 -2.2131e+00 +2.9427e+00 +6.5596e-01 -2.0499e+00
144 0 +2.358019220e+01 +2.358019220e+01 +2.065901922e+02 +2.065901922e+02 -2.6027e+00 +2.3582e+00 -1.5623e-02 +3.4132e-01 -1.0018e+00 +5.3404e-01 -2.2854e+00 +3.1243e+00 +7.0276e-01 -2.2178e+00
162 0 +2.315514317e+01 +2.315514317e+01 +2.061651432e+02 +2.061651432e+02 -2.4419e+00 +2.5256e+00 -5.8899e-02 +1.9844e-01 -1.0242e+00 +5.5799e-01 -2.1534e+00 +2.6538e+00 +7.3279e-01 -2.3159e+00
167 0 +2.264738926e+01 +2.264738926e+01 +2.056573893e+02 +2.056573893e+02 -2.5653e+00 +2.6888e+00 -6.2461e-02 +2.4351e-01 -1.0438e+00 +5.6805e-01 -2.1828e+00 +2.9123e+00 +7.9605e-01 -2.3470e+00
181 0 +2.222653811e+01 +2.222653811e+01 +2.052365381e+02 +2.052365381e+02 -2.5699e+00 +2.5883e+00 -4.6388e-02 +1.6373e-01 -1.0900e+00 +5.5926e-01 -2.3641e+00 +2.7299e+00 +7.5293e-01 -2.3941e+00
182 0 +2.142661799e+01 +2.142661799e+01 +2.044366180e+02 +2.044366180e+02 -2.3608e+00 +2.7936e+00 -9.2951e-02 +1.1187e-01 -1.1205e+00 +5.6034e-01 -2.3887e+00 +2.6723e+00 +7.9685e-01 -2.5617e+00
196 0 +2.136505387e+01 +2.136505387e+01 +2.043750539e+02 +2.043750539e+02 -2.1625e+00 +2.6003e+00 -4.0938e-02 +1.7464e-01 -1.0554e+00 +5.5994e-01 -2.5314e+00 +2.2980e+00 +8.3859e-01 -2.2447e+00
204 0 +2.049067567e+01 +2.049067567e+01 +2.035006757e+02 +2.035006757e+02 -2.2177e+00 +2.6291e+00 -8.8086e-02 +1.3088e-01 -1.2098e+00 +5.6334e-01 -2.4611e+00 +2.6522e+00 +9.0311e-01 -2.6366e+00
212 0 +1.967582338e+01 +1.967582338e+01 +2.026858234e+02 +2.026858234e+02 -1.8468e+00 +2.9457e+00 -1.1821e-01 -4.9649e-02 -1.1557e+00 +4.7818e-01 -2.8059e+00 +2.5119e+00 +8.9844e-01 -2.1567e+00
223 0 +1.938488735e+01 +1.938488735e+01 +2.023948874e+02 +2.023948874e+02 -2.0746e+00 +2.9259e+00 -9.2878e-02 +5.9827e-02 -1.1575e+00 +5.3232e-01 -2.9104e+00 +2.3498e+00 +8.9213e-01 -2.2937e+00
243 0 +1.886284826e+01 +1.886284826e+01 +2.018728483e+02 +2.018728483e+02 -2.0435e+00 +2.7653e+00 -1.6715e-01 +7.6298e-02 -1.1199e+00 +5.4241e-01 -3.0068e+00 +2.6138e+00 +9.2320e-01 -2.2935e+00
253 0 +1.847624990e+01 +1.847624990e+01 +2.014862499e+02 +2.014862499e+02 -2.1221e+00 +2.8398e+00 -1.7025e-01 +1.6398e-01 -1.1630e+00 +5.7585e-01 -2.9570e+00 +3.0620e+00 +1.0041e+00 -2.2974e+00
263 0 +1.793234772e+01 +1.793234772e+01 +2.009423477e+02 +2.009423477e+02 -2.0333e+00 +2.6083e+00 -2.4596e-01 -2.2622e-03 -1.1247e+00 +5.8946e-01 -3.1273e+00 +2.5947e+00 +1.0993e+00 -2.4455e+00
274 0 +1.759563429e+01 +1.759563429e+01 +2.006056343e+02 +2.006056343e+02 -2.0944e+00 +2.8161e+00 -2.5192e-01 +1.0019e-01 -1.1729e+00 +5.6553e-01 -3.0796e+00 +2.7088e+00 +1.0291e+00 -2.3613e+00
302 0 +1.673022582e+01 +1.673022582e+01 +1.997402258e+02 +1.997402258e+02 -2.2522e+00 +2.9356e+00 -2.9060e-01 +2.3666e-01 -1.2160e+00 +5.8811e-01 -3.2297e+00 +2.3381e+00 +1.0222e+00 -2.2980e+00
306 0 +1.639365853e+01 +1.639365853e+01 +1.994036585e+02 +1.994036585e+02 -1.8880e+00 +2.8984e+00 -2.1435e-01 +4.3048e-01 -1.1990e+00 +5.5579e-01 -3.4687e+00 +2.5655e+00 +1.1526e+00 -2.6661e+00
313 0 +1.612554279e+01 +1.612554279e+01 +1.991355428e+02 +1.991355428e+02 -2.1507e+00 +2.6658e+00 -2.6172e-01 +4.5243e-01 -1.2133e+00 +5.8410e-01 -3.2332e+00 +2.3730e+00 +1.2515e+00 -2.6318e+00
323 0 +1.581735453e+01 +1.581735453e+01 +1.988273545e+02 +1.988273545e+02 -2.0606e+00 +2.6482e+00 -3.3235e-01 +4.2960e-01 -1.2606e+00 +5.6018e-01 -3.1103e+00 +2.2018e+00 +1.2151e+00 -2.3562e+00
333 0 +1.534703758e+01 +1.534703758e+01 +1.983570376e+02 +1.983570376e+02 -1.6933e+00 +2.8528e+00 -3.6109e-01 +3.9033e-01 -1.2290e+00 +5.4152e-01 -3.1092e+00 +2.7153e+00 +1.3629e+00 -2.4034e+00
342 0 +1.501113860e+01 +1.501113860e+01 +1.980211386e+02 +1.980211386e+02 -1.9132e+00 +2.8349e+00 -3.3925e-01 +4.4249e-01 -1.2828e+00 +5.4643e-01 -3.1270e+00 +2.6359e+00 +1.3877e+00 -2.5952e+00
353 0 +1.477446294e+01 +1.477446294e+01 +1.977844629e+02 +1.977844629e+02 -2.0088e+00 +2.7930e+00 -2.8359e-01 +6.2038e-01 -1.3442e+00 +5.3890e-01 -3.1888e+00 +2.6167e+00 +1.3488e+00 -2.5014e+00
364 0 +1.430675852e+01 +1.430675852e+01 +1.973167585e+02 +1.973167585e+02 -1.8212e+00 +3.0433e+00 -3.2862e-01 +5.2172e-01 -1.3339e+00 +5.4700e-01 -3.3853e+00 +2.6581e+00 +1.4007e+00 -2.5616e+00
384 0 +1.401726700e+01 +1.401726700e+01 +1.970272670e+02 +1.970272670e+02 -1.8709e+00 +3.0229e+00 -3.4269e-01 +4.9977e-01 -1.3274e+00 +5.4463e-01 -3.4185e+00 +2.6479e+00 +1.4368e+00 -2.3843e+00
407 0 +1.366478189e+01 +1.366478189e+01 +1.966747819e+02 +1.966747819e+02 -2.0193e+00 +3.0075e+00 -3.4815e-01 +5.3525e-01 -1.3595e+00 +5.5720e-01 -3.4441e+00 +2.5311e+00 +1.4629e+00 -2.3947e+00
422 0 +1.348375926e+01 +1.348375926e+01 +1.964937593e+02 +1.964937593e+02 -1.8951e+00 +3.0389e+00 -3.4977e-01 +5.7856e-01 -1.3752e+00 +5.6001e-01 -3.4782e+00 +2.4914e+00 +1.4837e+00 -2.3458e+00
465 0 +1.310598486e+01 +1.310598486e+01 +1.961159849e+02 +1.961159849e+02 -2.0915e+00 +3.1187e+00 -3.6086e-01 +6.2555e-01 -1.3900e+00 +5.6363e-01 -3.5454e+00 +2.6219e+00 +1.5099e+00 -2.1936e+00
523 0 +1.285327163e+01 +1.285327163e+01 +1.958632716e+02 +1.958632716e+02 -2.0783e+00 +3.1205e+00 -3.6204e-01 +6.3715e-01 -1.4110e+00 +5.6630e-01 -3.6343e+00 +2.5282e+00 +1.5420e+00 -2.2132e+00
552 0 +1.255218696e+01 +1.255218696e+01 +1.955621870e+02 +1.955621870e+02 -2.1179e+00 +3.1589e+00 -3.8410e-01 +6.4134e-01 -1.4527e+00 +5.7694e-01 -3.6468e+00 +2.6662e+00 +1.5481e+00 -2.1863e+00
577 0 +1.229996996e+01 +1.229996996e+01 +1.953099700e+02 +1.953099700e+02 -1.9628e+00 +3.0992e+00 -3.9490e-01 +6.9130e-01 -1.4767e+00 +5.8099e-01 -3.6731e+00 +2.6310e+00 +1.5756e+00 -2.1703e+00
606 0 +1.200218045e+01 +1.200218045e+01 +1.950121804e+02 +1.950121804e+02 -2.0640e+00 +2.9009e+00 -4.1293e-01 +6.9152e-01 -1.5071e+00 +5.5541e-01 -3.7063e+00 +2.3892e+00 +1.6157e+00 -2.2479e+00
616 0 +1.171642991e+01 +1.171642991e+01 +1.947264299e+02 +1.947264299e+02 -2.1431e+00 +2.6761e+00 -4.9703e-01 +7.9969e-01 -1.5233e+00 +5.6806e-01 -3.5913e+00 +2.1688e+00 +1.6610e+00 -2.0671e+00
630 0 +1.141672745e+01 +1.141672745e+01 +1.944267275e+02 +1.944267275e+02 -1.9575e+00 +2.7502e+00 -4.1607e-01 +9.0700e-01 -1.6284e+00 +5.0052e-01 -3.7242e+00 +2.6030e+00 +1.6640e+00 -2.4863e+00
631 0 +1.121069186e+01 +1.121069186e+01 +1.942206919e+02 +1.942206919e+02 -2.1412e+00 +2.8227e+00 -4.3555e-01 +8.8326e-01 -1.5739e+00 +5.2700e-01 -3.8838e+00 +2.2897e+00 +1.7755e+00 -2.3996e+00
661 0 +1.021065247e+01 +1.021065247e+01 +1.932206525e+02 +1.932206525e+02 -1.8850e+00 +2.6884e+00 -4.5187e-01 +7.5220e-01 -1.8983e+00 +5.0051e-01 -4.0233e+00 +2.4544e+00 +1.6992e+00 -2.2458e+00
669 0 +9.836760229e+00 +9.836760229e+00 +1.928467602e+02 +1.928467602e+02 -2.2847e+00 +2.8087e+00 -5.4086e-01 +1.0475e+00 -1.9028e+00 +4.8937e-01 -4.3346e+00 +2.6355e+00 +1.7582e+00 -1.6623e+00
672 0 +9.678928282e+00 +9.678928282e+00 +1.926889283e+02 +1.926889283e+02 -1.8076e+00 +3.1587e+00 -5.0432e-01 +8.5030e-01 -1.9602e+00 +4.8505e-01 -3.9968e+00 +2.5660e+00 +1.7313e+00 -1.7538e+00
687 0 +9.513978425e+00 +9.513978425e+00 +1.925239784e+02 +1.925239784e+02 -2.2217e+00 +3.2518e+00 -5.1448e-01 +5.3262e-01 -1.9475e+00 +4.3394e-01 -4.1798e+00 +2.7590e+00 +1.8287e+00 -1.9892e+00
696 0 +9.253443304e+00 +9.253443304e+00 +1.922634433e+02 +1.922634433e+02 -2.6760e+00 +3.1210e+00 -5.5972e-01 +3.2446e-01 -2.1064e+00 +4.2819e-01 -3.8318e+00 +2.3273e+00 +1.8812e+00 -1.9105e+00
706 0 +8.479646779e+00 +8.479646779e+00 +1.914896468e+02 +1.914896468e+02 -1.7646e+00 +2.8701e+00 -5.5962e-01 +6.7480e-01 -2.1197e+00 +4.0179e-01 -3.4850e+00 +2.8624e+00 +2.1430e+00 -2.3415e+00
708 0 +7.841262480e+00 +7.841262480e+00 +1.908512625e+02 +1.908512625e+02 -2.1018e+00 +3.0390e+00 -5.6496e-01 +7.2038e-01 -2.2504e+00 +3.7964e-01 -4.2137e+00 +2.7724e+00 +2.0340e+00 -2.3497e+00
734 0 +6.776511727e+00 +6.776511727e+00 +1.897865117e+02 +1.897865117e+02 -2.2454e+00 +3.1605e+00 -7.7286e-01 +9.9510e-01 -2.1297e+00 +5.2805e-01 -4.0490e+00 +2.5667e+00 +2.3800e+00 -1.8521e+00
759 0 +5.909475342e+00 +5.909475342e+00 +1.889194753e+02 +1.889194753e+02 -2.3462e+00 +3.2913e+00 -7.9055e-01 +4.3934e-01 -2.6577e+00 +3.7433e-01 -3.7304e+00 +1.9949e+00 +2.6991e+00 -2.2772e+00
790 0 +5.588547149e+00 +5.588547149e+00 +1.885985471e+02 +1.885985471e+02 -2.5885e+00 +3.4185e+00 -9.2178e-01 +2.3520e-01 -2.8694e+00 +4.8213e-01 -3.5633e+00 +2.9866e+00 +2.5822e+00 -2.3155e+00
805 0 +4.877340148e+00 +4.877340148e+00 +1.878873401e+02 +1.878873401e+02 -2.3873e+00 +3.3236e+00 -1.0244e+00 +1.7678e-01 -2.9925e+00 +4.4994e-01 -3.5550e+00 +2.9343e+00 +2.8641e+00 -2.4255e+00
825 0 +4.571439158e+00 +4.571439158e+00 +1.875814392e+02 +1.875814392e+02 -2.8793e+00 +2.8842e+00 -1.1471e+00 +5.1871e-01 -3.0842e+00 +4.0034e-01 -3.6689e+00 +2.8565e+00 +3.0148e+00 -2.7969e+00
827 0 +4.155073647e+00 +4.155073647e+00 +1.871650736e+02 +1.871650736e+02 -2.5827e+00 +2.6803e+00 -1.1575e+00 +8.2517e-01 -3.1413e+00 +5.0181e-01 -3.4821e+00 +2.5035e+00 +2.9081e+00 -2.8243e+00
939 0 +3.929438578e+00 +3.929438578e+00 +1.869394386e+02 +1.869394386e+02 -2.9359e+00 +3.0418e+00 -1.4733e+00 +8.9807e-01 -3.2726e+00 +3.4822e-01 -5.0495e+00 +2.3427e+00 +3.0130e+00 -2.1005e+00
942 0 +3.219572640e+00 +3.219572640e+00 +1.862295726e+02 +1.862295726e+02 -2.7022e+00 +3.2997e+00 -1.5241e+00 +1.0178e+00 -3.3979e+00 +1.4711e-01 -4.5518e+00 +2.2355e+00 +3.2650e+00 -1.5444e+00
947 0 +3.149134419e+00 +3.149134419e+00 +1.861591344e+02 +1.861591344e+02 -2.2435e+00 +2.9869e+00 -1.7085e+00 +1.0377e+00 -3.2174e+00 +2.2656e-01 -4.7769e+00 +2.7388e+00 +3.2757e+00 -1.2842e+00
975 0 +3.081830639e+00 +3.081830639e+00 +1.860918306e+02 +1.860918306e+02 -2.8490e+00 +3.4882e+00 -1.6318e+00 +1.0414e+00 -3.4391e+00 +8.9895e-02 -4.7230e+00 +2.5497e+00 +3.2199e+00 -1.7864e+00
999 0 +2.380038442e+00 +2.380038442e+00 +1.853900384e+02 +1.853900384e+02 -2.8131e+00 +3.8643e+00 -1.9332e+00 +1.0697e+00 -3.1376e+00 +1.3602e-01 -4.4530e+00 +2.7502e+00 +2.7033e+00 -2.1387e+00
% f evaluations | g evaluations | best noise-free fitness - Fopt | noise-free fitness - Fopt (1.835200000000e+02) | measured fitness | best measured fitness | x1 | x2...
1 0 +5.270377024e+01 +5.270377024e+01 +2.362237702e+02 +2.362237702e+02 +0.0000e+00 +0.0000e+00 +0.0000e+00 +0.0000e+00 +0.0000e+00 +0.0000e+00 +0.0000e+00 +0.0000e+00 +0.0000e+00 +0.0000e+00
5 0 +4.155007691e+01 +4.155007691e+01 +2.250700769e+02 +2.250700769e+02 +6.2917e-01 -2.0433e+00 -3.7631e-01 +5.0207e-01 -5.3370e-03 +7.2560e-01 +1.5649e-01 +1.1221e+00 +1.0082e-01 +2.7563e+00
13 0 +2.715050011e+01 +2.715050011e+01 +2.106705001e+02 +2.106705001e+02 +2.6913e-01 -2.1575e+00 -8.4658e-01 +1.5037e+00 -4.0866e-01 +1.4280e+00 +1.3702e+00 +1.0036e+00 +4.5570e-01 -1.5084e-01
29 0 +2.649345758e+01 +2.649345758e+01 +2.100134576e+02 +2.100134576e+02 +1.0125e+00 -8.8864e-01 -4.1603e-02 -2.0709e+00 +6.3538e-02 -3.2713e-01 +3.7654e+00 +1.1036e+00 +7.5505e-01 +1.2280e-01
31 0 +1.650658378e+01 +1.650658378e+01 +2.000265838e+02 +2.000265838e+02 +6.3374e-01 -2.0794e+00 -2.8329e-01 -2.2166e+00 -1.9078e-01 +1.7710e+00 +3.6586e+00 +8.6854e-01 +2.1717e-01 +1.8475e+00
48 0 +1.160229734e+01 +1.160229734e+01 +1.951222973e+02 +1.951222973e+02 +9.9091e-01 -1.8442e+00 -1.2376e+00 -1.7403e+00 -1.2231e-01 +2.1044e+00 +4.0025e+00 +1.4888e+00 +8.3612e-01 -1.9436e+00
57 0 +9.897764929e+00 +9.897764929e+00 +1.934177649e+02 +1.934177649e+02 +1.0942e+00 -3.5412e+00 -5.4334e-01 -2.5865e+00 -5.1979e-01 +2.1011e+00 +2.8324e+00 +1.2688e+00 +7.0190e-01 -1.7260e+00
61 0 +7.264226051e+00 +7.264226051e+00 +1.907842261e+02 +1.907842261e+02 +8.6798e-01 -2.5226e+00 -8.6940e-01 -2.1993e+00 -2.5742e-01 +2.1691e+00 +3.7610e+00 +1.5516e+00 +8.8961e-01 -1.1610e+00
63 0 +6.714841811e+00 +6.714841811e+00 +1.902348418e+02 +1.902348418e+02 +8.1591e-01 -2.9659e+00 -7.3467e-01 -1.9577e+00 -7.3969e-01 +2.3194e+00 +3.7670e+00 +1.0534e+00 +6.1346e-01 -1.6294e-01
83 0 +4.288861964e+00 +4.288861964e+00 +1.878088620e+02 +1.878088620e+02 +7.3848e-01 -4.5847e+00 -1.8022e+00 -1.7913e+00 +2.1171e-01 +1.9791e+00 +3.3631e+00 +2.2312e+00 +8.6119e-01 +1.1299e+00
92 0 +3.958893153e+00 +3.958893153e+00 +1.874788932e+02 +1.874788932e+02 +4.9166e-01 -4.8762e+00 -2.3323e+00 -1.9886e+00 +2.7576e-01 +1.8449e+00 +4.1358e+00 +1.7472e+00 +8.4237e-01 +5.7461e-01
97 0 +3.339547678e+00 +3.339547678e+00 +1.868595477e+02 +1.868595477e+02 +7.8346e-01 -4.5703e+00 -1.6791e+00 -1.7306e+00 +7.0379e-02 +2.3629e+00 +3.8721e+00 +1.4859e+00 +1.0060e+00 -6.7424e-02
122 0 +3.091813583e+00 +3.091813583e+00 +1.866118136e+02 +1.866118136e+02 +4.0475e-01 -3.7302e+00 -2.1630e+00 -2.0874e+00 +6.8905e-01 +2.4889e+00 +4.1321e+00 +1.8336e+00 +8.0153e-01 -6.1934e-01
124 0 +2.264663674e+00 +2.264663674e+00 +1.857846637e+02 +1.857846637e+02 +4.2087e-01 -3.7930e+00 -2.0718e+00 -1.8303e+00 +4.4786e-01 +2.1704e+00 +3.5638e+00 +1.9817e+00 +9.5858e-01 +3.2865e-01
285 0 +2.219807026e+00 +2.219807026e+00 +1.857398070e+02 +1.857398070e+02 +4.0018e-01 -4.2962e+00 -2.3176e+00 -2.2984e+00 +4.0159e-01 +2.6101e+00 +3.3614e+00 +2.4219e+00 +4.6632e-01 -7.3406e-01
302 0 +1.996091190e+00 +1.996091190e+00 +1.855160912e+02 +1.855160912e+02 +3.4801e-01 -4.5398e+00 -2.6937e+00 -2.1108e+00 +2.8633e-01 +2.6858e+00 +3.9914e+00 +2.4070e+00 +5.0470e-01 -4.0645e-02
323 0 +1.802972316e+00 +1.802972316e+00 +1.853229723e+02 +1.853229723e+02 +1.2689e-01 -4.0131e+00 -2.8429e+00 -2.0633e+00 +2.8794e-01 +2.1905e+00 +3.4932e+00 +2.2961e+00 +4.2907e-01 -4.5236e-01
369 0 +1.716718293e+00 +1.716718293e+00 +1.852367183e+02 +1.852367183e+02 -3.6655e-01 -3.8249e+00 -2.4580e+00 -2.4395e+00 +2.6101e-01 +3.0046e+00 +3.5951e+00 +2.3036e+00 +7.0490e-01 -5.6346e-01
376 0 +1.575637539e+00 +1.575637539e+00 +1.850956375e+02 +1.850956375e+02 -2.6936e-01 -3.5474e+00 -2.1674e+00 -2.3077e+00 +1.5728e-01 +3.1127e+00 +3.5928e+00 +2.3222e+00 +1.0431e+00 -5.9252e-01
453 0 +1.539932870e+00 +1.539932870e+00 +1.850599329e+02 +1.850599329e+02 +1.9814e-01 -3.5148e+00 -1.8961e+00 -2.4969e+00 -1.3244e-01 +2.5401e+00 +3.6882e+00 +1.8316e+00 +1.1163e+00 +1.3354e-01
462 0 +1.123466786e+00 +1.123466786e+00 +1.846434668e+02 +1.846434668e+02 +5.3016e-02 -3.9069e+00 -2.2484e+00 -2.4710e+00 -2.0903e-01 +2.6780e+00 +3.9297e+00 +1.7851e+00 +1.1099e+00 -1.1264e-01
487 0 +1.032562536e+00 +1.032562536e+00 +1.845525625e+02 +1.845525625e+02 -7.0283e-05 -3.9666e+00 -2.1154e+00 -2.4501e+00 -2.4332e-01 +2.5413e+00 +3.7198e+00 +1.7985e+00 +1.1803e+00 +1.8206e-02
496 0 +1.020380211e+00 +1.020380211e+00 +1.845403802e+02 +1.845403802e+02 -4.4405e-02 -4.0330e+00 -2.0679e+00 -2.5541e+00 -2.5581e-01 +2.6245e+00 +3.6487e+00 +1.8739e+00 +1.1939e+00 -8.1749e-02
504 0 +9.892918848e-01 +9.892918848e-01 +1.845092919e+02 +1.845092919e+02 +2.0474e-02 -3.9106e+00 -2.0585e+00 -2.5232e+00 -2.1697e-01 +2.5375e+00 +3.6414e+00 +1.9510e+00 +1.2071e+00 +1.1413e-01
515 0 +9.620874484e-01 +9.620874484e-01 +1.844820874e+02 +1.844820874e+02 +9.1297e-03 -3.9969e+00 -1.9756e+00 -2.3780e+00 -2.2976e-01 +2.4942e+00 +3.6349e+00 +1.9221e+00 +1.1615e+00 +1.5797e-01
522 0 +7.731243840e-01 +7.731243840e-01 +1.842931244e+02 +1.842931244e+02 +8.6490e-02 -4.1155e+00 -2.1697e+00 -2.3978e+00 -2.5808e-01 +2.5348e+00 +3.5659e+00 +1.9349e+00 +1.1609e+00 -2.6852e-01
531 0 +7.521129064e-01 +7.521129064e-01 +1.842721129e+02 +1.842721129e+02 +6.8492e-02 -4.0039e+00 -1.9617e+00 -2.3075e+00 -2.6001e-01 +2.5799e+00 +3.7925e+00 +2.0632e+00 +1.1837e+00 +9.4281e-02
560 0 +6.003499203e-01 +6.003499203e-01 +1.841203499e+02 +1.841203499e+02 +1.0280e-01 -3.9674e+00 -2.0229e+00 -2.3908e+00 -3.5685e-01 +2.5229e+00 +3.8095e+00 +2.1352e+00 +1.2040e+00 +1.0140e-02
562 0 +5.818402662e-01 +5.818402662e-01 +1.841018403e+02 +1.841018403e+02 +9.3067e-02 -4.0813e+00 -2.1413e+00 -2.2769e+00 -3.8183e-01 +2.6638e+00 +4.0648e+00 +2.2013e+00 +1.2175e+00 -2.6289e-01
578 0 +5.217794971e-01 +5.217794971e-01 +1.840417795e+02 +1.840417795e+02 -1.8629e-01 -3.8602e+00 -2.1520e+00 -2.1309e+00 -6.0828e-01 +2.6862e+00 +4.1412e+00 +2.2354e+00 +1.2210e+00 -2.9223e-01
612 0 +5.025898374e-01 +5.025898374e-01 +1.840225898e+02 +1.840225898e+02 -2.2679e-02 -3.8114e+00 -1.8584e+00 -2.0826e+00 -5.3242e-01 +2.7598e+00 +3.7451e+00 +2.5349e+00 +1.2033e+00 +1.8849e-01
620 0 +4.251026717e-01 +4.251026717e-01 +1.839451027e+02 +1.839451027e+02 -6.4409e-02 -3.8003e+00 -2.1225e+00 -2.1003e+00 -4.8836e-01 +2.8496e+00 +3.8292e+00 +2.4831e+00 +1.2640e+00 -5.0809e-01
667 0 +2.617456782e-01 +2.617456782e-01 +1.837817457e+02 +1.837817457e+02 -5.8093e-02 -3.8714e+00 -2.1530e+00 -2.0900e+00 -6.7175e-01 +2.2862e+00 +3.6198e+00 +2.4605e+00 +1.2800e+00 -4.9225e-01
906 0 +2.451594752e-01 +2.451594752e-01 +1.837651595e+02 +1.837651595e+02 +1.4418e-02 -3.9627e+00 -2.2217e+00 -2.0103e+00 -6.9963e-01 +2.2266e+00 +3.5441e+00 +2.4217e+00 +1.3778e+00 -1.4001e-01
915 0 +2.117290430e-01 +2.117290430e-01 +1.837317290e+02 +1.837317290e+02 +5.4853e-02 -3.9343e+00 -2.2539e+00 -1.9895e+00 -6.7655e-01 +2.3476e+00 +3.7340e+00 +2.3597e+00 +1.3722e+00 -2.3704e-01
928 0 +2.060776737e-01 +2.060776737e-01 +1.837260777e+02 +1.837260777e+02 -1.1601e-03 -3.9133e+00 -2.2413e+00 -1.9590e+00 -6.3056e-01 +2.3782e+00 +3.8251e+00 +2.4627e+00 +1.3822e+00 -1.4510e-01
% f evaluations | g evaluations | best noise-free fitness - Fopt | noise-free fitness - Fopt (-5.938400000000e+02) | measured fitness | best measured fitness | x1 | x2...
1 0 +5.029698816e+01 +5.029698816e+01 -5.435430118e+02 -5.435430118e+02 +0.0000e+00 +0.0000e+00 +0.0000e+00 +0.0000e+00 +0.0000e+00 +0.0000e+00 +0.0000e+00 +0.0000e+00 +0.0000e+00 +0.0000e+00
3 0 +4.012898790e+01 +4.012898790e+01 -5.537110121e+02 -5.537110121e+02 -4.8340e-01 -1.1453e+00 +2.5039e-01 +4.2123e-01 +2.9152e+00 +1.8607e+00 -3.4563e-02 -5.3533e-02 -1.2901e-01 +2.7959e-01
24 0 +3.055422503e+01 +3.055422503e+01 -5.632857750e+02 -5.632857750e+02 -1.3475e+00 +2.2377e-01 -8.9026e-02 +3.1200e-01 -1.1505e-01 +9.0547e-02 -1.0139e+00 -1.7253e+00 -1.9408e-01 +7.5624e-01
35 0 +2.633985169e+01 +2.633985169e+01 -5.675001483e+02 -5.675001483e+02 -1.1419e+00 -1.0953e+00 +1.7445e-01 +3.2426e-01 -1.4137e-01 +9.2002e-01 -1.1952e+00 -8.4946e-01 -8.7640e-01 +4.8281e-01
44 0 +2.627983164e+01 +2.627983164e+01 -5.675601684e+02 -5.675601684e+02 -2.5092e+00 -3.7586e-01 -5.6683e-02 +2.7384e-01 +5.1924e-01 -5.4340e-01 -1.6687e+00 -1.1483e+00 -2.4474e-01 +1.7725e+00
50 0 +2.558222447e+01 +2.558222447e+01 -5.682577755e+02 -5.682577755e+02 -3.9583e+00 -5.1575e-01 +7.2255e-02 +3.5559e-01 +1.0950e+00 +6.4688e-01 -4.2459e-01 -9.1267e-01 -7.1240e-01 +2.4073e+00
57 0 +1.870353473e+01 +1.870353473e+01 -5.751364653e+02 -5.751364653e+02 -1.8966e+00 +1.3228e+00 -5.6385e-02 -1.5502e-01 +1.3399e+00 +8.7662e-01 -1.6743e+00 -1.7596e+00 -8.9583e-01 +2.5386e+00
62 0 +1.538730347e+01 +1.538730347e+01 -5.784526965e+02 -5.784526965e+02 -1.4267e+00 +4.3944e-01 -3.4365e-01 +5.9945e-01 +1.1300e+00 +1.3768e+00 -1.3942e+00 -1.8175e+00 -9.7882e-01 +2.7240e+00
67 0 +1.511763138e+01 +1.511763138e+01 -5.787223686e+02 -5.787223686e+02 -2.5099e+00 +4.5568e-01 -2.9719e-01 +5.1959e-01 +2.6861e+00 +1.0478e+00 -1.7918e+00 -1.0572e+00 -1.0928e+00 +2.6719e+00
68 0 +1.478294499e+01 +1.478294499e+01 -5.790570550e+02 -5.790570550e+02 -2.7575e+00 +5.5745e-01 -2.6558e-01 +6.9828e-01 +2.8316e+00 +1.9068e+00 -1.5900e+00 -1.4893e+00 -8.6045e-01 +2.7837e+00
71 0 +1.091534880e+01 +1.091534880e+01 -5.829246512e+02 -5.829246512e+02 -2.3204e+00 +2.4335e-01 -2.9057e-01 +7.1827e-01 +2.8481e+00 +1.4016e+00 -2.6427e+00 -1.8655e+00 -1.1492e+00 +1.9921e+00
72 0 +1.007952424e+01 +1.007952424e+01 -5.837604758e+02 -5.837604758e+02 -2.0884e+00 +4.2808e-01 -2.6308e-01 +6.5867e-01 +2.4176e+00 +1.6420e+00 -2.4972e+00 -1.8887e+00 -1.1693e+00 +1.8711e+00
82 0 +8.415982981e+00 +8.415982981e+00 -5.854240170e+02 -5.854240170e+02 -2.6554e+00 +6.2350e-01 -6.3948e-02 +7.0069e-01 +2.4107e+00 +1.6302e+00 -2.6651e+00 -1.5232e+00 -1.3989e+00 +1.9400e+00
89 0 +7.766651694e+00 +7.766651694e+00 -5.860733483e+02 -5.860733483e+02 -1.7541e+00 -8.1747e-02 -3.4151e-01 +8.5168e-01 +2.0125e+00 +1.4567e+00 -3.0020e+00 -1.6982e+00 -1.4561e+00 +1.8879e+00
98 0 +6.994674699e+00 +6.994674699e+00 -5.868453253e+02 -5.868453253e+02 -2.5245e+00 +2.2699e-01 -3.9386e-01 +1.0533e+00 +1.0254e+00 +1.6062e+00 -2.7310e+00 -2.3739e+00 -1.4355e+00 +1.9040e+00
126 0 +6.104154402e+00 +6.104154402e+00 -5.877358456e+02 -5.877358456e+02 -2.6265e+00 -8.5697e-02 -1.6761e-01 +9.5849e-01 +1.2875e+00 +1.8649e+00 -2.8901e+00 -3.1087e+00 -1.9493e+00 +1.9643e+00
348 0 +5.910496069e+00 +5.910496069e+00 -5.879295039e+02 -5.879295039e+02 -1.9542e+00 -3.8245e-01 -3.5203e-01 +9.5627e-01 +1.5943e+00 +2.4800e+00 -4.3021e+00 -3.2678e+00 -2.5996e+00 +2.2573e+00
728 0 +5.784633549e+00 +5.784633549e+00 -5.880553665e+02 -5.880553665e+02 -2.5783e+00 +9.2196e-01 -5.1052e-01 +3.5629e+00 +1.3653e+00 +2.4579e+00 -2.9966e+00 -2.8918e+00 -2.7638e+00 +2.0246e+00
729 0 +4.909101283e+00 +4.909101283e+00 -5.889308987e+02 -5.889308987e+02 -2.4862e+00 -3.6885e-02 -2.2869e-01 +3.5988e+00 +2.1454e+00 +2.3620e+00 -3.0373e+00 -2.6993e+00 -2.7200e+00 +2.6051e+00
732 0 +4.499372800e+00 +4.499372800e+00 -5.893406272e+02 -5.893406272e+02 -2.4835e+00 +2.0455e-01 -3.8512e-01 +3.5937e+00 +1.3201e+00 +2.7152e+00 -3.0346e+00 -2.6967e+00 -2.8236e+00 +2.5146e+00
736 0 +4.021580799e+00 +4.021580799e+00 -5.898184192e+02 -5.898184192e+02 -2.5938e+00 +7.8640e-02 -2.5822e-01 +3.5525e+00 +1.3579e+00 +3.0371e+00 -3.1066e+00 -2.4984e+00 -2.6799e+00 +2.2637e+00
746 0 +3.933861252e+00 +3.933861252e+00 -5.899061387e+02 -5.899061387e+02 -2.7312e+00 +7.3021e-02 -1.7285e-01 +3.6092e+00 +1.6729e+00 +2.7101e+00 -2.9675e+00 -2.4206e+00 -2.8393e+00 +2.0198e+00
752 0 +3.380863039e+00 +3.380863039e+00 -5.904591370e+02 -5.904591370e+02 -2.3088e+00 +1.0392e-01 -1.9753e-01 +3.5399e+00 +1.6401e+00 +2.4783e+00 -2.8531e+00 -1.5599e+00 -2.9452e+00 +2.1364e+00
770 0 +2.931699983e+00 +2.931699983e+00 -5.909083000e+02 -5.909083000e+02 -2.7339e+00 +7.0542e-02 -2.9165e-01 +3.3354e+00 +1.4682e+00 +1.9365e+00 -3.3343e+00 -1.6738e+00 -2.7750e+00 +1.7990e+00
777 0 +2.345355859e+00 +2.345355859e+00 -5.914946441e+02 -5.914946441e+02 -2.5756e+00 +2.2022e-01 -6.3099e-02 +3.3864e+00 +1.3781e+00 +2.3715e+00 -3.5765e+00 -1.9799e+00 -2.7164e+00 +1.8916e+00
788 0 +2.195663937e+00 +2.195663937e+00 -5.916443361e+02 -5.916443361e+02 -2.6389e+00 +3.1455e-01 -7.1047e-02 +3.3658e+00 +1.6430e+00 +2.6136e+00 -3.5943e+00 -1.7955e+00 -2.7856e+00 +2.4668e+00
806 0 +2.128714249e+00 +2.128714249e+00 -5.917112858e+02 -5.917112858e+02 -2.9543e+00 -2.1718e-01 -1.1381e-01 +3.2323e+00 +1.3331e+00 +2.7169e+00 -3.6033e+00 -1.7274e+00 -2.7074e+00 +2.1870e+00
825 0 +2.039999374e+00 +2.039999374e+00 -5.918000006e+02 -5.918000006e+02 -2.5978e+00 +6.6496e-02 -2.2247e-02 +3.3342e+00 +1.4526e+00 +2.5037e+00 -3.7558e+00 -1.8643e+00 -2.6210e+00 +2.2456e+00
873 0 +1.869858145e+00 +1.869858145e+00 -5.919701419e+02 -5.919701419e+02 -2.5719e+00 +2.2215e-01 +1.0296e-01 +3.3134e+00 +1.4161e+00 +2.5483e+00 -3.8081e+00 -1.8400e+00 -2.6581e+00 +2.1524e+00
884 0 +1.802625309e+00 +1.802625309e+00 -5.920373747e+02 -5.920373747e+02 -2.6593e+00 +3.6770e-01 +1.5654e-01 +3.2937e+00 +1.3715e+00 +2.5053e+00 -3.7905e+00 -1.7612e+00 -2.6537e+00 +2.3053e+00
910 0 +1.758233268e+00 +1.758233268e+00 -5.920817667e+02 -5.920817667e+02 -2.7719e+00 +2.2640e-01 +1.6951e-01 +3.2911e+00 +1.1978e+00 +2.4063e+00 -3.7869e+00 -1.6896e+00 -2.7074e+00 +2.2144e+00
922 0 +1.736470946e+00 +1.736470946e+00 -5.921035291e+02 -5.921035291e+02 -2.5858e+00 -3.5303e-02 +2.1757e-01 +3.2969e+00 +1.2049e+00 +2.4932e+00 -3.7673e+00 -1.7147e+00 -2.7044e+00 +2.0511e+00
935 0 +1.631168734e+00 +1.631168734e+00 -5.922088313e+02 -5.922088313e+02 -2.6465e+00 +7.7059e-02 +2.5450e-01 +3.3005e+00 +1.3121e+00 +2.3545e+00 -3.7673e+00 -1.7590e+00 -2.7383e+00 +2.1650e+00
949 0 +1.579262368e+00 +1.579262368e+00 -5.922607376e+02 -5.922607376e+02 -2.5104e+00 +6.4689e-02 +2.2773e-01 +3.2647e+00 +1.2165e+00 +2.4149e+00 -3.7300e+00 -1.6919e+00 -2.7468e+00 +2.1101e+00
964 0 +1.516500840e+00 +1.516500840e+00 -5.923234992e+02 -5.923234992e+02 -2.5320e+00 +1.4772e-01 +1.9750e-01 +3.2372e+00 +1.2557e+00 +2.4411e+00 -3.7438e+00 -1.7574e+00 -2.7123e+00 +2.2927e+00
979 0 +1.506674388e+00 +1.506674388e+00 -5.923333256e+02 -5.923333256e+02 -2.3323e+00 +3.3737e-01 +2.5060e-01 +3.2154e+00 +1.4146e+00 +2.6136e+00 -3.6449e+00 -1.7382e+00 -2.7669e+00 +2.3509e+00
% f evaluations | g evaluations | best noise-free fitness - Fopt | noise-free fitness - Fopt (-1.000000000000e+03) | measured fitness | best measured fitness | x1 | x2...
1 0 +7.877356288e+01 +7.877356288e+01 -9.212264371e+02 -9.212264371e+02 +0.0000e+00 +0.0000e+00 +0.0000e+00 +0.0000e+00 +0.0000e+00 +0.0000e+00 +0.0000e+00 +0.0000e+00 +0.0000e+00 +0.0000e+00
2 0 +5.618968074e+01 +5.618968074e+01 -9.438103193e+02 -9.438103193e+02 -5.8865e-01 +2.1654e+00 -3.4938e-01 -5.6406e-01 +6.0080e-02 -2.6524e-02 +1.1920e-02 -6.5750e-02 -3.0266e-02 +3.5245e-01
26 0 +5.080422627e+01 +5.080422627e+01 -9.491957737e+02 -9.491957737e+02 -1.4758e+00 +2.9326e+00 -5.2196e-01 -9.4700e-02 +1.9035e-02 -4.7448e-02 +3.2366e-01 +1.4340e-01 +3.5602e-01 -2.1621e-01
46 0 +4.925796324e+01 +4.925796324e+01 -9.507420368e+02 -9.507420368e+02 -2.3215e+00 +3.9413e+00 -4.5906e-01 +2.2729e-01 -4.1594e-02 -5.9439e-03 +3.5185e-01 +6.7054e-02 +2.2432e-01 -3.9842e-01
49 0 +4.856822586e+01 +4.856822586e+01 -9.514317741e+02 -9.514317741e+02 -1.6302e+00 +3.0283e+00 -5.8245e-01 +1.2379e-01 -1.2843e-01 -2.5603e-03 +3.1555e-01 +1.6542e-01 -2.6713e-01 -2.1888e-02
69 0 +4.540394131e+01 +4.540394131e+01 -9.545960587e+02 -9.545960587e+02 -2.4901e+00 +3.9473e+00 -1.4960e+00 +3.3747e-02 -3.2867e-01 +2.7244e-02 +3.9801e-01 +2.4746e-02 +2.6177e-01 -8.4042e-01
72 0 +4.116825575e+01 +4.116825575e+01 -9.588317442e+02 -9.588317442e+02 -1.9866e+00 +3.2025e+00 -1.8238e+00 -1.0012e+00 -2.1902e-01 +4.9578e-02 +4.6096e-01 +2.7961e-01 -2.1307e-01 -1.2226e+00
83 0 +4.061524850e+01 +4.061524850e+01 -9.593847515e+02 -9.593847515e+02 -2.5394e+00 +2.7982e+00 -1.1973e+00 -6.5800e-01 -1.1772e-01 +1.4467e-01 +1.9788e-01 -2.9792e-02 -7.8293e-01 -4.4211e-01
85 0 +3.930069680e+01 +3.930069680e+01 -9.606993032e+02 -9.606993032e+02 -6.3077e+00 +3.1468e+00 -1.5464e+00 -2.5356e+00 -2.2504e-01 -3.1452e-02 +4.9219e-01 +1.5994e-01 -1.5829e+00 -7.8180e-01
103 0 +3.201112628e+01 +3.201112628e+01 -9.679888737e+02 -9.679888737e+02 -5.2982e+00 +2.3278e+00 -2.1604e+00 -1.7542e+00 -2.1949e-02 +9.0398e-02 +4.9779e-01 +3.4965e-01 +8.3619e-01 +1.0007e+00
116 0 +2.875793411e+01 +2.875793411e+01 -9.712420659e+02 -9.712420659e+02 -2.4620e+00 +2.7730e+00 -4.0587e+00 -2.8611e+00 +3.3033e-01 +1.4316e-02 +3.0167e-01 +1.1603e-01 +2.5337e-01 -4.4603e-03
145 0 +2.485080198e+01 +2.485080198e+01 -9.751491980e+02 -9.751491980e+02 -2.3786e+00 +3.1315e+00 -4.9238e+00 -2.3162e+00 +6.8210e-01 +2.3537e-02 +7.0322e-01 +2.4383e-01 -3.9048e+00 +1.8161e+00
152 0 +2.056793554e+01 +2.056793554e+01 -9.794320645e+02 -9.794320645e+02 -3.0845e+00 +4.2112e+00 -5.0009e+00 -2.0766e+00 +8.8834e-01 +2.2841e-02 +9.6277e-01 +1.7934e-01 -3.7301e+00 +1.4804e+00
196 0 +1.812292341e+01 +1.812292341e+01 -9.818770766e+02 -9.818770766e+02 -3.3664e+00 +4.7400e+00 -4.2389e+00 -3.1465e+00 +6.2404e-01 +1.0786e-01 +1.5360e+00 +8.8929e-01 -3.9408e+00 +1.0496e+00
201 0 +1.458209296e+01 +1.458209296e+01 -9.854179070e+02 -9.854179070e+02 -2.7362e+00 +4.9256e+00 -5.2751e+00 -3.4470e+00 +1.0890e+00 +6.6890e-02 +1.3644e+00 +1.2541e+00 -2.1316e+00 +1.9061e+00
% f evaluations | g evaluations | best noise-free fitness - Fopt | noise-free fitness - Fopt (-2.531000000000e+01) | measured fitness | best measured fitness | x1 | x2...
1 0 +5.974718016e+01 +5.974718016e+01 +3.443718016e+01 +3.443718016e+01 +0.0000e+00 +0.0000e+00 +0.0000e+00 +0.0000e+00 +0.0000e+00 +0.0000e+00 +0.0000e+00 +0.0000e+00 +0.0000e+00 +0.0000e+00
2 0 +5.540769450e+01 +5.540769450e+01 +3.009769450e+01 +3.009769450e+01 +4.3867e-01 -1.1328e+00 +5.8883e-01 +2.1680e+00 +2.4442e-01 -1.3564e+00 +2.9665e-01 -1.6894e-02 +3.3194e-01 +1.6785e+00
6 0 +5.217268048e+01 +5.217268048e+01 +2.686268048e+01 +2.686268048e+01 +6.1741e-01 -1.1112e+00 -4.9895e-01 +2.2830e+00 +1.6727e-02 +8.2487e-01 -1.3826e-01 +3.9727e-01 -1.1602e+00 +8.4933e-01
15 0 +5.124561639e+01 +5.124561639e+01 +2.593561639e+01 +2.593561639e+01 +1.5930e-01 -7.2550e-01 -1.2828e-01 +1.3704e+00 -5.5808e-01 -1.8321e-01 -2.8649e-01 -2.4933e-01 -1.3150e+00 +1.2639e+00
17 0 +4.594258729e+01 +4.594258729e+01 +2.063258729e+01 +2.063258729e+01 +1.1797e+00 -7.6701e-01 -7.9321e-01 +1.2129e+00 +8.2337e-01 +6.8626e-02 +1.3086e-01 +9.2784e-01 -9.5856e-01 +1.1512e+00
26 0 +4.550785660e+01 +4.550785660e+01 +2.019785660e+01 +2.019785660e+01 +8.6269e-01 -5.9676e-01 -8.3493e-01 +1.6019e+00 +1.0145e+00 +3.4899e-01 +2.5410e-02 +1.1816e+00 -9.2843e-01 +9.4817e-01
30 0 +3.619095499e+01 +3.619095499e+01 +1.088095499e+01 +1.088095499e+01 +1.5815e+00 -7.7326e-01 -3.9273e-01 +1.5398e+00 +1.0600e+00 -1.1382e+00 -1.6065e-01 +9.6039e-01 -1.4108e+00 +1.8857e+00
40 0 +2.804093517e+01 +2.804093517e+01 +2.730935168e+00 +2.730935168e+00 +1.6208e+00 -9.2141e-02 -7.5132e-02 +2.3292e+00 +1.2767e+00 -3.7173e-01 -4.7749e-02 +9.8996e-01 -1.5412e+00 +1.0650e+00
45 0 +2.685728839e+01 +2.685728839e+01 +1.547288390e+00 +1.547288390e+00 +2.1231e+00 -4.5616e-01 -6.1818e-01 +1.9631e+00 +1.6032e+00 -1.3860e+00 +1.0730e-01 +8.1589e-01 -2.3760e+00 +1.3671e+00
53 0 +2.257593543e+01 +2.257593543e+01 -2.734064570e+00 -2.734064570e+00 +2.2393e+00 +1.2815e-01 -2.8636e-01 +1.3807e+00 +2.1855e+00 -1.8505e+00 -1.0617e-01 +4.6517e-01 -2.5196e+00 +2.2176e+00
62 0 +2.096470476e+01 +2.096470476e+01 -4.345295243e+00 -4.345295243e+00 +1.8805e+00 +5.3123e-01 -9.6992e-03 +2.1589e+00 +2.3711e+00 -1.8503e+00 -1.2801e-01 +1.7227e-01 -2.0350e+00 +2.7844e+00
63 0 +1.989238520e+01 +1.989238520e+01 -5.417614801e+00 -5.417614801e+00 +2.5074e+00 +1.2130e-01 -1.0797e-01 +1.7061e+00 +3.0015e+00 -1.5305e+00 +4.5078e-02 +5.6296e-01 -3.1077e+00 +1.7831e+00
76 0 +1.945147282e+01 +1.945147282e+01 -5.858527183e+00 -5.858527183e+00 +1.9153e+00 +2.9889e-01 +1.2922e-01 +1.8761e+00 +2.3253e+00 -2.0228e+00 +4.0123e-02 +1.0655e-01 -2.3836e+00 +1.4547e+00
77 0 +1.742289176e+01 +1.742289176e+01 -7.887108243e+00 -7.887108243e+00 +2.5734e+00 +5.2743e-02 +4.5234e-02 +3.7062e+00 +2.6431e+00 -2.0301e+00 -2.3299e-01 +1.1752e+00 -2.8327e+00 +1.4288e+00
78 0 +1.629451942e+01 +1.629451942e+01 -9.015480578e+00 -9.015480578e+00 +2.5588e+00 +6.7726e-01 +4.9734e-01 +1.5744e+00 +3.0033e+00 -1.6811e+00 -4.3026e-01 +2.8893e-01 -2.2959e+00 +2.1444e+00
89 0 +1.129048292e+01 +1.129048292e+01 -1.401951708e+01 -1.401951708e+01 +2.7488e+00 +1.2422e+00 +1.2889e+00 +2.2675e+00 +2.4756e+00 -8.9845e-01 -3.2155e-01 -5.1748e-01 -2.7471e+00 +1.8895e+00
98 0 +1.109273399e+01 +1.109273399e+01 -1.421726601e+01 -1.421726601e+01 +3.6740e+00 +2.8847e+00 +6.1344e-02 +3.9419e+00 +4.7557e+00 -7.0369e-01 -5.9456e-01 +3.5962e-01 -4.4642e+00 +1.6600e+00
148 0 +1.060911492e+01 +1.060911492e+01 -1.470088508e+01 -1.470088508e+01 +3.8748e+00 +4.8704e+00 +2.2130e+00 +3.6935e+00 +2.6824e+00 -2.9573e+00 -9.5452e-01 +1.8993e+00 -4.7677e+00 +7.0109e-01
215 0 +1.001270949e+01 +1.001270949e+01 -1.529729051e+01 -1.529729051e+01 +2.9304e+00 +3.7683e+00 +7.0655e-01 +4.3413e+00 +2.2345e+00 -3.9165e-02 +1.8195e-01 +6.1327e-01 -2.2107e+00 +4.2071e-01
487 0 +6.154746195e+00 +6.154746195e+00 -1.915525381e+01 -1.915525381e+01 +3.1034e+00 +4.0457e+00 -3.5617e-01 +3.0994e+00 +1.8633e+00 -1.6631e+00 +1.3537e-01 +3.9197e-01 -3.6207e+00 +1.8102e+00
503 0 +5.697237159e+00 +5.697237159e+00 -1.961276284e+01 -1.961276284e+01 +2.1602e+00 +3.8456e+00 -4.5370e-02 +3.9335e+00 +2.6320e+00 -2.0441e+00 -5.0310e-01 -2.2062e-01 -2.5791e+00 +6.9890e-01
509 0 +4.786982625e+00 +4.786982625e+00 -2.052301737e+01 -2.052301737e+01 +2.9016e+00 +4.6044e+00 +2.2789e-02 +3.3527e+00 +3.2655e+00 -2.4547e+00 -1.1166e+00 -3.5497e-02 -2.5086e+00 +6.3819e-01
530 0 +4.415204597e+00 +4.415204597e+00 -2.089479540e+01 -2.089479540e+01 +2.3775e+00 +4.0850e+00 +1.4259e-01 +3.8366e+00 +2.4268e+00 -1.2643e+00 -1.0862e+00 +6.2629e-01 -3.9166e+00 -5.4169e-02
543 0 +1.641690945e+00 +1.641690945e+00 -2.366830906e+01 -2.366830906e+01 +3.4102e+00 +3.9503e+00 +1.1311e+00 +2.4992e+00 +3.0684e+00 -1.2464e+00 -1.4696e+00 +6.4116e-02 -3.6360e+00 +7.1398e-01
558 0 +1.441641505e+00 +1.441641505e+00 -2.386835850e+01 -2.386835850e+01 +3.8757e+00 +3.3878e+00 +1.3331e+00 +2.9316e+00 +2.1093e+00 -1.1836e+00 -1.7983e+00 +5.4599e-01 -4.1020e+00 +9.4875e-01
613 0 +1.249282066e+00 +1.249282066e+00 -2.406071793e+01 -2.406071793e+01 +4.0353e+00 +3.1971e+00 +1.4509e+00 +2.9924e+00 +2.5196e+00 -1.7940e+00 -1.8243e+00 +5.3811e-01 -3.5410e+00 +4.2824e-01
615 0 +9.967381079e-01 +9.967381079e-01 -2.431326189e+01 -2.431326189e+01 +4.0981e+00 +3.6161e+00 +1.0667e+00 +2.7152e+00 +1.9252e+00 -1.7049e+00 -1.7675e+00 +4.1312e-01 -3.3286e+00 +7.0915e-01
619 0 +8.278821902e-01 +8.278821902e-01 -2.448211781e+01 -2.448211781e+01 +4.1649e+00 +3.3077e+00 +1.2054e+00 +3.0007e+00 +2.4420e+00 -1.7121e+00 -1.8335e+00 +1.5620e-01 -3.5863e+00 +7.1334e-01
626 0 +6.995783566e-01 +6.995783566e-01 -2.461042164e+01 -2.461042164e+01 +3.8869e+00 +3.2201e+00 +1.1449e+00 +3.0652e+00 +2.5019e+00 -1.5253e+00 -1.9062e+00 +2.4682e-01 -3.8412e+00 +7.9059e-01
641 0 +5.726428907e-01 +5.726428907e-01 -2.473735711e+01 -2.473735711e+01 +3.8184e+00 +3.2334e+00 +1.2451e+00 +2.9682e+00 +2.3246e+00 -1.8429e+00 -1.8478e+00 +3.7167e-01 -3.7459e+00 +1.0361e+00
735 0 +4.663715142e-01 +4.663715142e-01 -2.484362849e+01 -2.484362849e+01 +3.6494e+00 +3.6935e+00 +1.2938e+00 +3.1554e+00 +2.3814e+00 -2.0637e+00 -1.6904e+00 +5.6898e-01 -3.5300e+00 +8.2945e-01
743 0 +3.364560667e-01 +3.364560667e-01 -2.497354393e+01 -2.497354393e+01 +3.8574e+00 +3.7282e+00 +9.1660e-01 +3.1542e+00 +2.4201e+00 -1.9961e+00 -1.6966e+00 +5.3063e-01 -3.3162e+00 +9.2768e-01
767 0 +2.229198196e-01 +2.229198196e-01 -2.508708018e+01 -2.508708018e+01 +3.7016e+00 +3.5394e+00 +1.1176e+00 +3.1099e+00 +2.3295e+00 -1.8569e+00 -1.5245e+00 +4.8111e-01 -3.3730e+00 +8.6351e-01
778 0 +1.736043234e-01 +1.736043234e-01 -2.513639568e+01 -2.513639568e+01 +3.6125e+00 +3.5894e+00 +8.0225e-01 +3.0542e+00 +2.2896e+00 -1.8942e+00 -1.6824e+00 +5.4901e-01 -3.3195e+00 +8.7026e-01
801 0 +1.481611517e-01 +1.481611517e-01 -2.516183885e+01 -2.516183885e+01 +3.6396e+00 +3.6215e+00 +8.9115e-01 +3.2769e+00 +2.3043e+00 -1.8020e+00 -1.6616e+00 +5.5652e-01 -3.3543e+00 +9.2151e-01
806 0 +1.054037308e-01 +1.054037308e-01 -2.520459627e+01 -2.520459627e+01 +3.6230e+00 +3.6610e+00 +9.3038e-01 +3.1708e+00 +2.3881e+00 -1.7170e+00 -1.6290e+00 +4.5020e-01 -3.4453e+00 +8.2148e-01
825 0 +6.611749155e-02 +6.611749155e-02 -2.524388251e+01 -2.524388251e+01 +3.5553e+00 +3.5899e+00 +9.0850e-01 +3.2565e+00 +2.3338e+00 -1.7394e+00 -1.5220e+00 +3.0630e-01 -3.5133e+00 +8.4351e-01
944 0 +6.149563954e-02 +6.149563954e-02 -2.524850436e+01 -2.524850436e+01 +3.5010e+00 +3.4176e+00 +8.0479e-01 +3.1835e+00 +2.4393e+00 -1.8219e+00 -1.5931e+00 +3.0553e-01 -3.6096e+00 +9.6561e-01
952 0 +5.959822701e-02 +5.959822701e-02 -2.525040177e+01 -2.525040177e+01 +3.4070e+00 +3.5840e+00 +8.3417e-01 +3.0615e+00 +2.3326e+00 -1.8402e+00 -1.5725e+00 +2.5568e-01 -3.5695e+00 +9.4504e-01
955 0 +3.964212497e-02 +3.964212497e-02 -2.527035788e+01 -2.527035788e+01 +3.4904e+00 +3.5210e+00 +9.3025e-01 +3.2004e+00 +2.4131e+00 -1.8042e+00 -1.6040e+00 +3.1405e-01 -3.5316e+00 +8.4715e-01
% f evaluations | g evaluations | best noise-free fitness - Fopt | noise-free fitness - Fopt (2.228000000000e+01) | measured fitness | best measured fitness | x1 | x2...
1 0 +5.305471360e+01 +5.305471360e+01 +7.533471360e+01 +7.533471360e+01 +0.0000e+00 +0.0000e+00 +0.0000e+00 +0.0000e+00 +0.0000e+00 +0.0000e+00 +0.0000e+00 +0.0000e+00 +0.0000e+00 +0.0000e+00
6 0 +4.983452771e+01 +4.983452771e+01 +7.211452771e+01 +7.211452771e+01 -5.4462e-01 -1.3295e-01 +7.9549e-01 +2.2994e-02 -9.1903e-01 -3.2658e-03 -1.0606e+00 +1.8637e-01 +1.1396e+00 -9.6586e-03
16 0 +4.877949446e+01 +4.877949446e+01 +7.105949446e+01 +7.105949446e+01 +8.4140e-02 -8.8777e-02 +1.3409e-01 +3.6672e-01 +8.2659e-01 -1.9655e-03 -5.5687e-01 +1.0860e+00 +9.4119e-01 +8.4090e-02
17 0 +4.642007475e+01 +4.642007475e+01 +6.870007475e+01 +6.870007475e+01 -3.9966e-02 -2.4047e-01 +3.4749e-01 -3.2942e-01 -2.4816e+00 -2.5115e-03 -1.6480e+00 -3.0497e-01 +2.0118e+00 -6.5580e-02
19 0 +4.445665836e+01 +4.445665836e+01 +6.673665836e+01 +6.673665836e+01 -3.3075e-01 -6.9574e-01 +7.3277e-01 -6.8287e-02 -6.1844e-01 -2.8400e-04 +1.2346e+00 +3.6751e-01 +1.9562e+00 +5.4497e-02
25 0 +4.031709410e+01 +4.031709410e+01 +6.259709410e+01 +6.259709410e+01 -1.9496e-01 -7.6472e-01 +6.1916e-01 +2.8310e-02 -1.5586e+00 -8.9483e-04 -1.6358e+00 +1.5830e+00 +2.0004e+00 -2.3345e-01
33 0 +3.676669053e+01 +3.676669053e+01 +5.904669053e+01 +5.904669053e+01 -3.0689e-01 -4.0164e-01 +2.5749e-01 -5.7163e-02 -1.7508e+00 -8.4362e-04 -1.2639e+00 +1.9926e+00 +2.0608e+00 -9.3348e-02
44 0 +3.345618436e+01 +3.345618436e+01 +5.573618436e+01 +5.573618436e+01 -3.9924e-01 -3.3075e-01 +3.0520e-01 +2.5259e-01 -2.1876e+00 +6.3977e-04 -8.9047e-01 +2.7756e+00 +1.9624e+00 +1.7634e-01
61 0 +3.081120049e+01 +3.081120049e+01 +5.309120049e+01 +5.309120049e+01 +1.5005e-01 +1.8190e-01 -2.2434e-01 -6.2999e-01 -2.6520e+00 +4.9800e-03 -3.6717e-01 +2.0393e+00 +1.9075e+00 +6.3124e-01
% f evaluations | g evaluations | best noise-free fitness - Fopt | noise-free fitness - Fopt (3.561400000000e+02) | measured fitness | best measured fitness | x1 | x2...
1 0 +3.855481664e+01 +3.855481664e+01 +3.946948166e+02 +3.946948166e+02 +0.0000e+00 +0.0000e+00 +0.0000e+00 +0.0000e+00 +0.0000e+00 +0.0000e+00 +0.0000e+00 +0.0000e+00 +0.0000e+00 +0.0000e+00
2 0 +2.854947779e+01 +2.854947779e+01 +3.846894778e+02 +3.846894778e+02 +2.7623e-01 -2.3761e-01 -1.0427e+00 -1.5518e-01 -1.0124e-01 +2.7292e-01 +4.1977e-01 +4.1086e-01 +1.8208e-02 +2.8819e-01
16 0 +2.729261699e+01 +2.729261699e+01 +3.834326170e+02 +3.834326170e+02 +4.2047e-01 -3.7169e-01 -1.3686e+00 -2.9283e-01 +5.0192e-01 +6.4313e-01 +2.4424e-01 -4.8725e-01 +5.1781e-02 +2.4214e-01
18 0 +2.606652587e+01 +2.606652587e+01 +3.822065259e+02 +3.822065259e+02 +2.2755e-01 -2.9115e-01 -2.4029e+00 -5.5503e-02 +1.8918e-01 -4.6430e-01 -8.9137e-03 -8.9120e-02 -1.8075e-01 +2.7184e-01
32 0 +2.190645963e+01 +2.190645963e+01 +3.780464596e+02 +3.780464596e+02 +7.8231e-01 -4.2584e-01 -3.5902e+00 -4.7724e-01 +6.6193e-01 -1.0583e-01 -2.9339e-02 +2.6053e-01 -2.4284e-01 +4.1997e-01
34 0 +1.998888466e+01 +1.998888466e+01 +3.761288847e+02 +3.761288847e+02 +6.7335e-01 -2.4737e-01 -3.8480e+00 +1.3196e-01 +4.6102e-01 -2.4150e-01 +4.9120e-01 +1.9519e-01 -1.7993e-01 +3.6365e-01
42 0 +1.938316557e+01 +1.938316557e+01 +3.755231656e+02 +3.755231656e+02 +1.0529e+00 -4.7776e-01 -3.0241e+00 +1.0135e-01 +3.8173e-01 -3.5678e-01 +5.2570e-01 +1.6440e+00 -2.6502e-01 +4.9159e-01
43 0 +1.843232826e+01 +1.843232826e+01 +3.745723283e+02 +3.745723283e+02 +7.6508e-01 -5.4496e-01 -4.0124e+00 -2.1005e-02 +3.8911e-01 +3.0886e-01 +2.2742e-01 +7.4151e-01 -2.5004e-01 +3.9386e-01
53 0 +1.818330052e+01 +1.818330052e+01 +3.743233005e+02 +3.743233005e+02 +8.0359e-01 -5.3758e-01 -2.5439e+00 -9.7568e-02 +5.2345e-01 +4.6577e-01 +1.0350e+00 +1.3255e+00 -2.5609e-01 +4.5193e-01
55 0 +1.460961820e+01 +1.460961820e+01 +3.707496182e+02 +3.707496182e+02 +8.0283e-01 -6.5360e-01 -4.0003e+00 +4.6984e-01 +7.2749e-01 +3.8391e-01 +7.6620e-01 +6.3372e-01 -2.1216e-01 +5.1888e-01
62 0 +1.406100569e+01 +1.406100569e+01 +3.702010057e+02 +3.702010057e+02 +8.7393e-01 -4.9048e-01 -4.0288e+00 +7.5685e-01 +5.3715e-01 +3.5217e-01 +1.0980e+00 +4.2184e-01 -1.9184e-01 +5.4871e-01
92 0 +1.177003375e+01 +1.177003375e+01 +3.679100338e+02 +3.679100338e+02 +6.6820e-01 +1.2970e-01 -3.5848e+00 +4.5459e-01 +2.1387e-01 +2.1724e+00 +6.1615e-01 +2.8278e+00 -5.0631e-01 +1.9759e+00
108 0 +1.073800780e+01 +1.073800780e+01 +3.668780078e+02 +3.668780078e+02 +1.4115e+00 +4.9010e-02 -3.1690e+00 -3.1525e-01 +6.6354e-01 +5.7301e-01 +1.8535e+00 +5.5548e-01 -5.8937e-01 +2.4251e+00
375 0 +1.058438351e+01 +1.058438351e+01 +3.667243835e+02 +3.667243835e+02 +1.7530e+00 +1.5346e+00 -4.2586e+00 +9.4096e-01 +2.2621e+00 +9.4894e-01 +7.0515e-01 -2.4957e-01 -1.1870e+00 +2.1578e+00
377 0 +1.037353663e+01 +1.037353663e+01 +3.665135366e+02 +3.665135366e+02 +8.7805e-01 +1.6023e+00 -3.5165e+00 +5.1828e-01 +2.5050e+00 +1.2391e+00 +7.6769e-01 +9.7284e-01 -1.3514e+00 +2.2847e+00
381 0 +8.485848128e+00 +8.485848128e+00 +3.646258481e+02 +3.646258481e+02 +1.7260e+00 +1.4173e+00 -3.4995e+00 +7.6897e-01 +2.3227e+00 +1.7140e+00 +1.9151e-01 +9.5868e-01 -1.5224e+00 +2.3795e+00
407 0 +7.637590791e+00 +7.637590791e+00 +3.637775908e+02 +3.637775908e+02 +1.3180e+00 +1.3928e+00 -3.6583e+00 +1.1264e+00 +2.3479e+00 +2.2563e+00 +8.1571e-01 +1.3298e+00 -1.3637e+00 +2.2713e+00
415 0 +6.155726060e+00 +6.155726060e+00 +3.622957261e+02 +3.622957261e+02 +7.6120e-01 +1.0571e+00 -4.2133e+00 +1.8207e+00 +2.6846e+00 +1.4560e+00 +8.1991e-01 +7.6251e-01 -1.4261e+00 +2.5097e+00
429 0 +4.975578546e+00 +4.975578546e+00 +3.611155785e+02 +3.611155785e+02 +1.4748e+00 +7.8161e-01 -3.1860e+00 +2.3481e+00 +2.7690e+00 +1.3014e+00 +1.0730e+00 +1.1272e+00 -1.2557e+00 +2.3173e+00
% f evaluations | g evaluations | best noise-free fitness - Fopt | noise-free fitness - Fopt (-4.757000000000e+02) | measured fitness | best measured fitness | x1 | x2...
1 0 +5.008728960e+01 +5.008728960e+01 -4.256127104e+02 -4.256127104e+02 +0.0000e+00 +0.0000e+00 +0.0000e+00 +0.0000e+00 +0.0000e+00 +0.0000e+00 +0.0000e+00 +0.0000e+00 +0.0000e+00 +0.0000e+00
2 0 +4.876672546e+01 +4.876672546e+01 -4.269332745e+02 -4.269332745e+02 -7.1507e-01 +2.8485e-02 -4.1098e-01 +8.7506e-01 -1.6280e-01 +6.9558e-02 -1.1252e-03 +5.0048e-01 -3.4322e-03 -3.4154e-01
3 0 +4.776699041e+01 +4.776699041e+01 -4.279330096e+02 -4.279330096e+02 -2.1932e-01 +1.2283e-02 -5.7449e-02 +7.3316e-01 -1.9484e+00 +5.8425e-01 +1.8368e-01 -1.1992e+00 -1.0063e-02 +4.3450e-01
13 0 +3.871668604e+01 +3.871668604e+01 -4.369833140e+02 -4.369833140e+02 +7.6898e-01 +6.5422e-02 +1.3790e+00 +1.1316e+00 -1.2861e+00 +2.3649e-02 +1.1033e-01 +1.7137e+00 -3.0280e-02 -2.3794e-01
21 0 +3.395560353e+01 +3.395560353e+01 -4.417443965e+02 -4.417443965e+02 -8.4740e-01 -6.9282e-02 +1.2501e+00 +1.5763e+00 -9.0205e-01 +1.5228e-01 +1.7973e-01 +3.7443e-01 +3.9940e-02 -5.5984e-01
25 0 +3.165281876e+01 +3.165281876e+01 -4.440471812e+02 -4.440471812e+02 -1.1377e+00 +1.0460e-01 +2.3654e+00 +2.7089e+00 -1.5909e+00 -2.5087e-01 +4.5424e-02 +2.7024e+00 -9.2909e-02 +3.5093e-01
42 0 +2.856876354e+01 +2.856876354e+01 -4.471312365e+02 -4.471312365e+02 +7.9870e-01 -5.1348e-02 +5.0718e+00 +2.5909e+00 -2.3457e+00 -2.6574e-01 +1.8222e-01 -1.7962e+00 -5.3287e-02 +4.5409e-01
48 0 +2.359043974e+01 +2.359043974e+01 -4.521095603e+02 -4.521095603e+02 +4.2520e-01 +6.6618e-02 +4.4942e+00 +1.7796e+00 -1.8419e+00 -6.1277e-01 +3.0393e-01 -5.3455e-01 -5.8344e-03 +6.0313e-01
86 0 +2.037140450e+01 +2.037140450e+01 -4.553285955e+02 -4.553285955e+02 -1.7919e-01 +9.3014e-03 +3.0937e+00 +3.9827e+00 -1.6288e+00 -6.4079e-01 +5.5146e-01 -1.7389e-01 -1.3241e-01 +5.8371e-01
105 0 +1.936011321e+01 +1.936011321e+01 -4.563398868e+02 -4.563398868e+02 +4.1474e-02 +5.0301e-02 +2.6261e+00 +2.6070e+00 -1.8604e+00 -1.0641e+00 +2.6895e-01 -1.9584e-01 -1.4316e-01 +4.8171e-01
110 0 +1.889138000e+01 +1.889138000e+01 -4.568086200e+02 -4.568086200e+02 -1.2613e+00 +1.0604e-01 +3.5643e+00 +2.6785e+00 -1.8159e+00 -8.5008e-01 +3.2630e-01 -8.4759e-01 -1.0452e-01 +1.7811e-02
217 0 +1.531080829e+01 +1.531080829e+01 -4.603891917e+02 -4.603891917e+02 -1.2640e+00 -1.2899e-01 +3.2673e+00 +2.1924e+00 -1.9267e+00 -1.5663e+00 +9.1273e-01 -6.8647e-01 -3.1279e-01 +2.7296e-01
235 0 +1.450937603e+01 +1.450937603e+01 -4.611906240e+02 -4.611906240e+02 -2.2191e-01 -4.3166e-02 +3.4254e+00 +2.5868e+00 -1.5469e+00 -1.6322e+00 +9.6541e-01 -4.0000e-01 -3.3499e-01 -1.3159e-01
598 0 +1.428278548e+01 +1.428278548e+01 -4.614172145e+02 -4.614172145e+02 -3.6961e-01 -2.0680e-01 +3.4576e+00 +2.6255e+00 -1.9694e+00 -2.1286e+00 +7.8888e-01 +1.7324e-02 -4.1664e-01 -1.0321e+00
665 0 +1.367604235e+01 +1.367604235e+01 -4.620239577e+02 -4.620239577e+02 +7.1370e-02 -2.8484e-02 +4.6443e+00 +3.3674e+00 -1.0627e+00 -2.9988e+00 +7.4380e-01 -2.3700e-01 -5.1779e-01 +8.2645e-01
804 0 +1.264023710e+01 +1.264023710e+01 -4.630597629e+02 -4.630597629e+02 -1.5352e+00 -6.8806e-02 +4.0690e+00 +2.6734e+00 -1.5854e+00 -2.2296e+00 -2.0417e-02 -3.3140e-01 -5.7731e-01 +6.2856e-01
844 0 +1.233303142e+01 +1.233303142e+01 -4.633669686e+02 -4.633669686e+02 -4.1578e-01 -2.1241e-01 +3.7470e+00 +2.7601e+00 -2.0842e+00 -2.6663e+00 -1.8172e-01 -4.7543e-01 -5.7842e-01 +5.9034e-01
853 0 +1.226502960e+01 +1.226502960e+01 -4.634349704e+02 -4.634349704e+02 -8.9982e-01 -2.2774e-01 +3.8771e+00 +2.8806e+00 -1.8407e+00 -1.7516e+00 +2.6232e-01 +2.3468e-02 -5.7286e-01 +6.4651e-01
% f evaluations | g evaluations | best noise-free fitness - Fopt | noise-free fitness - Fopt (-1.000000000000e+03) | measured fitness | best measured fitness | x1 | x2...
1 0 +7.715371712e+01 +7.715371712e+01 -9.228462829e+02 -9.228462829e+02 +0.0000e+00 +0.0000e+00 +0.0000e+00 +0.0000e+00 +0.0000e+00 +0.0000e+00 +0.0000e+00 +0.0000e+00 +0.0000e+00 +0.0000e+00
11 0 +7.563232674e+01 +7.563232674e+01 -9.243676733e+02 -9.243676733e+02 -6.2629e-01 +7.1462e-01 -3.2864e-01 +5.4243e-01 -4.0693e-01 +8.4935e-02 -5.6012e-01 -1.0286e+00 -4.1741e-01 +3.9576e-01
16 0 +6.591697667e+01 +6.591697667e+01 -9.340830233e+02 -9.340830233e+02 -1.8641e-01 +1.4571e+00 +2.0990e+00 +1.6492e+00 -3.2687e-01 -5.1191e-01 -1.4119e+00 -8.1217e-01 -8.0257e-01 +1.2254e+00
18 0 +5.908334741e+01 +5.908334741e+01 -9.409166526e+02 -9.409166526e+02 -5.8329e-01 +8.0336e-01 +8.6681e-01 +4.4870e-01 -2.6566e-01 +7.8813e-02 -1.9623e+00 +5.9842e-01 +7.8195e-01 +1.2406e+00
27 0 +4.265242024e+01 +4.265242024e+01 -9.573475798e+02 -9.573475798e+02 -1.6249e+00 +9.8048e-01 +7.4680e-01 -8.2015e-01 +3.5688e-02 +1.0547e-01 -2.5914e+00 +1.2545e+00 +1.2701e+00 +4.4047e-01
37 0 +3.868203906e+01 +3.868203906e+01 -9.613179609e+02 -9.613179609e+02 -1.4308e+00 +6.6727e-01 +2.4145e+00 -8.5248e-01 +3.1442e-02 -2.5433e-01 -3.1694e+00 +1.1160e+00 +7.3437e-01 +9.6929e-01
46 0 +3.573458719e+01 +3.573458719e+01 -9.642654128e+02 -9.642654128e+02 -3.2673e-01 +1.0498e+00 +4.8991e+00 -5.9130e-01 -4.9626e-03 -2.2490e-01 -2.6341e+00 +5.7370e-01 +4.6960e-01 -5.0959e-01
47 0 +3.372677028e+01 +3.372677028e+01 -9.662732297e+02 -9.662732297e+02 -2.4839e+00 +9.9859e-02 +3.8444e+00 -7.9853e-01 -2.0535e-01 -5.0576e-02 -2.0636e+00 +4.7335e-01 +1.2857e+00 -8.6444e-02
49 0 +2.893118844e+01 +2.893118844e+01 -9.710688116e+02 -9.710688116e+02 -2.7610e+00 +8.4472e-02 +4.3870e+00 -6.2989e-01 +3.0064e-01 -7.2505e-01 -3.6007e+00 +8.7576e-01 +3.9195e-01 -4.0650e-02
51 0 +2.336514742e+01 +2.336514742e+01 -9.766348526e+02 -9.766348526e+02 -1.3104e+00 +1.1916e+00 +2.9540e+00 -4.8817e-01 -7.2734e-01 -2.9773e-01 -4.2156e+00 +1.6194e-01 +9.0939e-01 -1.1010e+00
208 0 +1.450498538e+01 +1.450498538e+01 -9.854950146e+02 -9.854950146e+02 -2.2672e+00 +4.1896e+00 +4.6788e+00 -3.4099e+00 -2.4966e+00 -1.3271e+00 -3.7086e+00 +1.4621e+00 +2.4596e+00 -1.6866e+00
233 0 +9.082211919e+00 +9.082211919e+00 -9.909177881e+02 -9.909177881e+02 -2.9055e+00 +3.2901e+00 +2.2301e+00 -2.7068e+00 -1.7974e+00 -2.6916e+00 -4.2115e+00 +8.9530e-01 +1.8368e+00 -1.5599e+00
245 0 +8.907203790e+00 +8.907203790e+00 -9.910927962e+02 -9.910927962e+02 -2.7061e+00 +3.0005e+00 +4.5432e+00 -2.3262e+00 -1.9099e+00 -2.4886e+00 -4.2565e+00 -3.5341e-02 -7.9890e-01 -1.9182e+00
652 0 +8.276039845e+00 +8.276039845e+00 -9.917239602e+02 -9.917239602e+02 -3.7323e+00 +3.4707e+00 +4.3397e+00 -1.1648e+00 -5.8242e-01 -4.6717e+00 -3.1370e+00 +1.6272e+00 +4.9652e-01 -2.9312e+00
662 0 +8.026283372e+00 +8.026283372e+00 -9.919737166e+02 -9.919737166e+02 -3.8697e+00 +3.5238e+00 +3.9547e+00 -1.1578e+00 -4.6849e-01 -4.5553e+00 -3.3510e+00 +2.2574e+00 +1.3674e-01 -3.1106e+00
664 0 +7.938357260e+00 +7.938357260e+00 -9.920616427e+02 -9.920616427e+02 -4.0637e+00 +3.5175e+00 +4.5991e+00 -1.1446e+00 -5.6285e-01 -4.4316e+00 -3.1002e+00 +2.0539e+00 +4.1743e-01 -2.9415e+00
676 0 +7.476572381e+00 +7.476572381e+00 -9.925234276e+02 -9.925234276e+02 -4.1174e+00 +3.5009e+00 +4.3784e+00 -1.0821e+00 -4.7727e-01 -4.3905e+00 -3.2698e+00 +2.0881e+00 +6.2343e-01 -2.9025e+00
683 0 +7.199331406e+00 +7.199331406e+00 -9.928006686e+02 -9.928006686e+02 -3.9702e+00 +3.4902e+00 +4.4603e+00 -1.0908e+00 -6.2521e-01 -4.4033e+00 -3.1754e+00 +1.8878e+00 +4.7532e-01 -3.0458e+00
691 0 +6.821931190e+00 +6.821931190e+00 -9.931780688e+02 -9.931780688e+02 -3.8450e+00 +3.3648e+00 +4.4297e+00 -1.0290e+00 -6.7709e-01 -4.3731e+00 -3.3515e+00 +1.9181e+00 +9.7969e-01 -3.0542e+00
694 0 +6.467063553e+00 +6.467063553e+00 -9.935329364e+02 -9.935329364e+02 -3.9979e+00 +3.3701e+00 +4.1358e+00 -1.2186e+00 -7.3979e-01 -4.4226e+00 -3.2592e+00 +1.9084e+00 +4.8948e-01 -2.8439e+00
708 0 +6.424749814e+00 +6.424749814e+00 -9.935752502e+02 -9.935752502e+02 -3.9819e+00 +3.3393e+00 +4.1998e+00 -1.0415e+00 -7.7169e-01 -4.3470e+00 -3.2616e+00 +1.8345e+00 +2.0148e-01 -3.2707e+00
713 0 +5.461641110e+00 +5.461641110e+00 -9.945383589e+02 -9.945383589e+02 -3.8624e+00 +3.3071e+00 +4.1368e+00 -1.2284e+00 -7.9756e-01 -4.2855e+00 -3.5660e+00 +1.9530e+00 +4.5610e-01 -2.9992e+00
726 0 +4.642081538e+00 +4.642081538e+00 -9.953579185e+02 -9.953579185e+02 -4.0714e+00 +3.1296e+00 +3.5238e+00 -1.4808e+00 -8.7981e-01 -4.1540e+00 -3.7408e+00 +1.7181e+00 +6.3163e-01 -2.6782e+00
734 0 +4.224197129e+00 +4.224197129e+00 -9.957758029e+02 -9.957758029e+02 -3.6588e+00 +3.2387e+00 +4.3082e+00 -1.0462e+00 -9.8237e-01 -3.9505e+00 -3.4744e+00 +1.6326e+00 +3.4578e-01 -3.0562e+00
% f evaluations | g evaluations | best noise-free fitness - Fopt | noise-free fitness - Fopt (-4.158000000000e+01) | measured fitness | best measured fitness | x1 | x2...
1 0 +4.874783168e+01 +4.874783168e+01 +7.167831680e+00 +7.167831680e+00 +0.0000e+00 +0.0000e+00 +0.0000e+00 +0.0000e+00 +0.0000e+00 +0.0000e+00 +0.0000e+00 +0.0000e+00 +0.0000e+00 +0.0000e+00
3 0 +4.207824048e+01 +4.207824048e+01 +4.982404790e-01 +4.982404790e-01 +4.5386e-01 +5.9818e-01 +4.8640e-01 -3.8666e-01 -1.1942e-01 +3.5742e+00 -2.6149e-01 +3.6036e-01 -3.3141e-02 -1.9246e-01
4 0 +3.851472537e+01 +3.851472537e+01 -3.065274632e+00 -3.065274632e+00 -3.0212e-01 -1.9560e-01 -6.8384e-02 +5.9041e-02 +6.3068e-01 +2.5178e+00 +4.6928e-01 -4.2730e-01 +6.6072e-02 +1.1264e-01
9 0 +3.305582075e+01 +3.305582075e+01 -8.524179252e+00 -8.524179252e+00 +1.4609e-01 -1.2227e-01 -4.9544e-01 +1.5821e-01 -5.1090e-01 +3.1088e+00 +2.5279e-01 -5.4688e+00 +2.8112e-02 +9.3386e-01
12 0 +3.104475186e+01 +3.104475186e+01 -1.053524814e+01 -1.053524814e+01 +2.3396e-01 -4.9232e-01 +4.8919e-02 +6.5728e-01 +3.4591e-01 +2.6610e+00 +8.9332e-02 -3.2445e+00 +1.0482e-01 +1.2930e+00
18 0 +3.028761657e+01 +3.028761657e+01 -1.129238343e+01 -1.129238343e+01 +3.8804e-01 +4.2180e-01 +4.2002e-01 -1.1002e-01 +3.3639e-01 +4.1148e+00 +5.3826e-01 -4.2784e+00 +3.2262e-02 +1.3393e+00
41 0 +2.515468785e+01 +2.515468785e+01 -1.642531215e+01 -1.642531215e+01 +1.5415e+00 -4.4039e-01 -7.3310e-01 +3.2982e-01 -6.3647e-01 +3.0079e+00 +7.4935e-01 -3.0153e+00 +1.4385e-01 +8.8362e-01
143 0 +2.204336338e+01 +2.204336338e+01 -1.953663662e+01 -1.953663662e+01 +1.4376e+00 +2.9063e+00 +4.8766e-01 -8.5968e-02 -2.1877e+00 +1.7276e+00 +6.0426e-01 -3.6784e+00 -1.3226e-01 +2.1210e+00
