% f evaluations | g evaluations | best noise-free fitness - Fopt | noise-free fitness - Fopt (7.948000000000e+01) | measured fitness | best measured fitness | x1 | x2...
1 0 +1.282397568e+01 +1.282397568e+01 +9.230397568e+01 +9.230397568e+01 +0.0000e+00 +0.0000e+00 +0.0000e+00 +0.0000e+00 +0.0000e+00
7 0 +1.204088953e+01 +1.204088953e+01 +9.152088953e+01 +9.152088953e+01 +2.8885e-02 -4.2104e-01 +4.0248e-01 +9.3703e-03 -1.3022e-01
11 0 +1.019065802e+01 +1.019065802e+01 +8.967065802e+01 +8.967065802e+01 +1.4796e-02 -4.9071e-01 -6.0425e-01 +3.6591e-03 -2.3559e-01
37 0 +9.104253031e+00 +9.104253031e+00 +8.858425303e+01 +8.858425303e+01 +1.2314e-01 -5.7999e-01 -8.6014e-01 +1.0379e-02 -4.3023e-01
58 0 +8.814296811e+00 +8.814296811e+00 +8.829429681e+01 +8.829429681e+01 +1.1740e-01 -1.5505e+00 -6.6372e-01 +2.1628e-02 -4.4269e-01
78 0 +8.659891271e+00 +8.659891271e+00 +8.813989127e+01 +8.813989127e+01 +1.2267e-01 -1.3450e+00 -1.1411e+00 +4.2586e-02 -4.7063e-01
84 0 +8.298556084e+00 +8.298556084e+00 +8.777855608e+01 +8.777855608e+01 +9.2684e-02 -1.1960e+00 -9.8528e-01 +5.2115e-02 -5.1512e-01
93 0 +8.099840180e+00 +8.099840180e+00 +8.757984018e+01 +8.757984018e+01 +7.5744e-02 -7.3049e-01 -9.9163e-01 +5.4635e-02 -6.0436e-01
104 0 +7.708004967e+00 +7.708004967e+00 +8.718800497e+01 +8.718800497e+01 +1.2684e-01 -1.1696e+00 -1.0782e-01 +3.8446e-02 -7.4484e-01
115 0 +7.421426040e+00 +7.421426040e+00 +8.690142604e+01 +8.690142604e+01 +8.1828e-02 -1.3495e+00 -3.6469e-01 +4.6084e-02 -7.5977e-01
125 0 +7.291135665e+00 +7.291135665e+00 +8.677113566e+01 +8.677113566e+01 +1.1994e-01 -7.0898e-01 -5.8441e-01 +4.8362e-02 -8.0292e-01
132 0 +7.144715918e+00 +7.144715918e+00 +8.662471592e+01 +8.662471592e+01 +1.3161e-01 -8.7122e-01 -7.0589e-01 +5.0582e-02 -8.0212e-01
142 0 +7.033105663e+00 +7.033105663e+00 +8.651310566e+01 +8.651310566e+01 +1.3260e-01 -1.4491e+00 -6.7604e-01 +4.6093e-02 -8.3815e-01
143 0 +6.881165055e+00 +6.881165055e+00 +8.636116506e+01 +8.636116506e+01 +1.3050e-01 -1.7930e+00 -6.3408e-01 +4.0234e-02 -9.7912e-01
148 0 +6.551040663e+00 +6.551040663e+00 +8.603104066e+01 +8.603104066e+01 +1.4517e-01 -1.2195e+00 -4.5278e-01 +4.3771e-02 -9.7268e-01
166 0 +6.441754051e+00 +6.441754051e+00 +8.592175405e+01 +8.592175405e+01 +1.3984e-01 -1.0765e+00 -6.7289e-01 +3.5673e-02 -9.9406e-01
175 0 +6.202783284e+00 +6.202783284e+00 +8.568278328e+01 +8.568278328e+01 +1.3758e-01 -1.2254e+00 -6.8257e-01 +4.7905e-02 -1.0516e+00
193 0 +6.096320246e+00 +6.096320246e+00 +8.557632025e+01 +8.557632025e+01 +1.3342e-01 -1.1325e+00 -5.8665e-01 +4.9334e-02 -1.0873e+00
222 0 +6.009334856e+00 +6.009334856e+00 +8.548933486e+01 +8.548933486e+01 +1.3837e-01 -1.1457e+00 -5.9303e-01 +5.1991e-02 -1.1106e+00
245 0 +5.798447324e+00 +5.798447324e+00 +8.527844732e+01 +8.527844732e+01 +1.3049e-01 -1.2211e+00 -7.5206e-01 +5.3729e-02 -1.1736e+00
259 0 +5.753914386e+00 +5.753914386e+00 +8.523391439e+01 +8.523391439e+01 +1.3812e-01 -1.2045e+00 -7.9410e-01 +5.7349e-02 -1.1841e+00
283 0 +5.522413279e+00 +5.522413279e+00 +8.500241328e+01 +8.500241328e+01 +1.3533e-01 -1.2516e+00 -9.8963e-01 +5.2586e-02 -1.2959e+00
295 0 +5.351179076e+00 +5.351179076e+00 +8.483117908e+01 +8.483117908e+01 +1.4915e-01 -1.2542e+00 -1.0501e+00 +4.9091e-02 -1.3768e+00
320 0 +4.999847565e+00 +4.999847565e+00 +8.447984756e+01 +8.447984756e+01 +1.5729e-01 -1.3676e+00 -2.2896e-01 +7.2315e-02 -1.5567e+00
341 0 +4.707567777e+00 +4.707567777e+00 +8.418756778e+01 +8.418756778e+01 +1.8290e-01 -8.9657e-01 -2.3245e-01 +4.9533e-02 -1.7477e+00
345 0 +4.586562230e+00 +4.586562230e+00 +8.406656223e+01 +8.406656223e+01 +1.8033e-01 -1.4021e+00 -1.4877e-01 +4.4931e-02 -1.8744e+00
356 0 +4.395399315e+00 +4.395399315e+00 +8.387539932e+01 +8.387539932e+01 +1.5112e-01 -1.3572e+00 -3.3858e-01 +5.9785e-02 -1.8369e+00
358 0 +4.294717324e+00 +4.294717324e+00 +8.377471732e+01 +8.377471732e+01 +1.3482e-01 -1.4294e+00 -6.4165e-01 +5.4723e-02 -1.8462e+00
372 0 +3.939850289e+00 +3.939850289e+00 +8.341985029e+01 +8.341985029e+01 +1.5013e-01 -1.1352e+00 -9.2116e-01 +7.3051e-02 -2.0062e+00
% f evaluations | g evaluations | best noise-free fitness - Fopt | noise-free fitness - Fopt (3.944800000000e+02) | measured fitness | best measured fitness | x1 | x2...
1 0 +5.400211648e+01 +5.400211648e+01 +4.484821165e+02 +4.484821165e+02 +0.0000e+00 +0.0000e+00 +0.0000e+00 +0.0000e+00 +0.0000e+00
4 0 +4.757947122e+01 +4.757947122e+01 +4.420594712e+02 +4.420594712e+02 +8.1163e-02 +1.8122e-01 -3.9460e-01 +6.3537e-01 +8.4455e-01
10 0 +3.356865567e+01 +3.356865567e+01 +4.280486557e+02 +4.280486557e+02 -3.8859e-01 -3.3373e+00 -4.6200e-01 +7.6474e-01 +6.9504e-01
18 0 +3.235282783e+01 +3.235282783e+01 +4.268328278e+02 +4.268328278e+02 -1.5285e-01 -1.2693e+00 -5.4036e-01 +1.6578e+00 +9.0787e-01
19 0 +2.977785495e+01 +2.977785495e+01 +4.242578549e+02 +4.242578549e+02 -7.2971e-01 -2.6528e+00 -3.3052e-01 +1.1443e+00 +9.0251e-01
23 0 +2.198427690e+01 +2.198427690e+01 +4.164642769e+02 +4.164642769e+02 -9.5015e-01 -2.5155e+00 -6.1209e-01 +2.3017e+00 +2.2604e-01
32 0 +2.109741971e+01 +2.109741971e+01 +4.155774197e+02 +4.155774197e+02 -9.0130e-01 -2.4369e+00 -8.8126e-01 +2.7150e+00 -5.4028e-01
36 0 +1.754712171e+01 +1.754712171e+01 +4.120271217e+02 +4.120271217e+02 -2.0272e+00 -1.4167e+00 -6.6416e-01 +2.5564e+00 +4.0662e-01
44 0 +1.724629206e+01 +1.724629206e+01 +4.117262921e+02 +4.117262921e+02 -1.4463e+00 -3.0766e+00 -8.1172e-01 +2.4924e+00 +1.3666e+00
46 0 +1.582981384e+01 +1.582981384e+01 +4.103098138e+02 +4.103098138e+02 -1.5603e+00 -2.3751e+00 -6.8890e-01 +3.2704e+00 +8.7257e-01
52 0 +1.351812427e+01 +1.351812427e+01 +4.079981243e+02 +4.079981243e+02 -2.2276e+00 -2.8218e+00 -7.4100e-01 +2.7440e+00 +8.7487e-01
54 0 +1.058697667e+01 +1.058697667e+01 +4.050669767e+02 +4.050669767e+02 -2.9319e+00 -3.4317e+00 -8.7056e-01 +3.1738e+00 +3.8101e-01
64 0 +8.800117536e+00 +8.800117536e+00 +4.032801175e+02 +4.032801175e+02 -3.6562e+00 -3.0470e+00 -9.3940e-01 +3.1844e+00 +8.5485e-01
70 0 +8.022458665e+00 +8.022458665e+00 +4.025024587e+02 +4.025024587e+02 -3.7297e+00 -3.3483e+00 -1.0349e+00 +3.5564e+00 +9.1518e-01
173 0 +7.917475086e+00 +7.917475086e+00 +4.023974751e+02 +4.023974751e+02 -3.8694e+00 -3.2058e+00 -1.2021e+00 +4.9200e+00 +1.0227e+00
188 0 +7.551541814e+00 +7.551541814e+00 +4.020315418e+02 +4.020315418e+02 -3.5443e+00 -2.5448e+00 -1.1575e+00 +4.4071e+00 +1.1031e+00
198 0 +6.697688839e+00 +6.697688839e+00 +4.011776888e+02 +4.011776888e+02 -4.0842e+00 -3.2545e+00 -1.2684e+00 +4.2167e+00 +9.7166e-01
204 0 +6.393157096e+00 +6.393157096e+00 +4.008731571e+02 +4.008731571e+02 -3.8537e+00 -2.9755e+00 -1.3235e+00 +4.3938e+00 +8.3194e-01
232 0 +6.231643151e+00 +6.231643151e+00 +4.007116432e+02 +4.007116432e+02 -3.7962e+00 -3.2490e+00 -1.3477e+00 +4.0206e+00 +6.2744e-01
261 0 +5.910935971e+00 +5.910935971e+00 +4.003909360e+02 +4.003909360e+02 -3.6784e+00 -2.7064e+00 -1.3909e+00 +3.7911e+00 +8.7421e-01
269 0 +5.842163540e+00 +5.842163540e+00 +4.003221635e+02 +4.003221635e+02 -3.7079e+00 -2.8964e+00 -1.3941e+00 +3.9231e+00 +7.8562e-01
303 0 +4.791634881e+00 +4.791634881e+00 +3.992716349e+02 +3.992716349e+02 -3.8481e+00 -2.6818e+00 -1.6604e+00 +3.8503e+00 +1.2523e+00
320 0 +4.717803447e+00 +4.717803447e+00 +3.991978034e+02 +3.991978034e+02 -3.9295e+00 -3.1195e+00 -1.7249e+00 +3.9828e+00 +1.4444e+00
328 0 +4.241612249e+00 +4.241612249e+00 +3.987216122e+02 +3.987216122e+02 -3.3251e+00 -3.2232e+00 -1.8865e+00 +4.1709e+00 +1.1064e+00
336 0 +4.033899408e+00 +4.033899408e+00 +3.985138994e+02 +3.985138994e+02 -4.1115e+00 -3.0521e+00 -1.8126e+00 +3.9104e+00 +9.1304e-01
337 0 +3.535274512e+00 +3.535274512e+00 +3.980152745e+02 +3.980152745e+02 -3.3588e+00 -3.3923e+00 -2.0912e+00 +3.7470e+00 +1.0559e+00
344 0 +3.054580752e+00 +3.054580752e+00 +3.975345808e+02 +3.975345808e+02 -4.6291e+00 -3.2285e+00 -2.2937e+00 +3.5545e+00 +9.4213e-01
460 0 +9.317419816e-01 +9.317419816e-01 +3.954117420e+02 +3.954117420e+02 -3.6471e+00 -2.7967e+00 -4.7233e+00 +3.7975e+00 +8.6410e-01
804 0 +7.303034044e-01 +7.303034044e-01 +3.952103034e+02 +3.952103034e+02 -3.6005e+00 -2.4022e+00 -3.8157e+00 +3.5595e+00 +3.2694e-01
806 0 +7.000657508e-01 +7.000657508e-01 +3.951800658e+02 +3.951800658e+02 -4.3012e+00 -3.0019e+00 -3.9696e+00 +3.5903e+00 +2.2827e-01
812 0 +5.740322038e-01 +5.740322038e-01 +3.950540322e+02 +3.950540322e+02 -4.1505e+00 -3.0168e+00 -3.8118e+00 +4.3839e+00 +3.4382e-01
821 0 +3.815192868e-01 +3.815192868e-01 +3.948615193e+02 +3.948615193e+02 -4.1314e+00 -3.0082e+00 -3.8147e+00 +4.2110e+00 +3.9022e-01
838 0 +2.184967819e-01 +2.184967819e-01 +3.946984968e+02 +3.946984968e+02 -4.3396e+00 -2.9771e+00 -3.8542e+00 +3.8800e+00 +7.4508e-01
848 0 +1.171526782e-01 +1.171526782e-01 +3.945971527e+02 +3.945971527e+02 -3.9508e+00 -2.9151e+00 -3.9052e+00 +3.6055e+00 +9.7406e-01
901 0 +9.134072829e-02 +9.134072829e-02 +3.945713407e+02 +3.945713407e+02 -3.8644e+00 -2.8936e+00 -3.8384e+00 +3.8032e+00 +1.1392e+00
% f evaluations | g evaluations | best noise-free fitness - Fopt | noise-free fitness - Fopt (-2.471100000000e+02) | measured fitness | best measured fitness | x1 | x2...
1 0 +3.817688832e+01 +3.817688832e+01 -2.089331117e+02 -2.089331117e+02 +0.0000e+00 +0.0000e+00 +0.0000e+00 +0.0000e+00 +0.0000e+00
4 0 +3.148140592e+01 +3.148140592e+01 -2.156285941e+02 -2.156285941e+02 +6.5220e-01 -1.4945e+00 -1.8245e-01 -2.7063e+00 -3.4919e-01
6 0 +2.665647704e+01 +2.665647704e+01 -2.204535230e+02 -2.204535230e+02 -1.0778e+00 +6.7666e-01 +2.4212e-01 -3.1581e-01 -4.9798e-01
19 0 +1.759383955e+01 +1.759383955e+01 -2.295161605e+02 -2.295161605e+02 -1.4852e+00 -1.6348e+00 -5.8475e-02 -3.1711e+00 -2.3672e-01
22 0 +8.102575574e+00 +8.102575574e+00 -2.390074244e+02 -2.390074244e+02 -4.1757e+00 +7.8004e-01 -4.6888e-01 -1.3442e+00 -1.6605e+00
57 0 +5.933233756e+00 +5.933233756e+00 -2.411767662e+02 -2.411767662e+02 -4.0608e+00 +7.4167e-01 +6.5008e-01 -4.5317e+00 -1.3474e+00
129 0 +4.974743677e+00 +4.974743677e+00 -2.421352563e+02 -2.421352563e+02 -5.1321e+00 +1.4462e+00 +4.9166e-01 -3.7363e+00 -2.5993e+00
163 0 +3.172371079e+00 +3.172371079e+00 -2.439376289e+02 -2.439376289e+02 -4.1894e+00 -2.9575e-01 +9.5923e-01 -3.6003e+00 -2.9034e+00
190 0 +2.906122424e+00 +2.906122424e+00 -2.442038776e+02 -2.442038776e+02 -3.6345e+00 +3.3969e-01 +8.9411e-01 -3.1705e+00 -2.8229e+00
200 0 +2.526167230e+00 +2.526167230e+00 -2.445838328e+02 -2.445838328e+02 -3.7561e+00 +2.7067e-01 +8.5110e-01 -3.9806e+00 -3.3388e+00
214 0 +2.264185267e+00 +2.264185267e+00 -2.448458147e+02 -2.448458147e+02 -3.6146e+00 -5.1558e-02 +5.1655e-01 -4.3643e+00 -2.5955e+00
272 0 +2.051751913e+00 +2.051751913e+00 -2.450582481e+02 -2.450582481e+02 -4.1438e+00 -2.0295e-01 +4.5342e-01 -3.8636e+00 -2.4453e+00
286 0 +1.081926584e+00 +1.081926584e+00 -2.460280734e+02 -2.460280734e+02 -3.9442e+00 +5.0877e-01 +1.4061e-01 -3.7803e+00 -2.5821e+00
477 0 +8.922580303e-01 +8.922580303e-01 -2.462177420e+02 -2.462177420e+02 -3.9159e+00 +7.2069e-01 -1.0767e-01 -4.1186e+00 -2.8034e+00
521 0 +6.032386938e-01 +6.032386938e-01 -2.465067613e+02 -2.465067613e+02 -3.9691e+00 +2.1123e-01 -4.0123e-02 -3.5150e+00 -2.7542e+00
541 0 +5.821607644e-01 +5.821607644e-01 -2.465278392e+02 -2.465278392e+02 -4.0852e+00 +5.7058e-02 -1.0500e-01 -3.5585e+00 -2.7567e+00
543 0 +5.636571627e-01 +5.636571627e-01 -2.465463428e+02 -2.465463428e+02 -3.9768e+00 +5.3904e-01 -9.4721e-02 -3.7417e+00 -2.8528e+00
564 0 +4.820571589e-01 +4.820571589e-01 -2.466279428e+02 -2.466279428e+02 -3.8732e+00 +1.8560e-01 -8.5963e-02 -3.6333e+00 -2.7729e+00
572 0 +4.159671412e-01 +4.159671412e-01 -2.466940329e+02 -2.466940329e+02 -3.7213e+00 +2.7646e-01 -1.0239e-01 -3.8488e+00 -2.9172e+00
589 0 +4.023423910e-01 +4.023423910e-01 -2.467076576e+02 -2.467076576e+02 -3.8616e+00 +2.5015e-01 -1.5196e-01 -3.9445e+00 -2.8962e+00
594 0 +3.934240300e-01 +3.934240300e-01 -2.467165760e+02 -2.467165760e+02 -3.6273e+00 +4.1249e-01 -1.4355e-01 -3.7812e+00 -3.2102e+00
616 0 +3.715990187e-01 +3.715990187e-01 -2.467384010e+02 -2.467384010e+02 -3.6836e+00 +2.7142e-01 -1.7949e-01 -3.9582e+00 -2.9556e+00
624 0 +3.487309889e-01 +3.487309889e-01 -2.467612690e+02 -2.467612690e+02 -3.7739e+00 +1.6808e-01 -1.7097e-01 -3.8980e+00 -2.9163e+00
629 0 +3.362069410e-01 +3.362069410e-01 -2.467737931e+02 -2.467737931e+02 -3.6773e+00 +5.2481e-02 -2.0168e-01 -3.8096e+00 -2.8866e+00
643 0 +3.089381644e-01 +3.089381644e-01 -2.468010618e+02 -2.468010618e+02 -3.8334e+00 +2.5639e-01 -1.9910e-01 -3.7114e+00 -2.8496e+00
644 0 +2.850183380e-01 +2.850183380e-01 -2.468249817e+02 -2.468249817e+02 -3.7299e+00 +1.6522e-01 -2.0863e-01 -3.8094e+00 -2.9202e+00
656 0 +2.757045535e-01 +2.757045535e-01 -2.468342954e+02 -2.468342954e+02 -3.7535e+00 +2.7212e-01 -2.1706e-01 -3.7143e+00 -2.8904e+00
673 0 +2.479982478e-01 +2.479982478e-01 -2.468620018e+02 -2.468620018e+02 -3.8609e+00 +2.2553e-01 -2.2054e-01 -3.6710e+00 -2.9520e+00
684 0 +2.454664109e-01 +2.454664109e-01 -2.468645336e+02 -2.468645336e+02 -3.8137e+00 +7.6454e-02 -2.5300e-01 -3.7134e+00 -2.9077e+00
686 0 +2.383073029e-01 +2.383073029e-01 -2.468716927e+02 -2.468716927e+02 -3.8427e+00 +2.3984e-01 -2.5303e-01 -3.7610e+00 -2.9039e+00
701 0 +1.877467761e-01 +1.877467761e-01 -2.469222532e+02 -2.469222532e+02 -3.8528e+00 +2.3302e-01 -2.8977e-01 -3.7981e+00 -2.9928e+00
853 0 +1.376294406e-01 +1.376294406e-01 -2.469723706e+02 -2.469723706e+02 -3.8447e+00 +1.8860e-01 -3.7507e-01 -3.5595e+00 -2.9651e+00
870 0 +1.248757226e-01 +1.248757226e-01 -2.469851243e+02 -2.469851243e+02 -3.8293e+00 +3.0747e-01 -3.7579e-01 -3.6501e+00 -2.9902e+00
874 0 +1.071438685e-01 +1.071438685e-01 -2.470028561e+02 -2.470028561e+02 -3.7724e+00 +1.5090e-01 -3.9151e-01 -3.6302e+00 -2.9982e+00
884 0 +1.044197137e-01 +1.044197137e-01 -2.470055803e+02 -2.470055803e+02 -3.8778e+00 +1.3623e-01 -4.1036e-01 -3.6390e+00 -2.9895e+00
939 0 +9.203635628e-02 +9.203635628e-02 -2.470179636e+02 -2.470179636e+02 -3.8032e+00 +3.2562e-01 -4.7024e-01 -3.7662e+00 -2.9489e+00
942 0 +7.387972840e-02 +7.387972840e-02 -2.470361203e+02 -2.470361203e+02 -3.7727e+00 +2.4702e-01 -4.7748e-01 -3.6777e+00 -2.9397e+00
960 0 +7.050755074e-02 +7.050755074e-02 -2.470394924e+02 -2.470394924e+02 -3.8202e+00 +2.6053e-01 -4.8348e-01 -3.6312e+00 -2.9578e+00
962 0 +5.794553090e-02 +5.794553090e-02 -2.470520545e+02 -2.470520545e+02 -3.8526e+00 +1.9491e-01 -4.9467e-01 -3.7199e+00 -2.9747e+00
977 0 +5.141474497e-02 +5.141474497e-02 -2.470585853e+02 -2.470585853e+02 -3.8898e+00 +1.9527e-01 -5.2259e-01 -3.6708e+00 -2.9802e+00
995 0 +3.271312203e-02 +3.271312203e-02 -2.470772869e+02 -2.470772869e+02 -3.8081e+00 +1.6741e-01 -5.4942e-01 -3.6095e+00 -3.0317e+00
% f evaluations | g evaluations | best noise-free fitness - Fopt | noise-free fitness - Fopt (-1.520400000000e+02) | measured fitness | best measured fitness | x1 | x2...
1 0 +3.422464576e+01 +3.422464576e+01 -1.178153542e+02 -1.178153542e+02 +0.0000e+00 +0.0000e+00 +0.0000e+00 +0.0000e+00 +0.0000e+00
2 0 +3.248084747e+01 +3.248084747e+01 -1.195591525e+02 -1.195591525e+02 +3.0947e-02 +6.2634e-01 +1.3445e-03 +5.5605e-02 +3.4728e-03
3 0 +2.716182765e+01 +2.716182765e+01 -1.248781724e+02 -1.248781724e+02 -8.3749e-01 +3.0154e-02 -6.2375e-01 +1.9423e-01 +3.2853e-01
37 0 +2.628360707e+01 +2.628360707e+01 -1.257563929e+02 -1.257563929e+02 -1.1644e+00 +2.3083e-01 -8.7550e-01 +7.7451e-01 -4.7818e-01
48 0 +2.440349778e+01 +2.440349778e+01 -1.276365022e+02 -1.276365022e+02 -7.0278e-01 +8.5257e-02 -9.5473e-01 +1.1956e+00 -6.1148e-01
49 0 +2.265980990e+01 +2.265980990e+01 -1.293801901e+02 -1.293801901e+02 -9.9190e-01 +2.4860e-01 -8.5465e-01 +1.2608e+00 -2.6070e-01
55 0 +2.153042992e+01 +2.153042992e+01 -1.305095701e+02 -1.305095701e+02 -7.2121e-01 +1.1249e-01 -9.8527e-01 +1.2849e+00 -2.1053e-01
56 0 +2.058943279e+01 +2.058943279e+01 -1.314505672e+02 -1.314505672e+02 -1.0488e+00 -1.7802e-02 -9.3909e-01 +1.7894e+00 -1.7173e-01
62 0 +2.007113406e+01 +2.007113406e+01 -1.319688659e+02 -1.319688659e+02 -1.3622e+00 +8.8746e-02 -1.0842e+00 +2.0049e+00 -2.9206e-01
64 0 +1.863205230e+01 +1.863205230e+01 -1.334079477e+02 -1.334079477e+02 -9.7822e-01 +1.2239e-01 -9.3194e-01 +1.7496e+00 +1.6503e-01
67 0 +1.839388245e+01 +1.839388245e+01 -1.336461175e+02 -1.336461175e+02 -1.0674e+00 +7.0407e-02 -1.1920e+00 +1.6782e+00 +4.0005e-03
73 0 +1.548071940e+01 +1.548071940e+01 -1.365592806e+02 -1.365592806e+02 -9.5689e-01 +2.3450e-01 -8.7524e-01 +1.6870e+00 +1.1158e+00
89 0 +1.237793547e+01 +1.237793547e+01 -1.396620645e+02 -1.396620645e+02 -1.0285e+00 +4.7607e-01 -1.1899e+00 +3.1527e+00 +5.7540e-01
91 0 +1.064093071e+01 +1.064093071e+01 -1.413990693e+02 -1.413990693e+02 +9.1543e-01 +4.1099e-01 -1.7956e+00 +4.4499e+00 +8.8523e-01
141 0 +9.306705502e+00 +9.306705502e+00 -1.427332945e+02 -1.427332945e+02 +4.2009e-01 +4.3792e-01 -2.6822e+00 +5.7608e+00 +1.9228e+00
142 0 +1.016102354e+00 +1.016102354e+00 -1.510238976e+02 -1.510238976e+02 -1.0068e+00 +1.6501e+00 -4.4058e+00 +2.9980e+00 +2.1073e+00
313 0 +8.499336741e-01 +8.499336741e-01 -1.511900663e+02 -1.511900663e+02 -7.0959e-01 +1.8051e+00 -4.6280e+00 +3.3774e+00 +2.5091e+00
314 0 +6.233529237e-01 +6.233529237e-01 -1.514166471e+02 -1.514166471e+02 -6.2842e-01 +1.5920e+00 -4.5343e+00 +3.5089e+00 +2.6387e+00
319 0 +4.322449779e-01 +4.322449779e-01 -1.516077550e+02 -1.516077550e+02 -6.4839e-01 +1.5422e+00 -4.3271e+00 +3.6100e+00 +2.5331e+00
333 0 +4.199014776e-01 +4.199014776e-01 -1.516200985e+02 -1.516200985e+02 +9.1396e-03 +1.4853e+00 -4.3677e+00 +3.6320e+00 +2.2423e+00
349 0 +1.361057991e-01 +1.361057991e-01 -1.519038942e+02 -1.519038942e+02 -2.4181e-01 +1.5245e+00 -4.2081e+00 +3.2775e+00 +2.6307e+00
368 0 +5.875076645e-02 +5.875076645e-02 -1.519812492e+02 -1.519812492e+02 -1.3670e-01 +1.3153e+00 -4.0367e+00 +3.3446e+00 +2.5421e+00
416 0 +4.834115309e-02 +4.834115309e-02 -1.519916588e+02 -1.519916588e+02 -3.7805e-01 +1.3315e+00 -4.0541e+00 +3.1944e+00 +2.4021e+00
435 0 +1.921532041e-02 +1.921532041e-02 -1.520207847e+02 -1.520207847e+02 -3.4403e-01 +1.3599e+00 -3.9053e+00 +3.3753e+00 +2.3676e+00
476 0 +1.520756254e-02 +1.520756254e-02 -1.520247924e+02 -1.520247924e+02 -3.2356e-01 +1.3953e+00 -4.0132e+00 +3.2714e+00 +2.3667e+00
485 0 +6.922043885e-03 +6.922043885e-03 -1.520330780e+02 -1.520330780e+02 -2.2720e-01 +1.3691e+00 -3.9207e+00 +3.3312e+00 +2.3860e+00
794 0 +4.571039720e-03 +4.571039720e-03 -1.520354290e+02 -1.520354290e+02 -2.8797e-01 +1.4203e+00 -3.8798e+00 +3.2539e+00 +2.4352e+00
827 0 +3.851297611e-03 +3.851297611e-03 -1.520361487e+02 -1.520361487e+02 -3.1771e-01 +1.4016e+00 -3.9058e+00 +3.3052e+00 +2.4001e+00
831 0 +2.796002788e-03 +2.796002788e-03 -1.520372040e+02 -1.520372040e+02 -2.4079e-01 +1.3975e+00 -3.9146e+00 +3.2943e+00 +2.3833e+00
852 0 +1.020077379e-03 +1.020077379e-03 -1.520389799e+02 -1.520389799e+02 -2.4617e-01 +1.4071e+00 -3.9347e+00 +3.2834e+00 +2.4228e+00
890 0 +7.906332721e-04 +7.906332721e-04 -1.520392094e+02 -1.520392094e+02 -2.7833e-01 +1.4186e+00 -3.9128e+00 +3.3189e+00 +2.4217e+00
892 0 +2.123964606e-04 +2.123964606e-04 -1.520397876e+02 -1.520397876e+02 -2.5517e-01 +1.4255e+00 -3.9206e+00 +3.3036e+00 +2.4176e+00
% f evaluations | g evaluations | best noise-free fitness - Fopt | noise-free fitness - Fopt (-2.525000000000e+01) | measured fitness | best measured fitness | x1 | x2...
1 0 +3.099175104e+01 +3.099175104e+01 +5.741751040e+00 +5.741751040e+00 +0.0000e+00 +0.0000e+00 +0.0000e+00 +0.0000e+00 +0.0000e+00
2 0 +3.032743710e+01 +3.032743710e+01 +5.077437104e+00 +5.077437104e+00 -2.2188e-02 -9.1064e-01 -1.5691e-01 -3.4157e-01 +1.6103e-01
3 0 +2.437606994e+01 +2.437606994e+01 -8.739300595e-01 -8.739300595e-01 -2.0110e-02 +1.4555e+00 -6.1990e-01 -8.3893e-01 +4.4645e-01
13 0 +2.376421761e+01 +2.376421761e+01 -1.485782390e+00 -1.485782390e+00 -2.1288e-02 +2.0225e-01 -9.8547e-01 -9.0158e-01 +3.6375e-01
28 0 +1.957602247e+01 +1.957602247e+01 -5.673977528e+00 -5.673977528e+00 -3.4986e-02 +2.9390e-01 -1.6278e+00 -2.1646e+00 +8.2721e-01
45 0 +1.820021315e+01 +1.820021315e+01 -7.049786848e+00 -7.049786848e+00 -6.5181e-03 -4.8699e-01 -3.1680e-01 -3.0951e+00 +1.9848e+00
61 0 +1.724473614e+01 +1.724473614e+01 -8.005263856e+00 -8.005263856e+00 -2.6739e-03 -4.6695e-02 -5.7840e-01 -2.6180e+00 +1.6327e+00
71 0 +1.697930262e+01 +1.697930262e+01 -8.270697381e+00 -8.270697381e+00 -2.0938e-02 +2.2196e-01 -2.0344e+00 -1.2119e+00 +1.7697e+00
74 0 +1.601871863e+01 +1.601871863e+01 -9.231281367e+00 -9.231281367e+00 -3.4085e-02 +1.8783e-01 -1.2987e+00 -1.3735e+00 +1.9240e+00
76 0 +1.528851112e+01 +1.528851112e+01 -9.961488877e+00 -9.961488877e+00 -4.1107e-02 +8.4675e-02 -1.4869e+00 -1.6543e+00 +2.1263e+00
86 0 +1.511277208e+01 +1.511277208e+01 -1.013722792e+01 -1.013722792e+01 -3.9723e-02 +2.0077e-01 -1.4571e+00 -1.9749e+00 +2.0564e+00
88 0 +1.477792160e+01 +1.477792160e+01 -1.047207840e+01 -1.047207840e+01 -3.3906e-02 +1.1716e+00 -1.9092e+00 -2.0511e+00 +2.3315e+00
99 0 +1.439823930e+01 +1.439823930e+01 -1.085176070e+01 -1.085176070e+01 -3.6520e-02 +7.6421e-02 -8.9566e-01 -1.8351e+00 +2.6810e+00
109 0 +1.349827244e+01 +1.349827244e+01 -1.175172756e+01 -1.175172756e+01 -1.7280e-03 +9.9507e-01 -1.2236e+00 -1.8308e+00 +2.9101e+00
113 0 +1.333995068e+01 +1.333995068e+01 -1.191004932e+01 -1.191004932e+01 -2.6489e-02 +6.8189e-01 -1.4700e+00 -2.4198e+00 +3.2071e+00
305 0 +1.317435071e+01 +1.317435071e+01 -1.207564929e+01 -1.207564929e+01 -4.3219e-03 +6.5460e-01 -1.4076e+00 -1.8867e+00 +3.2083e+00
519 0 +1.279033193e+01 +1.279033193e+01 -1.245966807e+01 -1.245966807e+01 +4.7994e-02 +6.8968e-01 -1.4695e+00 -2.0813e+00 +3.0504e+00
% f evaluations | g evaluations | best noise-free fitness - Fopt | noise-free fitness - Fopt (1.830100000000e+02) | measured fitness | best measured fitness | x1 | x2...
1 0 +3.603715264e+01 +3.603715264e+01 +2.190471526e+02 +2.190471526e+02 +0.0000e+00 +0.0000e+00 +0.0000e+00 +0.0000e+00 +0.0000e+00
2 0 +2.466779963e+01 +2.466779963e+01 +2.076777996e+02 +2.076777996e+02 -2.0830e+00 +1.4786e-01 -2.4696e+00 -3.5492e-01 +1.6716e-01
12 0 +2.209043111e+01 +2.209043111e+01 +2.051004311e+02 +2.051004311e+02 -8.5081e-01 +2.8241e-01 -2.1558e+00 -1.7626e-01 -3.0979e-01
19 0 +2.093832589e+01 +2.093832589e+01 +2.039483259e+02 +2.039483259e+02 -3.1077e+00 +1.3310e-01 -3.1615e+00 +2.3648e-01 -3.2448e-01
25 0 +1.973287383e+01 +1.973287383e+01 +2.027428738e+02 +2.027428738e+02 -1.3649e+00 +1.7620e-01 -2.9407e+00 +2.3228e-01 -4.0603e-01
32 0 +1.880105524e+01 +1.880105524e+01 +2.018110552e+02 +2.018110552e+02 -3.0619e+00 +1.3824e-01 -3.1805e+00 -9.1223e-03 -7.3440e-01
39 0 +1.724367763e+01 +1.724367763e+01 +2.002536776e+02 +2.002536776e+02 -3.1602e+00 +1.9085e-01 -3.1975e+00 +2.7042e-01 -9.0780e-01
45 0 +1.688916435e+01 +1.688916435e+01 +1.998991644e+02 +1.998991644e+02 -2.4752e+00 +1.5120e-01 -3.2366e+00 -4.7371e-01 -1.1794e+00
46 0 +1.520557095e+01 +1.520557095e+01 +1.982155710e+02 +1.982155710e+02 -9.7944e-01 +1.8383e-01 -2.3896e+00 +6.7840e-01 -1.3189e+00
50 0 +1.380128127e+01 +1.380128127e+01 +1.968112813e+02 +1.968112813e+02 -2.3673e+00 +9.8060e-02 -2.6605e+00 +4.4262e-01 -1.4746e+00
57 0 +1.233465047e+01 +1.233465047e+01 +1.953446505e+02 +1.953446505e+02 -1.2656e+00 +1.7338e-01 -2.7420e+00 +5.0918e-01 -1.9105e+00
96 0 +8.505304252e+00 +8.505304252e+00 +1.915153043e+02 +1.915153043e+02 -3.0448e+00 +4.0617e-01 -2.8672e+00 +5.0763e-01 -3.9212e+00
137 0 +8.080567784e+00 +8.080567784e+00 +1.910905678e+02 +1.910905678e+02 -2.6787e+00 +4.3987e-01 -3.6558e+00 +9.7608e-01 -3.7660e+00
250 0 +7.897690426e+00 +7.897690426e+00 +1.909076904e+02 +1.909076904e+02 -1.8041e+00 +4.6265e-01 -2.5939e+00 +3.4366e-01 -4.0840e+00
254 0 +7.492867959e+00 +7.492867959e+00 +1.905028680e+02 +1.905028680e+02 -2.2907e+00 +5.3897e-01 -2.6949e+00 +1.4793e-01 -3.8595e+00
262 0 +6.806034130e+00 +6.806034130e+00 +1.898160341e+02 +1.898160341e+02 -2.3801e+00 +5.9769e-01 -2.6965e+00 +5.9911e-01 -4.0661e+00
312 0 +6.754163228e+00 +6.754163228e+00 +1.897641632e+02 +1.897641632e+02 -2.6350e+00 +6.5007e-01 -2.4022e+00 +1.0060e+00 -4.0902e+00
332 0 +6.468485027e+00 +6.468485027e+00 +1.894784850e+02 +1.894784850e+02 -2.3488e+00 +5.8886e-01 -2.8577e+00 +1.1283e+00 -3.8593e+00
343 0 +6.370463031e+00 +6.370463031e+00 +1.893804630e+02 +1.893804630e+02 -2.1099e+00 +6.6916e-01 -2.4914e+00 +1.2198e+00 -4.0850e+00
353 0 +5.937170963e+00 +5.937170963e+00 +1.889471710e+02 +1.889471710e+02 -1.6371e+00 +7.8436e-01 -2.8297e+00 +1.5868e+00 -3.5747e+00
% f evaluations | g evaluations | best noise-free fitness - Fopt | noise-free fitness - Fopt (1.835200000000e+02) | measured fitness | best measured fitness | x1 | x2...
1 0 +2.559320448e+01 +2.559320448e+01 +2.091132045e+02 +2.091132045e+02 +0.0000e+00 +0.0000e+00 +0.0000e+00 +0.0000e+00 +0.0000e+00
3 0 +2.471281491e+01 +2.471281491e+01 +2.082328149e+02 +2.082328149e+02 -8.7466e-02 -6.3099e-01 +3.5233e-01 -4.5260e+00 -5.2939e-02
13 0 +2.302419252e+01 +2.302419252e+01 +2.065441925e+02 +2.065441925e+02 -5.2062e-01 +5.1754e-01 -1.3524e+00 -3.2782e+00 -2.3782e-02
16 0 +1.525507588e+01 +1.525507588e+01 +1.987750759e+02 +1.987750759e+02 +1.2541e+00 -2.8412e-01 -2.0910e+00 -1.9807e+00 -2.2473e-01
44 0 +1.233873294e+01 +1.233873294e+01 +1.958587329e+02 +1.958587329e+02 -4.6790e-02 -1.0154e+00 -2.9342e+00 -2.8662e+00 +9.9711e-01
54 0 +9.884639714e+00 +9.884639714e+00 +1.934046397e+02 +1.934046397e+02 +7.5190e-01 -1.4781e+00 -9.2045e-01 -2.1556e+00 +4.4039e-01
56 0 +6.888500390e+00 +6.888500390e+00 +1.904085004e+02 +1.904085004e+02 +3.5617e-01 -2.4234e+00 -3.4322e+00 -8.9386e-01 +7.2617e-01
65 0 +6.543039344e+00 +6.543039344e+00 +1.900630393e+02 +1.900630393e+02 +1.7562e+00 -2.9493e+00 -2.0519e+00 -1.3852e+00 +7.1533e-01
67 0 +6.067854568e+00 +6.067854568e+00 +1.895878546e+02 +1.895878546e+02 +9.1718e-01 -2.2128e+00 -1.9012e+00 -2.1708e+00 +7.5445e-01
69 0 +3.975640045e+00 +3.975640045e+00 +1.874956400e+02 +1.874956400e+02 +6.8244e-01 -2.2496e+00 -2.3523e+00 -2.1774e+00 +1.1622e-01
97 0 +3.307549364e+00 +3.307549364e+00 +1.868275494e+02 +1.868275494e+02 +1.1191e+00 -3.3828e+00 -2.2080e+00 -1.9937e+00 +6.3683e-01
104 0 +2.482125155e+00 +2.482125155e+00 +1.860021252e+02 +1.860021252e+02 +5.8163e-01 -3.3080e+00 -2.3142e+00 -2.1569e+00 +6.4757e-01
231 0 +1.821736948e+00 +1.821736948e+00 +1.853417369e+02 +1.853417369e+02 +6.4698e-01 -3.8706e+00 -1.6963e+00 -1.4589e+00 +1.3049e-01
236 0 +1.583019091e+00 +1.583019091e+00 +1.851030191e+02 +1.851030191e+02 +2.8871e-01 -4.7746e+00 -1.8731e+00 -2.6231e+00 -1.6384e-01
254 0 +8.885974068e-01 +8.885974068e-01 +1.844085974e+02 +1.844085974e+02 +7.0289e-02 -4.0131e+00 -1.7833e+00 -2.3263e+00 +4.3275e-02
298 0 +7.377695188e-01 +7.377695188e-01 +1.842577695e+02 +1.842577695e+02 +9.4799e-03 -4.0355e+00 -2.0513e+00 -2.3298e+00 +9.4526e-02
306 0 +5.551632709e-01 +5.551632709e-01 +1.840751633e+02 +1.840751633e+02 +1.2520e-01 -3.9683e+00 -2.1453e+00 -1.8761e+00 +2.7393e-02
398 0 +4.175944902e-01 +4.175944902e-01 +1.839375945e+02 +1.839375945e+02 -1.7417e-01 -3.7173e+00 -2.3779e+00 -2.2940e+00 -1.2922e-01
406 0 +4.080068776e-01 +4.080068776e-01 +1.839280069e+02 +1.839280069e+02 +2.6656e-02 -3.6114e+00 -2.1936e+00 -1.9327e+00 -1.4322e-01
427 0 +3.065079831e-01 +3.065079831e-01 +1.838265080e+02 +1.838265080e+02 -2.7561e-01 -3.7287e+00 -2.2100e+00 -1.9681e+00 -2.3862e-01
444 0 +2.004281427e-01 +2.004281427e-01 +1.837204281e+02 +1.837204281e+02 -2.6481e-01 -3.8400e+00 -2.3005e+00 -1.9486e+00 -3.0996e-01
481 0 +1.488378588e-01 +1.488378588e-01 +1.836688379e+02 +1.836688379e+02 -6.9202e-02 -3.9682e+00 -2.1624e+00 -1.7674e+00 -4.5703e-01
504 0 +6.979136800e-02 +6.979136800e-02 +1.835897914e+02 +1.835897914e+02 +5.8377e-02 -3.8698e+00 -2.3798e+00 -2.1925e+00 -4.7357e-01
512 0 +5.458109719e-02 +5.458109719e-02 +1.835745811e+02 +1.835745811e+02 -4.9869e-03 -3.8438e+00 -2.3035e+00 -2.0774e+00 -4.5118e-01
612 0 +4.245643686e-02 +4.245643686e-02 +1.835624564e+02 +1.835624564e+02 -8.0913e-02 -3.9203e+00 -2.3586e+00 -2.0566e+00 -4.6339e-01
666 0 +4.061951557e-02 +4.061951557e-02 +1.835606195e+02 +1.835606195e+02 -8.9828e-02 -3.8950e+00 -2.3784e+00 -2.0658e+00 -4.8054e-01
674 0 +3.418402761e-02 +3.418402761e-02 +1.835541840e+02 +1.835541840e+02 +3.3874e-02 -3.8854e+00 -2.3925e+00 -2.0333e+00 -5.0116e-01
678 0 +3.187327110e-02 +3.187327110e-02 +1.835518733e+02 +1.835518733e+02 -3.2486e-02 -3.9367e+00 -2.3771e+00 -2.0438e+00 -4.8467e-01
691 0 +3.009433733e-02 +3.009433733e-02 +1.835500943e+02 +1.835500943e+02 -2.2107e-02 -3.9470e+00 -2.3722e+00 -2.0644e+00 -4.8971e-01
698 0 +2.886667891e-02 +2.886667891e-02 +1.835488667e+02 +1.835488667e+02 -5.4385e-02 -3.9427e+00 -2.3924e+00 -2.0673e+00 -5.0319e-01
700 0 +2.837666498e-02 +2.837666498e-02 +1.835483767e+02 +1.835483767e+02 -1.8740e-02 -3.9730e+00 -2.3487e+00 -2.0589e+00 -4.9350e-01
727 0 +2.799456948e-02 +2.799456948e-02 +1.835479946e+02 +1.835479946e+02 +4.3970e-02 -3.9366e+00 -2.2931e+00 -2.1232e+00 -5.3283e-01
728 0 +2.308564383e-02 +2.308564383e-02 +1.835430856e+02 +1.835430856e+02 -3.4388e-02 -3.9019e+00 -2.2928e+00 -2.0472e+00 -5.1759e-01
736 0 +2.150223341e-02 +2.150223341e-02 +1.835415022e+02 +1.835415022e+02 -3.1474e-02 -3.9350e+00 -2.2765e+00 -2.0301e+00 -5.2404e-01
738 0 +2.055240875e-02 +2.055240875e-02 +1.835405524e+02 +1.835405524e+02 -3.5173e-03 -3.9444e+00 -2.3103e+00 -2.1049e+00 -5.3177e-01
748 0 +1.547711310e-02 +1.547711310e-02 +1.835354771e+02 +1.835354771e+02 -5.3126e-02 -3.9327e+00 -2.3425e+00 -2.0283e+00 -5.3879e-01
763 0 +1.311244012e-02 +1.311244012e-02 +1.835331124e+02 +1.835331124e+02 -1.2031e-01 -3.9406e+00 -2.3131e+00 -2.0652e+00 -6.0829e-01
809 0 +4.425581430e-03 +4.425581430e-03 +1.835244256e+02 +1.835244256e+02 -6.9638e-02 -3.9193e+00 -2.3727e+00 -2.0536e+00 -6.6442e-01
838 0 +8.760338707e-04 +8.760338707e-04 +1.835208760e+02 +1.835208760e+02 -1.8413e-03 -3.9291e+00 -2.3412e+00 -2.0305e+00 -6.4649e-01
883 0 +8.072955048e-04 +8.072955048e-04 +1.835208073e+02 +1.835208073e+02 -1.7062e-02 -3.9290e+00 -2.3175e+00 -2.0332e+00 -6.4200e-01
892 0 +7.521030136e-04 +7.521030136e-04 +1.835207521e+02 +1.835207521e+02 -1.3514e-02 -3.9405e+00 -2.3217e+00 -2.0364e+00 -6.3577e-01
903 0 +6.183567679e-04 +6.183567679e-04 +1.835206184e+02 +1.835206184e+02 -8.4236e-03 -3.9455e+00 -2.3426e+00 -2.0409e+00 -6.3872e-01
909 0 +4.935972975e-04 +4.935972975e-04 +1.835204936e+02 +1.835204936e+02 -1.1516e-02 -3.9371e+00 -2.3220e+00 -2.0428e+00 -6.4286e-01
934 0 +3.664458414e-04 +3.664458414e-04 +1.835203664e+02 +1.835203664e+02 -2.1853e-02 -3.9405e+00 -2.3259e+00 -2.0424e+00 -6.4051e-01
935 0 +3.005685657e-04 +3.005685657e-04 +1.835203006e+02 +1.835203006e+02 -1.8429e-02 -3.9412e+00 -2.3350e+00 -2.0471e+00 -6.4103e-01
945 0 +2.933831660e-04 +2.933831660e-04 +1.835202934e+02 +1.835202934e+02 -2.3406e-02 -3.9421e+00 -2.3366e+00 -2.0494e+00 -6.4189e-01
953 0 +2.664353750e-04 +2.664353750e-04 +1.835202664e+02 +1.835202664e+02 -2.6925e-02 -3.9437e+00 -2.3365e+00 -2.0428e+00 -6.4246e-01
957 0 +2.396829653e-04 +2.396829653e-04 +1.835202397e+02 +1.835202397e+02 -2.3160e-02 -3.9405e+00 -2.3352e+00 -2.0441e+00 -6.4228e-01
982 0 +2.206659248e-04 +2.206659248e-04 +1.835202207e+02 +1.835202207e+02 -2.0056e-02 -3.9414e+00 -2.3362e+00 -2.0461e+00 -6.4323e-01
983 0 +2.068036813e-04 +2.068036813e-04 +1.835202068e+02 +1.835202068e+02 -2.7661e-02 -3.9429e+00 -2.3325e+00 -2.0388e+00 -6.4553e-01
993 0 +1.645940668e-04 +1.645940668e-04 +1.835201646e+02 +1.835201646e+02 -2.1411e-02 -3.9416e+00 -2.3298e+00 -2.0414e+00 -6.4577e-01
% f evaluations | g evaluations | best noise-free fitness - Fopt | noise-free fitness - Fopt (-5.938400000000e+02) | measured fitness | best measured fitness | x1 | x2...
1 0 +1.335823744e+01 +1.335823744e+01 -5.804817626e+02 -5.804817626e+02 +0.0000e+00 +0.0000e+00 +0.0000e+00 +0.0000e+00 +0.0000e+00
6 0 +1.323204924e+01 +1.323204924e+01 -5.806079508e+02 -5.806079508e+02 -1.1242e+00 -7.2329e-01 -8.5669e-01 -5.7690e-01 +3.2411e-01
9 0 +1.242665323e+01 +1.242665323e+01 -5.814133468e+02 -5.814133468e+02 -9.6325e-01 -3.2912e-02 -7.7908e-01 -2.9649e-03 -4.8826e-01
10 0 +1.120014426e+01 +1.120014426e+01 -5.826398557e+02 -5.826398557e+02 -5.9186e-01 +5.3836e-01 +3.0544e-01 -4.2386e-01 +2.0592e+00
11 0 +1.069961433e+01 +1.069961433e+01 -5.831403857e+02 -5.831403857e+02 -7.9978e-01 +2.8735e-01 +2.0871e+00 -9.7081e-02 +1.8748e+00
15 0 +6.584573409e+00 +6.584573409e+00 -5.872554266e+02 -5.872554266e+02 -1.4126e+00 +6.6445e-01 +1.1636e+00 +3.7224e-02 +1.7862e+00
25 0 +4.495798548e+00 +4.495798548e+00 -5.893442015e+02 -5.893442015e+02 -2.2190e+00 +7.2665e-01 +1.1913e+00 +2.3907e-01 +1.3497e+00
38 0 +3.622045856e+00 +3.622045856e+00 -5.902179541e+02 -5.902179541e+02 -2.9320e+00 -2.7309e-01 +1.3627e+00 +4.8820e-01 +1.2142e+00
42 0 +2.163787708e+00 +2.163787708e+00 -5.916762123e+02 -5.916762123e+02 -2.0947e+00 +4.0577e-01 +1.3516e+00 +1.0561e+00 +1.0970e+00
171 0 +2.039067902e+00 +2.039067902e+00 -5.918009321e+02 -5.918009321e+02 -2.7179e+00 +7.7144e-01 +7.2552e-01 +8.9656e-01 +1.4361e+00
202 0 +1.452686835e+00 +1.452686835e+00 -5.923873132e+02 -5.923873132e+02 -2.1489e+00 +5.3282e-01 -3.0801e-01 +1.6174e+00 +1.1600e+00
256 0 +1.301166142e+00 +1.301166142e+00 -5.925388339e+02 -5.925388339e+02 -1.9373e+00 -7.9100e-02 +3.8485e-01 +1.2275e+00 +1.2435e+00
269 0 +1.250245747e+00 +1.250245747e+00 -5.925897543e+02 -5.925897543e+02 -2.1970e+00 -8.0192e-03 +3.5417e-01 +1.1539e+00 +1.6724e+00
279 0 +9.858007420e-01 +9.858007420e-01 -5.928541993e+02 -5.928541993e+02 -1.9971e+00 +2.0838e-01 +4.6479e-01 +1.4210e+00 +1.0118e+00
280 0 +5.712675574e-01 +5.712675574e-01 -5.932687324e+02 -5.932687324e+02 -2.4987e+00 -3.9538e-01 +5.3234e-01 +1.5916e+00 +1.5424e+00
388 0 +5.428509992e-01 +5.428509992e-01 -5.932971490e+02 -5.932971490e+02 -2.3747e+00 -1.5119e-01 +4.8264e-01 +1.5136e+00 +1.1380e+00
442 0 +3.123225819e-01 +3.123225819e-01 -5.935276774e+02 -5.935276774e+02 -2.2210e+00 +1.8108e-02 +4.4247e-01 +1.8730e+00 +1.0497e+00
451 0 +2.678445817e-01 +2.678445817e-01 -5.935721554e+02 -5.935721554e+02 -2.6555e+00 +1.6594e-01 +7.1287e-01 +1.7582e+00 +1.0588e+00
652 0 +2.338736698e-01 +2.338736698e-01 -5.936061263e+02 -5.936061263e+02 -2.6756e+00 +3.1140e-01 +6.4876e-01 +1.7407e+00 +1.2427e+00
701 0 +1.967249489e-01 +1.967249489e-01 -5.936432751e+02 -5.936432751e+02 -2.8188e+00 -1.3956e-02 +4.5237e-01 +1.8477e+00 +1.5302e+00
763 0 +1.917447133e-01 +1.917447133e-01 -5.936482553e+02 -5.936482553e+02 -2.6095e+00 -5.0619e-02 +3.4431e-01 +1.8145e+00 +1.4908e+00
776 0 +1.689348201e-01 +1.689348201e-01 -5.936710652e+02 -5.936710652e+02 -2.5602e+00 -6.4790e-02 +3.7167e-01 +1.8124e+00 +1.3810e+00
786 0 +1.350509930e-01 +1.350509930e-01 -5.937049490e+02 -5.937049490e+02 -2.5371e+00 -8.6538e-03 +3.8271e-01 +1.8385e+00 +1.3455e+00
789 0 +8.886019526e-02 +8.886019526e-02 -5.937511398e+02 -5.937511398e+02 -2.5967e+00 +1.3735e-01 +5.0348e-01 +1.8546e+00 +1.3051e+00
901 0 +5.279601942e-02 +5.279601942e-02 -5.937872040e+02 -5.937872040e+02 -2.5252e+00 +9.4961e-02 +6.8136e-01 +2.0070e+00 +1.5175e+00
903 0 +5.223034430e-02 +5.223034430e-02 -5.937877697e+02 -5.937877697e+02 -2.6103e+00 +9.2719e-02 +6.0239e-01 +1.9973e+00 +1.5427e+00
914 0 +2.654251797e-02 +2.654251797e-02 -5.938134575e+02 -5.938134575e+02 -2.6457e+00 -3.0847e-03 +5.2766e-01 +2.0382e+00 +1.3796e+00
922 0 +1.108024608e-02 +1.108024608e-02 -5.938289198e+02 -5.938289198e+02 -2.5802e+00 +1.0177e-01 +5.0824e-01 +2.0521e+00 +1.3522e+00
% f evaluations | g evaluations | best noise-free fitness - Fopt | noise-free fitness - Fopt (-1.000000000000e+03) | measured fitness | best measured fitness | x1 | x2...
1 0 +5.549352064e+01 +5.549352064e+01 -9.445064794e+02 -9.445064794e+02 +0.0000e+00 +0.0000e+00 +0.0000e+00 +0.0000e+00 +0.0000e+00
2 0 +4.842405251e+01 +4.842405251e+01 -9.515759475e+02 -9.515759475e+02 -1.0069e+00 -1.4931e-01 +4.7963e-01 -7.4098e-01 +5.8147e-01
6 0 +4.458810046e+01 +4.458810046e+01 -9.554118995e+02 -9.554118995e+02 -2.0759e-01 +1.3217e+00 -4.3494e-01 +8.1001e-01 +5.9912e-01
13 0 +4.277783541e+01 +4.277783541e+01 -9.572221646e+02 -9.572221646e+02 -5.4297e-01 +1.0253e-01 -1.0701e+00 -3.3075e-01 -1.0304e-01
14 0 +3.866817455e+01 +3.866817455e+01 -9.613318255e+02 -9.613318255e+02 +4.9417e-01 +1.8272e+00 -5.4662e-01 -1.2564e+00 +4.0011e-01
17 0 +2.565328814e+01 +2.565328814e+01 -9.743467119e+02 -9.743467119e+02 -1.1309e+00 +3.0921e+00 -7.6689e-01 -9.1565e-01 -1.5811e-01
51 0 +2.403356089e+01 +2.403356089e+01 -9.759664391e+02 -9.759664391e+02 -1.0426e+00 +2.2375e+00 -6.5557e-01 -6.4152e-01 +1.7505e+00
53 0 +2.159396563e+01 +2.159396563e+01 -9.784060344e+02 -9.784060344e+02 -3.4756e-01 +3.4690e+00 -1.4844e+00 -6.7169e-01 +1.5149e+00
59 0 +2.057442615e+01 +2.057442615e+01 -9.794255738e+02 -9.794255738e+02 -6.5006e-01 +3.1970e+00 -1.0514e+00 -9.4723e-01 +2.1308e+00
60 0 +1.961215013e+01 +1.961215013e+01 -9.803878499e+02 -9.803878499e+02 -1.0144e+00 +2.5498e+00 -1.2557e+00 -9.2786e-01 +1.2885e+00
61 0 +1.787034348e+01 +1.787034348e+01 -9.821296565e+02 -9.821296565e+02 -1.6186e+00 +4.8177e+00 -7.5088e-01 -9.1892e-01 +1.8206e+00
63 0 +1.727632157e+01 +1.727632157e+01 -9.827236784e+02 -9.827236784e+02 -1.3221e+00 +3.0693e+00 -1.1513e+00 -6.6606e-01 +2.3973e+00
67 0 +1.610484751e+01 +1.610484751e+01 -9.838951525e+02 -9.838951525e+02 -1.5012e+00 +4.1131e+00 -9.5069e-01 -1.1713e+00 +1.4725e+00
72 0 +1.485015854e+01 +1.485015854e+01 -9.851498415e+02 -9.851498415e+02 -1.9556e+00 +4.5206e+00 -8.3587e-01 -1.1989e+00 +1.6906e+00
75 0 +1.318352679e+01 +1.318352679e+01 -9.868164732e+02 -9.868164732e+02 -1.8712e+00 +3.2595e+00 -1.1341e+00 -1.2287e+00 +1.8114e+00
96 0 +1.126756852e+01 +1.126756852e+01 -9.887324315e+02 -9.887324315e+02 -1.9026e+00 +4.6441e+00 -1.3328e+00 -1.8724e+00 +1.7068e+00
99 0 +9.309225697e+00 +9.309225697e+00 -9.906907743e+02 -9.906907743e+02 -2.5006e+00 +4.3772e+00 -1.1919e+00 -1.9305e+00 +2.0753e+00
108 0 +5.335257135e+00 +5.335257135e+00 -9.946647429e+02 -9.946647429e+02 -2.7654e+00 +3.8879e+00 -1.8718e+00 -1.9348e+00 +2.6319e+00
119 0 +7.330150649e-01 +7.330150649e-01 -9.992669849e+02 -9.992669849e+02 -3.7235e+00 +4.2637e+00 -3.3309e+00 -2.9813e+00 +2.4496e+00
367 0 +4.651642460e-01 +4.651642460e-01 -9.995348358e+02 -9.995348358e+02 -3.7119e+00 +4.4695e+00 -3.6164e+00 -2.4541e+00 +2.1415e+00
372 0 +1.275548665e-01 +1.275548665e-01 -9.998724451e+02 -9.998724451e+02 -3.9616e+00 +3.8581e+00 -3.6185e+00 -2.4188e+00 +2.0333e+00
728 0 +9.393557740e-02 +9.393557740e-02 -9.999060644e+02 -9.999060644e+02 -3.8066e+00 +4.0109e+00 -3.6271e+00 -2.3994e+00 +2.1346e+00
747 0 +5.383357275e-02 +5.383357275e-02 -9.999461664e+02 -9.999461664e+02 -3.8223e+00 +4.0177e+00 -3.7173e+00 -2.3619e+00 +2.2097e+00
776 0 +5.070940508e-02 +5.070940508e-02 -9.999492906e+02 -9.999492906e+02 -3.8144e+00 +3.9111e+00 -3.8071e+00 -2.2617e+00 +2.1892e+00
778 0 +3.351175695e-02 +3.351175695e-02 -9.999664882e+02 -9.999664882e+02 -3.7587e+00 +3.9766e+00 -3.7249e+00 -2.4056e+00 +2.2916e+00
799 0 +9.715585276e-03 +9.715585276e-03 -9.999902844e+02 -9.999902844e+02 -3.8274e+00 +3.8512e+00 -3.7440e+00 -2.4484e+00 +2.3594e+00
966 0 +7.091344438e-03 +7.091344438e-03 -9.999929087e+02 -9.999929087e+02 -3.7943e+00 +3.8920e+00 -3.8326e+00 -2.4731e+00 +2.2530e+00
979 0 +5.024555650e-03 +5.024555650e-03 -9.999949754e+02 -9.999949754e+02 -3.7838e+00 +3.8726e+00 -3.8429e+00 -2.4631e+00 +2.2822e+00
999 0 +7.922727228e-04 +7.922727228e-04 -9.999992077e+02 -9.999992077e+02 -3.8379e+00 +3.8688e+00 -3.8060e+00 -2.4376e+00 +2.2866e+00
% f evaluations | g evaluations | best noise-free fitness - Fopt | noise-free fitness - Fopt (-2.531000000000e+01) | measured fitness | best measured fitness | x1 | x2...
1 0 +4.109238592e+01 +4.109238592e+01 +1.578238592e+01 +1.578238592e+01 +0.0000e+00 +0.0000e+00 +0.0000e+00 +0.0000e+00 +0.0000e+00
2 0 +3.557661406e+01 +3.557661406e+01 +1.026661406e+01 +1.026661406e+01 +8.5616e-01 +3.2045e-01 -4.3794e-01 -3.0207e-01 +2.4334e-01
5 0 +3.076242117e+01 +3.076242117e+01 +5.452421166e+00 +5.452421166e+00 +1.2095e+00 +5.5425e-01 +3.2725e-01 +1.2536e-01 -2.8486e-01
15 0 +2.520942396e+01 +2.520942396e+01 -1.005760380e-01 -1.005760380e-01 +2.0110e+00 +2.2436e-01 -1.9217e-02 +8.2741e-01 -2.3863e-02
17 0 +2.171364078e+01 +2.171364078e+01 -3.596359219e+00 -3.596359219e+00 +2.3562e+00 +1.3559e+00 +1.1103e+00 +8.8705e-01 -8.3515e-01
25 0 +2.081173431e+01 +2.081173431e+01 -4.498265694e+00 -4.498265694e+00 +5.7658e+00 +1.6324e+00 +3.1988e-01 +2.3594e+00 -9.2281e-01
31 0 +1.109433331e+01 +1.109433331e+01 -1.421566669e+01 -1.421566669e+01 +3.7933e+00 +1.8689e+00 +1.7834e+00 +2.1382e+00 -1.1391e-01
470 0 +1.001374528e+01 +1.001374528e+01 -1.529625472e+01 -1.529625472e+01 +4.7429e+00 +1.4371e+00 -7.2502e-01 +2.4707e+00 +3.3855e+00
529 0 +6.775069864e+00 +6.775069864e+00 -1.853493014e+01 -1.853493014e+01 +5.8885e+00 +4.1917e+00 +7.8713e-01 +2.5586e+00 +2.6834e+00
554 0 +1.438225007e+00 +1.438225007e+00 -2.387177499e+01 -2.387177499e+01 +2.9618e+00 +2.8097e+00 +1.1437e+00 +3.2246e+00 +3.1437e+00
608 0 +6.499760083e-01 +6.499760083e-01 -2.466002399e+01 -2.466002399e+01 +3.7797e+00 +3.6084e+00 +4.4237e-01 +3.2812e+00 +2.9956e+00
874 0 +2.540325920e-01 +2.540325920e-01 -2.505596741e+01 -2.505596741e+01 +3.5125e+00 +3.5811e+00 +1.2465e+00 +3.4596e+00 +2.5293e+00
886 0 +1.075248699e-01 +1.075248699e-01 -2.520247513e+01 -2.520247513e+01 +3.4052e+00 +3.3251e+00 +9.4543e-01 +3.1572e+00 +2.1616e+00
962 0 +7.897297493e-02 +7.897297493e-02 -2.523102703e+01 -2.523102703e+01 +3.4725e+00 +3.3441e+00 +1.0375e+00 +3.0926e+00 +2.3667e+00
997 0 +5.834984625e-02 +5.834984625e-02 -2.525165015e+01 -2.525165015e+01 +3.2974e+00 +3.5284e+00 +9.2738e-01 +3.3284e+00 +2.4441e+00
1002 0 +4.355640573e-02 +4.355640573e-02 -2.526644359e+01 -2.526644359e+01 +3.3770e+00 +3.4543e+00 +9.2738e-01 +3.3284e+00 +2.4441e+00
% f evaluations | g evaluations | best noise-free fitness - Fopt | noise-free fitness - Fopt (2.228000000000e+01) | measured fitness | best measured fitness | x1 | x2...
1 0 +1.659087296e+01 +1.659087296e+01 +3.887087296e+01 +3.887087296e+01 +0.0000e+00 +0.0000e+00 +0.0000e+00 +0.0000e+00 +0.0000e+00
8 0 +1.477683448e+01 +1.477683448e+01 +3.705683448e+01 +3.705683448e+01 -2.6304e-01 -9.5630e-01 -7.5397e-02 -7.4734e-01 -3.9644e-01
9 0 +1.213294753e+01 +1.213294753e+01 +3.441294753e+01 +3.441294753e+01 +5.5917e-01 -1.7925e+00 +1.0510e-02 +2.1669e-01 +5.9786e-02
13 0 +9.007347704e+00 +9.007347704e+00 +3.128734770e+01 +3.128734770e+01 +1.1257e+00 -1.0739e+00 -1.4996e-01 +1.0578e+00 -2.8782e-01
27 0 +8.591739566e+00 +8.591739566e+00 +3.087173957e+01 +3.087173957e+01 +6.2873e-01 -1.2470e+00 -1.5052e-02 +6.1576e-01 -5.9492e-01
32 0 +7.784415342e+00 +7.784415342e+00 +3.006441534e+01 +3.006441534e+01 +7.2998e-01 -1.3587e+00 -4.2926e-02 +1.3922e+00 -7.0218e-01
33 0 +7.193639155e+00 +7.193639155e+00 +2.947363915e+01 +2.947363915e+01 +7.1216e-01 -1.5607e+00 -1.0005e-01 +4.4094e-01 -8.2863e-01
44 0 +6.771718037e+00 +6.771718037e+00 +2.905171804e+01 +2.905171804e+01 +1.0498e+00 -8.5476e-01 -1.1870e-03 +1.5950e+00 -1.1979e+00
54 0 +6.698664029e+00 +6.698664029e+00 +2.897866403e+01 +2.897866403e+01 +1.4639e+00 -1.8921e+00 -1.4830e-02 +2.1081e+00 -1.1685e+00
70 0 +6.394157357e+00 +6.394157357e+00 +2.867415736e+01 +2.867415736e+01 +7.0714e-01 -2.5715e+00 -2.5096e-02 +1.4208e+00 -1.2924e+00
94 0 +6.098688942e+00 +6.098688942e+00 +2.837868894e+01 +2.837868894e+01 +7.7998e-01 -1.1822e+00 +1.8639e-01 +3.3130e-01 -1.7442e+00
98 0 +5.052492201e+00 +5.052492201e+00 +2.733249220e+01 +2.733249220e+01 +1.8262e+00 -2.6166e+00 -1.4358e-01 +5.7652e-01 -1.5818e+00
137 0 +4.745175505e+00 +4.745175505e+00 +2.702517550e+01 +2.702517550e+01 +8.0536e-01 -1.8416e+00 -1.9927e-01 +7.1141e-02 -1.7428e+00
149 0 +4.253620116e+00 +4.253620116e+00 +2.653362012e+01 +2.653362012e+01 +1.8940e+00 -1.8972e+00 -1.4761e-01 +1.2452e+00 -1.5876e+00
203 0 +3.934459901e+00 +3.934459901e+00 +2.621445990e+01 +2.621445990e+01 +2.0521e+00 -2.4274e+00 -5.3524e-01 +2.2200e+00 -2.7064e+00
215 0 +3.294282967e+00 +3.294282967e+00 +2.557428297e+01 +2.557428297e+01 +1.9587e+00 -1.4909e+00 -7.6343e-01 +9.4562e-01 -1.3238e+00
294 0 +1.678179126e+00 +1.678179126e+00 +2.395817913e+01 +2.395817913e+01 +1.4791e+00 -1.2701e+00 -9.2863e-01 +2.6219e-01 -2.4402e+00
298 0 +1.518316154e+00 +1.518316154e+00 +2.379831615e+01 +2.379831615e+01 +1.1811e+00 -2.5331e+00 -1.0110e+00 +5.3393e-01 -2.7019e+00
342 0 +9.164138690e-01 +9.164138690e-01 +2.319641387e+01 +2.319641387e+01 +2.1253e+00 -2.0180e+00 -1.4435e+00 +9.9127e-01 -2.2066e+00
349 0 +8.754280602e-01 +8.754280602e-01 +2.315542806e+01 +2.315542806e+01 +1.9847e+00 -1.8259e+00 -1.3955e+00 +1.2330e+00 -2.0978e+00
372 0 +7.636852375e-01 +7.636852375e-01 +2.304368524e+01 +2.304368524e+01 +1.9220e+00 -1.9250e+00 -1.2139e+00 +8.2651e-01 -2.3848e+00
391 0 +7.323786493e-01 +7.323786493e-01 +2.301237865e+01 +2.301237865e+01 +1.0832e+00 -1.4125e+00 -1.2955e+00 +7.5225e-01 -2.2823e+00
% f evaluations | g evaluations | best noise-free fitness - Fopt | noise-free fitness - Fopt (3.561400000000e+02) | measured fitness | best measured fitness | x1 | x2...
1 0 +2.189520512e+01 +2.189520512e+01 +3.780352051e+02 +3.780352051e+02 +0.0000e+00 +0.0000e+00 +0.0000e+00 +0.0000e+00 +0.0000e+00
4 0 +1.638472445e+01 +1.638472445e+01 +3.725247244e+02 +3.725247244e+02 +8.1912e-01 -9.9637e-01 -9.5523e-01 -7.0491e-02 -5.2844e-01
5 0 +1.509548386e+01 +1.509548386e+01 +3.712354839e+02 +3.712354839e+02 +1.3799e+00 -1.0465e+00 -2.9248e-01 +3.7579e-01 +4.9184e-01
14 0 +1.300828494e+01 +1.300828494e+01 +3.691482849e+02 +3.691482849e+02 +2.8463e+00 -1.1877e+00 -9.5991e-01 +2.2366e-01 +1.3724e+00
16 0 +1.280097370e+01 +1.280097370e+01 +3.689409737e+02 +3.689409737e+02 +7.4076e-01 -1.1237e+00 -1.2887e+00 -2.2315e-01 +4.8517e-01
22 0 +1.254825384e+01 +1.254825384e+01 +3.686882538e+02 +3.686882538e+02 +3.4385e+00 -1.0807e+00 -9.0040e-01 +1.1222e+00 +1.8192e+00
23 0 +1.179255861e+01 +1.179255861e+01 +3.679325586e+02 +3.679325586e+02 +1.9612e+00 -1.1115e+00 -4.1610e-01 +1.0969e+00 +9.9789e-01
26 0 +9.776925499e+00 +9.776925499e+00 +3.659169255e+02 +3.659169255e+02 +3.1159e+00 -9.5123e-01 -1.1855e+00 +1.0800e+00 +1.3271e+00
27 0 +7.760074234e+00 +7.760074234e+00 +3.639000742e+02 +3.639000742e+02 +2.0921e+00 -1.2469e+00 -1.6208e+00 +4.4923e-01 +1.2914e+00
33 0 +5.852705729e+00 +5.852705729e+00 +3.619927057e+02 +3.619927057e+02 +2.9529e+00 -8.1681e-01 -2.0417e+00 +1.2134e+00 +9.0071e-01
35 0 +4.665893758e+00 +4.665893758e+00 +3.608058938e+02 +3.608058938e+02 +1.4120e+00 -1.0242e+00 -2.0870e+00 +8.0229e-01 +8.8625e-01
36 0 +4.529783011e+00 +4.529783011e+00 +3.606697830e+02 +3.606697830e+02 +1.7110e+00 -1.1964e+00 -2.3292e+00 +6.3415e-01 +1.6071e+00
45 0 +1.536213010e+00 +1.536213010e+00 +3.576762130e+02 +3.576762130e+02 +1.5462e+00 -1.1362e+00 -2.8592e+00 +1.4014e+00 +1.5709e+00
53 0 +1.507827924e+00 +1.507827924e+00 +3.576478279e+02 +3.576478279e+02 +2.3226e+00 -8.3058e-01 -3.0000e+00 +2.5340e+00 +8.9759e-01
57 0 +1.189680663e+00 +1.189680663e+00 +3.573296807e+02 +3.573296807e+02 +1.4900e+00 -5.6714e-01 -2.4624e+00 +2.0509e+00 +1.4654e+00
64 0 +3.073478284e-01 +3.073478284e-01 +3.564473478e+02 +3.564473478e+02 +1.6118e+00 -6.5173e-01 -3.4593e+00 +2.4339e+00 +9.6237e-01
144 0 +2.951540363e-01 +2.951540363e-01 +3.564351540e+02 +3.564351540e+02 +1.7448e+00 -2.3562e-01 -3.2946e+00 +1.9928e+00 +1.2949e+00
192 0 +2.165502246e-01 +2.165502246e-01 +3.563565502e+02 +3.563565502e+02 +1.3496e+00 -8.9612e-01 -3.7658e+00 +2.3390e+00 +1.4625e+00
196 0 +1.952244441e-01 +1.952244441e-01 +3.563352244e+02 +3.563352244e+02 +1.1580e+00 -7.6942e-01 -3.3866e+00 +2.1263e+00 +1.5424e+00
220 0 +1.137025002e-01 +1.137025002e-01 +3.562537025e+02 +3.562537025e+02 +1.4616e+00 -5.2836e-01 -3.5100e+00 +1.8930e+00 +1.4943e+00
224 0 +5.769490926e-02 +5.769490926e-02 +3.561976949e+02 +3.561976949e+02 +1.6644e+00 -4.8671e-01 -3.5693e+00 +2.1099e+00 +1.4155e+00
231 0 +5.423275957e-02 +5.423275957e-02 +3.561942328e+02 +3.561942328e+02 +1.4354e+00 -7.2197e-01 -3.6464e+00 +2.1690e+00 +1.4164e+00
243 0 +9.175010983e-03 +9.175010983e-03 +3.561491750e+02 +3.561491750e+02 +1.4807e+00 -5.4057e-01 -3.5769e+00 +2.2486e+00 +1.3493e+00
255 0 +5.781251821e-03 +5.781251821e-03 +3.561457813e+02 +3.561457813e+02 +1.4605e+00 -5.3141e-01 -3.5643e+00 +2.1841e+00 +1.4876e+00
490 0 +3.559150188e-03 +3.559150188e-03 +3.561435592e+02 +3.561435592e+02 +1.4387e+00 -5.0979e-01 -3.5554e+00 +2.2734e+00 +1.4225e+00
506 0 +1.515569716e-03 +1.515569716e-03 +3.561415156e+02 +3.561415156e+02 +1.4869e+00 -5.4230e-01 -3.5237e+00 +2.2340e+00 +1.4364e+00
796 0 +1.120168857e-03 +1.120168857e-03 +3.561411202e+02 +3.561411202e+02 +1.4365e+00 -5.2788e-01 -3.5222e+00 +2.2353e+00 +1.4431e+00
887 0 +6.683947620e-04 +6.683947620e-04 +3.561406684e+02 +3.561406684e+02 +1.4473e+00 -5.1837e-01 -3.5552e+00 +2.2213e+00 +1.4418e+00
986 0 +2.154246137e-04 +2.154246137e-04 +3.561402154e+02 +3.561402154e+02 +1.4535e+00 -5.2485e-01 -3.5501e+00 +2.2164e+00 +1.4272e+00
% f evaluations | g evaluations | best noise-free fitness - Fopt | noise-free fitness - Fopt (-4.757000000000e+02) | measured fitness | best measured fitness | x1 | x2...
1 0 +2.709985920e+01 +2.709985920e+01 -4.486001408e+02 -4.486001408e+02 +0.0000e+00 +0.0000e+00 +0.0000e+00 +0.0000e+00 +0.0000e+00
6 0 +1.635827261e+01 +1.635827261e+01 -4.593417274e+02 -4.593417274e+02 -1.2753e-01 -1.9421e-01 +9.7888e-01 +2.0082e-01 -1.8953e+00
7 0 +1.449283384e+01 +1.449283384e+01 -4.612071662e+02 -4.612071662e+02 -4.7365e-01 -3.1948e-02 +1.6520e+00 +1.0217e+00 +7.0387e-01
12 0 +1.064540590e+01 +1.064540590e+01 -4.650545941e+02 -4.650545941e+02 -4.8926e-02 -5.2247e-01 +1.4457e+00 +2.3566e+00 +3.4776e-01
18 0 +1.296420536e+00 +1.296420536e+00 -4.744035795e+02 -4.744035795e+02 -3.5447e-01 -3.8756e-01 +2.8415e+00 +2.9901e+00 -1.2675e+00
52 0 +1.196255844e+00 +1.196255844e+00 -4.745037442e+02 -4.745037442e+02 -1.6862e-01 -1.1955e+00 +3.4345e+00 +2.9947e+00 -1.9480e+00
57 0 +1.152885447e+00 +1.152885447e+00 -4.745471146e+02 -4.745471146e+02 +6.8463e-02 -1.0028e+00 +3.9286e+00 +3.1167e+00 -1.6390e+00
232 0 +1.147061859e+00 +1.147061859e+00 -4.745529381e+02 -4.745529381e+02 +1.9085e-01 -7.3031e-01 +3.8367e+00 +3.0612e+00 -1.5479e+00
241 0 +1.118016762e+00 +1.118016762e+00 -4.745819832e+02 -4.745819832e+02 +1.5504e-01 -7.0251e-01 +3.8286e+00 +3.2790e+00 -1.6082e+00
243 0 +1.004520737e+00 +1.004520737e+00 -4.746954793e+02 -4.746954793e+02 +1.2063e-01 -7.3228e-01 +3.8314e+00 +3.0249e+00 -1.5559e+00
247 0 +9.624895108e-01 +9.624895108e-01 -4.747375105e+02 -4.747375105e+02 +1.0240e-01 -7.1750e-01 +3.7402e+00 +3.1293e+00 -1.7250e+00
318 0 +7.967780696e-01 +7.967780696e-01 -4.749032219e+02 -4.749032219e+02 -1.1307e-01 -6.9085e-01 +4.1809e+00 +3.2153e+00 -1.5289e+00
323 0 +7.711054426e-01 +7.711054426e-01 -4.749288946e+02 -4.749288946e+02 -7.9768e-02 -7.3707e-01 +3.8353e+00 +3.3486e+00 -1.6236e+00
349 0 +4.874322420e-01 +4.874322420e-01 -4.752125678e+02 -4.752125678e+02 -5.0172e-01 -3.5523e-01 +4.1417e+00 +3.5026e+00 -1.6951e+00
352 0 +4.537036136e-01 +4.537036136e-01 -4.752462964e+02 -4.752462964e+02 -5.6747e-01 -2.2761e-01 +4.3129e+00 +3.0097e+00 -1.4346e+00
353 0 +4.336968521e-01 +4.336968521e-01 -4.752663031e+02 -4.752663031e+02 -4.3432e-01 -1.7435e-01 +3.6157e+00 +2.8502e+00 -1.2947e+00
424 0 +3.832049486e-01 +3.832049486e-01 -4.753167951e+02 -4.753167951e+02 -9.1829e-01 -4.8159e-01 +4.0604e+00 +2.7391e+00 -2.1605e+00
429 0 +3.581576498e-01 +3.581576498e-01 -4.753418424e+02 -4.753418424e+02 -9.9087e-01 -5.3686e-01 +4.2868e+00 +2.8286e+00 -1.8889e+00
436 0 +1.127001189e-01 +1.127001189e-01 -4.755872999e+02 -4.755872999e+02 -1.0020e+00 -5.5464e-01 +3.7360e+00 +2.7636e+00 -1.5875e+00
% f evaluations | g evaluations | best noise-free fitness - Fopt | noise-free fitness - Fopt (-1.000000000000e+03) | measured fitness | best measured fitness | x1 | x2...
1 0 +4.480582976e+01 +4.480582976e+01 -9.551941702e+02 -9.551941702e+02 +0.0000e+00 +0.0000e+00 +0.0000e+00 +0.0000e+00 +0.0000e+00
2 0 +3.656587943e+01 +3.656587943e+01 -9.634341206e+02 -9.634341206e+02 -9.0224e-01 -4.9375e-04 +7.5571e-01 -8.2262e-01 +9.7669e-01
15 0 +3.148424883e+01 +3.148424883e+01 -9.685157512e+02 -9.685157512e+02 -1.0457e+00 -8.5384e-04 +7.9762e-01 -9.2892e-02 -2.6269e-01
23 0 +2.677578346e+01 +2.677578346e+01 -9.732242165e+02 -9.732242165e+02 -1.3086e+00 -4.9881e-04 +1.4730e+00 +6.6126e-01 -1.5532e+00
30 0 +2.552410160e+01 +2.552410160e+01 -9.744758984e+02 -9.744758984e+02 -1.4499e+00 -2.9664e-03 +1.3604e+00 -6.4038e-01 -1.9056e-01
34 0 +1.937440800e+01 +1.937440800e+01 -9.806255920e+02 -9.806255920e+02 -2.5846e+00 -3.0218e-03 +3.6763e+00 +6.3652e-01 -2.2039e-01
44 0 +1.631601605e+01 +1.631601605e+01 -9.836839840e+02 -9.836839840e+02 -3.0503e+00 -2.7501e-03 +4.8857e+00 +3.3152e-01 -2.3806e+00
51 0 +1.601765968e+01 +1.601765968e+01 -9.839823403e+02 -9.839823403e+02 -1.8617e+00 -5.3427e-03 +3.8088e+00 -2.2037e+00 -2.5848e+00
59 0 +1.577560016e+01 +1.577560016e+01 -9.842243998e+02 -9.842243998e+02 -2.8693e+00 -6.5144e-03 +4.4112e+00 -1.8504e+00 -3.6179e+00
94 0 +1.349483076e+01 +1.349483076e+01 -9.865051692e+02 -9.865051692e+02 -3.1721e+00 +2.6763e-03 +2.9931e+00 -1.5243e+00 -5.9895e-01
101 0 +1.267779770e+01 +1.267779770e+01 -9.873222023e+02 -9.873222023e+02 -3.4887e+00 +1.2879e-03 +4.7239e+00 -1.0540e+00 -1.1717e+00
124 0 +1.240458179e+01 +1.240458179e+01 -9.875954182e+02 -9.875954182e+02 -3.7711e+00 +3.6129e-03 +4.4810e+00 -7.5287e-01 -2.4571e+00
140 0 +1.109100938e+01 +1.109100938e+01 -9.889089906e+02 -9.889089906e+02 -3.8426e+00 +3.8692e-03 +3.7138e+00 -1.5411e+00 -1.5743e+00
% f evaluations | g evaluations | best noise-free fitness - Fopt | noise-free fitness - Fopt (-4.158000000000e+01) | measured fitness | best measured fitness | x1 | x2...
1 0 +1.963253440e+01 +1.963253440e+01 -2.194746560e+01 -2.194746560e+01 +0.0000e+00 +0.0000e+00 +0.0000e+00 +0.0000e+00 +0.0000e+00
3 0 +1.861408925e+01 +1.861408925e+01 -2.296591075e+01 -2.296591075e+01 -1.5837e-01 -7.6732e-03 -4.7066e-02 -3.4424e-01 -1.6336e+00
4 0 +1.759334640e+01 +1.759334640e+01 -2.398665360e+01 -2.398665360e+01 -3.2959e-01 +3.6624e-01 -2.5422e-02 +2.5667e-01 -2.7506e-01
13 0 +1.663239100e+01 +1.663239100e+01 -2.494760900e+01 -2.494760900e+01 +9.8786e-01 +2.3207e-01 -8.3847e-02 +2.4590e-01 -1.5363e+00
18 0 +1.655783493e+01 +1.655783493e+01 -2.502216507e+01 -2.502216507e+01 +1.6805e-01 +5.3845e-01 -1.1116e-02 +2.4595e-01 -7.4092e-02
66 0 +1.590536771e+01 +1.590536771e+01 -2.567463229e+01 -2.567463229e+01 +4.1715e-01 +5.6569e-01 +1.1027e-02 +7.4751e-01 -1.1725e+00
132 0 +1.572955473e+01 +1.572955473e+01 -2.585044527e+01 -2.585044527e+01 +1.1980e-01 +6.6151e-01 +6.7089e-02 +4.7999e-01 -8.3622e-01
150 0 +1.516588791e+01 +1.516588791e+01 -2.641411209e+01 -2.641411209e+01 +2.4271e-01 +7.6856e-01 +8.0452e-02 +4.5496e-01 -9.6860e-01
182 0 +1.504917316e+01 +1.504917316e+01 -2.653082684e+01 -2.653082684e+01 +2.7873e-01 +7.8576e-01 +7.8026e-02 +4.7212e-01 -1.1738e+00
184 0 +1.474733040e+01 +1.474733040e+01 -2.683266960e+01 -2.683266960e+01 +3.1389e-01 +8.3720e-01 +6.5612e-02 +4.8064e-01 -1.1019e+00
203 0 +1.405842987e+01 +1.405842987e+01 -2.752157013e+01 -2.752157013e+01 +5.0998e-01 +1.0037e+00 +6.4086e-02 +4.2202e-01 -8.1068e-01
220 0 +1.351607870e+01 +1.351607870e+01 -2.806392130e+01 -2.806392130e+01 +7.3404e-01 +1.0670e+00 +4.3184e-02 +3.3185e-01 -1.1477e+00
235 0 +1.333723241e+01 +1.333723241e+01 -2.824276759e+01 -2.824276759e+01 +5.8466e-01 +1.1285e+00 +2.5852e-02 +2.5936e-01 -1.6050e+00
243 0 +1.304037035e+01 +1.304037035e+01 -2.853962965e+01 -2.853962965e+01 +5.9058e-01 +1.1455e+00 +1.9190e-02 +2.7724e-01 -1.0136e+00
252 0 +1.279767923e+01 +1.279767923e+01 -2.878232077e+01 -2.878232077e+01 +4.5647e-01 +1.2488e+00 +4.2128e-02 +2.0232e-01 -1.1310e+00
284 0 +1.232865715e+01 +1.232865715e+01 -2.925134285e+01 -2.925134285e+01 +6.8476e-01 +1.3530e+00 +6.1225e-03 +2.4495e-01 -8.7426e-01
292 0 +1.213388302e+01 +1.213388302e+01 -2.944611698e+01 -2.944611698e+01 +9.7339e-01 +1.4823e+00 -2.8891e-02 +3.4337e-01 -6.3255e-01
303 0 +1.160409434e+01 +1.160409434e+01 -2.997590566e+01 -2.997590566e+01 +7.7222e-01 +1.5494e+00 -2.5130e-02 -1.3442e-01 -7.0031e-01
315 0 +1.146149603e+01 +1.146149603e+01 -3.011850397e+01 -3.011850397e+01 +3.7188e-01 +1.6023e+00 -1.3537e-02 -1.5910e-01 -8.4194e-01
322 0 +1.115042642e+01 +1.115042642e+01 -3.042957358e+01 -3.042957358e+01 +5.6239e-01 +1.6122e+00 -5.8059e-02 +3.0993e-02 -8.0315e-01
338 0 +1.087960956e+01 +1.087960956e+01 -3.070039044e+01 -3.070039044e+01 +6.0024e-01 +1.6685e+00 -6.0908e-02 -2.1866e-02 -1.1970e+00
372 0 +1.027639592e+01 +1.027639592e+01 -3.130360408e+01 -3.130360408e+01 +4.3445e-01 +1.7950e+00 -1.8663e-01 +4.9778e-01 -8.8821e-01
382 0 +1.004245421e+01 +1.004245421e+01 -3.153754579e+01 -3.153754579e+01 +5.5831e-01 +1.7684e+00 -1.9766e-01 +3.0452e-01 -8.9930e-01
393 0 +9.830310026e+00 +9.830310026e+00 -3.174968997e+01 -3.174968997e+01 +2.9450e-01 +1.8201e+00 -2.2222e-01 +1.3633e-01 -1.4703e+00
411 0 +9.761274934e+00 +9.761274934e+00 -3.181872507e+01 -3.181872507e+01 +4.7508e-01 +1.9515e+00 -1.9157e-01 +6.1213e-02 -1.6086e+00
414 0 +9.456885626e+00 +9.456885626e+00 -3.212311437e+01 -3.212311437e+01 +7.3275e-01 +1.8983e+00 -2.2567e-01 +6.1530e-02 -1.2754e+00
419 0 +9.297699437e+00 +9.297699437e+00 -3.228230056e+01 -3.228230056e+01 +8.3607e-01 +1.9269e+00 -2.6036e-01 -1.2795e-01 -1.4552e+00
420 0 +8.849878039e+00 +8.849878039e+00 -3.273012196e+01 -3.273012196e+01 +6.8555e-01 +2.0865e+00 -2.6921e-01 -8.7655e-02 -9.6792e-01
428 0 +8.626651672e+00 +8.626651672e+00 -3.295334833e+01 -3.295334833e+01 +3.9793e-01 +2.1613e+00 -3.1065e-01 +1.2045e-01 -1.3893e+00
439 0 +8.508355974e+00 +8.508355974e+00 -3.307164403e+01 -3.307164403e+01 +6.6906e-01 +2.1420e+00 -3.1596e-01 +7.9566e-02 -1.1800e+00
452 0 +8.208931675e+00 +8.208931675e+00 -3.337106833e+01 -3.337106833e+01 +4.0477e-01 +2.2855e+00 -3.4794e-01 +1.2636e-01 -1.2516e+00
479 0 +8.115354879e+00 +8.115354879e+00 -3.346464512e+01 -3.346464512e+01 +4.8505e-01 +2.2601e+00 -3.6283e-01 +8.7522e-02 -1.2549e+00
552 0 +7.932081564e+00 +7.932081564e+00 -3.364791844e+01 -3.364791844e+01 +5.4931e-01 +2.2995e+00 -3.7877e-01 +6.9095e-03 -1.1253e+00
600 0 +7.754657152e+00 +7.754657152e+00 -3.382534285e+01 -3.382534285e+01 +5.8233e-01 +2.3316e+00 -4.0579e-01 +3.4796e-02 -1.1532e+00
747 0 +6.226938804e+00 +6.226938804e+00 -3.535306120e+01 -3.535306120e+01 +7.8169e-01 +2.9182e+00 -6.8470e-01 -1.2371e-01 -7.1764e-01
976 0 +6.164284819e+00 +6.164284819e+00 -3.541571518e+01 -3.541571518e+01 +3.0610e-01 +2.7010e+00 -7.0556e-01 +1.9360e-01 -1.3610e+00
995 0 +6.014759496e+00 +6.014759496e+00 -3.556524050e+01 -3.556524050e+01 +1.5390e-01 +2.6563e+00 -7.5985e-01 +2.4883e-01 -1.1085e+00
