% f evaluations | g evaluations | best noise-free fitness - Fopt | noise-free fitness - Fopt (7.948000000000e+01) | measured fitness | best measured fitness | x1 | x2...
1 0 +1.926270080e+00 +1.926270080e+00 +8.140627008e+01 +8.140627008e+01 +0.0000e+00 +0.0000e+00 +0.0000e+00
2 0 +9.762872697e-01 +9.762872697e-01 +8.045628727e+01 +8.045628727e+01 +1.1187e+00 -1.2794e+00 -2.6418e-01
3 0 +3.792998276e-01 +3.792998276e-01 +7.985929983e+01 +7.985929983e+01 +7.7480e-01 -1.4047e+00 -5.1099e-01
60 0 +1.334837338e-02 +1.334837338e-02 +7.949334837e+01 +7.949334837e+01 +1.6904e-01 -1.1577e+00 -6.4443e-01
106 0 +5.547090179e-03 +5.547090179e-03 +7.948554709e+01 +7.948554709e+01 +3.2122e-01 -1.1815e+00 -7.3991e-01
115 0 +4.690062076e-03 +4.690062076e-03 +7.948469006e+01 +7.948469006e+01 +2.8681e-01 -1.2162e+00 -7.2558e-01
176 0 +3.880805751e-03 +3.880805751e-03 +7.948388081e+01 +7.948388081e+01 +2.7873e-01 -1.1458e+00 -6.6843e-01
303 0 +3.301499908e-03 +3.301499908e-03 +7.948330150e+01 +7.948330150e+01 +2.8199e-01 -1.1578e+00 -7.7348e-01
317 0 +2.841898833e-03 +2.841898833e-03 +7.948284190e+01 +7.948284190e+01 +2.8467e-01 -1.1682e+00 -7.6518e-01
322 0 +2.508988199e-03 +2.508988199e-03 +7.948250899e+01 +7.948250899e+01 +2.3636e-01 -1.1472e+00 -7.7033e-01
325 0 +2.356642323e-03 +2.356642323e-03 +7.948235664e+01 +7.948235664e+01 +2.6104e-01 -1.1370e+00 -7.6754e-01
327 0 +2.309541917e-03 +2.309541917e-03 +7.948230954e+01 +7.948230954e+01 +2.8091e-01 -1.1462e+00 -7.6151e-01
341 0 +1.673153042e-03 +1.673153042e-03 +7.948167315e+01 +7.948167315e+01 +2.6607e-01 -1.1479e+00 -7.6166e-01
350 0 +8.670310634e-04 +8.670310634e-04 +7.948086703e+01 +7.948086703e+01 +2.5513e-01 -1.1462e+00 -7.5139e-01
352 0 +3.066506380e-04 +3.066506380e-04 +7.948030665e+01 +7.948030665e+01 +2.4866e-01 -1.1439e+00 -7.3510e-01
373 0 +1.544437696e-04 +1.544437696e-04 +7.948015444e+01 +7.948015444e+01 +2.4328e-01 -1.1637e+00 -7.2795e-01
398 0 +4.087385291e-05 +4.087385291e-05 +7.948004087e+01 +7.948004087e+01 +2.5033e-01 -1.1515e+00 -7.2668e-01
401 0 +3.230722506e-05 +3.230722506e-05 +7.948003231e+01 +7.948003231e+01 +2.5353e-01 -1.1576e+00 -7.2958e-01
461 0 +2.919949338e-05 +2.919949338e-05 +7.948002920e+01 +7.948002920e+01 +2.5131e-01 -1.1612e+00 -7.2122e-01
464 0 +6.227970474e-06 +6.227970474e-06 +7.948000623e+01 +7.948000623e+01 +2.5210e-01 -1.1589e+00 -7.2510e-01
480 0 +2.552883075e-06 +2.552883075e-06 +7.948000255e+01 +7.948000255e+01 +2.5383e-01 -1.1580e+00 -7.2423e-01
491 0 +2.298914779e-06 +2.298914779e-06 +7.948000230e+01 +7.948000230e+01 +2.5298e-01 -1.1553e+00 -7.2393e-01
502 0 +1.508287994e-06 +1.508287994e-06 +7.948000151e+01 +7.948000151e+01 +2.5201e-01 -1.1577e+00 -7.2438e-01
505 0 +1.203378517e-06 +1.203378517e-06 +7.948000120e+01 +7.948000120e+01 +2.5340e-01 -1.1562e+00 -7.2330e-01
582 0 +1.125729398e-06 +1.125729398e-06 +7.948000113e+01 +7.948000113e+01 +2.5386e-01 -1.1569e+00 -7.2396e-01
595 0 +4.293748361e-07 +4.293748361e-07 +7.948000043e+01 +7.948000043e+01 +2.5222e-01 -1.1569e+00 -7.2428e-01
622 0 +3.113704423e-07 +3.113704423e-07 +7.948000031e+01 +7.948000031e+01 +2.5335e-01 -1.1568e+00 -7.2411e-01
645 0 +2.569325375e-07 +2.569325375e-07 +7.948000026e+01 +7.948000026e+01 +2.5304e-01 -1.1572e+00 -7.2388e-01
668 0 +2.204834999e-07 +2.204834999e-07 +7.948000022e+01 +7.948000022e+01 +2.5314e-01 -1.1569e+00 -7.2428e-01
672 0 +2.153389573e-07 +2.153389573e-07 +7.948000022e+01 +7.948000022e+01 +2.5317e-01 -1.1568e+00 -7.2428e-01
679 0 +1.249358519e-07 +1.249358519e-07 +7.948000012e+01 +7.948000012e+01 +2.5283e-01 -1.1571e+00 -7.2420e-01
686 0 +2.521662168e-08 +2.521662168e-08 +7.948000003e+01 +7.948000003e+01 +2.5288e-01 -1.1568e+00 -7.2413e-01
696 0 +3.669569537e-09 +3.669569537e-09 +7.948000000e+01 +7.948000000e+01 +2.5281e-01 -1.1568e+00 -7.2406e-01
% f evaluations | g evaluations | best noise-free fitness - Fopt | noise-free fitness - Fopt (3.944800000000e+02) | measured fitness | best measured fitness | x1 | x2...
1 0 +3.801018048e+01 +3.801018048e+01 +4.324901805e+02 +4.324901805e+02 +0.0000e+00 +0.0000e+00 +0.0000e+00
2 0 +3.730782304e+01 +3.730782304e+01 +4.317878230e+02 +4.317878230e+02 -2.5739e-03 -2.1914e-01 +6.9903e-02
3 0 +2.905196854e+01 +2.905196854e+01 +4.235319685e+02 +4.235319685e+02 -6.2754e-01 -6.1560e-01 -1.7214e-01
12 0 +1.741129096e+01 +1.741129096e+01 +4.118912910e+02 +4.118912910e+02 -2.5966e+00 -2.8780e+00 +1.6201e-01
24 0 +1.645310982e+01 +1.645310982e+01 +4.109331098e+02 +4.109331098e+02 -5.2057e+00 -2.8480e+00 +3.7159e-02
30 0 +9.340785612e+00 +9.340785612e+00 +4.038207856e+02 +4.038207856e+02 -4.1896e+00 -3.4460e+00 -8.1121e-01
53 0 +9.268454216e+00 +9.268454216e+00 +4.037484542e+02 +4.037484542e+02 -2.9905e+00 -4.0647e+00 -1.1444e+00
81 0 +8.381181342e+00 +8.381181342e+00 +4.028611813e+02 +4.028611813e+02 -2.8444e+00 -2.2720e+00 -1.1779e+00
88 0 +7.674203103e+00 +7.674203103e+00 +4.021542031e+02 +4.021542031e+02 -2.9574e+00 -3.0818e+00 -1.2039e+00
91 0 +7.381713329e+00 +7.381713329e+00 +4.018617133e+02 +4.018617133e+02 -4.1109e+00 -3.7320e+00 -1.2279e+00
94 0 +5.862368642e+00 +5.862368642e+00 +4.003423686e+02 +4.003423686e+02 -3.4304e+00 -3.1364e+00 -1.4396e+00
148 0 +5.122741935e+00 +5.122741935e+00 +3.996027419e+02 +3.996027419e+02 -5.4424e+00 -3.1521e+00 -2.1683e+00
157 0 +3.586084915e+00 +3.586084915e+00 +3.980660849e+02 +3.980660849e+02 -2.4925e+00 -3.2367e+00 -2.5819e+00
166 0 +3.480529389e+00 +3.480529389e+00 +3.979605294e+02 +3.979605294e+02 -3.3478e+00 -3.7799e+00 -2.2577e+00
171 0 +3.280702733e+00 +3.280702733e+00 +3.977607027e+02 +3.977607027e+02 -3.2719e+00 -2.4768e+00 -2.1540e+00
190 0 +1.834389663e+00 +1.834389663e+00 +3.963143897e+02 +3.963143897e+02 -3.6928e+00 -2.9508e+00 -2.4651e+00
243 0 +1.084216986e+00 +1.084216986e+00 +3.955642170e+02 +3.955642170e+02 -4.0401e+00 -3.0175e+00 -2.7787e+00
275 0 +3.966487528e-01 +3.966487528e-01 +3.948766488e+02 +3.948766488e+02 -4.2231e+00 -2.9979e+00 -3.2736e+00
334 0 +3.829325004e-01 +3.829325004e-01 +3.948629325e+02 +3.948629325e+02 -3.7834e+00 -2.8997e+00 -3.1944e+00
335 0 +2.530867820e-01 +2.530867820e-01 +3.947330868e+02 +3.947330868e+02 -3.9986e+00 -2.9661e+00 -3.3153e+00
393 0 +1.582208738e-01 +1.582208738e-01 +3.946382209e+02 +3.946382209e+02 -4.0121e+00 -2.9792e+00 -3.4317e+00
406 0 +1.504671253e-01 +1.504671253e-01 +3.946304671e+02 +3.946304671e+02 -4.1208e+00 -2.8225e+00 -3.4919e+00
417 0 +1.028019302e-01 +1.028019302e-01 +3.945828019e+02 +3.945828019e+02 -3.9562e+00 -2.9237e+00 -3.4888e+00
419 0 +9.850086687e-02 +9.850086687e-02 +3.945785009e+02 +3.945785009e+02 -3.7117e+00 -2.9288e+00 -3.5530e+00
425 0 +8.063205552e-02 +8.063205552e-02 +3.945606321e+02 +3.945606321e+02 -3.8632e+00 -2.9766e+00 -3.5342e+00
598 0 +7.794399552e-02 +7.794399552e-02 +3.945579440e+02 +3.945579440e+02 -4.0277e+00 -2.9927e+00 -3.5771e+00
600 0 +7.020315372e-02 +7.020315372e-02 +3.945502032e+02 +3.945502032e+02 -3.8789e+00 -2.8989e+00 -3.5383e+00
710 0 +5.920703511e-02 +5.920703511e-02 +3.945392070e+02 +3.945392070e+02 -3.8788e+00 -3.0112e+00 -3.5921e+00
715 0 +5.141992956e-02 +5.141992956e-02 +3.945314199e+02 +3.945314199e+02 -3.8369e+00 -2.9352e+00 -3.5888e+00
722 0 +3.900697849e-02 +3.900697849e-02 +3.945190070e+02 +3.945190070e+02 -3.7791e+00 -2.8632e+00 -3.6473e+00
860 0 +2.874688121e-02 +2.874688121e-02 +3.945087469e+02 +3.945087469e+02 -3.8771e+00 -2.8859e+00 -3.6343e+00
908 0 +1.573380501e-02 +1.573380501e-02 +3.944957338e+02 +3.944957338e+02 -3.9068e+00 -2.7904e+00 -3.7272e+00
947 0 +1.473274197e-02 +1.473274197e-02 +3.944947327e+02 +3.944947327e+02 -3.8273e+00 -2.8925e+00 -3.7041e+00
965 0 +1.296475106e-02 +1.296475106e-02 +3.944929648e+02 +3.944929648e+02 -3.8648e+00 -2.9298e+00 -3.7010e+00
966 0 +1.267386410e-02 +1.267386410e-02 +3.944926739e+02 +3.944926739e+02 -3.8976e+00 -2.8613e+00 -3.6936e+00
972 0 +1.068722431e-02 +1.068722431e-02 +3.944906872e+02 +3.944906872e+02 -3.8727e+00 -2.8762e+00 -3.7033e+00
985 0 +9.868347804e-03 +9.868347804e-03 +3.944898683e+02 +3.944898683e+02 -3.8771e+00 -2.9169e+00 -3.7091e+00
% f evaluations | g evaluations | best noise-free fitness - Fopt | noise-free fitness - Fopt (-2.471100000000e+02) | measured fitness | best measured fitness | x1 | x2...
1 0 +1.494689024e+01 +1.494689024e+01 -2.321631098e+02 -2.321631098e+02 +0.0000e+00 +0.0000e+00 +0.0000e+00
3 0 +6.229275197e+00 +6.229275197e+00 -2.408807248e+02 -2.408807248e+02 -1.5107e+00 +5.2819e-02 +2.9534e-01
13 0 +2.239403313e+00 +2.239403313e+00 -2.448705967e+02 -2.448705967e+02 -2.6240e+00 +9.6602e-03 +2.1580e-01
23 0 +1.787016950e+00 +1.787016950e+00 -2.453229831e+02 -2.453229831e+02 -2.6251e+00 +3.8362e-01 -7.6532e-02
25 0 +1.307532992e+00 +1.307532992e+00 -2.458024670e+02 -2.458024670e+02 -3.0354e+00 +1.2590e-01 +1.5694e-01
32 0 +1.196146268e+00 +1.196146268e+00 -2.459138537e+02 -2.459138537e+02 -2.9178e+00 +3.3924e-01 -5.6955e-02
34 0 +1.148070292e+00 +1.148070292e+00 -2.459619297e+02 -2.459619297e+02 -3.3104e+00 +2.6344e-01 +2.6081e-01
35 0 +9.011039770e-01 +9.011039770e-01 -2.462088960e+02 -2.462088960e+02 -3.3258e+00 +2.8681e-01 +1.2778e-01
52 0 +7.456294475e-01 +7.456294475e-01 -2.463643706e+02 -2.463643706e+02 -3.9672e+00 +2.6227e-01 +1.5357e-01
58 0 +7.140322124e-01 +7.140322124e-01 -2.463959678e+02 -2.463959678e+02 -3.8647e+00 +3.1007e-01 +1.4439e-01
62 0 +5.457936494e-01 +5.457936494e-01 -2.465642064e+02 -2.465642064e+02 -3.7575e+00 +2.6814e-01 +4.3584e-02
69 0 +5.047532999e-01 +5.047532999e-01 -2.466052467e+02 -2.466052467e+02 -3.6850e+00 +3.5444e-01 -6.3509e-03
88 0 +2.972124400e-01 +2.972124400e-01 -2.468127876e+02 -2.468127876e+02 -3.4149e+00 -9.2171e-02 -4.4039e-01
105 0 +1.466278559e-01 +1.466278559e-01 -2.469633721e+02 -2.469633721e+02 -4.0507e+00 +2.2125e-01 -9.7866e-01
125 0 +9.797022143e-02 +9.797022143e-02 -2.470120298e+02 -2.470120298e+02 -3.5061e+00 +2.0534e-01 -8.0311e-01
221 0 +3.980818427e-02 +3.980818427e-02 -2.470701918e+02 -2.470701918e+02 -3.8128e+00 +4.0079e-01 -6.6754e-01
228 0 +1.231122343e-02 +1.231122343e-02 -2.470976888e+02 -2.470976888e+02 -3.8455e+00 +2.9578e-01 -6.5214e-01
246 0 +8.906834840e-03 +8.906834840e-03 -2.471010932e+02 -2.471010932e+02 -3.7822e+00 +2.7169e-01 -6.2833e-01
254 0 +4.990401134e-03 +4.990401134e-03 -2.471050096e+02 -2.471050096e+02 -3.7878e+00 +2.4484e-01 -6.3512e-01
271 0 +3.738851399e-04 +3.738851399e-04 -2.471096261e+02 -2.471096261e+02 -3.7965e+00 +2.0956e-01 -6.7304e-01
433 0 +1.507192913e-04 +1.507192913e-04 -2.471098493e+02 -2.471098493e+02 -3.7918e+00 +2.0974e-01 -6.9921e-01
524 0 +6.794755018e-05 +6.794755018e-05 -2.471099321e+02 -2.471099321e+02 -3.7972e+00 +2.0799e-01 -6.9779e-01
553 0 +2.171228792e-05 +2.171228792e-05 -2.471099783e+02 -2.471099783e+02 -3.8030e+00 +2.0262e-01 -6.9041e-01
562 0 +1.009885162e-05 +1.009885162e-05 -2.471099899e+02 -2.471099899e+02 -3.7963e+00 +2.0282e-01 -6.9353e-01
627 0 +9.084369680e-06 +9.084369680e-06 -2.471099909e+02 -2.471099909e+02 -3.7975e+00 +2.0048e-01 -6.9210e-01
636 0 +6.169020480e-06 +6.169020480e-06 -2.471099938e+02 -2.471099938e+02 -3.7988e+00 +2.0077e-01 -6.9152e-01
638 0 +4.828309045e-06 +4.828309045e-06 -2.471099952e+02 -2.471099952e+02 -3.8001e+00 +2.0181e-01 -6.9092e-01
644 0 +2.685197018e-06 +2.685197018e-06 -2.471099973e+02 -2.471099973e+02 -3.7973e+00 +2.0216e-01 -6.9058e-01
652 0 +1.972164853e-06 +1.972164853e-06 -2.471099980e+02 -2.471099980e+02 -3.7994e+00 +2.0254e-01 -6.9198e-01
666 0 +1.849455543e-06 +1.849455543e-06 -2.471099982e+02 -2.471099982e+02 -3.7990e+00 +2.0254e-01 -6.9220e-01
678 0 +9.022433574e-07 +9.022433574e-07 -2.471099991e+02 -2.471099991e+02 -3.7978e+00 +2.0306e-01 -6.9192e-01
688 0 +4.452752762e-07 +4.452752762e-07 -2.471099996e+02 -2.471099996e+02 -3.7982e+00 +2.0326e-01 -6.9184e-01
692 0 +2.722273393e-07 +2.722273393e-07 -2.471099997e+02 -2.471099997e+02 -3.7983e+00 +2.0356e-01 -6.9157e-01
704 0 +2.407085447e-07 +2.407085447e-07 -2.471099998e+02 -2.471099998e+02 -3.7982e+00 +2.0335e-01 -6.9163e-01
834 0 +1.299487735e-07 +1.299487735e-07 -2.471099999e+02 -2.471099999e+02 -3.7985e+00 +2.0322e-01 -6.9153e-01
892 0 +1.178356683e-07 +1.178356683e-07 -2.471099999e+02 -2.471099999e+02 -3.7984e+00 +2.0286e-01 -6.9118e-01
897 0 +2.101097607e-08 +2.101097607e-08 -2.471100000e+02 -2.471100000e+02 -3.7984e+00 +2.0306e-01 -6.9122e-01
902 0 +1.481419076e-08 +1.481419076e-08 -2.471100000e+02 -2.471100000e+02 -3.7985e+00 +2.0314e-01 -6.9119e-01
950 0 +1.250526793e-08 +1.250526793e-08 -2.471100000e+02 -2.471100000e+02 -3.7983e+00 +2.0318e-01 -6.9118e-01
% f evaluations | g evaluations | best noise-free fitness - Fopt | noise-free fitness - Fopt (-1.520400000000e+02) | measured fitness | best measured fitness | x1 | x2...
1 0 +1.750322688e+01 +1.750322688e+01 -1.345367731e+02 -1.345367731e+02 +0.0000e+00 +0.0000e+00 +0.0000e+00
2 0 +2.686505619e+00 +2.686505619e+00 -1.493534944e+02 -1.493534944e+02 +1.5011e-01 -4.5443e-03 -3.2381e+00
26 0 +2.181837562e+00 +2.181837562e+00 -1.498581624e+02 -1.498581624e+02 -8.7560e-01 +1.2292e-01 -4.2696e+00
80 0 +2.047014038e+00 +2.047014038e+00 -1.499929860e+02 -1.499929860e+02 -2.1068e-01 +1.3207e-03 -4.0655e+00
87 0 +2.005489367e+00 +2.005489367e+00 -1.500345106e+02 -1.500345106e+02 -8.0052e-02 +2.9983e-02 -3.7599e+00
103 0 +1.991769935e+00 +1.991769935e+00 -1.500482301e+02 -1.500482301e+02 -3.4512e-02 +3.2825e-02 -3.8773e+00
120 0 +1.937922661e+00 +1.937922661e+00 -1.501020773e+02 -1.501020773e+02 -2.7044e-01 +3.2025e-02 -3.9426e+00
548 0 +1.902290502e+00 +1.902290502e+00 -1.501377095e+02 -1.501377095e+02 -3.5886e-01 +4.7975e-02 -3.9037e+00
586 0 +1.858930271e+00 +1.858930271e+00 -1.501810697e+02 -1.501810697e+02 -2.8755e-01 +7.3493e-02 -4.1109e+00
684 0 +1.799471157e+00 +1.799471157e+00 -1.502405288e+02 -1.502405288e+02 -6.3126e-02 +9.8204e-02 -3.9153e+00
758 0 +1.749118915e+00 +1.749118915e+00 -1.502908811e+02 -1.502908811e+02 +7.5497e-02 +1.4733e-01 -3.9671e+00
791 0 +1.699213788e+00 +1.699213788e+00 -1.503407862e+02 -1.503407862e+02 +4.7269e-02 +1.7529e-01 -4.1274e+00
% f evaluations | g evaluations | best noise-free fitness - Fopt | noise-free fitness - Fopt (-2.525000000000e+01) | measured fitness | best measured fitness | x1 | x2...
1 0 +1.548831296e+01 +1.548831296e+01 -9.761687040e+00 -9.761687040e+00 +0.0000e+00 +0.0000e+00 +0.0000e+00
15 0 +8.840457136e+00 +8.840457136e+00 -1.640954286e+01 -1.640954286e+01 +2.8358e+00 -1.8265e+00 -2.8961e+00
19 0 +5.562437731e+00 +5.562437731e+00 -1.968756227e+01 -1.968756227e+01 +1.4365e+00 -2.6262e-01 -1.3070e+00
24 0 +1.590515749e+00 +1.590515749e+00 -2.365948425e+01 -2.365948425e+01 +3.2867e+00 +1.4550e-01 -2.5366e+00
25 0 +7.840501725e-01 +7.840501725e-01 -2.446594983e+01 -2.446594983e+01 +2.8505e+00 +1.0819e+00 -1.4540e+00
72 0 +3.842658282e-01 +3.842658282e-01 -2.486573417e+01 -2.486573417e+01 +3.1846e+00 +6.1826e-01 -9.7524e-01
132 0 +1.507106290e-01 +1.507106290e-01 -2.509928937e+01 -2.509928937e+01 +3.9872e+00 +6.9286e-01 -1.5134e+00
168 0 +8.582939398e-02 +8.582939398e-02 -2.516417061e+01 -2.516417061e+01 +3.4201e+00 +4.1757e-01 -1.4480e+00
272 0 +4.958302387e-02 +4.958302387e-02 -2.520041698e+01 -2.520041698e+01 +3.6841e+00 +4.3473e-01 -1.4890e+00
286 0 +3.193382551e-02 +3.193382551e-02 -2.521806617e+01 -2.521806617e+01 +3.7670e+00 +6.4727e-01 -1.5139e+00
349 0 +1.372127494e-03 +1.372127494e-03 -2.524862787e+01 -2.524862787e+01 +3.5940e+00 +6.0534e-01 -1.4295e+00
729 0 +8.688329081e-04 +8.688329081e-04 -2.524913117e+01 -2.524913117e+01 +3.6078e+00 +6.6034e-01 -1.4355e+00
737 0 +3.555797048e-04 +3.555797048e-04 -2.524964442e+01 -2.524964442e+01 +3.6330e+00 +6.3701e-01 -1.4244e+00
754 0 +3.328368558e-04 +3.328368558e-04 -2.524966716e+01 -2.524966716e+01 +3.6015e+00 +6.2390e-01 -1.4279e+00
774 0 +2.950196565e-04 +2.950196565e-04 -2.524970498e+01 -2.524970498e+01 +3.5976e+00 +6.3354e-01 -1.4250e+00
779 0 +5.199087446e-05 +5.199087446e-05 -2.524994801e+01 -2.524994801e+01 +3.6096e+00 +6.3413e-01 -1.4269e+00
780 0 +4.310742276e-05 +4.310742276e-05 -2.524995689e+01 -2.524995689e+01 +3.6097e+00 +6.3975e-01 -1.4211e+00
915 0 +2.829390379e-05 +2.829390379e-05 -2.524997171e+01 -2.524997171e+01 +3.6108e+00 +6.3904e-01 -1.4209e+00
947 0 +2.633451273e-05 +2.633451273e-05 -2.524997367e+01 -2.524997367e+01 +3.6114e+00 +6.3403e-01 -1.4176e+00
986 0 +7.515203713e-06 +7.515203713e-06 -2.524999248e+01 -2.524999248e+01 +3.6153e+00 +6.3271e-01 -1.4223e+00
994 0 +2.309008917e-06 +2.309008917e-06 -2.524999769e+01 -2.524999769e+01 +3.6143e+00 +6.3369e-01 -1.4218e+00
% f evaluations | g evaluations | best noise-free fitness - Fopt | noise-free fitness - Fopt (1.830100000000e+02) | measured fitness | best measured fitness | x1 | x2...
1 0 +2.232625024e+01 +2.232625024e+01 +2.053362502e+02 +2.053362502e+02 +0.0000e+00 +0.0000e+00 +0.0000e+00
3 0 +1.234686777e+01 +1.234686777e+01 +1.953568678e+02 +1.953568678e+02 -3.2328e-01 +2.3880e-01 -1.9267e+00
4 0 +9.012901517e+00 +9.012901517e+00 +1.920229015e+02 +1.920229015e+02 +1.3210e-01 +1.3335e+00 -1.9936e+00
7 0 +7.787627545e+00 +7.787627545e+00 +1.907976275e+02 +1.907976275e+02 -3.2181e-01 +1.2707e+00 -1.7851e+00
13 0 +6.978300634e+00 +6.978300634e+00 +1.899883006e+02 +1.899883006e+02 +1.0703e-01 +1.8664e+00 -2.2059e+00
18 0 +6.863818226e+00 +6.863818226e+00 +1.898738182e+02 +1.898738182e+02 -2.2608e-01 +1.5502e+00 -1.9552e+00
20 0 +6.692381687e+00 +6.692381687e+00 +1.897023817e+02 +1.897023817e+02 -9.4289e-03 +1.9203e+00 -1.9741e+00
22 0 +5.304414313e+00 +5.304414313e+00 +1.883144143e+02 +1.883144143e+02 -1.2692e-01 +2.2012e+00 -2.1779e+00
25 0 +4.491246794e+00 +4.491246794e+00 +1.875012468e+02 +1.875012468e+02 -1.8591e-01 +2.2750e+00 -2.9024e+00
27 0 +4.079300527e+00 +4.079300527e+00 +1.870893005e+02 +1.870893005e+02 -2.9568e-01 +2.3512e+00 -2.4957e+00
36 0 +2.889342186e+00 +2.889342186e+00 +1.858993422e+02 +1.858993422e+02 -4.5892e-01 +2.8390e+00 -2.7688e+00
46 0 +2.730994467e+00 +2.730994467e+00 +1.857409945e+02 +1.857409945e+02 -5.1386e-01 +3.2511e+00 -3.1309e+00
47 0 +2.648762484e+00 +2.648762484e+00 +1.856587625e+02 +1.856587625e+02 -5.2786e-01 +2.9348e+00 -3.0372e+00
55 0 +2.618674860e+00 +2.618674860e+00 +1.856286749e+02 +1.856286749e+02 -5.3318e-01 +2.9825e+00 -2.6647e+00
57 0 +2.377120996e+00 +2.377120996e+00 +1.853871210e+02 +1.853871210e+02 -6.4514e-01 +2.8618e+00 -3.1622e+00
65 0 +1.986287281e+00 +1.986287281e+00 +1.849962873e+02 +1.849962873e+02 -7.3334e-01 +2.9717e+00 -2.8126e+00
72 0 +1.911858912e+00 +1.911858912e+00 +1.849218589e+02 +1.849218589e+02 -7.5791e-01 +3.0897e+00 -2.9641e+00
81 0 +1.871425306e+00 +1.871425306e+00 +1.848814253e+02 +1.848814253e+02 -7.7818e-01 +2.9450e+00 -2.8000e+00
83 0 +1.804956181e+00 +1.804956181e+00 +1.848149562e+02 +1.848149562e+02 -7.9720e-01 +3.1425e+00 -2.9571e+00
89 0 +1.761031677e+00 +1.761031677e+00 +1.847710317e+02 +1.847710317e+02 -8.1407e-01 +3.0914e+00 -2.9677e+00
96 0 +1.604038339e+00 +1.604038339e+00 +1.846140383e+02 +1.846140383e+02 -8.7623e-01 +3.1813e+00 -2.9565e+00
118 0 +1.498225273e+00 +1.498225273e+00 +1.845082253e+02 +1.845082253e+02 -9.1314e-01 +3.0713e+00 -2.8946e+00
128 0 +1.372418644e+00 +1.372418644e+00 +1.843824186e+02 +1.843824186e+02 -9.7591e-01 +3.1619e+00 -3.0042e+00
137 0 +1.152106494e+00 +1.152106494e+00 +1.841621065e+02 +1.841621065e+02 -1.0973e+00 +3.1160e+00 -3.1224e+00
153 0 +1.085782845e+00 +1.085782845e+00 +1.840957828e+02 +1.840957828e+02 -1.1099e+00 +2.9228e+00 -2.8314e+00
154 0 +9.822586284e-01 +9.822586284e-01 +1.839922586e+02 +1.839922586e+02 -1.1747e+00 +3.1486e+00 -3.0887e+00
174 0 +5.467313583e-01 +5.467313583e-01 +1.835567314e+02 +1.835567314e+02 -1.5880e+00 +3.5458e+00 -2.6273e+00
188 0 +4.662372506e-01 +4.662372506e-01 +1.834762373e+02 +1.834762373e+02 -1.4865e+00 +3.0140e+00 -2.6613e+00
220 0 +3.550376748e-01 +3.550376748e-01 +1.833650377e+02 +1.833650377e+02 -1.6414e+00 +2.8012e+00 -2.7132e+00
227 0 +3.506751667e-01 +3.506751667e-01 +1.833606752e+02 +1.833606752e+02 -1.5559e+00 +3.1988e+00 -2.9226e+00
236 0 +2.907184306e-01 +2.907184306e-01 +1.833007184e+02 +1.833007184e+02 -1.7318e+00 +3.0768e+00 -2.4961e+00
237 0 +2.567349386e-01 +2.567349386e-01 +1.832667349e+02 +1.832667349e+02 -1.6704e+00 +3.3026e+00 -2.8389e+00
270 0 +2.413010482e-01 +2.413010482e-01 +1.832513010e+02 +1.832513010e+02 -1.8631e+00 +3.4964e+00 -2.7415e+00
284 0 +1.998874621e-01 +1.998874621e-01 +1.832098875e+02 +1.832098875e+02 -1.8767e+00 +3.0175e+00 -2.4980e+00
285 0 +1.660275108e-01 +1.660275108e-01 +1.831760275e+02 +1.831760275e+02 -1.8491e+00 +3.3280e+00 -2.6698e+00
300 0 +6.925153546e-02 +6.925153546e-02 +1.830792515e+02 +1.830792515e+02 -1.9159e+00 +3.1768e+00 -2.7280e+00
308 0 +3.306631317e-02 +3.306631317e-02 +1.830430663e+02 +1.830430663e+02 -2.1599e+00 +2.9390e+00 -2.9263e+00
336 0 +2.889193517e-02 +2.889193517e-02 +1.830388919e+02 +1.830388919e+02 -2.2478e+00 +2.9762e+00 -2.8680e+00
338 0 +2.542223182e-02 +2.542223182e-02 +1.830354222e+02 +1.830354222e+02 -2.0446e+00 +3.0244e+00 -2.9562e+00
340 0 +3.714084978e-03 +3.714084978e-03 +1.830137141e+02 +1.830137141e+02 -2.1006e+00 +3.0705e+00 -2.8893e+00
361 0 +1.656245952e-03 +1.656245952e-03 +1.830116562e+02 +1.830116562e+02 -2.1121e+00 +3.0713e+00 -2.8603e+00
419 0 +1.077617321e-03 +1.077617321e-03 +1.830110776e+02 +1.830110776e+02 -2.1050e+00 +3.1134e+00 -2.8484e+00
435 0 +9.824036607e-04 +9.824036607e-04 +1.830109824e+02 +1.830109824e+02 -2.1119e+00 +3.0849e+00 -2.8438e+00
467 0 +8.614289320e-04 +8.614289320e-04 +1.830108614e+02 +1.830108614e+02 -2.1350e+00 +3.0903e+00 -2.8783e+00
488 0 +6.102843996e-04 +6.102843996e-04 +1.830106103e+02 +1.830106103e+02 -2.1142e+00 +3.1110e+00 -2.8432e+00
496 0 +3.900387997e-04 +3.900387997e-04 +1.830103900e+02 +1.830103900e+02 -2.1280e+00 +3.1155e+00 -2.8652e+00
518 0 +3.436598566e-04 +3.436598566e-04 +1.830103437e+02 +1.830103437e+02 -2.1358e+00 +3.1217e+00 -2.8521e+00
526 0 +2.444925948e-04 +2.444925948e-04 +1.830102445e+02 +1.830102445e+02 -2.1405e+00 +3.1073e+00 -2.8664e+00
552 0 +7.175590599e-05 +7.175590599e-05 +1.830100718e+02 +1.830100718e+02 -2.1307e+00 +3.1096e+00 -2.8503e+00
587 0 +5.086462883e-05 +5.086462883e-05 +1.830100509e+02 +1.830100509e+02 -2.1300e+00 +3.1067e+00 -2.8501e+00
622 0 +3.791557512e-05 +3.791557512e-05 +1.830100379e+02 +1.830100379e+02 -2.1299e+00 +3.1027e+00 -2.8523e+00
679 0 +3.007938329e-05 +3.007938329e-05 +1.830100301e+02 +1.830100301e+02 -2.1306e+00 +3.1029e+00 -2.8529e+00
685 0 +2.505101909e-05 +2.505101909e-05 +1.830100251e+02 +1.830100251e+02 -2.1318e+00 +3.1032e+00 -2.8547e+00
686 0 +1.891140579e-05 +1.891140579e-05 +1.830100189e+02 +1.830100189e+02 -2.1321e+00 +3.1014e+00 -2.8516e+00
704 0 +1.167684741e-05 +1.167684741e-05 +1.830100117e+02 +1.830100117e+02 -2.1361e+00 +3.1031e+00 -2.8554e+00
707 0 +9.462730645e-06 +9.462730645e-06 +1.830100095e+02 +1.830100095e+02 -2.1334e+00 +3.1022e+00 -2.8533e+00
710 0 +5.976193847e-06 +5.976193847e-06 +1.830100060e+02 +1.830100060e+02 -2.1340e+00 +3.1020e+00 -2.8528e+00
729 0 +4.530335218e-06 +4.530335218e-06 +1.830100045e+02 +1.830100045e+02 -2.1367e+00 +3.1031e+00 -2.8540e+00
761 0 +3.418558549e-06 +3.418558549e-06 +1.830100034e+02 +1.830100034e+02 -2.1352e+00 +3.1048e+00 -2.8516e+00
766 0 +8.945194168e-07 +8.945194168e-07 +1.830100009e+02 +1.830100009e+02 -2.1364e+00 +3.1031e+00 -2.8512e+00
779 0 +8.087650372e-07 +8.087650372e-07 +1.830100008e+02 +1.830100008e+02 -2.1352e+00 +3.1028e+00 -2.8522e+00
794 0 +5.189594390e-07 +5.189594390e-07 +1.830100005e+02 +1.830100005e+02 -2.1365e+00 +3.1027e+00 -2.8521e+00
795 0 +2.293228363e-07 +2.293228363e-07 +1.830100002e+02 +1.830100002e+02 -2.1357e+00 +3.1035e+00 -2.8518e+00
952 0 +1.318562397e-07 +1.318562397e-07 +1.830100001e+02 +1.830100001e+02 -2.1358e+00 +3.1032e+00 -2.8523e+00
% f evaluations | g evaluations | best noise-free fitness - Fopt | noise-free fitness - Fopt (1.835200000000e+02) | measured fitness | best measured fitness | x1 | x2...
1 0 +2.098610048e+01 +2.098610048e+01 +2.045061005e+02 +2.045061005e+02 +0.0000e+00 +0.0000e+00 +0.0000e+00
2 0 +2.069494957e+01 +2.069494957e+01 +2.042149496e+02 +2.042149496e+02 -1.2273e+00 +1.9703e-02 -4.5043e-01
7 0 +1.848952422e+01 +1.848952422e+01 +2.020095242e+02 +2.020095242e+02 -1.0951e+00 -3.3076e-01 -2.6098e-01
14 0 +1.690287095e+01 +1.690287095e+01 +2.004228709e+02 +2.004228709e+02 -2.4656e+00 -9.1621e-01 -1.0015e+00
15 0 +1.592430128e+01 +1.592430128e+01 +1.994443013e+02 +1.994443013e+02 -7.2487e-01 -8.1501e-01 +4.3440e-02
25 0 +1.152246067e+01 +1.152246067e+01 +1.950424607e+02 +1.950424607e+02 -2.9682e+00 -3.9675e+00 -6.4935e-01
113 0 +9.826418976e+00 +9.826418976e+00 +1.933464190e+02 +1.933464190e+02 -2.7118e+00 -2.4012e+00 -2.7997e+00
119 0 +1.893316711e+00 +1.893316711e+00 +1.854133167e+02 +1.854133167e+02 +1.2083e+00 -3.4134e+00 -2.6533e+00
572 0 +1.581610075e+00 +1.581610075e+00 +1.851016101e+02 +1.851016101e+02 +1.5413e-01 -3.2546e+00 -1.2958e+00
577 0 +1.663402856e-01 +1.663402856e-01 +1.836863403e+02 +1.836863403e+02 +3.0368e-01 -4.1700e+00 -2.4258e+00
602 0 +9.515289698e-02 +9.515289698e-02 +1.836151529e+02 +1.836151529e+02 -2.2149e-01 -4.1358e+00 -2.4666e+00
663 0 +4.338083004e-02 +4.338083004e-02 +1.835633808e+02 +1.835633808e+02 +1.0523e-01 -3.9940e+00 -2.4911e+00
774 0 +1.620777617e-02 +1.620777617e-02 +1.835362078e+02 +1.835362078e+02 +2.6086e-02 -3.8844e+00 -2.2312e+00
946 0 +1.551133937e-02 +1.551133937e-02 +1.835355113e+02 +1.835355113e+02 +2.8812e-02 -3.9853e+00 -2.2292e+00
962 0 +1.384218299e-02 +1.384218299e-02 +1.835338422e+02 +1.835338422e+02 +1.6352e-02 -4.0253e+00 -2.2609e+00
1000 0 +1.021515559e-02 +1.021515559e-02 +1.835302152e+02 +1.835302152e+02 +2.7340e-02 -3.8818e+00 -2.2693e+00
% f evaluations | g evaluations | best noise-free fitness - Fopt | noise-free fitness - Fopt (-5.938400000000e+02) | measured fitness | best measured fitness | x1 | x2...
1 0 +6.938939520e+00 +6.938939520e+00 -5.869010605e+02 -5.869010605e+02 +0.0000e+00 +0.0000e+00 +0.0000e+00
2 0 +2.383980996e+00 +2.383980996e+00 -5.914560190e+02 -5.914560190e+02 -2.4496e+00 +1.0484e-01 -9.6731e-01
5 0 +1.970123938e+00 +1.970123938e+00 -5.918698761e+02 -5.918698761e+02 -1.1939e+00 +3.1262e-01 +3.9921e-01
10 0 +8.648786354e-01 +8.648786354e-01 -5.929751214e+02 -5.929751214e+02 -1.7666e+00 -3.3188e-02 +1.2051e-01
16 0 +1.179513380e-01 +1.179513380e-01 -5.937220487e+02 -5.937220487e+02 -2.7757e+00 -3.3732e-03 +8.2872e-01
34 0 +4.817136191e-02 +4.817136191e-02 -5.937918286e+02 -5.937918286e+02 -2.7651e+00 +7.7813e-02 +6.7029e-01
109 0 +1.538213444e-02 +1.538213444e-02 -5.938246179e+02 -5.938246179e+02 -2.5299e+00 -1.0430e-02 +5.1894e-01
144 0 +7.942216920e-03 +7.942216920e-03 -5.938320578e+02 -5.938320578e+02 -2.5695e+00 +2.0862e-02 +5.2166e-01
483 0 +7.583752558e-03 +7.583752558e-03 -5.938324162e+02 -5.938324162e+02 -2.5631e+00 +7.5836e-03 +5.7403e-01
591 0 +6.673613506e-03 +6.673613506e-03 -5.938333264e+02 -5.938333264e+02 -2.5559e+00 +1.5614e-02 +5.8871e-01
594 0 +6.336383091e-03 +6.336383091e-03 -5.938336636e+02 -5.938336636e+02 -2.5833e+00 +1.6329e-02 +5.6466e-01
603 0 +6.051800859e-03 +6.051800859e-03 -5.938339482e+02 -5.938339482e+02 -2.5741e+00 +1.7624e-02 +5.6032e-01
619 0 +5.441905855e-03 +5.441905855e-03 -5.938345581e+02 -5.938345581e+02 -2.5832e+00 +2.2518e-02 +5.8153e-01
632 0 +5.134231977e-03 +5.134231977e-03 -5.938348658e+02 -5.938348658e+02 -2.5625e+00 +2.3711e-02 +5.6267e-01
657 0 +4.885595230e-03 +4.885595230e-03 -5.938351144e+02 -5.938351144e+02 -2.5489e+00 +2.8746e-02 +5.5987e-01
667 0 +4.565130630e-03 +4.565130630e-03 -5.938354349e+02 -5.938354349e+02 -2.5808e+00 +3.1410e-02 +5.5027e-01
673 0 +3.542618054e-03 +3.542618054e-03 -5.938364574e+02 -5.938364574e+02 -2.5976e+00 +4.2396e-02 +5.7922e-01
674 0 +2.873223872e-03 +2.873223872e-03 -5.938371268e+02 -5.938371268e+02 -2.5817e+00 +4.2266e-02 +5.6914e-01
705 0 +1.443730027e-03 +1.443730027e-03 -5.938385563e+02 -5.938385563e+02 -2.5531e+00 +6.2412e-02 +5.8422e-01
807 0 +8.106507814e-04 +8.106507814e-04 -5.938391893e+02 -5.938391893e+02 -2.5527e+00 +7.2847e-02 +5.6414e-01
818 0 +4.061913539e-04 +4.061913539e-04 -5.938395938e+02 -5.938395938e+02 -2.5581e+00 +7.8607e-02 +5.6713e-01
860 0 +3.275393166e-04 +3.275393166e-04 -5.938396725e+02 -5.938396725e+02 -2.5653e+00 +7.6827e-02 +5.7150e-01
925 0 +2.841923948e-04 +2.841923948e-04 -5.938397158e+02 -5.938397158e+02 -2.5654e+00 +7.9087e-02 +5.7769e-01
1000 0 +2.098168559e-04 +2.098168559e-04 -5.938397902e+02 -5.938397902e+02 -2.5731e+00 +8.0351e-02 +5.7240e-01
% f evaluations | g evaluations | best noise-free fitness - Fopt | noise-free fitness - Fopt (-1.000000000000e+03) | measured fitness | best measured fitness | x1 | x2...
1 0 +4.421888064e+01 +4.421888064e+01 -9.557811194e+02 -9.557811194e+02 +0.0000e+00 +0.0000e+00 +0.0000e+00
2 0 +4.006507526e+01 +4.006507526e+01 -9.599349247e+02 -9.599349247e+02 -5.0285e-01 +6.6900e-02 -3.9954e-03
6 0 +3.718940471e+01 +3.718940471e+01 -9.628105953e+02 -9.628105953e+02 -9.9027e-01 +2.6872e-01 +2.0388e-01
7 0 +3.606340912e+01 +3.606340912e+01 -9.639365909e+02 -9.639365909e+02 -1.5185e-01 +3.7296e-01 -6.0787e-01
13 0 +3.357981099e+01 +3.357981099e+01 -9.664201890e+02 -9.664201890e+02 -7.6485e-01 +2.2903e-01 -5.0922e-01
14 0 +2.579243707e+01 +2.579243707e+01 -9.742075629e+02 -9.742075629e+02 -2.3050e+00 +3.3897e-01 -4.9304e-01
25 0 +2.379844842e+01 +2.379844842e+01 -9.762015516e+02 -9.762015516e+02 -2.8097e+00 +6.6607e-01 -2.7547e-01
33 0 +2.295673345e+01 +2.295673345e+01 -9.770432665e+02 -9.770432665e+02 -2.7550e+00 +7.4298e-01 -3.4287e-01
36 0 +2.106977844e+01 +2.106977844e+01 -9.789302216e+02 -9.789302216e+02 -3.6362e+00 +6.7784e-01 -5.1305e-01
43 0 +1.790966997e+01 +1.790966997e+01 -9.820903300e+02 -9.820903300e+02 -3.5577e+00 +8.4228e-01 -8.6104e-01
52 0 +1.654159382e+01 +1.654159382e+01 -9.834584062e+02 -9.834584062e+02 -3.8772e+00 +1.2660e+00 -6.8329e-01
61 0 +1.064176516e+01 +1.064176516e+01 -9.893582348e+02 -9.893582348e+02 -3.4484e+00 +1.1418e+00 -2.0506e+00
70 0 +1.018753450e+01 +1.018753450e+01 -9.898124655e+02 -9.898124655e+02 -3.8509e+00 +1.1319e+00 -2.1529e+00
77 0 +8.500389707e+00 +8.500389707e+00 -9.914996103e+02 -9.914996103e+02 -2.7292e+00 +1.3348e+00 -2.8629e+00
90 0 +4.519422946e+00 +4.519422946e+00 -9.954805771e+02 -9.954805771e+02 -3.6984e+00 +1.7973e+00 -3.2989e+00
98 0 +3.839535813e+00 +3.839535813e+00 -9.961604642e+02 -9.961604642e+02 -3.7006e+00 +1.9023e+00 -3.9432e+00
105 0 +2.077167782e+00 +2.077167782e+00 -9.979228322e+02 -9.979228322e+02 -3.9616e+00 +2.6175e+00 -3.0886e+00
112 0 +1.970081635e+00 +1.970081635e+00 -9.980299184e+02 -9.980299184e+02 -4.8337e+00 +2.9591e+00 -3.3854e+00
121 0 +8.801821763e-01 +8.801821763e-01 -9.991198178e+02 -9.991198178e+02 -3.8832e+00 +2.9343e+00 -3.6346e+00
141 0 +7.315172436e-01 +7.315172436e-01 -9.992684828e+02 -9.992684828e+02 -3.8226e+00 +3.2652e+00 -3.2005e+00
154 0 +7.073164099e-02 +7.073164099e-02 -9.999292684e+02 -9.999292684e+02 -3.6190e+00 +3.8836e+00 -3.9613e+00
192 0 +8.695865253e-03 +8.695865253e-03 -9.999913041e+02 -9.999913041e+02 -3.7853e+00 +3.8172e+00 -3.8854e+00
388 0 +1.867273462e-03 +1.867273462e-03 -9.999981327e+02 -9.999981327e+02 -3.8324e+00 +3.8310e+00 -3.8573e+00
454 0 +2.769875252e-04 +2.769875252e-04 -9.999997230e+02 -9.999997230e+02 -3.8474e+00 +3.8377e+00 -3.8159e+00
566 0 +2.043526764e-04 +2.043526764e-04 -9.999997956e+02 -9.999997956e+02 -3.8363e+00 +3.8504e+00 -3.8093e+00
597 0 +3.517086498e-05 +3.517086498e-05 -9.999999648e+02 -9.999999648e+02 -3.8429e+00 +3.8504e+00 -3.8162e+00
625 0 +2.362250689e-05 +2.362250689e-05 -9.999999764e+02 -9.999999764e+02 -3.8463e+00 +3.8491e+00 -3.8215e+00
651 0 +1.740595576e-05 +1.740595576e-05 -9.999999826e+02 -9.999999826e+02 -3.8400e+00 +3.8547e+00 -3.8198e+00
665 0 +1.346863769e-05 +1.346863769e-05 -9.999999865e+02 -9.999999865e+02 -3.8420e+00 +3.8551e+00 -3.8190e+00
666 0 +5.351103823e-06 +5.351103823e-06 -9.999999946e+02 -9.999999946e+02 -3.8447e+00 +3.8512e+00 -3.8223e+00
697 0 +1.083055054e-06 +1.083055054e-06 -9.999999989e+02 -9.999999989e+02 -3.8431e+00 +3.8535e+00 -3.8208e+00
% f evaluations | g evaluations | best noise-free fitness - Fopt | noise-free fitness - Fopt (-2.531000000000e+01) | measured fitness | best measured fitness | x1 | x2...
1 0 +2.524051712e+01 +2.524051712e+01 -6.948288000e-02 -6.948288000e-02 +0.0000e+00 +0.0000e+00 +0.0000e+00
2 0 +2.484699289e+01 +2.484699289e+01 -4.630071127e-01 -4.630071127e-01 -1.5600e-01 +3.3913e-01 -3.7534e-01
5 0 +2.152093748e+01 +2.152093748e+01 -3.789062517e+00 -3.789062517e+00 +3.6660e-01 +1.9487e-01 -1.6425e-02
15 0 +1.748427522e+01 +1.748427522e+01 -7.825724780e+00 -7.825724780e+00 +3.6663e-01 +7.3427e-01 +6.8229e-01
23 0 +1.419964876e+01 +1.419964876e+01 -1.111035124e+01 -1.111035124e+01 +1.5802e+00 +3.9578e-01 -3.7169e-02
35 0 +1.363322314e+01 +1.363322314e+01 -1.167677686e+01 -1.167677686e+01 +1.9823e+00 +1.6955e-01 +1.1876e+00
36 0 +1.080654899e+01 +1.080654899e+01 -1.450345101e+01 -1.450345101e+01 +4.0384e-01 +2.4736e+00 +1.3920e+00
45 0 +4.765032277e+00 +4.765032277e+00 -2.054496772e+01 -2.054496772e+01 +1.3671e+00 +2.9587e+00 +7.1751e-01
88 0 +4.417848115e+00 +4.417848115e+00 -2.089215189e+01 -2.089215189e+01 +2.4203e+00 +4.5314e+00 +2.3764e+00
92 0 +1.601501084e-01 +1.601501084e-01 -2.514984989e+01 -2.514984989e+01 +3.5308e+00 +3.9086e+00 +7.2997e-01
122 0 +1.239099493e-01 +1.239099493e-01 -2.518609005e+01 -2.518609005e+01 +3.4054e+00 +3.5261e+00 +5.0661e-01
147 0 +9.173355497e-02 +9.173355497e-02 -2.521826645e+01 -2.521826645e+01 +3.2166e+00 +3.6684e+00 +9.5154e-01
151 0 +4.736523814e-02 +4.736523814e-02 -2.526263476e+01 -2.526263476e+01 +3.2921e+00 +3.4316e+00 +7.7605e-01
159 0 +1.427501285e-03 +1.427501285e-03 -2.530857250e+01 -2.530857250e+01 +3.4555e+00 +3.5674e+00 +8.4528e-01
509 0 +8.799065508e-04 +8.799065508e-04 -2.530912009e+01 -2.530912009e+01 +3.4650e+00 +3.5202e+00 +8.2621e-01
560 0 +5.065533108e-04 +5.065533108e-04 -2.530949345e+01 -2.530949345e+01 +3.4700e+00 +3.5108e+00 +8.5726e-01
574 0 +2.730256847e-04 +2.730256847e-04 -2.530972697e+01 -2.530972697e+01 +3.4775e+00 +3.5453e+00 +8.5920e-01
581 0 +3.037960250e-05 +3.037960250e-05 -2.530996962e+01 -2.530996962e+01 +3.4681e+00 +3.5371e+00 +8.5623e-01
681 0 +2.550155222e-05 +2.550155222e-05 -2.530997450e+01 -2.530997450e+01 +3.4647e+00 +3.5326e+00 +8.5577e-01
690 0 +2.497366302e-05 +2.497366302e-05 -2.530997503e+01 -2.530997503e+01 +3.4681e+00 +3.5282e+00 +8.5092e-01
693 0 +1.730893656e-05 +1.730893656e-05 -2.530998269e+01 -2.530998269e+01 +3.4715e+00 +3.5359e+00 +8.5357e-01
704 0 +8.915936739e-06 +8.915936739e-06 -2.530999108e+01 -2.530999108e+01 +3.4711e+00 +3.5310e+00 +8.5214e-01
726 0 +7.832571669e-06 +7.832571669e-06 -2.530999217e+01 -2.530999217e+01 +3.4697e+00 +3.5314e+00 +8.5056e-01
731 0 +6.290629347e-06 +6.290629347e-06 -2.530999371e+01 -2.530999371e+01 +3.4686e+00 +3.5348e+00 +8.5129e-01
734 0 +3.981523495e-06 +3.981523495e-06 -2.530999602e+01 -2.530999602e+01 +3.4678e+00 +3.5344e+00 +8.5210e-01
754 0 +4.424451703e-07 +4.424451703e-07 -2.530999956e+01 -2.530999956e+01 +3.4688e+00 +3.5331e+00 +8.5220e-01
764 0 +2.494804470e-07 +2.494804470e-07 -2.530999975e+01 -2.530999975e+01 +3.4691e+00 +3.5325e+00 +8.5248e-01
917 0 +6.860427249e-08 +6.860427249e-08 -2.530999993e+01 -2.530999993e+01 +3.4688e+00 +3.5328e+00 +8.5254e-01
% f evaluations | g evaluations | best noise-free fitness - Fopt | noise-free fitness - Fopt (2.228000000000e+01) | measured fitness | best measured fitness | x1 | x2...
1 0 +8.471248640e+00 +8.471248640e+00 +3.075124864e+01 +3.075124864e+01 +0.0000e+00 +0.0000e+00 +0.0000e+00
3 0 +8.370483624e+00 +8.370483624e+00 +3.065048362e+01 +3.065048362e+01 +5.2492e-02 -2.2196e-01 +2.0387e-01
4 0 +5.018077086e+00 +5.018077086e+00 +2.729807709e+01 +2.729807709e+01 +2.3312e-01 -2.9384e-01 -6.2691e-01
5 0 +2.553065300e+00 +2.553065300e+00 +2.483306530e+01 +2.483306530e+01 +1.8695e-01 -7.5631e-01 -1.7269e+00
39 0 +2.088055177e+00 +2.088055177e+00 +2.436805518e+01 +2.436805518e+01 +9.7030e-01 -8.2676e-01 -8.2678e-01
58 0 +1.522219316e+00 +1.522219316e+00 +2.380221932e+01 +2.380221932e+01 +5.3820e-01 -1.0269e+00 -2.2631e+00
73 0 +5.745005358e-01 +5.745005358e-01 +2.285450054e+01 +2.285450054e+01 +1.1733e+00 -2.3731e+00 -1.4197e+00
84 0 +1.845846146e-01 +1.845846146e-01 +2.246458461e+01 +2.246458461e+01 +1.4720e+00 -1.3514e+00 -1.8111e+00
141 0 +1.104369175e-01 +1.104369175e-01 +2.239043692e+01 +2.239043692e+01 +1.1685e+00 -1.8401e+00 -1.6054e+00
162 0 +7.077632537e-02 +7.077632537e-02 +2.235077633e+01 +2.235077633e+01 +1.4005e+00 -1.6096e+00 -2.0282e+00
181 0 +5.185542446e-02 +5.185542446e-02 +2.233185542e+01 +2.233185542e+01 +1.3255e+00 -1.9602e+00 -1.9246e+00
182 0 +3.237466426e-02 +3.237466426e-02 +2.231237466e+01 +2.231237466e+01 +1.4021e+00 -1.9448e+00 -1.8851e+00
191 0 +1.174507959e-02 +1.174507959e-02 +2.229174508e+01 +2.229174508e+01 +1.4155e+00 -1.8851e+00 -1.8252e+00
198 0 +9.547664323e-03 +9.547664323e-03 +2.228954766e+01 +2.228954766e+01 +1.3760e+00 -1.8669e+00 -1.8305e+00
260 0 +4.823709034e-03 +4.823709034e-03 +2.228482371e+01 +2.228482371e+01 +1.3440e+00 -1.7752e+00 -1.8313e+00
261 0 +4.658240356e-03 +4.658240356e-03 +2.228465824e+01 +2.228465824e+01 +1.3694e+00 -1.8108e+00 -1.7814e+00
283 0 +4.037781409e-03 +4.037781409e-03 +2.228403778e+01 +2.228403778e+01 +1.3951e+00 -1.7624e+00 -1.8809e+00
287 0 +1.789208377e-03 +1.789208377e-03 +2.228178921e+01 +2.228178921e+01 +1.3782e+00 -1.7871e+00 -1.8436e+00
295 0 +1.359687898e-03 +1.359687898e-03 +2.228135969e+01 +2.228135969e+01 +1.3929e+00 -1.7687e+00 -1.7916e+00
332 0 +4.280495211e-04 +4.280495211e-04 +2.228042805e+01 +2.228042805e+01 +1.3986e+00 -1.7626e+00 -1.8266e+00
345 0 +2.291931576e-04 +2.291931576e-04 +2.228022919e+01 +2.228022919e+01 +1.4090e+00 -1.7693e+00 -1.8090e+00
383 0 +1.821932442e-05 +1.821932442e-05 +2.228001822e+01 +2.228001822e+01 +1.4125e+00 -1.7810e+00 -1.8208e+00
401 0 +1.433850516e-05 +1.433850516e-05 +2.228001434e+01 +2.228001434e+01 +1.4123e+00 -1.7774e+00 -1.8179e+00
477 0 +3.445850005e-06 +3.445850005e-06 +2.228000345e+01 +2.228000345e+01 +1.4132e+00 -1.7784e+00 -1.8225e+00
514 0 +7.354804055e-08 +7.354804055e-08 +2.228000007e+01 +2.228000007e+01 +1.4129e+00 -1.7767e+00 -1.8218e+00
679 0 +3.221971667e-08 +3.221971667e-08 +2.228000003e+01 +2.228000003e+01 +1.4127e+00 -1.7769e+00 -1.8215e+00
792 0 +2.045743486e-08 +2.045743486e-08 +2.228000002e+01 +2.228000002e+01 +1.4127e+00 -1.7768e+00 -1.8215e+00
875 0 +1.400436034e-08 +1.400436034e-08 +2.228000001e+01 +2.228000001e+01 +1.4129e+00 -1.7769e+00 -1.8217e+00
883 0 +2.695536239e-09 +2.695536239e-09 +2.228000000e+01 +2.228000000e+01 +1.4128e+00 -1.7768e+00 -1.8216e+00
% f evaluations | g evaluations | best noise-free fitness - Fopt | noise-free fitness - Fopt (3.561400000000e+02) | measured fitness | best measured fitness | x1 | x2...
1 0 +1.491695936e+01 +1.491695936e+01 +3.710569594e+02 +3.710569594e+02 +0.0000e+00 +0.0000e+00 +0.0000e+00
18 0 +1.300585025e+01 +1.300585025e+01 +3.691458502e+02 +3.691458502e+02 +1.4712e+00 -1.1747e+00 +9.6989e-03
40 0 +1.269668996e+01 +1.269668996e+01 +3.688366900e+02 +3.688366900e+02 +1.3069e+00 -1.6955e-01 +4.6508e-03
206 0 +1.258822884e+01 +1.258822884e+01 +3.687282288e+02 +3.687282288e+02 +1.7538e+00 -3.3288e-01 -7.1430e-03
374 0 +1.229391645e+01 +1.229391645e+01 +3.684339164e+02 +3.684339164e+02 +1.4310e+00 -5.5918e-01 -3.1607e-02
% f evaluations | g evaluations | best noise-free fitness - Fopt | noise-free fitness - Fopt (-4.757000000000e+02) | measured fitness | best measured fitness | x1 | x2...
1 0 +1.522825600e+01 +1.522825600e+01 -4.604717440e+02 -4.604717440e+02 +0.0000e+00 +0.0000e+00 +0.0000e+00
3 0 +1.923107504e+00 +1.923107504e+00 -4.737768925e+02 -4.737768925e+02 -9.3436e-01 +4.0728e-02 +2.4921e+00
15 0 +9.861019269e-01 +9.861019269e-01 -4.747138981e+02 -4.747138981e+02 -1.1399e+00 -1.1659e-01 +2.9025e+00
25 0 +4.053959321e-01 +4.053959321e-01 -4.752946041e+02 -4.752946041e+02 -1.2595e+00 -6.4522e-01 +3.3629e+00
50 0 +6.623261717e-02 +6.623261717e-02 -4.756337674e+02 -4.756337674e+02 -7.1381e-01 -5.6367e-01 +3.5910e+00
122 0 +5.703591063e-02 +5.703591063e-02 -4.756429641e+02 -4.756429641e+02 -8.0544e-01 -6.8060e-01 +3.8089e+00
131 0 +2.577078349e-02 +2.577078349e-02 -4.756742292e+02 -4.756742292e+02 -8.6940e-01 -5.9935e-01 +3.7798e+00
252 0 +1.960195200e-02 +1.960195200e-02 -4.756803980e+02 -4.756803980e+02 -8.4286e-01 -5.4061e-01 +3.8877e+00
266 0 +1.682707593e-02 +1.682707593e-02 -4.756831729e+02 -4.756831729e+02 -9.4762e-01 -4.8903e-01 +3.7577e+00
291 0 +4.535923036e-03 +4.535923036e-03 -4.756954641e+02 -4.756954641e+02 -8.9522e-01 -4.4964e-01 +3.8013e+00
292 0 +1.434875942e-03 +1.434875942e-03 -4.756985651e+02 -4.756985651e+02 -8.3463e-01 -4.1280e-01 +3.7663e+00
422 0 +4.110276461e-04 +4.110276461e-04 -4.756995890e+02 -4.756995890e+02 -8.2746e-01 -4.4544e-01 +3.7671e+00
435 0 +1.470595952e-04 +1.470595952e-04 -4.756998529e+02 -4.756998529e+02 -8.1886e-01 -4.4030e-01 +3.7914e+00
445 0 +2.380750345e-06 +2.380750345e-06 -4.756999976e+02 -4.756999976e+02 -8.2960e-01 -4.4312e-01 +3.7859e+00
589 0 +1.093299488e-06 +1.093299488e-06 -4.756999989e+02 -4.756999989e+02 -8.2945e-01 -4.4501e-01 +3.7874e+00
645 0 +8.737527537e-07 +8.737527537e-07 -4.756999991e+02 -4.756999991e+02 -8.2960e-01 -4.4425e-01 +3.7863e+00
651 0 +8.403801530e-07 +8.403801530e-07 -4.756999992e+02 -4.756999992e+02 -8.2976e-01 -4.4477e-01 +3.7867e+00
653 0 +2.085242841e-07 +2.085242841e-07 -4.756999998e+02 -4.756999998e+02 -8.2995e-01 -4.4425e-01 +3.7874e+00
701 0 +4.647006335e-09 +4.647006335e-09 -4.757000000e+02 -4.757000000e+02 -8.2964e-01 -4.4397e-01 +3.7872e+00
% f evaluations | g evaluations | best noise-free fitness - Fopt | noise-free fitness - Fopt (-1.000000000000e+03) | measured fitness | best measured fitness | x1 | x2...
1 0 +3.942506816e+01 +3.942506816e+01 -9.605749318e+02 -9.605749318e+02 +0.0000e+00 +0.0000e+00 +0.0000e+00
2 0 +3.605098380e+01 +3.605098380e+01 -9.639490162e+02 -9.639490162e+02 -6.1750e-02 +3.8960e-01 +6.3756e-02
6 0 +3.299919461e+01 +3.299919461e+01 -9.670008054e+02 -9.670008054e+02 -5.3169e-01 -1.7311e-01 +5.5654e-01
7 0 +3.189563328e+01 +3.189563328e+01 -9.681043667e+02 -9.681043667e+02 -3.5657e-01 -1.4645e-02 +7.5096e-01
24 0 +2.795060598e+01 +2.795060598e+01 -9.720493940e+02 -9.720493940e+02 -8.6060e-01 -1.0928e-01 +9.8954e-01
36 0 +2.435819950e+01 +2.435819950e+01 -9.756418005e+02 -9.756418005e+02 -1.2757e+00 -1.7499e-01 +1.3353e+00
72 0 +2.253917760e+01 +2.253917760e+01 -9.774608224e+02 -9.774608224e+02 -9.5321e-01 +6.1690e-02 +1.7849e+00
73 0 +2.167288616e+01 +2.167288616e+01 -9.783271138e+02 -9.783271138e+02 -8.5591e-01 +1.1017e-01 +2.0964e+00
94 0 +2.124587098e+01 +2.124587098e+01 -9.787541290e+02 -9.787541290e+02 -1.0801e+00 +8.2356e-02 +1.9046e+00
105 0 +2.042658569e+01 +2.042658569e+01 -9.795734143e+02 -9.795734143e+02 -1.0849e+00 +3.8148e-02 +2.2292e+00
106 0 +2.024963996e+01 +2.024963996e+01 -9.797503600e+02 -9.797503600e+02 -1.2653e+00 +3.8694e-02 +1.9906e+00
114 0 +1.898785446e+01 +1.898785446e+01 -9.810121455e+02 -9.810121455e+02 -1.1281e+00 +1.5286e-01 +2.3930e+00
116 0 +1.822187738e+01 +1.822187738e+01 -9.817781226e+02 -9.817781226e+02 -1.3543e+00 +1.0655e-01 +2.3573e+00
123 0 +1.787570278e+01 +1.787570278e+01 -9.821242972e+02 -9.821242972e+02 -1.2655e+00 +9.5470e-02 +2.7170e+00
132 0 +1.624556716e+01 +1.624556716e+01 -9.837544328e+02 -9.837544328e+02 -1.7680e+00 +1.0895e-01 +2.3965e+00
140 0 +1.532450738e+01 +1.532450738e+01 -9.846754926e+02 -9.846754926e+02 -1.7702e+00 +2.2105e-01 +2.4753e+00
154 0 +1.442475984e+01 +1.442475984e+01 -9.855752402e+02 -9.855752402e+02 -1.9733e+00 +2.5292e-01 +2.4434e+00
162 0 +1.388509739e+01 +1.388509739e+01 -9.861149026e+02 -9.861149026e+02 -2.0332e+00 +2.7056e-01 +2.5302e+00
166 0 +1.351677666e+01 +1.351677666e+01 -9.864832233e+02 -9.864832233e+02 -1.9965e+00 +2.8831e-01 +2.7058e+00
173 0 +1.310625921e+01 +1.310625921e+01 -9.868937408e+02 -9.868937408e+02 -2.0970e+00 +2.7090e-01 +2.7889e+00
178 0 +1.253082823e+01 +1.253082823e+01 -9.874691718e+02 -9.874691718e+02 -2.1748e+00 +2.8005e-01 +2.9387e+00
184 0 +1.190159921e+01 +1.190159921e+01 -9.880984008e+02 -9.880984008e+02 -2.5639e+00 +1.7635e-01 +3.0435e+00
186 0 +1.105749844e+01 +1.105749844e+01 -9.889425016e+02 -9.889425016e+02 -2.5328e+00 +4.3132e-01 +2.6879e+00
188 0 +1.077437342e+01 +1.077437342e+01 -9.892256266e+02 -9.892256266e+02 -2.6927e+00 +2.7198e-01 +3.2401e+00
194 0 +1.024371992e+01 +1.024371992e+01 -9.897562801e+02 -9.897562801e+02 -2.9332e+00 +3.6139e-01 +2.8811e+00
200 0 +9.914252020e+00 +9.914252020e+00 -9.900857480e+02 -9.900857480e+02 -2.7100e+00 +5.3319e-01 +2.7604e+00
201 0 +7.937620371e+00 +7.937620371e+00 -9.920623796e+02 -9.920623796e+02 -2.9183e+00 +7.2122e-01 +3.1052e+00
202 0 +7.557405442e+00 +7.557405442e+00 -9.924425946e+02 -9.924425946e+02 -2.4385e+00 +9.6108e-01 +3.3790e+00
215 0 +2.679303284e+00 +2.679303284e+00 -9.973206967e+02 -9.973206967e+02 -2.8441e+00 +1.9946e+00 +3.7215e+00
235 0 +3.136256883e-01 +3.136256883e-01 -9.996863743e+02 -9.996863743e+02 -3.2647e+00 +3.4532e+00 +3.8175e+00
286 0 +2.369927777e-01 +2.369927777e-01 -9.997630072e+02 -9.997630072e+02 -3.5317e+00 +3.4057e+00 +3.3370e+00
289 0 +8.171408642e-02 +8.171408642e-02 -9.999182859e+02 -9.999182859e+02 -4.0309e+00 +3.4217e+00 +3.5931e+00
322 0 +7.602947043e-02 +7.602947043e-02 -9.999239705e+02 -9.999239705e+02 -3.6062e+00 +3.1503e+00 +3.8233e+00
326 0 +4.299210553e-02 +4.299210553e-02 -9.999570079e+02 -9.999570079e+02 -3.7690e+00 +3.3455e+00 +3.9360e+00
328 0 +3.623533728e-02 +3.623533728e-02 -9.999637647e+02 -9.999637647e+02 -3.6642e+00 +3.2255e+00 +3.8216e+00
332 0 +3.546444103e-02 +3.546444103e-02 -9.999645356e+02 -9.999645356e+02 -3.7217e+00 +3.1990e+00 +3.6148e+00
341 0 +1.653131867e-02 +1.653131867e-02 -9.999834687e+02 -9.999834687e+02 -3.6755e+00 +3.3362e+00 +3.7470e+00
350 0 +3.290049265e-03 +3.290049265e-03 -9.999967100e+02 -9.999967100e+02 -3.7752e+00 +3.3719e+00 +3.7375e+00
388 0 +2.564794988e-03 +2.564794988e-03 -9.999974352e+02 -9.999974352e+02 -3.7700e+00 +3.3514e+00 +3.7578e+00
398 0 +7.882437241e-04 +7.882437241e-04 -9.999992118e+02 -9.999992118e+02 -3.7810e+00 +3.3056e+00 +3.7415e+00
402 0 +1.579751289e-04 +1.579751289e-04 -9.999998420e+02 -9.999998420e+02 -3.7935e+00 +3.3129e+00 +3.7348e+00
460 0 +5.225059340e-05 +5.225059340e-05 -9.999999477e+02 -9.999999477e+02 -3.8035e+00 +3.3185e+00 +3.7392e+00
523 0 +4.180342319e-05 +4.180342319e-05 -9.999999582e+02 -9.999999582e+02 -3.8004e+00 +3.3266e+00 +3.7292e+00
544 0 +1.452151275e-05 +1.452151275e-05 -9.999999855e+02 -9.999999855e+02 -3.7992e+00 +3.3227e+00 +3.7310e+00
570 0 +2.320904173e-06 +2.320904173e-06 -9.999999977e+02 -9.999999977e+02 -3.8019e+00 +3.3202e+00 +3.7329e+00
674 0 +1.266014465e-06 +1.266014465e-06 -9.999999987e+02 -9.999999987e+02 -3.8016e+00 +3.3208e+00 +3.7329e+00
730 0 +8.412456509e-07 +8.412456509e-07 -9.999999992e+02 -9.999999992e+02 -3.8024e+00 +3.3214e+00 +3.7337e+00
802 0 +7.573900120e-07 +7.573900120e-07 -9.999999992e+02 -9.999999992e+02 -3.8018e+00 +3.3209e+00 +3.7328e+00
813 0 +5.828580925e-07 +5.828580925e-07 -9.999999994e+02 -9.999999994e+02 -3.8028e+00 +3.3210e+00 +3.7328e+00
831 0 +5.252040864e-07 +5.252040864e-07 -9.999999995e+02 -9.999999995e+02 -3.8021e+00 +3.3211e+00 +3.7333e+00
833 0 +3.228100240e-07 +3.228100240e-07 -9.999999997e+02 -9.999999997e+02 -3.8028e+00 +3.3212e+00 +3.7328e+00
842 0 +2.951454690e-07 +2.951454690e-07 -9.999999997e+02 -9.999999997e+02 -3.8025e+00 +3.3211e+00 +3.7330e+00
845 0 +2.422837042e-07 +2.422837042e-07 -9.999999998e+02 -9.999999998e+02 -3.8027e+00 +3.3217e+00 +3.7332e+00
855 0 +6.261416274e-08 +6.261416274e-08 -9.999999999e+02 -9.999999999e+02 -3.8025e+00 +3.3215e+00 +3.7326e+00
875 0 +2.940919330e-08 +2.940919330e-08 -1.000000000e+03 -1.000000000e+03 -3.8022e+00 +3.3216e+00 +3.7327e+00
879 0 +1.059879651e-08 +1.059879651e-08 -1.000000000e+03 -1.000000000e+03 -3.8024e+00 +3.3215e+00 +3.7328e+00
925 0 +7.403627933e-09 +7.403627933e-09 -1.000000000e+03 -1.000000000e+03 -3.8023e+00 +3.3215e+00 +3.7328e+00
% f evaluations | g evaluations | best noise-free fitness - Fopt | noise-free fitness - Fopt (-4.158000000000e+01) | measured fitness | best measured fitness | x1 | x2...
1 0 +1.834012736e+01 +1.834012736e+01 -2.323987264e+01 -2.323987264e+01 +0.0000e+00 +0.0000e+00 +0.0000e+00
3 0 +1.732267984e+01 +1.732267984e+01 -2.425732016e+01 -2.425732016e+01 -5.1771e-01 +8.3278e-02 -2.3786e-01
14 0 +1.652232085e+01 +1.652232085e+01 -2.505767915e+01 -2.505767915e+01 -3.1384e-01 +1.8976e-01 -2.0506e-01
18 0 +1.616607983e+01 +1.616607983e+01 -2.541392017e+01 -2.541392017e+01 +1.6529e+00 +2.6334e-01 -2.4845e-01
22 0 +1.331635104e+01 +1.331635104e+01 -2.826364896e+01 -2.826364896e+01 +6.5745e-01 +4.3081e-01 -4.0873e-01
34 0 +1.302894733e+01 +1.302894733e+01 -2.855105267e+01 -2.855105267e+01 +6.6459e-01 +5.0344e-01 -3.9808e-01
44 0 +1.272527742e+01 +1.272527742e+01 -2.885472258e+01 -2.885472258e+01 +1.0288e+00 +5.7787e-01 -4.2392e-01
52 0 +1.221940203e+01 +1.221940203e+01 -2.936059797e+01 -2.936059797e+01 +7.1694e-01 +5.7259e-01 -4.9075e-01
71 0 +1.169124832e+01 +1.169124832e+01 -2.988875168e+01 -2.988875168e+01 +1.9850e-01 +5.3096e-01 -6.5949e-01
74 0 +8.145902235e+00 +8.145902235e+00 -3.343409777e+01 -3.343409777e+01 +4.9238e-01 +1.1412e+00 -8.5612e-01
82 0 +5.582553983e+00 +5.582553983e+00 -3.599744602e+01 -3.599744602e+01 +5.1139e-02 +2.4104e+00 -8.8189e-01
92 0 +3.589834219e+00 +3.589834219e+00 -3.799016578e+01 -3.799016578e+01 +4.9745e-01 +3.0407e+00 -1.2549e+00
108 0 +3.297184897e+00 +3.297184897e+00 -3.828281510e+01 -3.828281510e+01 +1.5905e+00 +2.6047e+00 -1.6377e+00
213 0 +2.124144703e+00 +2.124144703e+00 -3.945585530e+01 -3.945585530e+01 -8.5486e-02 +3.5648e+00 -2.0650e+00
307 0 +1.739434760e+00 +1.739434760e+00 -3.984056524e+01 -3.984056524e+01 +1.9033e-01 +1.6428e+00 -2.8069e+00
316 0 +6.585699420e-01 +6.585699420e-01 -4.092143006e+01 -4.092143006e+01 +1.0329e+00 +3.0942e+00 -2.4966e+00
439 0 +6.029980291e-01 +6.029980291e-01 -4.097700197e+01 -4.097700197e+01 +1.0498e+00 +2.6691e+00 -2.5336e+00
449 0 +4.406081150e-01 +4.406081150e-01 -4.113939188e+01 -4.113939188e+01 +3.7170e-01 +2.3888e+00 -2.7201e+00
461 0 +3.114274578e-01 +3.114274578e-01 -4.126857254e+01 -4.126857254e+01 +5.6132e-01 +2.7268e+00 -2.5952e+00
475 0 +2.357988294e-01 +2.357988294e-01 -4.134420117e+01 -4.134420117e+01 +6.8752e-01 +2.7071e+00 -2.6832e+00
476 0 +1.768522277e-01 +1.768522277e-01 -4.140314777e+01 -4.140314777e+01 +8.2188e-01 +2.7728e+00 -2.7910e+00
550 0 +1.358389312e-01 +1.358389312e-01 -4.144416107e+01 -4.144416107e+01 +4.8735e-01 +2.5992e+00 -2.8939e+00
558 0 +9.943008840e-02 +9.943008840e-02 -4.148056991e+01 -4.148056991e+01 +5.1449e-01 +2.7025e+00 -2.8731e+00
644 0 +7.018724059e-02 +7.018724059e-02 -4.150981276e+01 -4.150981276e+01 +6.1944e-01 +3.1163e+00 -3.1216e+00
645 0 +6.590627820e-02 +6.590627820e-02 -4.151409372e+01 -4.151409372e+01 +4.4492e-01 +3.0562e+00 -3.1025e+00
655 0 +4.810073087e-02 +4.810073087e-02 -4.153189927e+01 -4.153189927e+01 +7.2245e-01 +3.0253e+00 -3.0851e+00
738 0 +1.864257238e-02 +1.864257238e-02 -4.156135743e+01 -4.156135743e+01 +6.5932e-01 +2.9200e+00 -3.0360e+00
752 0 +6.485282598e-03 +6.485282598e-03 -4.157351472e+01 -4.157351472e+01 +6.5636e-01 +2.8640e+00 -3.0837e+00
