% f evaluations | g evaluations | best noise-free fitness - Fopt | noise-free fitness - Fopt (9.294000000000e+01) | measured fitness | best measured fitness | x1 | x2...
1 0 +1.311513987e+01 +1.311513987e+01 +1.060551399e+02 +1.060551399e+02 +0.0000e+00 +0.0000e+00 +0.0000e+00 +0.0000e+00 +0.0000e+00
25 0 +8.663543270e+00 +8.663543270e+00 +1.016035433e+02 +1.016035433e+02 +8.3195e-03 +1.8857e+00 -7.1230e-01 +1.3936e+00 -9.1896e-02
32 0 +7.448043704e+00 +7.448043704e+00 +1.003880437e+02 +1.003880437e+02 -3.2001e-02 +2.6206e+00 -1.4343e-01 +1.8226e+00 -1.2644e-01
48 0 +4.291023073e+00 +4.291023073e+00 +9.723102307e+01 +9.723102307e+01 +3.1678e-02 +1.0938e+00 -9.6832e-02 +7.5640e-01 -2.6644e-01
58 0 +4.179769377e+00 +4.179769377e+00 +9.711976938e+01 +9.711976938e+01 -4.4493e-02 +1.8552e+00 -3.1955e-01 +1.0554e+00 -1.5971e-01
838 0 +3.944045933e+00 +3.944045933e+00 +9.688404593e+01 +9.688404593e+01 +6.8309e-02 +1.9320e+00 +8.1374e-02 +1.7890e+00 +6.1859e-01
866 0 +2.568097148e+00 +2.568097148e+00 +9.550809715e+01 +9.550809715e+01 -2.4522e-02 +1.2726e+00 +1.3352e-01 +2.2964e+00 +9.1972e-01
887 0 +2.455955215e+00 +2.455955215e+00 +9.539595521e+01 +9.539595521e+01 -6.0693e-02 +1.1516e+00 +2.6924e-01 +2.3120e+00 +1.3380e+00
% f evaluations | g evaluations | best noise-free fitness - Fopt | noise-free fitness - Fopt (3.535000000000e+01) | measured fitness | best measured fitness | x1 | x2...
1 0 +4.644548928e+02 +4.644548928e+02 +4.998048928e+02 +4.998048928e+02 +0.0000e+00 +0.0000e+00 +0.0000e+00 +0.0000e+00 +0.0000e+00
4 0 +3.465344560e+02 +3.465344560e+02 +3.818844560e+02 +3.818844560e+02 +4.1917e-01 +2.3805e-01 +3.8208e+00 -3.6508e-02 +1.7586e+00
5 0 +2.352663282e+02 +2.352663282e+02 +2.706163282e+02 +2.706163282e+02 +5.8004e-01 -5.0354e-01 +1.6281e+00 +1.4092e-01 -8.1086e-01
10 0 +1.438862249e+02 +1.438862249e+02 +1.792362249e+02 +1.792362249e+02 +1.5620e+00 +6.3113e-01 +1.1156e+00 -4.8179e-02 -4.2919e+00
17 0 +1.239409190e+02 +1.239409190e+02 +1.592909190e+02 +1.592909190e+02 -2.2423e-01 +1.3331e-01 +2.8009e+00 -2.3434e-01 -5.1904e+00
29 0 +8.349514090e+01 +8.349514090e+01 +1.188451409e+02 +1.188451409e+02 +5.8133e-02 +6.7761e-02 +2.9393e+00 -1.7909e-01 -1.6793e+00
34 0 +7.114039319e+01 +7.114039319e+01 +1.064903932e+02 +1.064903932e+02 +5.1918e-01 -1.9734e-01 +3.5775e+00 +1.0880e-01 -1.2136e+00
35 0 +5.319630677e+01 +5.319630677e+01 +8.854630677e+01 +8.854630677e+01 +2.5276e-01 -3.6550e-01 +3.3156e+00 -1.1221e-01 -3.7163e+00
60 0 +1.355991375e+01 +1.355991375e+01 +4.890991375e+01 +4.890991375e+01 +1.1629e+00 -1.3500e-01 +4.0881e+00 +2.3852e-01 -2.8915e+00
62 0 +1.192724909e+01 +1.192724909e+01 +4.727724909e+01 +4.727724909e+01 +1.0892e+00 -9.2617e-02 +5.0461e+00 +3.3976e-01 -1.6716e+00
82 0 +4.986897250e+00 +4.986897250e+00 +4.033689725e+01 +4.033689725e+01 +2.0284e+00 +1.4429e-02 +4.6072e+00 +3.7506e-01 -1.9373e+00
% f evaluations | g evaluations | best noise-free fitness - Fopt | noise-free fitness - Fopt (3.820000000000e+00) | measured fitness | best measured fitness | x1 | x2...
1 0 +7.329981111e+02 +7.329981111e+02 +7.368181111e+02 +7.368181111e+02 +0.0000e+00 +0.0000e+00 +0.0000e+00 +0.0000e+00 +0.0000e+00
5 0 +1.483153761e+02 +1.483153761e+02 +1.521353761e+02 +1.521353761e+02 +4.8638e+00 +2.5023e-01 -4.2241e-01 +1.1515e-01 +1.1693e-01
14 0 +7.773302211e+01 +7.773302211e+01 +8.155302211e+01 +8.155302211e+01 +5.6197e+00 +7.8833e-01 +3.5999e-01 +8.0574e-02 +1.6138e+00
20 0 +5.626575739e+01 +5.626575739e+01 +6.008575739e+01 +6.008575739e+01 +4.1138e+00 +1.8204e-01 +1.0020e+00 +1.4415e-01 -1.2937e+00
35 0 +1.893776164e+01 +1.893776164e+01 +2.275776164e+01 +2.275776164e+01 +4.9437e+00 +9.0683e-01 +1.7291e+00 -8.2823e-01 +1.5725e+00
233 0 +1.497860636e+01 +1.497860636e+01 +1.879860636e+01 +1.879860636e+01 +3.6567e+00 -1.1752e+00 +3.6057e+00 +5.9835e-01 -3.7613e-01
280 0 +1.271078734e+01 +1.271078734e+01 +1.653078734e+01 +1.653078734e+01 +3.3102e+00 -1.2194e+00 +4.0417e+00 +3.6178e-01 -3.0654e-01
292 0 +1.228269512e+01 +1.228269512e+01 +1.610269512e+01 +1.610269512e+01 +3.1205e+00 -1.2800e+00 +4.0389e+00 +4.2643e-01 +9.4732e-03
326 0 +6.463973927e+00 +6.463973927e+00 +1.028397393e+01 +1.028397393e+01 +4.3744e+00 -8.1698e-01 +3.4597e+00 +2.9980e-01 +8.3648e-01
390 0 +5.195781199e+00 +5.195781199e+00 +9.015781199e+00 +9.015781199e+00 +3.7708e+00 -1.3221e+00 +4.4456e+00 +1.0926e-01 +1.6237e+00
% f evaluations | g evaluations | best noise-free fitness - Fopt | noise-free fitness - Fopt (2.175000000000e+01) | measured fitness | best measured fitness | x1 | x2...
1 0 +1.551430652e+02 +1.551430652e+02 +1.768930652e+02 +1.768930652e+02 +0.0000e+00 +0.0000e+00 +0.0000e+00 +0.0000e+00 +0.0000e+00
31 0 +1.418281294e+02 +1.418281294e+02 +1.635781294e+02 +1.635781294e+02 -2.1375e-01 +1.0830e+00 -5.9134e-01 +2.5928e-01 -2.2653e+00
43 0 +9.433456237e+01 +9.433456237e+01 +1.160845624e+02 +1.160845624e+02 +7.6630e-02 +2.0913e+00 +2.0128e+00 -1.3246e-01 -2.7929e+00
80 0 +7.235042724e+01 +7.235042724e+01 +9.410042724e+01 +9.410042724e+01 +9.1350e-02 +1.7409e+00 +7.9889e-01 +6.1866e-01 -2.8195e+00
92 0 +6.744384947e+01 +6.744384947e+01 +8.919384947e+01 +8.919384947e+01 +7.4516e-02 +3.3825e+00 +2.4929e+00 +7.0721e-01 -5.3435e+00
100 0 +5.525642052e+01 +5.525642052e+01 +7.700642052e+01 +7.700642052e+01 -4.1859e-02 +5.2700e+00 +2.0136e+00 +7.3704e-01 -6.1553e+00
118 0 +4.329428205e+01 +4.329428205e+01 +6.504428205e+01 +6.504428205e+01 +1.6042e-01 +3.1211e+00 +1.8824e+00 +1.1229e+00 -4.3104e+00
173 0 +4.198906470e+01 +4.198906470e+01 +6.373906470e+01 +6.373906470e+01 +6.1611e-01 +2.5411e+00 +1.0998e+00 +8.4405e-01 -3.9882e+00
208 0 +4.126521579e+01 +4.126521579e+01 +6.301521579e+01 +6.301521579e+01 +7.3915e-01 +3.2888e+00 +5.9854e-01 +1.3397e+00 -4.9975e+00
222 0 +2.897054490e+01 +2.897054490e+01 +5.072054490e+01 +5.072054490e+01 +7.3994e-01 +3.3535e+00 +1.3785e+00 +1.1289e+00 -4.6430e+00
400 0 +2.310782356e+01 +2.310782356e+01 +4.485782356e+01 +4.485782356e+01 +6.1310e-01 +3.8970e+00 +1.3345e+00 +2.1373e+00 -4.5781e+00
868 0 +1.999758508e+01 +1.999758508e+01 +4.174758508e+01 +4.174758508e+01 +1.4773e+00 +3.0444e+00 +8.1655e-01 +1.2957e+00 -4.0868e+00
889 0 +1.934740365e+01 +1.934740365e+01 +4.109740365e+01 +4.109740365e+01 +1.6449e+00 +2.9611e+00 +6.3940e-01 +1.4070e+00 -3.7947e+00
% f evaluations | g evaluations | best noise-free fitness - Fopt | noise-free fitness - Fopt (6.479000000000e+01) | measured fitness | best measured fitness | x1 | x2...
1 0 +3.268637627e+01 +3.268637627e+01 +9.747637627e+01 +9.747637627e+01 +0.0000e+00 +0.0000e+00 +0.0000e+00 +0.0000e+00 +0.0000e+00
13 0 +2.916852104e+01 +2.916852104e+01 +9.395852104e+01 +9.395852104e+01 -5.5685e-01 -4.1464e-01 +5.4677e-02 -2.8945e-02 -4.3155e-02
32 0 +2.134955184e+01 +2.134955184e+01 +8.613955184e+01 +8.613955184e+01 +1.3828e-01 -7.4513e-01 +1.2997e-01 +1.4441e-01 +3.1249e-01
54 0 +1.121734350e+01 +1.121734350e+01 +7.600734350e+01 +7.600734350e+01 -1.0831e-02 -5.4393e-01 +4.0761e-03 +3.7885e-01 +8.0015e-01
88 0 +9.933356337e+00 +9.933356337e+00 +7.472335634e+01 +7.472335634e+01 -1.5189e+00 -1.7449e+00 -2.1973e-02 +5.1062e-01 +1.3360e+00
152 0 +8.593765732e+00 +8.593765732e+00 +7.338376573e+01 +7.338376573e+01 -2.9168e+00 -3.4553e+00 -5.4398e-01 +2.9086e-01 +5.3300e-01
154 0 +6.528624587e+00 +6.528624587e+00 +7.131862459e+01 +7.131862459e+01 -2.5799e+00 -3.1164e+00 -5.4497e-01 +1.8988e-01 +8.7947e-01
155 0 +5.668916856e+00 +5.668916856e+00 +7.045891686e+01 +7.045891686e+01 -2.5328e+00 -2.9039e+00 -5.0548e-01 +3.0135e-01 +1.2053e+00
157 0 +4.973712685e+00 +4.973712685e+00 +6.976371269e+01 +6.976371269e+01 -1.8203e+00 -2.7009e+00 -5.2985e-01 +2.5829e-01 +1.0909e+00
234 0 +3.591621352e+00 +3.591621352e+00 +6.838162135e+01 +6.838162135e+01 -1.5596e+00 -2.2848e+00 -5.4696e-01 +5.0307e-01 +9.8673e-02
241 0 +3.353143672e+00 +3.353143672e+00 +6.814314367e+01 +6.814314367e+01 -1.8035e+00 -2.5637e+00 -5.4006e-01 +4.7144e-01 +9.2979e-02
250 0 +3.143755068e+00 +3.143755068e+00 +6.793375507e+01 +6.793375507e+01 -1.6936e+00 -2.4507e+00 -5.2607e-01 +4.3214e-01 +1.2920e-01
400 0 +2.454755676e+00 +2.454755676e+00 +6.724475568e+01 +6.724475568e+01 -9.1841e-01 -2.3807e+00 -7.2515e-01 +6.1218e-01 +8.6266e-01
% f evaluations | g evaluations | best noise-free fitness - Fopt | noise-free fitness - Fopt (-1.000000000000e+03) | measured fitness | best measured fitness | x1 | x2...
1 0 +8.374491867e+01 +8.374491867e+01 -9.162550813e+02 -9.162550813e+02 +0.0000e+00 +0.0000e+00 +0.0000e+00 +0.0000e+00 +0.0000e+00
5 0 +6.872933533e+01 +6.872933533e+01 -9.312706647e+02 -9.312706647e+02 +4.1416e-02 +1.6897e-01 +9.8584e-01 +3.6675e-02 -1.0208e+00
36 0 +5.619608766e+01 +5.619608766e+01 -9.438039123e+02 -9.438039123e+02 -7.2285e-02 +1.4774e+00 +4.5894e-01 -5.0451e-01 -8.5858e-01
70 0 +3.387048756e+01 +3.387048756e+01 -9.661295124e+02 -9.661295124e+02 -8.1035e-02 +1.0810e+00 +5.6777e-01 +2.0784e-02 -2.6277e+00
81 0 +2.684254145e+01 +2.684254145e+01 -9.731574586e+02 -9.731574586e+02 -8.7203e-02 +6.2152e-01 +7.4461e-01 -1.0557e+00 -3.4071e+00
114 0 +2.332168187e+01 +2.332168187e+01 -9.766783181e+02 -9.766783181e+02 -1.2344e-01 +4.7173e-01 -4.8813e-01 -1.2741e+00 -5.1782e+00
127 0 +2.166897877e+01 +2.166897877e+01 -9.783310212e+02 -9.783310212e+02 -1.4590e-01 +1.4245e-02 -4.2419e-01 -1.1701e+00 -6.4835e+00
342 0 +1.720987198e+01 +1.720987198e+01 -9.827901280e+02 -9.827901280e+02 +9.8650e-02 +4.8001e+00 -2.0365e-01 -1.7749e+00 -2.8411e+00
349 0 +1.368585130e+01 +1.368585130e+01 -9.863141487e+02 -9.863141487e+02 +1.1911e-01 +4.6831e+00 +2.2093e-01 -1.1075e+00 -3.3482e+00
830 0 +1.293946346e+01 +1.293946346e+01 -9.870605365e+02 -9.870605365e+02 +1.7706e-01 +5.8070e+00 -7.5890e-02 -1.8859e+00 -3.9393e+00
976 0 +1.150756597e+01 +1.150756597e+01 -9.884924340e+02 -9.884924340e+02 +1.5647e-01 +5.3617e+00 +3.4028e-01 -1.5449e+00 -3.5390e+00
% f evaluations | g evaluations | best noise-free fitness - Fopt | noise-free fitness - Fopt (1.640700000000e+02) | measured fitness | best measured fitness | x1 | x2...
1 0 +4.558575467e+01 +4.558575467e+01 +2.096557547e+02 +2.096557547e+02 +0.0000e+00 +0.0000e+00 +0.0000e+00 +0.0000e+00 +0.0000e+00
2 0 +3.840504836e+01 +3.840504836e+01 +2.024750484e+02 +2.024750484e+02 -7.9388e-02 -2.1779e-01 +2.6446e-02 +2.6998e-01 +8.6969e-01
7 0 +3.577799747e+01 +3.577799747e+01 +1.998479975e+02 +1.998479975e+02 -7.2404e-02 -7.4758e-02 +8.3655e-03 -3.3484e-01 +4.5212e-01
8 0 +2.614346683e+01 +2.614346683e+01 +1.902134668e+02 +1.902134668e+02 -4.0673e-03 +4.6770e-01 -6.6874e-01 -4.5360e-01 -2.9137e-02
29 0 +1.950767980e+01 +1.950767980e+01 +1.835776798e+02 +1.835776798e+02 -7.5507e-02 +7.8241e-01 -9.0708e-01 -4.0576e-01 -1.7025e-01
30 0 +1.768669587e+01 +1.768669587e+01 +1.817566959e+02 +1.817566959e+02 +1.9093e-01 +1.5081e+00 -7.6948e-01 -7.0378e-01 -1.0913e+00
51 0 +1.563558461e+01 +1.563558461e+01 +1.797055846e+02 +1.797055846e+02 -5.7249e-02 +2.0081e+00 -1.1465e+00 -7.5298e-01 -6.5535e-01
56 0 +1.284615106e+01 +1.284615106e+01 +1.769161511e+02 +1.769161511e+02 +2.5219e-02 +2.4011e+00 -1.1918e+00 -5.3204e-01 -7.7255e-01
133 0 +4.991353582e+00 +4.991353582e+00 +1.690613536e+02 +1.690613536e+02 +2.4063e-03 +3.6861e+00 -2.7399e+00 -7.8306e-01 -1.8591e+00
389 0 +4.287983433e+00 +4.287983433e+00 +1.683579834e+02 +1.683579834e+02 -4.8037e-01 +4.6879e+00 -3.1677e+00 -1.3114e+00 -2.5216e+00
438 0 +3.703051797e+00 +3.703051797e+00 +1.677730518e+02 +1.677730518e+02 -3.4667e-01 +5.0479e+00 -3.1567e+00 -8.7930e-01 -2.0553e+00
% f evaluations | g evaluations | best noise-free fitness - Fopt | noise-free fitness - Fopt (-1.656800000000e+02) | measured fitness | best measured fitness | x1 | x2...
1 0 +4.184698700e+02 +4.184698700e+02 +2.527898700e+02 +2.527898700e+02 +0.0000e+00 +0.0000e+00 +0.0000e+00 +0.0000e+00 +0.0000e+00
2 0 +9.797352923e+01 +9.797352923e+01 -6.770647077e+01 -6.770647077e+01 +4.5224e-01 +1.1640e-01 +1.6436e+00 +6.1933e-01 +4.5007e-01
5 0 +5.550558217e+01 +5.550558217e+01 -1.101744178e+02 -1.101744178e+02 +8.7377e-01 +4.0834e-01 +1.6720e+00 -1.1905e-01 +5.4220e-01
8 0 +4.859902647e+01 +4.859902647e+01 -1.170809735e+02 -1.170809735e+02 +2.2799e-01 -1.0528e-01 +3.0447e+00 -1.7388e+00 +1.3551e-01
17 0 +3.060942192e+01 +3.060942192e+01 -1.350705781e+02 -1.350705781e+02 +9.2767e-02 -3.9167e-02 +4.5969e+00 -8.3526e-01 -1.4157e-01
18 0 +1.007699914e+01 +1.007699914e+01 -1.556030009e+02 -1.556030009e+02 +2.7031e-01 +2.7228e-01 +2.5268e+00 +2.0620e-01 +6.7789e-01
68 0 +7.392846986e+00 +7.392846986e+00 -1.582871530e+02 -1.582871530e+02 -8.8799e-01 -9.4253e-01 +2.7793e+00 -1.2416e-01 +8.7245e-01
76 0 +4.532215654e+00 +4.532215654e+00 -1.611477843e+02 -1.611477843e+02 -6.6629e-01 -9.1882e-01 +2.5164e+00 +6.8089e-01 +1.1573e+00
208 0 +3.316114766e+00 +3.316114766e+00 -1.623638852e+02 -1.623638852e+02 -8.8819e-01 -1.4659e+00 +2.5679e+00 +9.4623e-01 +1.2728e+00
290 0 +3.306790336e+00 +3.306790336e+00 -1.623732097e+02 -1.623732097e+02 -8.2422e-01 -1.4064e+00 +2.6071e+00 +1.2511e+00 +1.5094e+00
295 0 +2.072294388e+00 +2.072294388e+00 -1.636077056e+02 -1.636077056e+02 -8.1194e-01 -1.4090e+00 +2.2315e+00 +1.1784e+00 +1.6513e+00
404 0 +1.880960866e+00 +1.880960866e+00 -1.637990391e+02 -1.637990391e+02 -6.8237e-01 -1.6238e+00 +2.2960e+00 +1.1084e+00 +1.6017e+00
459 0 +1.809216221e+00 +1.809216221e+00 -1.638707838e+02 -1.638707838e+02 -8.0215e-01 -1.5107e+00 +2.0044e+00 +1.4398e+00 +1.7596e+00
550 0 +1.758631913e+00 +1.758631913e+00 -1.639213681e+02 -1.639213681e+02 -9.6578e-01 -1.6042e+00 +2.1684e+00 +1.6496e+00 +1.7547e+00
% f evaluations | g evaluations | best noise-free fitness - Fopt | noise-free fitness - Fopt (9.284000000000e+01) | measured fitness | best measured fitness | x1 | x2...
1 0 +2.011627885e+02 +2.011627885e+02 +2.940027885e+02 +2.940027885e+02 +0.0000e+00 +0.0000e+00 +0.0000e+00 +0.0000e+00 +0.0000e+00
2 0 +7.767298966e+01 +7.767298966e+01 +1.705129897e+02 +1.705129897e+02 +1.9638e+00 -8.6217e-01 +4.7912e-01 +6.5161e-01 +7.1067e-01
6 0 +3.373999207e+01 +3.373999207e+01 +1.265799921e+02 +1.265799921e+02 +7.7967e-01 -2.2990e+00 -8.3788e-01 -1.5204e-01 +1.1464e+00
15 0 +3.282217690e+01 +3.282217690e+01 +1.256621769e+02 +1.256621769e+02 +2.9707e+00 -2.4467e+00 +1.9056e-01 +1.0116e-01 -2.9301e+00
29 0 +2.468216332e+01 +2.468216332e+01 +1.175221633e+02 +1.175221633e+02 +1.5257e+00 -3.4319e+00 +1.4846e-01 +9.4760e-02 -1.0691e+00
37 0 +1.582737025e+01 +1.582737025e+01 +1.086673702e+02 +1.086673702e+02 +1.3103e+00 -2.2609e+00 -1.0937e+00 -2.6796e-01 -3.1847e-01
96 0 +1.293923276e+01 +1.293923276e+01 +1.057792328e+02 +1.057792328e+02 +2.1513e+00 -8.9995e-01 -3.7966e+00 +1.2549e+00 +9.3280e-01
98 0 +6.421703982e+00 +6.421703982e+00 +9.926170398e+01 +9.926170398e+01 +7.5920e-01 -2.3021e+00 -3.5751e+00 +1.2783e+00 +2.3419e+00
811 0 +4.851840950e+00 +4.851840950e+00 +9.769184095e+01 +9.769184095e+01 +1.6866e+00 -2.3241e+00 -2.0503e+00 +2.3100e+00 +1.8854e+00
813 0 +4.473756774e+00 +4.473756774e+00 +9.731375677e+01 +9.731375677e+01 +1.5463e+00 -2.6022e+00 -2.1940e+00 +2.3769e+00 +2.3040e+00
833 0 +3.735281481e+00 +3.735281481e+00 +9.657528148e+01 +9.657528148e+01 +1.7637e+00 -3.1384e+00 -2.3353e+00 +2.2221e+00 +1.7506e+00
842 0 +2.986354422e+00 +2.986354422e+00 +9.582635442e+01 +9.582635442e+01 +1.4635e+00 -2.7389e+00 -2.5020e+00 +2.2396e+00 +1.9762e+00
% f evaluations | g evaluations | best noise-free fitness - Fopt | noise-free fitness - Fopt (-3.679200000000e+02) | measured fitness | best measured fitness | x1 | x2...
1 0 +4.021328862e+01 +4.021328862e+01 -3.277067114e+02 -3.277067114e+02 +0.0000e+00 +0.0000e+00 +0.0000e+00 +0.0000e+00 +0.0000e+00
4 0 +3.906125537e+01 +3.906125537e+01 -3.288587446e+02 -3.288587446e+02 +3.0923e+00 -1.7963e+00 +2.3855e-01 -2.6050e-02 +2.9644e-01
10 0 +3.885170761e+01 +3.885170761e+01 -3.290682924e+02 -3.290682924e+02 -3.1550e-01 -6.4048e-01 +3.3444e-01 +6.1776e-02 -1.2823e+00
22 0 +2.196072060e+01 +2.196072060e+01 -3.459592794e+02 -3.459592794e+02 +2.4540e+00 -7.4945e-01 -1.2599e-01 +8.7758e-02 -1.6641e-01
42 0 +1.823480429e+01 +1.823480429e+01 -3.496851957e+02 -3.496851957e+02 +3.3366e+00 -3.6683e-01 +4.5784e-01 +4.4325e-02 +9.1509e-01
47 0 +1.376543170e+01 +1.376543170e+01 -3.541545683e+02 -3.541545683e+02 +2.4998e+00 -4.5240e-01 -4.4367e-02 +3.1379e-01 +9.5382e-01
54 0 +1.052284501e+01 +1.052284501e+01 -3.573971550e+02 -3.573971550e+02 +4.0448e+00 -3.9759e-01 +3.9100e-01 -8.4803e-02 +2.1548e+00
163 0 +4.779900485e+00 +4.779900485e+00 -3.631400995e+02 -3.631400995e+02 +3.1941e+00 -3.2796e-01 +2.0034e-01 -2.5002e-01 +2.6912e+00
185 0 +4.397684961e+00 +4.397684961e+00 -3.635223150e+02 -3.635223150e+02 +2.7891e+00 -1.1894e-01 +1.6495e-01 -3.6631e-01 +2.5153e+00
216 0 +3.827411306e+00 +3.827411306e+00 -3.640925887e+02 -3.640925887e+02 +2.7675e+00 -4.4708e-01 +3.0871e-01 -2.5626e-01 +2.1508e+00
320 0 +3.711460204e+00 +3.711460204e+00 -3.642085398e+02 -3.642085398e+02 +2.1196e+00 -4.2826e-01 +1.7834e-01 -2.3935e-01 +2.4345e+00
533 0 +3.283668159e+00 +3.283668159e+00 -3.646363318e+02 -3.646363318e+02 +2.0861e+00 -5.7189e-01 +1.8151e-01 -2.1395e-01 +2.2189e+00
538 0 +3.153152551e+00 +3.153152551e+00 -3.647668474e+02 -3.647668474e+02 +2.0977e+00 -5.7610e-01 +1.8121e-01 -2.1201e-01 +2.1824e+00
611 0 +2.220026086e+00 +2.220026086e+00 -3.656999739e+02 -3.656999739e+02 +2.2880e+00 -3.5978e-01 +4.2487e-01 -1.3150e-01 +2.5710e+00
951 0 +1.944263088e+00 +1.944263088e+00 -3.659757369e+02 -3.659757369e+02 +2.4673e+00 -4.1165e-01 +7.2488e-01 +4.6987e-02 +2.2172e+00
% f evaluations | g evaluations | best noise-free fitness - Fopt | noise-free fitness - Fopt (4.950000000000e+01) | measured fitness | best measured fitness | x1 | x2...
1 0 +1.841218915e+02 +1.841218915e+02 +2.336218915e+02 +2.336218915e+02 +0.0000e+00 +0.0000e+00 +0.0000e+00 +0.0000e+00 +0.0000e+00
4 0 +1.807712901e+02 +1.807712901e+02 +2.302712901e+02 +2.302712901e+02 -2.1431e-02 +7.9912e-02 +1.1932e+00 -1.5588e-01 +1.4852e-01
8 0 +1.729513888e+02 +1.729513888e+02 +2.224513888e+02 +2.224513888e+02 -5.8731e-01 -2.0710e-03 -5.6158e-01 +1.4698e+00 +2.4025e-01
13 0 +1.032318748e+02 +1.032318748e+02 +1.527318748e+02 +1.527318748e+02 -1.1763e+00 -3.6096e-01 -4.1252e-02 +2.3414e+00 -2.6101e-01
24 0 +9.990044802e+01 +9.990044802e+01 +1.494004480e+02 +1.494004480e+02 -1.1581e+00 +1.5061e-01 -8.6456e-01 -6.3408e-01 -1.5440e-01
26 0 +7.617802692e+01 +7.617802692e+01 +1.256780269e+02 +1.256780269e+02 -8.7312e-01 +2.5888e-01 -5.9059e-01 -6.3561e-01 -3.4861e+00
31 0 +3.155960962e+01 +3.155960962e+01 +8.105960962e+01 +8.105960962e+01 -2.7579e+00 +2.6602e-02 -2.3752e+00 +9.8621e-01 +9.1313e-02
40 0 +5.590753314e+00 +5.590753314e+00 +5.509075331e+01 +5.509075331e+01 -3.7208e+00 +5.8707e-01 -3.1667e+00 -7.2569e-01 -4.0119e-01
% f evaluations | g evaluations | best noise-free fitness - Fopt | noise-free fitness - Fopt (-1.277000000000e+01) | measured fitness | best measured fitness | x1 | x2...
1 0 +2.116770848e+02 +2.116770848e+02 +1.989070848e+02 +1.989070848e+02 +0.0000e+00 +0.0000e+00 +0.0000e+00 +0.0000e+00 +0.0000e+00
2 0 +1.668447635e+02 +1.668447635e+02 +1.540747635e+02 +1.540747635e+02 -3.8961e-01 -7.8200e-02 +1.7053e+00 -2.1058e+00 -1.5383e-01
6 0 +1.378193456e+02 +1.378193456e+02 +1.250493456e+02 +1.250493456e+02 +4.3850e-01 -3.2385e-01 +1.9077e+00 -2.6491e-01 +2.5639e-01
17 0 +5.811930402e+01 +5.811930402e+01 +4.534930402e+01 +4.534930402e+01 +3.1939e-01 +9.8423e-01 +7.1142e-01 +4.3893e-01 +1.5487e+00
28 0 +1.778515767e+01 +1.778515767e+01 +5.015157666e+00 +5.015157666e+00 +1.7067e+00 +1.1873e+00 +2.6393e-01 +1.9517e+00 +2.4315e+00
1002 0 +1.758710041e+01 +1.758710041e+01 +4.817100405e+00 +4.817100405e+00 +5.2312e+00 +5.0946e+00 -1.2981e+00 +3.8129e+00 -1.0557e+00
% f evaluations | g evaluations | best noise-free fitness - Fopt | noise-free fitness - Fopt (6.365000000000e+01) | measured fitness | best measured fitness | x1 | x2...
1 0 +1.783739394e+01 +1.783739394e+01 +8.148739394e+01 +8.148739394e+01 +0.0000e+00 +0.0000e+00 +0.0000e+00 +0.0000e+00 +0.0000e+00
15 0 +1.487197250e+01 +1.487197250e+01 +7.852197250e+01 +7.852197250e+01 +2.9483e-02 -8.2744e-01 -5.9336e-02 +1.1890e+00 +9.4796e-01
24 0 +1.302032414e+01 +1.302032414e+01 +7.667032414e+01 +7.667032414e+01 +2.3072e-02 -3.3095e-01 -3.3487e-02 +7.7405e-01 +2.7339e-01
31 0 +8.069176995e+00 +8.069176995e+00 +7.171917700e+01 +7.171917700e+01 -2.0053e-01 -2.2051e-01 -6.0473e-02 +4.3031e-01 +1.3276e+00
59 0 +6.024693277e+00 +6.024693277e+00 +6.967469328e+01 +6.967469328e+01 -4.7741e-01 -7.2063e-02 -8.3270e-02 +6.6440e-03 +1.1417e+00
270 0 +5.584408781e+00 +5.584408781e+00 +6.923440878e+01 +6.923440878e+01 -1.3228e+00 -4.8954e-01 -1.9567e-02 -1.0604e+00 +1.8044e+00
808 0 +4.169812616e+00 +4.169812616e+00 +6.781981262e+01 +6.781981262e+01 -8.2154e-01 -5.4610e-01 -1.4780e+00 -9.2818e-01 +9.0820e-01
829 0 +3.222716964e+00 +3.222716964e+00 +6.687271696e+01 +6.687271696e+01 -1.3158e+00 -4.5717e-01 -1.5138e+00 -9.3482e-01 +1.3726e+00
875 0 +1.909715784e+00 +1.909715784e+00 +6.555971578e+01 +6.555971578e+01 -1.8536e+00 +2.7619e-01 -1.5450e+00 -1.7606e+00 +1.5483e+00
% f evaluations | g evaluations | best noise-free fitness - Fopt | noise-free fitness - Fopt (6.991900000000e+02) | measured fitness | best measured fitness | x1 | x2...
1 0 +2.806968653e+02 +2.806968653e+02 +9.798868653e+02 +9.798868653e+02 +0.0000e+00 +0.0000e+00 +0.0000e+00 +0.0000e+00 +0.0000e+00
2 0 +2.608922813e+02 +2.608922813e+02 +9.600822813e+02 +9.600822813e+02 -2.5239e-01 -2.3796e-01 +1.6960e+00 -2.5668e-01 -1.0845e+00
3 0 +1.983484223e+02 +1.983484223e+02 +8.975384223e+02 +8.975384223e+02 +4.4354e-02 +1.5211e-02 +2.5653e+00 +2.1517e-01 -7.3971e-01
5 0 +1.776099326e+02 +1.776099326e+02 +8.767999326e+02 +8.767999326e+02 +7.8468e-01 -2.7112e-02 -1.0557e-01 +2.5285e-01 +1.8201e+00
12 0 +1.387109257e+02 +1.387109257e+02 +8.379009257e+02 +8.379009257e+02 +4.0534e-01 +1.3994e+00 +2.0213e+00 +1.0829e-01 +9.6916e-01
15 0 +1.152012493e+02 +1.152012493e+02 +8.143912493e+02 +8.143912493e+02 +8.0948e-01 +6.6972e-01 -6.6155e-02 -5.3293e-03 -6.8169e-02
77 0 +3.897243071e+01 +3.897243071e+01 +7.381624307e+02 +7.381624307e+02 +2.9919e+00 +3.9007e-01 -3.9035e+00 -4.3974e-01 -2.1169e+00
78 0 +3.300144536e+01 +3.300144536e+01 +7.321914454e+02 +7.321914454e+02 +3.2871e+00 -7.4223e-01 -1.7552e+00 -2.8631e-02 -1.1621e+00
86 0 +1.660068375e+01 +1.660068375e+01 +7.157906837e+02 +7.157906837e+02 +3.0433e+00 -4.6500e-01 -2.6368e+00 -2.0917e-01 -1.9549e+00
116 0 +1.391612988e+01 +1.391612988e+01 +7.131061299e+02 +7.131061299e+02 +2.9048e+00 -8.4012e-01 -1.2610e+00 -5.7943e-01 -2.8200e+00
179 0 +1.243297134e+01 +1.243297134e+01 +7.116229713e+02 +7.116229713e+02 +3.0426e+00 +1.7314e-01 -1.1534e+00 -6.5206e-01 -4.5714e+00
225 0 +1.170246711e+01 +1.170246711e+01 +7.108924671e+02 +7.108924671e+02 +2.5054e+00 -5.9715e-02 -1.6662e+00 -7.9098e-01 -3.4797e+00
260 0 +7.989925202e+00 +7.989925202e+00 +7.071799252e+02 +7.071799252e+02 +2.7474e+00 -2.8718e-02 -8.9055e-01 -5.1995e-01 -4.8792e+00
274 0 +7.484039396e+00 +7.484039396e+00 +7.066740394e+02 +7.066740394e+02 +3.0077e+00 -1.6977e-01 -2.3334e+00 -7.7434e-01 -4.1851e+00
283 0 +5.886230722e+00 +5.886230722e+00 +7.050762307e+02 +7.050762307e+02 +3.0958e+00 -3.8777e-01 -2.2724e+00 -8.1716e-01 -4.1904e+00
296 0 +3.870616203e+00 +3.870616203e+00 +7.030606162e+02 +7.030606162e+02 +3.2996e+00 -4.3008e-01 -2.1953e+00 -7.6453e-01 -4.8827e+00
298 0 +3.703468464e+00 +3.703468464e+00 +7.028934685e+02 +7.028934685e+02 +3.2517e+00 -2.0271e-01 -2.5557e+00 -7.1847e-01 -4.3838e+00
323 0 +2.960677323e+00 +2.960677323e+00 +7.021506773e+02 +7.021506773e+02 +3.1765e+00 -3.5900e-01 -2.2806e+00 -8.4986e-01 -4.6347e+00
504 0 +2.919503676e+00 +2.919503676e+00 +7.021095037e+02 +7.021095037e+02 +3.2263e+00 -5.7948e-01 -2.4428e+00 -9.5902e-01 -4.5570e+00
% f evaluations | g evaluations | best noise-free fitness - Fopt | noise-free fitness - Fopt (1.000000000000e+03) | measured fitness | best measured fitness | x1 | x2...
1 0 +2.739161869e+02 +2.739161869e+02 +1.273916187e+03 +1.273916187e+03 +0.0000e+00 +0.0000e+00 +0.0000e+00 +0.0000e+00 +0.0000e+00
4 0 +3.420145076e+01 +3.420145076e+01 +1.034201451e+03 +1.034201451e+03 +2.0558e-01 -8.3238e-02 -4.9928e-01 -1.7035e+00 -1.4077e+00
22 0 +2.460014734e+01 +2.460014734e+01 +1.024600147e+03 +1.024600147e+03 +9.5383e-02 -7.4704e-03 -9.1590e-02 -2.4129e+00 -4.4553e+00
27 0 +1.366271739e+00 +1.366271739e+00 +1.001366272e+03 +1.001366272e+03 -2.8453e-01 -2.0976e-01 -2.0034e-01 -3.6523e+00 -1.6558e+00
