% f evaluations | g evaluations | best noise-free fitness - Fopt | noise-free fitness - Fopt (9.294000000000e+01) | measured fitness | best measured fitness | x1 | x2...
1 0 +1.756574751e+03 +1.756574751e+03 +1.849514751e+03 +1.849514751e+03 +0.0000e+00 +0.0000e+00 +0.0000e+00 +0.0000e+00 +0.0000e+00 +0.0000e+00 +0.0000e+00 +0.0000e+00 +0.0000e+00 +0.0000e+00 +0.0000e+00 +0.0000e+00 +0.0000e+00 +0.0000e+00 +0.0000e+00 +0.0000e+00 +0.0000e+00 +0.0000e+00 +0.0000e+00 +0.0000e+00
3 0 +1.582923711e+03 +1.582923711e+03 +1.675863711e+03 +1.675863711e+03 +2.8952e-01 +1.5292e+00 -2.5512e-01 +6.5028e-01 +2.7182e-02 +9.7514e-01 -6.2259e-03 +2.4359e-02 -1.1582e+00 -2.3865e-01 -2.4295e+00 +6.1383e-01 +1.1477e-01 -5.2961e-03 +4.1187e-01 -3.5362e-01 +4.5035e-01 -8.5406e-02 +1.2755e-03 -1.3797e-01
6 0 +1.444061505e+03 +1.444061505e+03 +1.537001505e+03 +1.537001505e+03 -1.3359e-01 -1.8124e+00 +1.8825e-01 +3.3273e-01 -2.4662e-02 +1.0217e+00 +8.8393e-01 -1.3556e-02 -7.3873e-01 +6.2820e-01 +3.7490e+00 -2.0438e+00 -3.4015e-01 +4.1876e-03 +7.3327e-01 -1.3002e-01 -5.6942e-01 -5.2441e-01 +6.3191e-04 +4.5173e-02
7 0 +1.217351454e+03 +1.217351454e+03 +1.310291454e+03 +1.310291454e+03 +4.1622e-01 +1.6893e+00 +2.1927e-01 +4.2544e-01 +4.4400e-02 -5.2243e-01 +1.1244e+00 -8.2023e-03 -1.9456e-01 +3.8453e+00 +2.3995e+00 -7.8327e-01 +1.5963e-01 +1.2708e-01 +2.9925e-01 -2.6645e+00 +2.3309e+00 -6.0208e-01 +6.9206e-04 -9.5067e-04
21 0 +1.089527262e+03 +1.089527262e+03 +1.182467262e+03 +1.182467262e+03 +2.3120e-01 -4.8581e-01 +1.3013e+00 +1.9961e-01 +3.3191e-02 +8.6980e-01 -6.2574e-01 -4.5775e-02 +4.0835e-01 +1.2252e+00 +5.9926e+00 -3.9410e+00 +1.6356e-01 +8.8754e-02 +1.6929e+00 +6.5101e-01 +5.3004e-01 -8.2655e-01 -3.1807e-04 +1.2840e-01
25 0 +7.265594115e+02 +7.265594115e+02 +8.194994115e+02 +8.194994115e+02 +5.8305e-01 -1.3795e+00 -1.3578e+00 +5.5325e-01 -5.9853e-02 +2.0382e+00 -9.3071e-01 +4.2623e-02 +1.0422e+00 +2.6396e+00 +2.9104e+00 -4.4354e+00 -3.4276e-01 +2.6166e-02 -1.4288e-01 +6.3231e-01 +4.3607e-01 -2.3246e+00 -3.1926e-04 +3.6369e-02
35 0 +4.857297134e+02 +4.857297134e+02 +5.786697134e+02 +5.786697134e+02 +8.1828e-01 -7.7762e-01 -1.9705e+00 +1.1700e+00 -6.3356e-02 +2.5850e+00 -1.0165e+00 -1.2112e-02 +5.1994e-01 +4.3250e+00 +2.1662e+00 -4.5363e+00 -1.2071e+00 +2.7113e-02 -4.8776e-01 +1.2921e+00 +2.1084e+00 -2.3918e+00 -7.2664e-04 -2.0886e-02
66 0 +3.551275034e+02 +3.551275034e+02 +4.480675034e+02 +4.480675034e+02 +2.8591e-01 +3.6980e+00 +4.7508e-01 +2.0217e+00 -4.0326e-02 +6.6726e+00 +1.8121e-02 -5.4590e-02 +2.6419e-02 +2.6280e+00 +5.5436e+00 -4.3681e+00 -2.6391e+00 -2.5171e-01 -1.8993e+00 +1.2492e+00 +4.0687e+00 -1.9058e-01 -1.9913e-03 -1.4320e-01
72 0 +2.478915423e+02 +2.478915423e+02 +3.408315423e+02 +3.408315423e+02 +5.2584e-01 +2.4927e+00 +1.0310e+00 +9.4398e-01 -3.0905e-02 +7.5599e+00 +1.8150e+00 +2.3525e-02 +4.2187e-01 +1.5252e+00 +2.0630e+00 -5.7799e+00 -1.3713e+00 -1.2694e-01 +1.0154e+00 +1.7669e-01 +2.8914e+00 -9.4294e-01 -1.8809e-04 +3.8496e-01
% f evaluations | g evaluations | best noise-free fitness - Fopt | noise-free fitness - Fopt (3.535000000000e+01) | measured fitness | best measured fitness | x1 | x2...
1 0 +2.653243133e+03 +2.653243133e+03 +2.688593133e+03 +2.688593133e+03 +0.0000e+00 +0.0000e+00 +0.0000e+00 +0.0000e+00 +0.0000e+00 +0.0000e+00 +0.0000e+00 +0.0000e+00 +0.0000e+00 +0.0000e+00 +0.0000e+00 +0.0000e+00 +0.0000e+00 +0.0000e+00 +0.0000e+00 +0.0000e+00 +0.0000e+00 +0.0000e+00 +0.0000e+00 +0.0000e+00
2 0 +2.038519832e+03 +2.038519832e+03 +2.073869832e+03 +2.073869832e+03 -1.2544e-01 -6.5916e-01 -6.0075e-02 +1.8033e-01 -1.6516e-02 -7.6496e-01 -2.9039e-01 -2.1088e-01 -3.7096e-01 +2.1235e+00 +2.7416e-01 -2.7091e+00 +3.2297e-01 +1.6469e+00 +1.0818e+00 -5.4337e-01 +1.3040e+00 -2.0627e+00 +6.7126e-02 +1.0210e-01
3 0 +1.563962727e+03 +1.563962727e+03 +1.599312727e+03 +1.599312727e+03 +1.2310e-01 +6.5655e-01 +2.1351e+00 +8.9339e-01 +2.6325e-01 -6.0065e-01 +2.2719e-01 -1.8721e+00 +3.4721e-01 -3.5734e-01 -1.2179e+00 +4.2657e-01 -1.2353e-01 +1.3329e+00 -6.2330e-01 -1.3487e-01 +2.5723e+00 -3.8500e-01 -8.5329e-02 -4.0421e-01
8 0 +1.371610820e+03 +1.371610820e+03 +1.406960820e+03 +1.406960820e+03 -1.3224e-02 -6.5956e-01 +9.4362e-01 +5.3979e-01 -3.4584e-01 -2.7678e-01 +2.5743e+00 +1.5935e-01 -1.1305e-01 -2.2417e+00 +3.0060e-01 -1.7260e+00 -1.2936e-01 +1.0860e+00 -6.1565e-01 +8.6365e-01 -1.2195e+00 -1.3220e+00 +2.4033e+00 +4.8465e-01
13 0 +8.402235831e+02 +8.402235831e+02 +8.755735831e+02 +8.755735831e+02 +3.0390e-01 +4.6761e-02 +2.3575e+00 +8.8803e-01 +2.0244e-03 +3.6437e-01 +2.3325e+00 -2.3682e+00 +4.7614e-02 -2.6100e+00 -1.5011e+00 -3.9596e+00 +7.5884e-01 +1.4812e+00 -8.5067e-01 +4.1025e-01 +4.4494e+00 -7.7771e-01 -2.1174e-01 -1.1758e+00
24 0 +7.317601382e+02 +7.317601382e+02 +7.671101382e+02 +7.671101382e+02 +2.8540e-02 -5.4393e-01 +2.3533e+00 +1.5810e+00 -4.6202e-01 -5.9064e-02 +2.0696e+00 -1.3689e+00 -2.3957e-01 -4.0689e+00 +3.0752e-01 -1.6718e+00 +1.4171e-01 +2.5619e+00 -4.5984e-01 -9.9755e-01 +3.9559e+00 -9.0342e-01 +5.3183e+00 -1.6257e+00
26 0 +6.539473895e+02 +6.539473895e+02 +6.892973895e+02 +6.892973895e+02 +2.1404e-01 +2.3487e-01 +1.8626e+00 +1.3880e+00 +2.7317e-01 -2.5752e-01 +3.0184e+00 -1.1584e+00 -7.5370e-01 -3.8610e+00 -6.3754e-01 -1.4777e+00 +1.2900e+00 +3.4276e+00 -1.4485e+00 +7.4871e-01 +3.9677e+00 -8.0182e-01 -1.0585e+00 -2.7441e-01
29 0 +5.378508423e+02 +5.378508423e+02 +5.732008423e+02 +5.732008423e+02 +2.3480e-01 +1.4715e+00 +2.3021e+00 +1.4653e+00 +2.4795e-01 +9.8567e-01 +2.4220e+00 -1.8464e+00 -5.8547e-01 -1.1283e+00 -9.8288e-01 -5.9360e+00 +6.8856e-01 -2.9294e-01 -5.9997e-01 +1.3065e-01 +5.6035e+00 -1.1825e-01 +3.1892e+00 -2.1482e+00
31 0 +3.053751970e+02 +3.053751970e+02 +3.407251970e+02 +3.407251970e+02 +2.8998e-01 +6.6332e-01 +3.3105e+00 +7.3216e-01 -1.5316e-01 -6.6964e-01 +2.3261e+00 -9.0664e-01 -2.6328e-01 -1.6742e+00 -2.3961e+00 -5.0006e+00 -1.6193e-01 +2.3093e+00 -1.1839e+00 +3.5714e-01 +5.1412e+00 +2.9059e-01 +3.2356e+00 -9.2758e-01
36 0 +2.298380241e+02 +2.298380241e+02 +2.651880241e+02 +2.651880241e+02 +4.7875e-01 +1.7311e-01 +1.3289e+00 +8.9434e-02 +3.9491e-01 -5.7441e-01 +1.3682e+00 -1.6022e+00 -5.2343e-01 -2.4048e+00 -1.3046e+00 -5.3043e+00 -1.0907e-02 +2.5150e+00 -2.2364e+00 +1.2961e+00 +5.6483e+00 +8.8094e-01 +4.1658e+00 -1.1996e+00
% f evaluations | g evaluations | best noise-free fitness - Fopt | noise-free fitness - Fopt (3.820000000000e+00) | measured fitness | best measured fitness | x1 | x2...
1 0 +7.959996499e+02 +7.959996499e+02 +7.998196499e+02 +7.998196499e+02 +0.0000e+00 +0.0000e+00 +0.0000e+00 +0.0000e+00 +0.0000e+00 +0.0000e+00 +0.0000e+00 +0.0000e+00 +0.0000e+00 +0.0000e+00 +0.0000e+00 +0.0000e+00 +0.0000e+00 +0.0000e+00 +0.0000e+00 +0.0000e+00 +0.0000e+00 +0.0000e+00 +0.0000e+00 +0.0000e+00
5 0 +6.869643306e+02 +6.869643306e+02 +6.907843306e+02 +6.907843306e+02 -2.4244e-02 -1.0476e+00 +4.0801e-01 +3.1094e-01 -1.9804e-01 +1.0987e+00 -1.7713e-01 +1.2478e+00 -1.8051e-01 +6.3784e-01 +5.8849e-02 -7.7776e-01 +2.4436e-01 -2.9535e-01 -1.0562e-01 -7.6466e-01 +4.1098e-02 -1.0780e+00 +1.2695e+00 +4.9369e-01
11 0 +6.118518864e+02 +6.118518864e+02 +6.156718864e+02 +6.156718864e+02 +9.4496e-02 -5.3757e-01 -1.0975e+00 +2.7867e-01 -1.7524e-02 -5.7007e-01 -6.4212e-01 +7.0923e-02 -2.8033e-02 -2.7279e-01 -4.7980e-02 -2.2629e-01 -1.4004e+00 -1.2555e+00 +3.9215e-01 -1.7194e-02 +7.8818e-02 +2.4510e-01 -5.8967e-01 +1.4384e+00
22 0 +5.786950080e+02 +5.786950080e+02 +5.825150080e+02 +5.825150080e+02 -1.8977e-01 -6.6718e-02 +4.5284e-01 +5.1082e-02 +4.4287e-01 +1.0862e+00 +5.0568e-01 +4.1854e-01 +9.7506e-02 +1.6445e-01 +1.1398e-01 -1.9827e-01 -1.3439e-01 -9.2830e-01 -7.7891e-02 +2.7142e-02 +1.8719e-01 -1.5158e+00 +3.4021e+00 +3.0676e-01
23 0 +4.287401830e+02 +4.287401830e+02 +4.325601830e+02 +4.325601830e+02 -4.9903e-01 -6.2872e-01 -2.7746e-01 -1.5072e-01 +5.8485e-01 +2.2992e+00 -1.7683e-01 +1.9847e-01 -4.8842e-02 -7.9787e-02 +9.9389e-02 -1.3715e-01 -1.3121e+00 -2.8151e+00 +2.4949e-01 -1.9235e+00 +1.6468e-01 -1.5509e+00 +2.8620e+00 +7.6674e-01
30 0 +4.055401472e+02 +4.055401472e+02 +4.093601472e+02 +4.093601472e+02 -1.2683e-01 -8.1730e-01 +4.1452e-01 -9.7238e-01 -4.0453e-02 +2.4585e+00 +1.9883e-01 +1.6463e+00 +9.2796e-02 -7.5356e-01 +2.8742e-01 -6.4791e-01 -4.1873e-01 -2.5909e+00 +1.3710e-01 -1.5791e+00 +3.3231e-01 -1.6501e+00 +3.2991e+00 +1.0367e+00
38 0 +3.198707103e+02 +3.198707103e+02 +3.236907103e+02 +3.236907103e+02 -3.4740e-01 -5.1052e-01 +3.4339e-01 -1.6989e+00 +7.9823e-02 +1.5686e+00 +3.0757e-01 +1.3347e+00 +2.4070e-01 -6.8770e-01 +1.8768e-01 -4.8126e-01 -1.2318e+00 -1.6416e+00 +3.9346e-01 -1.9126e+00 +3.1736e-01 -1.2503e+00 +3.6714e+00 +8.1432e-01
86 0 +3.119404254e+02 +3.119404254e+02 +3.157604254e+02 +3.157604254e+02 +1.2964e-01 -3.2911e-01 +1.2045e+00 -1.2463e+00 -2.2915e-01 +5.8275e-01 -4.5183e-01 +9.9406e-01 -2.6741e-02 -1.2608e+00 +2.1395e-01 +4.6612e-02 -1.2626e+00 -2.9122e+00 +6.0891e-01 -8.1174e-01 +2.6391e-01 -1.4003e+00 +1.4177e+00 +1.6222e+00
98 0 +2.614680283e+02 +2.614680283e+02 +2.652880283e+02 +2.652880283e+02 +2.4969e-01 -6.2128e-01 +1.2899e+00 -2.0411e+00 -2.2083e-01 +2.8484e-01 -4.6282e-01 +1.4575e+00 -7.2700e-01 -1.1601e+00 +2.2413e-01 -1.2967e-01 -1.6986e+00 -2.3176e+00 +8.4649e-01 -7.0633e-01 +2.6973e-01 -1.4419e+00 +1.4648e+00 +1.5208e+00
121 0 +2.514584690e+02 +2.514584690e+02 +2.552784690e+02 +2.552784690e+02 +1.0822e-01 -5.5208e-01 +1.2406e+00 -1.6675e+00 +1.0814e-01 -4.4325e-01 +4.5800e-01 +7.4287e-01 -1.3582e+00 -1.0929e+00 +2.3765e-01 -1.8290e-01 -1.2332e+00 -2.8347e+00 +1.8958e-01 -2.1102e+00 +1.8919e-01 -8.3122e-01 +1.4726e+00 +2.0455e+00
128 0 +2.351186845e+02 +2.351186845e+02 +2.389386845e+02 +2.389386845e+02 +1.3560e-01 -1.6165e-02 +1.2948e+00 -1.8387e+00 +1.8738e-01 +4.1996e-02 +9.6404e-02 +1.2890e+00 -8.9867e-01 -5.0825e-01 +1.9873e-01 -8.2994e-02 -1.1319e+00 -3.3194e+00 +5.3944e-01 -2.1790e+00 +2.2128e-01 +9.4456e-02 +1.3602e+00 +2.4703e+00
129 0 +2.288547600e+02 +2.288547600e+02 +2.326747600e+02 +2.326747600e+02 +6.5276e-03 -1.3854e-01 +6.9930e-01 -2.0611e+00 +3.9593e-02 -1.6718e-01 +9.8250e-02 +1.5964e+00 -1.2296e+00 -7.7770e-01 +2.8780e-01 -1.6569e-01 -9.6608e-01 -2.0991e+00 +6.1589e-01 -1.9608e+00 +1.6699e-01 -6.9077e-01 +2.0366e+00 +1.8353e+00
138 0 +1.884625930e+02 +1.884625930e+02 +1.922825930e+02 +1.922825930e+02 +1.9840e-01 +2.6474e-01 +1.4887e+00 -2.2098e+00 +1.3640e-01 +1.0051e+00 +1.6755e-01 +6.7369e-01 -1.1524e+00 -2.2436e-01 +2.9368e-01 -5.3537e-02 -7.6091e-01 -1.6209e+00 +1.1593e+00 -1.8332e+00 +1.5133e-01 +6.2924e-02 +1.2969e+00 +1.7181e+00
142 0 +1.530131237e+02 +1.530131237e+02 +1.568331237e+02 +1.568331237e+02 +4.5922e-01 -8.4620e-01 +6.4272e-01 -2.0023e+00 +1.0512e-01 +8.6421e-01 +1.9949e-01 +6.4484e-01 -1.2005e-01 -1.6794e+00 +3.2889e-01 +1.7625e-01 -1.8221e+00 -2.7451e+00 +8.5783e-01 -1.1608e+00 +1.7606e-01 +4.0442e-01 +1.1452e+00 +2.3335e+00
160 0 +1.493848242e+02 +1.493848242e+02 +1.532048242e+02 +1.532048242e+02 +3.9404e-01 -2.2370e-01 -5.3109e-01 -1.8729e+00 -1.1921e-01 +7.8288e-01 +8.1357e-01 +7.5204e-02 +7.2174e-02 -9.0565e-01 +2.6977e-01 -1.6627e-01 -1.1911e+00 -2.4737e+00 +8.9247e-01 -1.2600e+00 +3.6972e-03 +1.5788e+00 +1.8248e+00 +2.2684e+00
164 0 +1.381130669e+02 +1.381130669e+02 +1.419330669e+02 +1.419330669e+02 +3.4189e-01 +9.5252e-01 +5.9493e-01 -2.1522e+00 +3.1694e-02 +5.5411e-02 +8.4055e-01 +1.5366e-01 +7.3984e-01 -1.7767e+00 +5.3066e-01 -2.8450e-01 -1.3481e+00 -3.8003e+00 +6.2592e-01 -9.3056e-01 +4.0001e-01 -4.3405e-01 +4.4476e-01 +2.3678e+00
191 0 +1.298269591e+02 +1.298269591e+02 +1.336469591e+02 +1.336469591e+02 +1.1386e+00 +1.1133e+00 +3.2508e-01 -3.0994e+00 +1.9490e-01 -9.6170e-01 +9.4406e-01 -8.3045e-01 +5.4809e-01 -1.7723e+00 +4.1911e-01 -3.4005e-01 -2.9802e+00 -3.9394e+00 -7.7339e-01 -1.8537e+00 +1.5836e-01 +2.0313e+00 +1.2491e+00 +1.2421e+00
240 0 +1.071357748e+02 +1.071357748e+02 +1.109557748e+02 +1.109557748e+02 +9.0612e-01 +1.0351e+00 +5.2016e-01 -3.9097e+00 +2.5607e-02 -1.1651e+00 +1.0910e+00 -1.2171e+00 +1.0855e+00 -2.1911e+00 +4.4402e-01 -1.8010e-01 -2.6590e+00 -4.4528e+00 -7.9927e-01 -1.2544e+00 +2.2798e-01 +1.7219e+00 +1.3163e+00 +2.0986e+00
246 0 +9.956825325e+01 +9.956825325e+01 +1.033882533e+02 +1.033882533e+02 +1.0517e+00 +1.3252e+00 +1.3321e+00 -2.1299e+00 -1.4122e-01 -8.1528e-01 +3.5804e-01 -1.2691e+00 +1.7615e+00 -2.4605e+00 +4.0704e-01 +2.6866e-01 -1.8834e+00 -3.0678e+00 -8.7587e-01 -1.3773e+00 +2.4362e-01 +1.9627e+00 +9.4266e-01 +2.5669e+00
287 0 +8.749792460e+01 +8.749792460e+01 +9.131792460e+01 +9.131792460e+01 +1.6042e+00 +4.6451e-01 +1.2955e+00 -2.4501e+00 +6.3651e-01 -1.0128e+00 +1.0271e+00 -3.1617e+00 +1.0481e+00 -3.3605e+00 +4.7396e-01 +1.1026e-01 -1.5743e+00 -4.6491e+00 -8.9036e-01 -6.8056e-01 +1.7680e-01 +1.1597e+00 +2.3328e+00 +2.6685e+00
296 0 +8.263345654e+01 +8.263345654e+01 +8.645345654e+01 +8.645345654e+01 +1.6314e+00 +7.5057e-01 +9.3782e-01 -2.6904e+00 +5.4347e-01 -1.0284e+00 +1.5789e+00 -2.1747e+00 +8.1331e-01 -3.1996e+00 +4.0292e-01 -1.5415e-01 -1.3786e+00 -4.5317e+00 -7.0982e-01 -2.3691e-01 +9.4119e-02 +3.0936e+00 +1.5450e+00 +2.6581e+00
297 0 +7.416565466e+01 +7.416565466e+01 +7.798565466e+01 +7.798565466e+01 +1.3970e+00 +5.5196e-01 +8.7826e-01 -2.7350e+00 +7.3656e-01 -2.1767e+00 +9.9910e-01 -2.7150e+00 +1.1220e+00 -2.6761e+00 +4.0720e-01 -1.0696e-01 -1.4490e+00 -4.6220e+00 -1.4842e+00 +1.6245e-01 +1.5825e-02 +1.4855e+00 +1.2036e+00 +3.4721e+00
299 0 +7.075030399e+01 +7.075030399e+01 +7.457030399e+01 +7.457030399e+01 +1.5076e+00 +5.5830e-01 +1.5324e+00 -2.7444e+00 +4.1490e-01 -9.9630e-01 +1.0250e+00 -3.0939e+00 +1.1538e+00 -3.4318e+00 +3.3729e-01 +3.6340e-01 -1.9692e+00 -4.5736e+00 -1.2647e+00 +9.2343e-01 +1.7436e-01 +1.0061e+00 +1.9789e+00 +2.9880e+00
313 0 +5.823145058e+01 +5.823145058e+01 +6.205145058e+01 +6.205145058e+01 +1.3641e+00 +2.8454e-01 +1.0904e+00 -2.3628e+00 +5.8034e-01 -1.8691e+00 +1.1072e+00 -3.2296e+00 +1.1844e+00 -3.1558e+00 +4.6465e-01 +4.0931e-02 -1.7690e+00 -4.3390e+00 -1.7003e+00 -4.3394e-02 +3.2599e-03 +2.2279e+00 +1.7422e+00 +3.3199e+00
317 0 +5.711208331e+01 +5.711208331e+01 +6.093208331e+01 +6.093208331e+01 +1.4095e+00 +5.1172e-01 +8.4729e-01 -2.5591e+00 +7.2054e-01 -1.7580e+00 +9.0901e-01 -3.0863e+00 +1.2290e+00 -3.3320e+00 +4.0464e-01 +1.9066e-01 -2.0439e+00 -4.4202e+00 -1.9682e+00 +2.7915e-01 +1.6232e-01 +1.7421e+00 +1.8807e+00 +2.9266e+00
324 0 +5.582076271e+01 +5.582076271e+01 +5.964076271e+01 +5.964076271e+01 +1.3703e+00 +3.4224e-01 +9.3238e-01 -2.2651e+00 +6.2701e-01 -1.6747e+00 +1.3209e+00 -3.3754e+00 +1.2459e+00 -3.0176e+00 +4.0604e-01 +9.0558e-02 -1.8104e+00 -4.2840e+00 -1.8187e+00 -1.8973e-01 +1.0719e-01 +1.7171e+00 +1.6211e+00 +3.0860e+00
339 0 +4.664604383e+01 +4.664604383e+01 +5.046604383e+01 +5.046604383e+01 +1.4268e+00 +3.0801e-01 +1.0394e+00 -2.4387e+00 +6.9195e-01 -1.3260e+00 +1.3682e+00 -3.5235e+00 +1.2026e+00 -2.9524e+00 +4.5576e-01 +1.3643e-01 -1.6647e+00 -4.1537e+00 -1.7324e+00 -8.0861e-02 +9.5331e-02 +2.1603e+00 +1.7423e+00 +2.9654e+00
351 0 +4.447833491e+01 +4.447833491e+01 +4.829833491e+01 +4.829833491e+01 +1.3629e+00 +2.9354e-01 +8.3630e-01 -2.4648e+00 +6.4979e-01 -1.3766e+00 +1.3088e+00 -3.0498e+00 +1.3232e+00 -2.7677e+00 +4.7921e-01 +6.8572e-02 -1.7686e+00 -4.0450e+00 -2.0793e+00 +1.6110e-01 +1.0874e-01 +2.8413e+00 +1.7584e+00 +2.9653e+00
379 0 +4.138767646e+01 +4.138767646e+01 +4.520767646e+01 +4.520767646e+01 +1.2974e+00 +4.6958e-01 +1.1192e+00 -2.6671e+00 +5.9879e-01 -1.4928e+00 +1.7007e+00 -3.3538e+00 +1.2755e+00 -3.1405e+00 +4.5213e-01 +8.2227e-02 -1.7856e+00 -4.1705e+00 -1.4824e+00 +3.0282e-01 +8.8591e-02 +2.7795e+00 +1.2855e+00 +3.5253e+00
390 0 +3.930539536e+01 +3.930539536e+01 +4.312539536e+01 +4.312539536e+01 +1.2599e+00 +4.4028e-01 +1.2282e+00 -2.8475e+00 +6.5692e-01 -1.5239e+00 +1.5704e+00 -3.4748e+00 +1.2947e+00 -2.5796e+00 +4.7178e-01 +2.0229e-01 -2.0332e+00 -4.2090e+00 -1.7550e+00 +2.2449e-01 +8.7137e-02 +2.5919e+00 +1.2593e+00 +3.1099e+00
406 0 +3.883504543e+01 +3.883504543e+01 +4.265504543e+01 +4.265504543e+01 +1.3454e+00 +4.7111e-01 +1.0163e+00 -2.8969e+00 +5.5175e-01 -1.6549e+00 +1.7993e+00 -3.3775e+00 +9.3380e-01 -2.9000e+00 +4.4471e-01 +1.1510e-01 -1.9971e+00 -4.3025e+00 -1.3877e+00 +2.9938e-01 +8.9984e-02 +3.2466e+00 +1.0628e+00 +3.0420e+00
419 0 +3.788967197e+01 +3.788967197e+01 +4.170967197e+01 +4.170967197e+01 +1.3462e+00 +5.9811e-01 +1.0849e+00 -2.8734e+00 +5.1363e-01 -1.4362e+00 +1.8505e+00 -3.5202e+00 +9.5597e-01 -3.0838e+00 +4.6370e-01 -7.5971e-03 -2.0733e+00 -4.0218e+00 -1.2935e+00 +1.6988e-01 +7.2046e-02 +2.9771e+00 +1.3433e+00 +2.9505e+00
446 0 +3.473149970e+01 +3.473149970e+01 +3.855149970e+01 +3.855149970e+01 +1.3937e+00 +5.6393e-01 +1.2180e+00 -2.7088e+00 +5.9466e-01 -2.2155e+00 +1.1458e+00 -3.2062e+00 +9.9104e-01 -2.9855e+00 +4.8650e-01 +2.7836e-02 -2.0917e+00 -3.9208e+00 -1.4767e+00 +2.1395e-01 +9.8547e-02 +3.2822e+00 +1.2358e+00 +3.0529e+00
456 0 +3.449689171e+01 +3.449689171e+01 +3.831689171e+01 +3.831689171e+01 +1.3583e+00 +5.2067e-01 +1.2002e+00 -2.7489e+00 +5.9760e-01 -2.0313e+00 +1.2855e+00 -3.1480e+00 +9.8699e-01 -2.8689e+00 +4.8828e-01 -6.0303e-02 -2.0741e+00 -3.7762e+00 -1.4505e+00 +2.4818e-01 +8.3637e-02 +3.0648e+00 +1.1665e+00 +2.7638e+00
462 0 +3.336426199e+01 +3.336426199e+01 +3.718426199e+01 +3.718426199e+01 +1.3573e+00 +5.0268e-01 +1.2259e+00 -2.7408e+00 +5.9789e-01 -1.8197e+00 +1.2097e+00 -3.2023e+00 +9.6435e-01 -2.8000e+00 +4.8453e-01 -3.2861e-02 -2.1033e+00 -3.7707e+00 -1.4676e+00 +4.0582e-01 +7.6516e-02 +2.9853e+00 +1.1687e+00 +2.7856e+00
506 0 +3.284370213e+01 +3.284370213e+01 +3.666370213e+01 +3.666370213e+01 +1.3223e+00 +5.1308e-01 +1.2021e+00 -2.6063e+00 +7.1861e-01 -1.9706e+00 +1.1637e+00 -3.0736e+00 +8.3956e-01 -2.8460e+00 +4.7988e-01 -1.4090e-01 -1.9517e+00 -3.9650e+00 -1.5442e+00 +4.1947e-01 +5.2266e-02 +3.1541e+00 +9.4892e-01 +2.8037e+00
559 0 +3.216170367e+01 +3.216170367e+01 +3.598170367e+01 +3.598170367e+01 +1.3690e+00 +4.3692e-01 +1.3047e+00 -2.7982e+00 +7.2257e-01 -1.9768e+00 +1.1735e+00 -3.0589e+00 +6.6555e-01 -3.1070e+00 +4.7824e-01 -1.5756e-01 -1.9378e+00 -3.9907e+00 -1.5426e+00 +4.1254e-01 +4.8975e-02 +3.1344e+00 +8.6856e-01 +2.8646e+00
602 0 +3.111596420e+01 +3.111596420e+01 +3.493596420e+01 +3.493596420e+01 +1.3847e+00 +5.2990e-01 +1.3113e+00 -2.7708e+00 +7.4804e-01 -1.7290e+00 +1.1960e+00 -3.1386e+00 +7.9968e-01 -2.9146e+00 +4.7991e-01 -8.4552e-02 -1.9455e+00 -4.0424e+00 -1.5899e+00 +4.1881e-01 +4.1837e-02 +3.0886e+00 +7.9139e-01 +2.7626e+00
634 0 +3.083921933e+01 +3.083921933e+01 +3.465921933e+01 +3.465921933e+01 +1.4027e+00 +5.4877e-01 +1.3165e+00 -2.8121e+00 +7.5695e-01 -1.6945e+00 +1.2493e+00 -3.0970e+00 +7.7410e-01 -2.9267e+00 +4.7607e-01 -9.4723e-02 -1.9411e+00 -4.0850e+00 -1.6051e+00 +4.2567e-01 +4.1660e-02 +3.0992e+00 +7.7471e-01 +2.7881e+00
918 0 +2.974634818e+01 +2.974634818e+01 +3.356634818e+01 +3.356634818e+01 +1.4139e+00 +5.9757e-01 +1.0839e+00 -2.6190e+00 +6.5948e-01 -1.4151e+00 +1.2376e+00 -3.0786e+00 +7.0625e-01 -2.8816e+00 +4.5584e-01 -1.3371e-01 -1.8092e+00 -3.9422e+00 -1.5706e+00 +5.6068e-01 +1.0663e-01 +3.4240e+00 +7.8502e-01 +2.9883e+00
930 0 +2.948581140e+01 +2.948581140e+01 +3.330581140e+01 +3.330581140e+01 +1.4074e+00 +4.7293e-01 +1.1394e+00 -2.7091e+00 +6.6602e-01 -1.5607e+00 +1.1778e+00 -2.9983e+00 +8.4102e-01 -2.9041e+00 +4.5860e-01 -4.8617e-02 -1.7353e+00 -3.8323e+00 -1.4990e+00 +6.1568e-01 +1.0090e-01 +3.3511e+00 +9.7227e-01 +3.0194e+00
% f evaluations | g evaluations | best noise-free fitness - Fopt | noise-free fitness - Fopt (2.175000000000e+01) | measured fitness | best measured fitness | x1 | x2...
1 0 +1.198388697e+03 +1.198388697e+03 +1.220138697e+03 +1.220138697e+03 +0.0000e+00 +0.0000e+00 +0.0000e+00 +0.0000e+00 +0.0000e+00 +0.0000e+00 +0.0000e+00 +0.0000e+00 +0.0000e+00 +0.0000e+00 +0.0000e+00 +0.0000e+00 +0.0000e+00 +0.0000e+00 +0.0000e+00 +0.0000e+00 +0.0000e+00 +0.0000e+00 +0.0000e+00 +0.0000e+00
3 0 +1.006427835e+03 +1.006427835e+03 +1.028177835e+03 +1.028177835e+03 +1.4569e+00 -4.5781e-01 +1.5255e+00 -9.3197e-01 -8.0561e-02 -1.0116e-01 -1.6378e-01 -4.4646e-01 +1.0787e+00 +4.7883e-01 -9.0798e-01 +1.8863e-01 +2.2978e-01 +4.8250e-01 +5.3398e-01 -9.9565e-03 +3.4877e-02 -8.9492e-02 -7.8310e-02 +1.0590e+00
5 0 +9.654552797e+02 +9.654552797e+02 +9.872052797e+02 +9.872052797e+02 -3.2639e-01 -6.3079e-01 +4.9543e-01 -2.8407e+00 +1.0349e+00 -2.1055e-01 +8.2689e-02 +1.5266e-01 +3.8568e-01 +3.5338e-02 +8.6683e-01 -5.2876e-01 +5.5247e-01 +4.9885e-01 -8.1303e-01 +9.0839e-02 +5.3768e-01 -1.3368e-01 +2.9973e-02 -5.6615e-01
7 0 +9.439380157e+02 +9.439380157e+02 +9.656880157e+02 +9.656880157e+02 +1.5736e-01 -7.6645e-01 +2.2245e-01 -2.9932e+00 +1.3709e-01 +4.0422e-01 -4.3349e-02 -5.6401e-01 -7.7787e-01 +6.8222e-01 +5.7987e-01 -8.2252e-01 -3.1390e-01 +1.7053e+00 -3.9276e-01 +6.0453e-01 -2.0378e+00 -5.4683e-02 -1.0195e+00 -5.8274e-01
10 0 +9.252564808e+02 +9.252564808e+02 +9.470064808e+02 +9.470064808e+02 +2.2065e+00 +9.1466e-01 -6.6330e-01 -2.9442e+00 -5.0130e-01 -5.7590e-02 +8.0964e-02 -2.5288e-01 +4.9284e-01 +1.1359e+00 +4.7218e-01 -9.2856e-02 -8.7619e-02 +8.3535e-01 +1.8790e-01 -3.4431e-01 +4.0721e-01 -9.9151e-02 -4.4225e-01 -9.1858e-01
12 0 +8.852208870e+02 +8.852208870e+02 +9.069708870e+02 +9.069708870e+02 +6.6836e-01 +7.4136e-01 -2.5528e+00 -4.2804e+00 +1.1199e+00 +2.0714e-01 -1.4832e-01 -9.9591e-01 +3.7576e-01 +6.7829e-01 +1.7773e-01 -2.8400e-01 -2.7101e-02 +6.5552e-01 -1.6563e-01 -5.1913e-01 -2.8425e+00 -4.7770e-02 -8.3349e-01 -6.4686e-01
18 0 +8.551389920e+02 +8.551389920e+02 +8.768889920e+02 +8.768889920e+02 +1.5727e+00 +1.4060e-01 +1.3636e+00 -2.4264e+00 -2.1967e-01 +3.5308e-01 -3.1826e-01 +5.7980e-02 +1.1317e+00 +1.2337e+00 -2.9829e-01 -1.1412e-03 +2.3773e-01 +4.3947e-01 -4.7290e-01 -3.1660e-02 -2.1395e+00 -3.4301e-01 -5.1042e-01 -1.0002e+00
24 0 +6.043849211e+02 +6.043849211e+02 +6.261349211e+02 +6.261349211e+02 +2.1142e+00 -1.2164e-01 +1.2058e+00 -2.2690e+00 +3.5944e-01 +2.3915e-01 +6.3449e-02 -2.8195e-01 +1.2782e+00 +1.5820e+00 -1.0568e-01 +7.2516e-01 -1.1034e-01 +7.1031e-01 -1.0466e+00 -3.2634e-01 -3.4977e+00 -1.7254e-01 -1.0391e+00 -1.1440e+00
45 0 +5.615817760e+02 +5.615817760e+02 +5.833317760e+02 +5.833317760e+02 -3.1361e-01 -1.0334e+00 +1.1320e+00 -1.6633e+00 -9.4510e-01 +8.3289e-01 +9.3616e-02 -2.4203e-01 +1.7306e+00 +1.7530e+00 -8.9447e-02 +1.9809e+00 +3.4578e-01 -1.0620e+00 -8.3203e-01 -6.3132e-01 -4.7263e+00 -2.2945e-01 -7.1435e-01 -1.5972e+00
56 0 +5.417360179e+02 +5.417360179e+02 +5.634860179e+02 +5.634860179e+02 +7.2585e-02 -9.8196e-01 +5.6673e-01 -3.0148e+00 -1.5616e-01 +7.2319e-01 +1.1958e-01 -6.9502e-01 +1.5836e+00 +1.4867e+00 -9.3222e-02 +1.5553e+00 +4.9117e-01 -1.1787e+00 -2.0431e+00 -6.2614e-01 -1.9479e+00 -9.1616e-02 -1.1479e+00 -1.1913e+00
58 0 +5.064919958e+02 +5.064919958e+02 +5.282419958e+02 +5.282419958e+02 -2.3805e-01 -1.4704e+00 +5.7151e-01 -8.7097e-01 -8.7029e-01 +3.4417e-01 +4.7337e-02 -3.0159e-01 +2.0458e+00 +1.8302e+00 -3.9777e-02 +1.5909e+00 +1.5995e-01 -4.1439e-01 -1.2977e+00 -6.0642e-01 -5.5414e+00 -1.6688e-01 -1.0547e+00 -9.1106e-01
62 0 +4.696000661e+02 +4.696000661e+02 +4.913500661e+02 +4.913500661e+02 +7.8854e-01 -1.4923e+00 +5.3123e-01 -5.1717e-01 -1.0711e+00 +4.0301e-01 +1.8126e-01 -8.0677e-01 +1.8503e+00 +1.7766e+00 -8.6084e-02 +1.8233e+00 -6.8785e-04 +2.4322e-01 -1.0639e+00 -9.2933e-01 -4.2268e+00 -5.9127e-02 -1.0456e+00 -4.0569e-01
64 0 +4.557131692e+02 +4.557131692e+02 +4.774631692e+02 +4.774631692e+02 +1.1098e-01 -1.4464e+00 +9.3066e-01 -1.9622e+00 -8.0567e-01 +2.7829e-01 +4.2290e-02 -5.8549e-01 +3.3624e+00 +1.8805e+00 +9.1096e-02 +1.5841e+00 +1.2153e-01 -7.0267e-01 -1.5339e+00 -6.3729e-01 -4.9163e+00 -1.2299e-01 -1.3748e+00 -5.3547e-01
72 0 +4.120286525e+02 +4.120286525e+02 +4.337786525e+02 +4.337786525e+02 +3.6505e-02 -1.2768e+00 +4.1912e-01 -1.1866e+00 -8.5494e-01 +2.3698e-01 +1.9401e-01 -9.1877e-01 +4.0272e+00 +1.6703e+00 +5.5462e-01 +1.1959e+00 +5.5555e-01 -4.0883e-01 -1.0679e+00 -7.0294e-01 -4.7790e+00 -1.8028e-01 -1.1463e+00 -9.1603e-01
86 0 +3.587818460e+02 +3.587818460e+02 +3.805318460e+02 +3.805318460e+02 +5.3169e-01 -1.6903e+00 +1.4957e+00 -1.2994e+00 -8.8515e-01 +5.8522e-01 +9.7771e-02 -7.5155e-01 +3.4949e+00 +2.1122e+00 +5.5653e-01 +1.9332e+00 +8.7790e-02 -3.9933e-01 -1.2052e+00 -1.2720e+00 -4.2554e+00 +1.6494e-02 -1.9314e+00 -1.2155e+00
93 0 +3.545502910e+02 +3.545502910e+02 +3.763002910e+02 +3.763002910e+02 +3.0095e-01 -1.7152e+00 +5.9501e-01 -8.8896e-01 -1.4881e+00 +5.2700e-01 +1.0172e-01 -8.4587e-01 +3.1081e+00 +1.9484e+00 +2.2776e-01 +2.1854e+00 +5.0241e-02 -1.3073e+00 -1.1226e+00 -1.3174e+00 -4.2968e+00 -5.4933e-02 -1.7713e+00 -1.1804e+00
100 0 +3.423109112e+02 +3.423109112e+02 +3.640609112e+02 +3.640609112e+02 +1.0642e+00 -1.3796e+00 -3.7522e-02 -1.8236e+00 -1.4425e+00 +6.7828e-01 +1.5918e-02 -8.2258e-01 +2.0130e+00 +1.7809e+00 +8.9011e-01 +2.4714e+00 +3.4004e-02 -3.2016e-01 -1.0004e+00 -1.5745e+00 -4.5660e+00 -5.5007e-02 -2.0839e+00 -1.2854e+00
131 0 +2.951627863e+02 +2.951627863e+02 +3.169127863e+02 +3.169127863e+02 -3.5113e-01 -1.6561e+00 +1.2106e+00 -5.1892e-02 +5.9148e-01 +1.2428e+00 +8.3054e-02 -1.3046e+00 +1.1577e+00 +2.3526e+00 +3.5409e-01 +2.7264e+00 +1.2818e+00 +1.2145e+00 -4.5612e-01 -2.2648e+00 -1.7473e+00 +3.1865e-01 -2.2479e+00 -1.3091e+00
135 0 +2.665115334e+02 +2.665115334e+02 +2.882615334e+02 +2.882615334e+02 +1.1920e+00 -2.3621e+00 +5.1383e-01 -1.1082e+00 +1.4797e+00 -2.9553e-02 +3.8746e-01 -1.4303e+00 -8.3903e-01 +3.2354e+00 +8.1011e-02 +3.3655e+00 +1.6058e+00 +9.6646e-01 -1.6187e+00 -3.1631e+00 -3.8754e+00 +6.5612e-02 -2.4796e+00 -5.1188e-01
147 0 +2.421203742e+02 +2.421203742e+02 +2.638703742e+02 +2.638703742e+02 -1.4388e+00 -2.7146e+00 +4.4277e-01 -1.7791e-01 +1.6663e+00 -8.9954e-02 -1.3767e-01 -1.3769e+00 +2.8877e-01 +1.8033e+00 -3.3960e-01 +2.2974e+00 +1.6348e+00 +2.6620e+00 -1.1710e+00 -2.5621e+00 -1.1736e+00 -3.2816e-01 -2.7075e+00 -1.0220e-01
148 0 +2.070519734e+02 +2.070519734e+02 +2.288019734e+02 +2.288019734e+02 -2.0797e+00 -1.3266e+00 -1.2936e+00 -7.7851e-01 +1.6213e+00 +6.7929e-01 -3.1154e-02 -1.4425e+00 +2.2456e+00 +3.0678e+00 +6.3857e-02 +2.6259e+00 +1.7688e+00 +3.3277e-01 -4.9520e-01 -2.5774e+00 -2.3657e+00 +3.1435e-01 -2.7152e+00 -6.4528e-01
% f evaluations | g evaluations | best noise-free fitness - Fopt | noise-free fitness - Fopt (6.479000000000e+01) | measured fitness | best measured fitness | x1 | x2...
1 0 +8.307298063e+02 +8.307298063e+02 +8.955198063e+02 +8.955198063e+02 +0.0000e+00 +0.0000e+00 +0.0000e+00 +0.0000e+00 +0.0000e+00 +0.0000e+00 +0.0000e+00 +0.0000e+00 +0.0000e+00 +0.0000e+00 +0.0000e+00 +0.0000e+00 +0.0000e+00 +0.0000e+00 +0.0000e+00 +0.0000e+00 +0.0000e+00 +0.0000e+00 +0.0000e+00 +0.0000e+00
8 0 +6.193450697e+02 +6.193450697e+02 +6.841350697e+02 +6.841350697e+02 +1.3063e-01 +6.7408e-03 -1.4446e+00 +1.2528e+00 -7.2963e-02 -1.7119e-01 -2.5360e-01 +2.0105e+00 -1.4919e+00 -5.9172e-01 -7.0448e-02 -7.0181e-01 -1.0576e+00 -1.9516e-01 -1.1718e+00 +6.1730e-02 -6.4985e-01 +1.4215e-02 +3.3467e-02 +9.3308e-01
11 0 +5.190963262e+02 +5.190963262e+02 +5.838863262e+02 +5.838863262e+02 +3.9701e+00 +1.3633e-01 +6.9345e-01 -1.4181e-01 -3.7582e-02 +1.9395e-01 -1.6291e+00 -2.4169e-01 -4.3327e-01 -1.1490e-01 +1.9002e-02 +1.4443e+00 -9.5425e-01 +2.1258e+00 -1.7120e+00 +5.3393e-01 -1.3495e-01 -2.6738e-01 -3.5668e-02 -2.3328e-01
16 0 +4.754013618e+02 +4.754013618e+02 +5.401913618e+02 +5.401913618e+02 +5.0926e+00 +2.2596e-01 -2.5578e-01 +7.8656e-01 -3.1192e-03 +3.0735e-01 -2.0713e+00 -1.1558e-01 -1.7532e-01 +8.9178e-01 -1.8488e-02 +1.0042e+00 -1.3715e+00 +1.7340e+00 -1.5420e+00 +1.9324e+00 +9.8691e-01 +6.2980e-01 +7.1686e-02 -1.5252e+00
22 0 +3.472354526e+02 +3.472354526e+02 +4.120254526e+02 +4.120254526e+02 +3.6853e+00 +2.2149e-01 -1.0103e-01 +9.7988e-01 +3.1950e-01 +2.8506e-01 -2.2602e+00 +8.2954e-01 -6.9941e-01 +8.7038e-01 -8.0019e-02 +5.8291e-01 -2.4476e+00 +4.1287e+00 -2.4678e+00 +9.1465e-01 -5.9268e-01 +3.1357e-01 -1.6420e-01 -1.3786e+00
86 0 +3.313550620e+02 +3.313550620e+02 +3.961450620e+02 +3.961450620e+02 -7.8575e-01 +2.2659e-01 -1.2819e-01 +1.7432e+00 -1.3508e+00 +2.5940e-02 -3.6293e+00 +4.7647e+00 +2.6129e-01 +2.0369e+00 -1.9267e-01 +1.5517e+00 -2.2648e+00 +3.9540e+00 +9.8925e-01 +1.4841e+00 -3.9496e-01 -5.1147e-01 -2.0690e-01 +1.5410e+00
89 0 +3.029706002e+02 +3.029706002e+02 +3.677606002e+02 +3.677606002e+02 +1.8339e-02 +2.9199e-01 +7.8632e-01 +1.4303e+00 -4.7839e-01 -6.9548e-01 -3.3432e+00 +4.0961e+00 +2.7656e-01 +2.8642e+00 -1.7987e-01 +1.0255e+00 -1.9427e+00 +5.8079e+00 -4.2969e-01 +4.6824e-01 -1.5500e+00 +2.2638e-01 -1.3051e-01 +2.0429e+00
92 0 +2.367042606e+02 +2.367042606e+02 +3.014942606e+02 +3.014942606e+02 -1.1840e+00 +1.8517e-01 -1.2538e-01 +2.9695e+00 -6.2329e-01 -2.3271e-01 -2.6910e+00 +4.4822e+00 -4.2922e-01 +9.6980e-01 -1.5629e-01 +9.5640e-01 -2.1142e+00 +6.1869e+00 +3.1185e-01 -5.9455e-02 -1.5034e+00 -7.8033e-01 -1.3654e-01 +1.6480e+00
109 0 +2.327842123e+02 +2.327842123e+02 +2.975742123e+02 +2.975742123e+02 +7.4934e-01 +2.7551e-01 -1.0090e+00 +1.9285e+00 -1.4392e+00 -6.1117e-01 -2.7073e+00 +3.2775e+00 +2.7241e-01 +2.1398e+00 -1.6891e-01 +1.3176e+00 -3.3857e+00 +5.4098e+00 +2.8364e-01 +7.1491e-01 -1.4975e+00 +3.3791e-01 -3.4966e-01 +2.1443e+00
139 0 +2.247084181e+02 +2.247084181e+02 +2.894984181e+02 +2.894984181e+02 -2.1836e+00 +2.6534e-01 +3.3800e-01 +2.0674e+00 -1.6148e+00 +3.7274e-01 -4.7020e+00 +1.3572e+00 -1.5924e+00 +3.9807e+00 -1.3177e-01 +1.8914e+00 -2.4313e+00 +5.9151e+00 +1.7107e+00 +3.3309e-01 -9.6413e-01 +3.6072e-01 +4.1538e-02 +2.8922e+00
153 0 +2.143406706e+02 +2.143406706e+02 +2.791306706e+02 +2.791306706e+02 -1.6728e+00 +1.9710e-01 -1.1009e+00 +1.9252e+00 -1.8295e+00 -2.0780e-01 -6.0168e+00 +2.1760e+00 -4.4490e-01 +2.0421e+00 -2.0282e-01 -2.7748e-02 -2.6996e+00 +5.5029e+00 +9.2457e-01 +4.7982e-01 -1.5515e+00 +3.9371e-01 +1.5620e-01 +1.8452e+00
% f evaluations | g evaluations | best noise-free fitness - Fopt | noise-free fitness - Fopt (-1.000000000000e+03) | measured fitness | best measured fitness | x1 | x2...
1 0 +2.357631314e+03 +2.357631314e+03 +1.357631314e+03 +1.357631314e+03 +0.0000e+00 +0.0000e+00 +0.0000e+00 +0.0000e+00 +0.0000e+00 +0.0000e+00 +0.0000e+00 +0.0000e+00 +0.0000e+00 +0.0000e+00 +0.0000e+00 +0.0000e+00 +0.0000e+00 +0.0000e+00 +0.0000e+00 +0.0000e+00 +0.0000e+00 +0.0000e+00 +0.0000e+00 +0.0000e+00
2 0 +2.321083427e+03 +2.321083427e+03 +1.321083427e+03 +1.321083427e+03 -2.2475e-01 -1.9919e-01 +9.5437e-02 -1.2204e-01 +1.2458e+00 +1.0351e+00 -2.7088e-01 -5.7248e-01 -2.1946e-01 -1.0842e+00 +6.1082e-01 +7.2610e-02 -7.1135e-02 +1.1443e-01 -8.5024e-01 -6.5811e-02 -1.7108e+00 +1.1545e-01 -1.0583e+00 -4.6842e-02
4 0 +2.149489442e+03 +2.149489442e+03 +1.149489442e+03 +1.149489442e+03 -5.7388e-02 +1.2107e+00 +4.7015e-01 +3.4729e-02 -3.7756e+00 -1.4804e-01 +5.3998e-01 -2.9119e-01 -7.1748e-01 +1.1880e+00 -3.8602e-01 +3.8276e-01 +2.2721e-01 +5.7413e-02 +8.3064e-01 +3.2180e-02 -8.3385e-01 -8.8175e-01 -1.1483e+00 -3.0974e-01
9 0 +1.966460275e+03 +1.966460275e+03 +9.664602753e+02 +9.664602753e+02 -5.2237e-01 -2.7974e-01 -2.1638e-01 +6.8445e-01 -3.7237e+00 -2.5629e+00 +9.4707e-01 -1.2358e-01 -1.5441e-01 +4.2299e-01 +2.6531e-01 -4.2004e-03 +5.9426e-02 -6.5868e-02 +8.1811e-02 -1.0735e-01 +2.2370e-01 +7.6336e-01 +2.0317e-01 -3.2565e-01
10 0 +1.657985393e+03 +1.657985393e+03 +6.579853927e+02 +6.579853927e+02 +2.0277e-01 -7.9925e-02 -8.4720e-02 -1.1867e+00 -5.1094e+00 -3.6148e-01 +1.6150e-01 +8.6908e-01 +5.2266e-01 +1.2244e+00 +1.2261e+00 +7.8988e-02 +4.2290e-02 -1.0769e-01 +6.8535e-03 +1.1849e-02 +6.6647e-02 -4.8838e-01 -2.9714e+00 -8.3629e-02
31 0 +1.512046978e+03 +1.512046978e+03 +5.120469785e+02 +5.120469785e+02 +6.5619e-01 -9.4114e-02 -6.8434e-01 -1.9095e+00 -5.6962e+00 -1.5568e+00 -2.9727e-01 +9.8686e-01 +1.3337e-01 +8.3483e-01 -2.8413e-01 +2.5975e-01 +3.2749e-02 -7.9196e-03 -4.2346e-01 +2.2571e-02 +2.1626e+00 +2.8943e+00 -7.2901e-01 -3.2613e-01
35 0 +1.445221884e+03 +1.445221884e+03 +4.452218838e+02 +4.452218838e+02 +2.4970e-01 +1.3936e+00 -3.4557e-01 -9.8756e-01 -5.9915e+00 -8.1373e-01 +2.6288e-01 +2.5777e-01 -2.6016e-01 -1.5424e-01 -6.7520e-01 -5.3089e-02 +1.2581e-02 +5.8794e-02 -3.6210e-01 +3.7106e-02 +2.8290e+00 +1.8572e+00 -2.1939e+00 -2.1834e-01
36 0 +1.266551744e+03 +1.266551744e+03 +2.665517442e+02 +2.665517442e+02 +5.2675e-01 +4.6808e-01 -1.1600e+00 -1.6064e+00 -4.9005e+00 -5.3664e-01 -8.5766e-01 +1.3339e+00 +7.8480e-01 -3.6204e-01 -4.9158e-01 +4.1114e-01 -8.4129e-02 +1.4408e-01 -8.9739e-01 -4.0184e-02 +2.2367e+00 +2.9819e+00 -7.3116e-01 -4.4624e-01
39 0 +1.195899531e+03 +1.195899531e+03 +1.958995309e+02 +1.958995309e+02 +2.2677e-01 +5.0474e-03 -2.2531e-01 -1.3552e+00 -8.4561e+00 -9.6334e-01 -9.5611e-01 +1.1107e+00 -5.9282e-02 +2.2953e-01 +5.3285e-01 +4.1994e-01 -9.0270e-02 +6.4676e-02 -4.0100e-01 -1.3012e-02 +2.5278e+00 +2.2783e+00 -2.1228e+00 -7.5002e-01
41 0 +1.156555262e+03 +1.156555262e+03 +1.565552617e+02 +1.565552617e+02 +4.2049e-01 +9.4540e-02 -1.9890e-01 -1.4971e+00 -7.0298e+00 -1.5146e-02 -5.8158e-01 +1.6965e+00 +7.0493e-01 +7.2018e-01 +3.3506e-01 +2.1471e-01 +5.8523e-02 +4.9613e-02 -7.9454e-01 -9.6429e-02 +2.2439e+00 +2.9356e+00 -2.2263e+00 -5.0495e-01
43 0 +1.004483033e+03 +1.004483033e+03 +4.483033159e+00 +4.483033159e+00 -1.4667e-01 +1.3742e-01 -4.5949e-01 -1.3435e+00 -8.6800e+00 -2.7305e+00 -1.3426e+00 -9.6787e-02 +2.8172e-01 -8.4615e-02 +6.7436e-01 +1.8866e-01 +1.2349e-01 +2.6734e-01 -1.2767e+00 +1.7246e-02 +2.7714e+00 +3.2015e+00 -1.5478e+00 -4.2425e-01
46 0 +9.182235203e+02 +9.182235203e+02 -8.177647968e+01 -8.177647968e+01 +1.8855e-01 -4.3436e-01 -7.7310e-01 -1.1290e+00 -1.0448e+01 +6.8815e-01 -1.1029e+00 +7.1338e-01 -5.4063e-02 +1.0456e-01 +1.0321e-01 +3.0199e-01 +1.3645e-01 -2.3051e-01 -1.6945e+00 -1.9527e-01 +2.2379e+00 +2.9709e+00 -3.8836e+00 -7.2996e-01
54 0 +8.863475942e+02 +8.863475942e+02 -1.136524058e+02 -1.136524058e+02 -3.2226e-01 -1.7098e+00 -6.1769e-01 -1.4985e+00 -8.3630e+00 -1.3329e+00 -1.2277e+00 -1.5797e-02 -5.2140e-02 -7.8194e-02 -4.3118e-01 +2.5889e-01 +1.7159e-01 -2.8463e-01 -1.7973e+00 -1.5546e-01 +1.2038e+00 +1.8656e+00 -4.4838e+00 -7.5923e-01
76 0 +7.563384490e+02 +7.563384490e+02 -2.436615510e+02 -2.436615510e+02 -1.1119e+00 +1.0971e-01 -1.3349e+00 -1.2927e+00 -6.4433e+00 -2.9553e+00 -1.8926e+00 -4.4303e+00 +6.7948e-01 -3.2707e+00 -3.5985e+00 +2.4237e-01 +2.0564e-01 -3.0588e-01 -3.1060e+00 -3.5678e-02 -9.7177e-01 +7.3253e+00 -5.3633e+00 -1.3632e+00
% f evaluations | g evaluations | best noise-free fitness - Fopt | noise-free fitness - Fopt (1.640700000000e+02) | measured fitness | best measured fitness | x1 | x2...
1 0 +1.785610049e+03 +1.785610049e+03 +1.949680049e+03 +1.949680049e+03 +0.0000e+00 +0.0000e+00 +0.0000e+00 +0.0000e+00 +0.0000e+00 +0.0000e+00 +0.0000e+00 +0.0000e+00 +0.0000e+00 +0.0000e+00 +0.0000e+00 +0.0000e+00 +0.0000e+00 +0.0000e+00 +0.0000e+00 +0.0000e+00 +0.0000e+00 +0.0000e+00 +0.0000e+00 +0.0000e+00
2 0 +1.780521235e+03 +1.780521235e+03 +1.944591235e+03 +1.944591235e+03 +2.7302e+00 +2.6646e-01 +2.1506e+00 -5.8347e-01 +6.1408e-01 -4.3183e-01 +3.7837e-02 -4.8131e-01 -2.2140e-01 -2.3027e-01 -1.6871e+00 +6.9472e-02 +1.8010e+00 -7.1686e-02 -3.0907e-01 +9.9004e-02 -4.8495e-02 -9.3499e-01 +4.1879e-02 -1.0119e-01
3 0 +1.540608914e+03 +1.540608914e+03 +1.704678914e+03 +1.704678914e+03 +1.4353e+00 +7.3837e-01 -4.9365e-01 -1.5377e-01 +3.5016e-01 -6.6000e-01 +1.7657e-03 +6.6624e-02 -2.6225e-01 -1.8410e-01 +5.5159e-01 -7.7664e-01 -1.0587e+00 +4.1218e-01 -2.2197e-02 +4.8882e-01 -3.2799e-02 +5.7889e-01 -1.0600e-01 +1.8833e-01
6 0 +1.411915914e+03 +1.411915914e+03 +1.575985914e+03 +1.575985914e+03 +1.0953e+00 -7.6241e-01 +1.3588e+00 +2.8609e-01 +5.7383e-02 +6.5493e-01 +5.0786e-02 +3.1573e-01 +1.8171e-01 +9.5397e-02 +3.8436e-01 -2.8771e-01 +1.0549e+00 +1.4074e-01 +1.4390e-01 -1.2158e-01 +1.3320e-01 +1.4400e+00 -4.4159e-01 -9.7414e-02
7 0 +1.380157011e+03 +1.380157011e+03 +1.544227011e+03 +1.544227011e+03 -3.3150e-01 +3.6064e-01 -1.1142e+00 -5.8746e-01 +1.0450e+00 +2.5251e-01 +3.6545e-02 -2.0203e-01 +2.5128e-02 +1.0432e-01 -2.2389e-01 -3.3534e-01 +2.2595e-01 -3.2111e-02 +5.6606e-01 -2.3984e-01 -1.1323e-01 -8.2099e-02 +3.9541e-01 -2.7101e-02
13 0 +1.184542544e+03 +1.184542544e+03 +1.348612544e+03 +1.348612544e+03 -2.7365e-01 +1.1072e-01 +2.5393e+00 +3.8203e-02 -8.2502e-01 +6.3658e-01 +5.7326e-02 +2.9656e-01 -8.1941e-01 +3.7386e-01 +3.1569e+00 -1.5881e+00 -8.1339e-02 -3.2046e-01 +9.7451e-01 -8.3460e-02 -7.2856e-02 +1.8761e+00 -2.8045e-01 -1.1542e-01
23 0 +1.127886286e+03 +1.127886286e+03 +1.291956286e+03 +1.291956286e+03 +3.4389e+00 -8.7173e-01 +2.2002e+00 -1.7251e-01 -7.6961e-01 -8.1151e-02 +3.1553e-02 -1.1707e-01 -5.9221e-01 +3.0726e-01 +4.4924e+00 +1.7856e-01 +5.5592e-01 +1.0491e-01 +1.2188e+00 +3.0578e-01 -1.3568e-01 +2.5125e+00 -2.9261e-01 -1.7047e-01
24 0 +1.119232860e+03 +1.119232860e+03 +1.283302860e+03 +1.283302860e+03 -2.5470e+00 -3.8328e-01 -3.4995e-01 -2.1259e+00 -1.4504e+00 +9.0911e-01 -9.0262e-02 +9.4719e-02 -1.0148e+00 +4.3411e-01 +2.6165e+00 -8.3551e-01 +2.3691e-01 -9.7508e-01 +1.2493e+00 -5.0303e-01 -4.1215e-02 +1.3130e+00 +1.4451e-01 -2.0834e-01
25 0 +9.244392532e+02 +9.244392532e+02 +1.088509253e+03 +1.088509253e+03 +2.8860e+00 -4.6494e-03 +4.1001e+00 -2.1314e-01 -8.6863e-01 -2.5272e-01 +2.2717e-02 -1.2524e-01 -1.5971e-01 +2.9278e-01 +4.0006e+00 +2.8915e-01 +4.5279e+00 -2.9447e-01 +1.0885e+00 -4.3240e-01 +6.9475e-02 +2.4130e+00 -5.8859e-01 -2.8074e-01
29 0 +8.497578083e+02 +8.497578083e+02 +1.013827808e+03 +1.013827808e+03 -4.0832e-01 +9.3449e-02 -1.5836e+00 -4.4847e-01 -1.4997e+00 +7.9943e-01 -2.2047e-02 +7.8975e-02 -4.1839e-01 +3.3758e-01 +1.7185e+00 -4.9064e-01 +9.7450e-01 -1.4799e+00 +7.9960e-01 -8.7955e-01 -1.1270e-02 +1.1541e+00 -1.4231e+00 -3.4606e-01
32 0 +6.720961592e+02 +6.720961592e+02 +8.361661592e+02 +8.361661592e+02 +1.9705e+00 +4.2525e-01 -3.1124e+00 -1.8158e+00 -8.9988e-01 +1.4365e+00 -7.3673e-02 -2.2537e-02 -4.1291e-01 +4.8885e-01 +2.8780e+00 -5.3279e-01 +1.7767e+00 -1.7757e+00 +8.9462e-01 -1.5109e+00 +3.2050e-02 +8.5015e-01 -1.8394e+00 -1.8413e-01
38 0 +6.388314964e+02 +6.388314964e+02 +8.029014964e+02 +8.029014964e+02 -2.7942e-02 +6.9146e-01 -2.3541e+00 -1.9343e+00 -8.3929e-01 +1.1913e+00 -2.1592e-03 +5.6865e-01 -1.2536e-01 +3.1913e-01 +2.1468e+00 -8.5013e-01 +1.6935e+00 -2.2033e+00 +6.7499e-01 -1.0759e+00 -2.4758e-02 +1.5515e+00 -3.1410e-01 -1.4427e-01
46 0 +5.624544357e+02 +5.624544357e+02 +7.265244357e+02 +7.265244357e+02 -1.2071e-01 +7.7253e-01 -3.4494e+00 -2.1289e+00 -1.0985e+00 +1.3601e+00 +5.7428e-02 +3.7904e-01 +1.1324e-01 -1.6799e-02 +1.3453e+00 -7.4643e-01 +5.1184e+00 -2.1327e+00 +3.8725e-01 -6.2297e-01 +3.5509e-02 +1.4583e+00 +2.6479e-01 -5.9370e-01
49 0 +4.795874162e+02 +4.795874162e+02 +6.436574162e+02 +6.436574162e+02 -3.2639e+00 +9.9109e-01 -3.6924e+00 -1.9229e+00 +5.8788e-02 +1.1659e+00 -9.6298e-02 +4.5448e-02 +2.5205e-01 +1.7760e-01 +1.2442e+00 -1.3470e+00 +3.7792e+00 -2.8884e+00 +1.0305e+00 -1.5018e+00 -3.9003e-02 +1.6248e+00 -7.3051e-01 -2.7530e-01
50 0 +4.249503774e+02 +4.249503774e+02 +5.890203774e+02 +5.890203774e+02 +2.7846e-01 -2.1654e-01 -2.5681e+00 -2.7411e+00 -2.4119e-01 +1.2329e+00 -7.8255e-02 +6.2706e-01 -1.8903e-01 +2.2297e-01 +4.0475e+00 -1.6928e+00 +2.0322e+00 -3.1604e+00 +3.8656e-01 -1.8043e+00 -1.3892e-01 +3.4849e+00 +5.8670e-01 -2.7248e-01
53 0 +3.543881462e+02 +3.543881462e+02 +5.184581462e+02 +5.184581462e+02 -1.6498e+00 +1.3234e+00 -2.4167e+00 -3.1849e+00 -3.9981e-01 +1.0849e+00 -4.2069e-02 +4.5045e-01 +6.7820e-01 +5.7162e-01 +2.4203e+00 -2.6096e+00 +3.9241e+00 -2.4072e+00 +8.5527e-01 -1.2665e+00 -4.9966e-02 +2.9674e+00 -1.8488e-01 -3.2231e-01
64 0 +3.420378850e+02 +3.420378850e+02 +5.061078850e+02 +5.061078850e+02 -5.5212e-02 +1.1743e+00 -4.0458e+00 -8.0942e-01 +1.5618e-03 +1.4475e+00 -6.6466e-02 +4.9570e-01 -1.2145e-01 +1.8728e-01 +4.2306e+00 -3.1380e+00 +4.3976e+00 -2.8956e+00 +8.6725e-01 -2.0058e+00 -3.5352e-02 +3.4803e+00 -3.2605e-02 -2.3833e-01
65 0 +2.909314689e+02 +2.909314689e+02 +4.550014689e+02 +4.550014689e+02 +2.9125e-02 +9.7575e-01 -2.3697e+00 -3.0611e+00 -5.9437e-01 +9.1321e-01 -3.8561e-02 +3.7619e-01 +5.5703e-01 +2.4397e-01 +4.3565e+00 -3.3752e+00 +3.6368e+00 -3.0349e+00 +5.6507e-01 -1.1817e+00 -1.4997e-01 +2.9974e+00 -1.0657e-01 -4.4735e-01
66 0 +1.937692087e+02 +1.937692087e+02 +3.578392087e+02 +3.578392087e+02 -1.4399e+00 +1.0957e+00 -3.7785e+00 -1.9570e+00 -4.6670e-01 +6.2311e-01 -6.3223e-02 +5.0366e-01 +4.8257e-01 +2.7088e-01 +4.1454e+00 -3.0255e+00 +3.3846e+00 -2.8879e+00 +9.2765e-01 -1.8989e+00 -1.5357e-01 +1.3118e+00 -7.3203e-01 -5.2416e-01
90 0 +1.493759224e+02 +1.493759224e+02 +3.134459224e+02 +3.134459224e+02 -4.1344e+00 +1.7964e+00 -5.6992e+00 -2.1600e+00 -2.5652e-01 +7.1100e-01 -4.6182e-02 +1.1223e-01 +3.4751e-01 +1.9688e-02 +4.8721e+00 -3.4599e+00 +1.6994e+00 -2.2894e+00 +4.4034e-01 -8.8425e-01 -1.1390e-01 +2.2714e+00 -7.7868e-01 -6.1843e-01
113 0 +1.438470591e+02 +1.438470591e+02 +3.079170591e+02 +3.079170591e+02 -2.6990e+00 +1.2284e+00 -4.8365e+00 -1.9275e+00 -2.2093e+00 +4.5370e-01 -3.0092e-02 +4.5871e-01 +2.3855e-01 -5.9456e-02 +5.9389e+00 -5.2446e+00 +2.1514e+00 -2.5806e+00 +9.1950e-01 -6.5095e-01 -9.1094e-02 +2.7269e+00 -1.0842e+00 -6.8502e-01
314 0 +1.389111211e+02 +1.389111211e+02 +3.029811211e+02 +3.029811211e+02 -6.7607e+00 +3.7251e+00 -4.8451e+00 -5.3662e+00 -3.6367e+00 +1.4197e+00 +3.2149e-01 +2.2289e+00 +1.0063e+00 -4.4947e-01 +6.1700e+00 -1.2593e+00 +8.7519e-01 -2.0222e+00 +1.5309e+00 -2.5219e+00 +3.4811e-01 +5.5765e+00 -3.3346e+00 -6.7178e-01
322 0 +1.379423829e+02 +1.379423829e+02 +3.020123829e+02 +3.020123829e+02 -5.2980e+00 +3.5887e+00 -5.0206e+00 -5.3807e+00 -3.5945e+00 +1.4957e+00 +3.3092e-01 +2.1055e+00 +8.4864e-01 -4.6665e-01 +5.9432e+00 -1.1922e+00 +1.5487e+00 -2.0927e+00 +1.5328e+00 -2.3669e+00 +3.6444e-01 +5.2047e+00 -3.2936e+00 -6.7833e-01
325 0 +1.216424309e+02 +1.216424309e+02 +2.857124309e+02 +2.857124309e+02 -5.5147e+00 +3.6978e+00 -4.4308e+00 -4.9780e+00 -3.8137e+00 +1.4979e+00 +3.5866e-01 +2.0643e+00 +1.2106e+00 -4.6742e-01 +6.2689e+00 -9.9872e-01 +2.3660e-01 -2.1315e+00 +1.3328e+00 -2.3347e+00 +3.7786e-01 +5.5994e+00 -3.2664e+00 -7.1466e-01
346 0 +1.163855134e+02 +1.163855134e+02 +2.804555134e+02 +2.804555134e+02 -4.9931e+00 +3.6165e+00 -4.8260e+00 -5.0029e+00 -3.7402e+00 +1.3792e+00 +3.5208e-01 +2.0407e+00 +1.0293e+00 -5.7682e-01 +6.0446e+00 -1.8919e+00 +1.5395e+00 -2.1900e+00 +1.3439e+00 -2.4296e+00 +3.6657e-01 +5.0772e+00 -3.3459e+00 -6.9198e-01
353 0 +9.488392800e+01 +9.488392800e+01 +2.589539280e+02 +2.589539280e+02 -4.8595e+00 +3.5676e+00 -3.7115e+00 -5.1950e+00 -3.3470e+00 +1.3022e+00 +3.7785e-01 +2.0891e+00 +1.0331e+00 -5.7601e-01 +5.8643e+00 -2.5694e+00 +1.0983e+00 -1.7490e+00 +1.3155e+00 -2.6893e+00 +3.2189e-01 +4.8271e+00 -2.9445e+00 -6.9749e-01
362 0 +9.303720611e+01 +9.303720611e+01 +2.571072061e+02 +2.571072061e+02 -5.0520e+00 +3.6582e+00 -3.5685e+00 -4.9950e+00 -3.1344e+00 +1.5168e+00 +3.7086e-01 +2.0330e+00 +9.3110e-01 -6.1626e-01 +5.6510e+00 -2.0592e+00 +9.9531e-01 -2.0140e+00 +1.5304e+00 -2.3103e+00 +3.4009e-01 +4.6448e+00 -3.1027e+00 -7.8313e-01
371 0 +8.872529408e+01 +8.872529408e+01 +2.527952941e+02 +2.527952941e+02 -5.3305e+00 +3.1742e+00 -3.4664e+00 -5.7858e+00 -3.2793e+00 +1.2786e+00 +3.8837e-01 +2.0115e+00 +1.0734e+00 -5.9387e-01 +6.0420e+00 -2.2657e+00 +1.0307e+00 -2.2804e+00 +1.2801e+00 -2.5281e+00 +3.5770e-01 +4.5235e+00 -3.2094e+00 -7.0327e-01
397 0 +7.366998761e+01 +7.366998761e+01 +2.377399876e+02 +2.377399876e+02 -2.4110e+00 +2.8138e+00 -1.8202e+00 -5.0711e+00 -3.4044e+00 +9.6422e-01 +4.1800e-01 +2.1135e+00 +8.3251e-01 -4.0217e-01 +6.4759e+00 -3.4486e+00 +1.3179e+00 -2.2734e+00 +1.0111e+00 -2.5055e+00 +2.4141e-01 +2.4460e+00 -2.9644e+00 -6.8260e-01
408 0 +7.191851933e+01 +7.191851933e+01 +2.359885193e+02 +2.359885193e+02 -2.3758e+00 +2.8949e+00 -2.4403e+00 -5.3799e+00 -3.7428e+00 +1.0207e+00 +4.3441e-01 +2.3556e+00 +8.4954e-01 -4.3934e-01 +6.0279e+00 -2.6495e+00 +1.9866e+00 -2.1294e+00 +1.4200e+00 -2.5925e+00 +2.0624e-01 +3.2973e+00 -2.7600e+00 -7.9792e-01
412 0 +6.891852864e+01 +6.891852864e+01 +2.329885286e+02 +2.329885286e+02 -3.3665e+00 +2.9532e+00 -2.1715e+00 -4.4798e+00 -3.3679e+00 +7.4746e-01 +4.2033e-01 +2.4736e+00 +8.7815e-01 -5.6185e-01 +6.3036e+00 -2.8750e+00 +2.6256e+00 -1.7099e+00 +1.1541e+00 -2.4200e+00 +2.3882e-01 +2.5311e+00 -3.2498e+00 -7.1192e-01
455 0 +6.087401674e+01 +6.087401674e+01 +2.249440167e+02 +2.249440167e+02 -2.8949e+00 +3.2752e+00 -1.6724e+00 -5.2921e+00 -4.0063e+00 +1.1920e+00 +5.1075e-01 +2.5031e+00 +1.0478e+00 -4.8288e-01 +6.6209e+00 -3.2871e+00 +1.6471e+00 -2.1821e+00 +1.3873e+00 -3.1571e+00 +1.6855e-01 +2.6569e+00 -3.3434e+00 -8.3814e-01
609 0 +5.565730950e+01 +5.565730950e+01 +2.197273095e+02 +2.197273095e+02 -3.4120e+00 +2.8766e+00 -2.9286e+00 -5.1942e+00 -3.8821e+00 +1.4002e+00 +4.1861e-01 +2.4168e+00 +5.7317e-01 -5.2988e-01 +6.0628e+00 -2.4444e+00 +1.8609e+00 -2.2973e+00 +1.0613e+00 -3.5112e+00 +1.0333e-01 +2.5593e+00 -3.4009e+00 -5.0265e-01
615 0 +5.055096677e+01 +5.055096677e+01 +2.146209668e+02 +2.146209668e+02 -3.0042e+00 +2.9544e+00 -2.4555e+00 -5.3118e+00 -3.9579e+00 +1.5914e+00 +4.5509e-01 +2.3426e+00 +6.8535e-01 -5.1674e-01 +6.3807e+00 -2.5133e+00 +2.9463e+00 -2.3700e+00 +1.0125e+00 -3.1168e+00 +1.0381e-01 +2.4219e+00 -3.7557e+00 -5.1717e-01
623 0 +4.323517022e+01 +4.323517022e+01 +2.073051702e+02 +2.073051702e+02 -2.7821e+00 +3.0438e+00 -2.5481e+00 -5.3836e+00 -4.1405e+00 +1.4275e+00 +4.5151e-01 +2.3469e+00 +8.1855e-01 -5.3199e-01 +6.1142e+00 -2.6422e+00 +2.3512e+00 -2.5488e+00 +1.0573e+00 -3.4047e+00 +1.0191e-01 +2.5818e+00 -3.6252e+00 -5.1446e-01
% f evaluations | g evaluations | best noise-free fitness - Fopt | noise-free fitness - Fopt (-1.656800000000e+02) | measured fitness | best measured fitness | x1 | x2...
1 0 +6.144927161e+02 +6.144927161e+02 +4.488127161e+02 +4.488127161e+02 +0.0000e+00 +0.0000e+00 +0.0000e+00 +0.0000e+00 +0.0000e+00 +0.0000e+00 +0.0000e+00 +0.0000e+00 +0.0000e+00 +0.0000e+00 +0.0000e+00 +0.0000e+00 +0.0000e+00 +0.0000e+00 +0.0000e+00 +0.0000e+00 +0.0000e+00 +0.0000e+00 +0.0000e+00 +0.0000e+00
3 0 +6.067260557e+02 +6.067260557e+02 +4.410460557e+02 +4.410460557e+02 -4.4107e-01 -6.9322e-01 +7.9032e-01 -3.9751e-03 +5.8246e-02 +6.1268e-02 +1.4057e-01 +1.4835e+00 -2.8659e-01 -1.1455e-01 -3.8714e-01 -1.3968e-02 +5.7151e-01 +3.3424e-01 +4.3298e-02 +8.1432e-01 +1.0967e-01 -4.5964e-01 +1.8803e+00 +7.3913e-01
4 0 +4.062092845e+02 +4.062092845e+02 +2.405292845e+02 +2.405292845e+02 -3.5195e-01 +6.1143e-01 -2.3225e+00 +1.5834e-01 -3.0713e-02 +3.2032e-01 -1.9564e-01 +1.6053e+00 +9.2866e-01 +2.0615e-01 -5.2888e-01 +5.7559e-02 -1.0352e+00 -1.2896e+00 +9.0811e-02 +1.1384e+00 +1.3686e-02 -6.8960e-01 -1.0607e+00 -2.0710e-01
15 0 +3.075548542e+02 +3.075548542e+02 +1.418748542e+02 +1.418748542e+02 +5.4880e-01 +1.1537e+00 -1.6043e+00 +5.3111e-01 +1.4338e+00 +4.2200e-01 -4.6621e-01 +2.6011e+00 +1.2568e+00 +1.9495e-01 -4.7335e-01 -6.2358e-02 -1.2601e+00 -1.9253e+00 +1.4933e-01 -8.1390e-03 +1.2069e+00 -2.1200e+00 +3.0860e-01 +7.2958e-01
28 0 +2.582571279e+02 +2.582571279e+02 +9.257712793e+01 +9.257712793e+01 -8.7155e-02 +1.1333e+00 -1.5959e+00 +4.9540e-02 +3.3073e+00 +7.1811e-01 -3.5487e-01 +3.0364e+00 +1.7592e+00 +2.7932e-01 -6.2005e-01 -1.7279e-01 -3.5959e-01 -1.7226e+00 -6.3109e-02 +9.3924e-01 +9.8685e-01 -1.5312e+00 +3.3144e-01 +2.1192e-01
31 0 +2.194897678e+02 +2.194897678e+02 +5.380976784e+01 +5.380976784e+01 +7.3055e-01 +8.7631e-01 -1.2627e+00 +9.2521e-01 +1.9727e+00 +4.4841e-01 -2.9918e-01 +2.3555e+00 +1.3518e+00 +2.2490e-01 -3.7881e-01 -1.3805e-01 -9.0819e-01 -1.7079e+00 -2.4509e-01 -2.6174e-01 +1.2352e+00 -2.2534e+00 +5.2832e-01 -6.1109e-02
35 0 +2.177190445e+02 +2.177190445e+02 +5.203904452e+01 +5.203904452e+01 -5.3925e-02 +4.4152e-01 -1.4024e+00 +5.0100e-01 +2.6233e+00 +1.0714e+00 -2.6161e-01 +3.6473e+00 +1.0880e+00 +4.5084e-01 -3.5061e-01 -1.7978e-01 -2.1670e+00 -1.5041e+00 -5.3618e-01 -5.0695e-01 +6.3725e-01 -2.4158e+00 +9.2393e-01 +1.0886e+00
37 0 +1.900190842e+02 +1.900190842e+02 +2.433908421e+01 +2.433908421e+01 +4.7204e-01 +5.3456e-01 -1.8193e+00 +8.4835e-01 +4.1498e+00 +6.9447e-01 -3.4955e-01 +1.6699e+00 +1.8839e+00 +5.7268e-02 -4.1632e-01 -4.6076e-02 -1.3428e+00 -1.5612e+00 -3.5679e-01 -3.1016e-01 -3.6111e-01 -2.5014e+00 +7.3953e-01 -2.9561e-01
43 0 +1.415641596e+02 +1.415641596e+02 -2.411584044e+01 -2.411584044e+01 +1.1201e+00 +7.2561e-01 -1.4897e+00 +6.4361e-01 +5.1439e+00 +6.3246e-01 -4.1444e-01 +2.2532e+00 +1.1720e+00 +2.3962e-03 -4.2271e-01 +8.1296e-03 -1.7834e+00 -2.3121e+00 -3.7088e-01 +1.1928e-01 -3.4065e-01 -2.8922e+00 +1.2298e+00 -2.5515e-01
55 0 +1.337766458e+02 +1.337766458e+02 -3.190335417e+01 -3.190335417e+01 +1.4247e+00 +6.1562e-01 -1.2925e+00 +6.7619e-01 +5.3034e+00 +4.3710e-01 -4.3632e-01 +2.8836e+00 +1.4711e+00 -9.6247e-02 -1.3574e-01 -1.0259e-01 -8.7473e-01 -2.2828e+00 -4.0221e-01 -5.6136e-01 -6.2121e-01 -4.0421e+00 +1.9021e-01 -4.1688e-01
59 0 +1.261122327e+02 +1.261122327e+02 -3.956776725e+01 -3.956776725e+01 +8.8614e-01 +1.2384e+00 -9.1825e-01 +5.8435e-01 +4.9442e+00 +7.8697e-01 -3.2866e-01 +3.2617e+00 +4.8064e-01 +1.2306e-02 +7.6643e-02 -9.9176e-02 -1.4178e+00 -2.2320e+00 -5.0924e-01 -1.0766e-01 -1.4914e-01 -2.3755e+00 +7.6156e-01 -2.9866e-01
60 0 +1.178383330e+02 +1.178383330e+02 -4.784166701e+01 -4.784166701e+01 +1.0489e+00 +8.1105e-01 -1.2745e+00 +6.9747e-01 +5.0621e+00 +6.5356e-01 -3.4041e-01 +2.5688e+00 +8.3068e-01 +1.2093e-01 -4.1677e-01 -1.0532e-01 -1.7848e+00 -2.9964e+00 -5.4546e-01 +2.7346e-01 -4.7691e-01 -1.9154e+00 +5.0622e-01 -4.2269e-01
68 0 +1.093920330e+02 +1.093920330e+02 -5.628796698e+01 -5.628796698e+01 +8.4709e-01 +7.6299e-01 -1.4192e+00 +6.2074e-01 +5.0675e+00 +4.7411e-01 -5.5067e-01 +3.2461e+00 +8.3264e-01 +4.4033e-02 +1.2943e-01 -1.5892e-01 -1.3310e+00 -2.2023e+00 -4.3813e-01 +1.0394e-01 +6.6777e-02 -1.8876e+00 +1.3782e+00 -4.3991e-01
88 0 +1.024210829e+02 +1.024210829e+02 -6.325891710e+01 -6.325891710e+01 +9.6833e-01 +7.2262e-01 -1.3057e+00 +8.3973e-01 +5.6501e+00 +6.0946e-01 -5.6446e-01 +3.0315e+00 +6.9823e-01 +1.0748e-02 -3.4725e-02 -1.7287e-01 -1.7149e+00 -2.4623e+00 -4.8320e-01 -3.5746e-01 -5.8525e-01 -2.9379e+00 +1.7362e+00 -4.2502e-01
123 0 +1.013717396e+02 +1.013717396e+02 -6.430826036e+01 -6.430826036e+01 +1.2456e+00 +5.1731e-01 -1.4098e+00 +8.0689e-01 +5.4974e+00 +6.0842e-01 -4.4979e-01 +4.6152e+00 +6.6863e-01 +3.4307e-01 +2.4141e-01 -1.6602e-01 -1.2981e+00 -2.5509e+00 -4.7541e-01 +1.7338e-01 -9.8823e-01 -2.7559e+00 +2.2703e+00 +3.4932e-01
126 0 +9.230203174e+01 +9.230203174e+01 -7.337796826e+01 -7.337796826e+01 +1.3003e+00 +5.1224e-01 -1.1969e+00 +9.8110e-01 +5.8186e+00 +6.9050e-01 -3.3915e-01 +4.6069e+00 +3.7309e-01 +2.8481e-01 +7.9320e-02 -2.2032e-01 -8.9860e-01 -2.4468e+00 -5.3128e-01 +2.7400e-01 -7.0496e-01 -3.0258e+00 +1.9693e+00 +5.8831e-01
159 0 +8.802319105e+01 +8.802319105e+01 -7.765680895e+01 -7.765680895e+01 +1.8000e+00 +1.3795e-01 -1.5673e+00 +9.7698e-01 +5.2353e+00 +6.7022e-01 -3.8322e-01 +4.2371e+00 +5.2380e-01 +1.0742e-01 +2.8276e-01 -1.9361e-01 -1.2170e+00 -2.7921e+00 -4.3954e-01 +5.9366e-01 -8.2967e-01 -2.5596e+00 +1.5057e+00 +1.6320e-01
182 0 +8.570702853e+01 +8.570702853e+01 -7.997297147e+01 -7.997297147e+01 +1.6931e+00 +2.4142e-01 -1.6718e+00 +1.0522e+00 +5.3742e+00 +6.8203e-01 -2.4384e-01 +3.8909e+00 +4.9346e-01 +4.1073e-02 +4.1590e-02 -1.8522e-01 -1.1206e+00 -2.7753e+00 -3.6960e-01 +5.1517e-01 -8.4934e-01 -2.4618e+00 +1.1039e+00 +1.3480e-01
186 0 +7.750279005e+01 +7.750279005e+01 -8.817720995e+01 -8.817720995e+01 +1.6432e+00 +1.1993e-01 -1.6841e+00 +1.0695e+00 +5.2038e+00 +6.9138e-01 -3.1834e-01 +4.1691e+00 +4.8026e-01 +5.0643e-02 +3.1736e-01 -2.1337e-01 -1.2842e+00 -2.8372e+00 -3.4604e-01 +6.0519e-01 -9.4622e-01 -2.5250e+00 +1.6684e+00 +2.2703e-01
214 0 +7.434161852e+01 +7.434161852e+01 -9.133838148e+01 -9.133838148e+01 +1.5415e+00 +1.6069e-01 -1.6016e+00 +1.0132e+00 +5.3015e+00 +7.0802e-01 -2.9746e-01 +4.1648e+00 +7.6368e-01 +5.4984e-03 +1.0299e-01 -1.7847e-01 -1.2292e+00 -2.8216e+00 -3.6414e-01 +4.6262e-01 -1.0689e+00 -2.5610e+00 +1.4393e+00 +1.5279e-01
236 0 +7.353520733e+01 +7.353520733e+01 -9.214479267e+01 -9.214479267e+01 +1.4312e+00 +9.0450e-02 -1.4444e+00 +1.1066e+00 +5.3152e+00 +7.7140e-01 -2.8940e-01 +4.2921e+00 +8.1813e-01 +1.5690e-02 +1.5268e-01 -1.4845e-01 -1.0592e+00 -2.9058e+00 -3.9009e-01 +4.8774e-01 -8.4947e-01 -2.4615e+00 +1.7221e+00 +1.3048e-01
283 0 +7.197282232e+01 +7.197282232e+01 -9.370717768e+01 -9.370717768e+01 +1.5909e+00 -7.1251e-01 -1.0159e+00 +1.1515e+00 +4.9891e+00 +8.9123e-01 -2.4066e-01 +5.0533e+00 +7.9248e-01 -9.0964e-02 -3.6121e-01 -4.4556e-02 -8.2211e-01 -2.7852e+00 -4.5311e-01 +6.6142e-02 -1.0934e+00 -3.4392e+00 +1.2779e+00 +2.8708e-01
328 0 +7.071559965e+01 +7.071559965e+01 -9.496440035e+01 -9.496440035e+01 +1.3561e+00 -6.6030e-01 -1.2909e+00 +1.1384e+00 +4.7683e+00 +8.3253e-01 -2.0072e-01 +5.3107e+00 +1.1635e+00 +6.2388e-03 -5.2822e-01 -1.0466e-01 -9.9621e-01 -2.4033e+00 -4.5174e-01 -1.8301e-01 -1.2711e+00 -3.0998e+00 +2.0121e+00 +5.0129e-01
330 0 +6.826522901e+01 +6.826522901e+01 -9.741477099e+01 -9.741477099e+01 +1.2808e+00 -6.8297e-01 -1.0961e+00 +1.1201e+00 +4.4117e+00 +7.8058e-01 -1.0761e-01 +5.2638e+00 +9.0955e-01 -3.1661e-02 -7.4101e-01 -7.9693e-02 -9.0356e-01 -2.4465e+00 -4.8389e-01 -1.7006e-01 -1.2126e+00 -3.0982e+00 +1.7058e+00 +1.8585e-01
% f evaluations | g evaluations | best noise-free fitness - Fopt | noise-free fitness - Fopt (9.284000000000e+01) | measured fitness | best measured fitness | x1 | x2...
1 0 +7.797073775e+02 +7.797073775e+02 +8.725473775e+02 +8.725473775e+02 +0.0000e+00 +0.0000e+00 +0.0000e+00 +0.0000e+00 +0.0000e+00 +0.0000e+00 +0.0000e+00 +0.0000e+00 +0.0000e+00 +0.0000e+00 +0.0000e+00 +0.0000e+00 +0.0000e+00 +0.0000e+00 +0.0000e+00 +0.0000e+00 +0.0000e+00 +0.0000e+00 +0.0000e+00 +0.0000e+00
5 0 +6.656526101e+02 +6.656526101e+02 +7.584926101e+02 +7.584926101e+02 -6.0092e-02 -7.4258e-01 -3.8792e-01 -1.2571e+00 +4.8374e-01 +1.3719e-01 +1.7485e-01 -2.9442e-02 -2.3983e-02 +1.2525e-01 -1.0218e+00 +1.4137e+00 +4.2652e-01 +3.4035e-01 +5.5356e-04 +4.8715e-02 +5.8382e-01 -6.3184e-01 +1.6724e-01 -6.7645e-01
19 0 +5.921053114e+02 +5.921053114e+02 +6.849453114e+02 +6.849453114e+02 +8.9437e-01 -4.5043e-01 +1.2835e+00 -3.1660e-01 -1.2811e+00 -1.0299e+00 -1.1607e-01 +3.7597e-02 -3.9836e-02 +2.6261e-01 -2.1941e+00 +1.0156e+00 -3.7396e+00 +3.1389e-01 -3.4536e-02 +9.1637e-02 -3.2552e-01 -1.7861e+00 +1.3626e-01 +1.2607e+00
22 0 +4.568307316e+02 +4.568307316e+02 +5.496707316e+02 +5.496707316e+02 +1.0270e-01 -1.3419e+00 +7.7457e-01 +3.4595e-02 -7.3370e-01 +3.3021e-01 +1.9390e-01 +1.1521e-01 +8.4691e-02 +2.8405e-01 -1.2590e+00 +1.2842e+00 -3.0404e+00 +5.0179e-01 -9.2767e-02 +2.1999e-02 -3.7291e-01 -1.7614e+00 +2.8428e-01 +1.3022e+00
26 0 +4.243980126e+02 +4.243980126e+02 +5.172380126e+02 +5.172380126e+02 -7.4571e-01 -5.6636e-01 -2.6932e-01 -9.8254e-02 -9.3939e-01 -1.9075e-01 +1.0450e+00 +1.6497e-03 +3.4747e-02 +6.2069e-01 -2.0061e+00 +1.4836e+00 -5.1378e+00 +2.6551e-01 -7.1025e-02 +3.6269e-02 -4.9762e-01 -1.7308e+00 +9.8641e-02 +2.9819e+00
27 0 +3.560835271e+02 +3.560835271e+02 +4.489235271e+02 +4.489235271e+02 -1.9676e+00 -9.2077e-01 +4.8138e-01 +1.1887e+00 +1.2159e-01 +7.2270e-01 -2.2682e-02 +2.4598e-02 +1.0788e-01 +6.9134e-01 -3.5005e+00 +1.4070e+00 -4.4914e+00 +3.9929e-01 -8.4272e-02 +3.8714e-02 -6.4204e-01 -2.3580e+00 +8.8471e-02 +2.4272e+00
142 0 +3.532935479e+02 +3.532935479e+02 +4.461335479e+02 +4.461335479e+02 -4.4443e-01 -2.4891e+00 -1.6275e+00 -1.5702e-01 +5.7902e-01 +1.1503e+00 +7.4934e-01 +4.8598e-02 +3.7065e-01 +1.2198e+00 -4.6830e+00 +1.5689e+00 -1.0144e+00 +8.0371e-01 +1.0197e-01 +1.0049e-01 -1.7620e+00 -1.7375e+00 -3.2810e-01 +3.6520e+00
159 0 +3.045613097e+02 +3.045613097e+02 +3.974013097e+02 +3.974013097e+02 -1.3415e+00 -2.3773e+00 -1.7072e+00 -6.2634e-02 +5.0454e-01 +1.4372e+00 +5.4768e-01 +5.9913e-02 +3.7705e-01 +1.7714e+00 -4.4502e+00 +1.3071e+00 -1.5429e+00 +1.1113e+00 +1.1903e-01 +7.5174e-02 -2.0073e+00 -1.4230e+00 -9.6871e-02 +2.9618e+00
185 0 +2.849356389e+02 +2.849356389e+02 +3.777756389e+02 +3.777756389e+02 -1.6995e+00 -1.8723e+00 -2.2502e+00 +8.8373e-01 +7.3249e-01 +1.3599e+00 +2.8904e-01 +9.6161e-02 +3.6243e-01 +1.4715e+00 -4.4230e+00 +1.6959e+00 -2.2763e+00 +8.7922e-01 +1.1516e-02 +6.1713e-02 -1.4508e+00 -9.2158e-01 -1.4242e-01 +2.9103e+00
218 0 +2.601542494e+02 +2.601542494e+02 +3.529942494e+02 +3.529942494e+02 -1.3446e+00 -1.4371e+00 -1.8337e+00 +1.1003e+00 +1.0387e+00 +1.7734e+00 +4.8902e-01 +4.7380e-02 +3.7841e-01 +1.7001e+00 -4.3637e+00 +1.9202e+00 -1.9176e+00 +7.6207e-01 +5.0481e-02 +6.9550e-02 -1.6742e+00 -9.9547e-01 +1.3020e-01 +3.4522e+00
% f evaluations | g evaluations | best noise-free fitness - Fopt | noise-free fitness - Fopt (-3.679200000000e+02) | measured fitness | best measured fitness | x1 | x2...
1 0 +1.422005926e+03 +1.422005926e+03 +1.054085926e+03 +1.054085926e+03 +0.0000e+00 +0.0000e+00 +0.0000e+00 +0.0000e+00 +0.0000e+00 +0.0000e+00 +0.0000e+00 +0.0000e+00 +0.0000e+00 +0.0000e+00 +0.0000e+00 +0.0000e+00 +0.0000e+00 +0.0000e+00 +0.0000e+00 +0.0000e+00 +0.0000e+00 +0.0000e+00 +0.0000e+00 +0.0000e+00
3 0 +1.039446122e+03 +1.039446122e+03 +6.715261225e+02 +6.715261225e+02 -6.6624e-01 -6.6746e-01 +5.9799e-01 -1.8085e-01 -1.0045e+00 +1.5482e+00 -1.1683e+00 +6.4045e-01 -5.8003e-03 +3.9970e-01 -5.2776e-01 +4.7498e-01 +3.3950e-02 -8.6146e-02 +2.1362e-03 +8.3520e-01 +1.3194e-01 +2.0884e+00 -1.0375e+00 +3.9730e-02
9 0 +8.159275256e+02 +8.159275256e+02 +4.480075256e+02 +4.480075256e+02 -1.6062e+00 -6.3034e-02 +1.2296e-01 -4.5914e-01 -4.0425e-04 -3.5178e-01 +1.8080e+00 +1.7454e-01 -1.3762e-02 -1.7172e-01 +1.0708e-01 +8.1072e-01 +7.8639e-01 +6.1948e-01 +9.8817e-02 -1.5102e-01 +9.7295e-02 +2.4110e+00 +4.1218e-01 -1.2753e+00
12 0 +5.403059580e+02 +5.403059580e+02 +1.723859580e+02 +1.723859580e+02 -2.8488e+00 -1.0422e+00 +9.2034e-01 +1.6757e+00 -1.7162e+00 -7.0960e-01 -1.3459e+00 +1.7360e+00 +1.0356e-01 -3.7610e-01 -4.5874e-01 +4.6555e-01 +1.7554e+00 +8.6155e-01 -9.6957e-02 -4.1193e+00 -4.1822e-01 +3.3864e+00 +2.1487e+00 +3.8438e-01
34 0 +3.958380056e+02 +3.958380056e+02 +2.791800562e+01 +2.791800562e+01 -8.6861e-01 +3.2945e-02 -7.9014e-02 +4.6611e-01 -4.3849e-01 +1.8523e+00 +3.7759e-01 +1.4782e+00 -1.8413e-01 -3.7198e-01 -1.0025e-01 +1.5105e+00 +3.3460e+00 +1.8271e+00 +5.7797e-01 -3.2165e+00 +1.8353e-01 +2.9334e+00 +2.6632e-01 -6.2754e-01
59 0 +3.228274106e+02 +3.228274106e+02 -4.509258936e+01 -4.509258936e+01 -1.7255e+00 -2.1140e+00 +1.7985e-01 +3.3894e-01 +1.0037e+00 +8.3525e-02 +4.6513e+00 +2.5083e+00 -1.2068e-01 +4.0615e-01 -4.1513e-01 +1.5471e+00 -3.9498e-01 +1.1277e-01 +6.3791e-01 -3.0825e+00 +2.9928e-02 +3.4030e+00 -4.0579e-01 -1.6546e+00
70 0 +2.774429865e+02 +2.774429865e+02 -9.047701348e+01 -9.047701348e+01 +3.8381e-01 -1.3689e+00 +2.5188e-01 -1.3401e+00 +1.5848e+00 +8.6082e-01 +5.8869e+00 +1.4337e+00 +1.6884e-02 +3.8063e-01 -6.2077e-01 +2.8543e+00 +1.3234e+00 +8.7527e-01 +1.0847e-01 -2.3551e+00 +4.7382e-02 +5.5431e+00 -1.5579e-01 -3.3527e+00
81 0 +2.110109827e+02 +2.110109827e+02 -1.569090173e+02 -1.569090173e+02 -1.0580e+00 -1.1748e-02 +1.0119e+00 -9.3562e-01 +7.7927e-01 -1.5426e+00 +4.0172e+00 +1.5854e+00 -1.8076e-01 +2.0431e-01 -3.3779e-01 +1.5048e+00 +1.7124e+00 +1.3927e+00 +2.7585e-01 -3.9323e+00 -3.6604e-02 +4.4540e+00 -6.0730e-01 -3.0813e+00
595 0 +2.039863116e+02 +2.039863116e+02 -1.639336884e+02 -1.639336884e+02 -4.6128e+00 -3.0474e+00 +4.7717e+00 +2.6099e+00 -2.8587e+00 +3.5534e+00 +7.4515e-01 +8.5588e+00 +1.1370e+00 +7.2713e-01 -1.5908e+00 -4.1363e-01 +1.7439e+00 +4.1805e-01 +1.0847e+00 -2.6188e+00 +2.9163e-01 -3.7599e-01 -1.4126e-01 -3.9810e+00
617 0 +1.903699010e+02 +1.903699010e+02 -1.775500990e+02 -1.775500990e+02 -4.7172e+00 -3.1033e+00 +4.8000e+00 +2.3576e+00 -2.4551e+00 +3.4433e+00 +9.9905e-01 +8.4704e+00 +1.1585e+00 +8.1133e-01 -1.7038e+00 -3.1246e-01 +1.6115e+00 +3.7676e-01 +1.1749e+00 -2.6690e+00 +3.1817e-01 -1.3515e-01 +6.3223e-02 -3.9634e+00
679 0 +1.848784516e+02 +1.848784516e+02 -1.830415484e+02 -1.830415484e+02 -4.3561e+00 -2.9633e+00 +4.7867e+00 +2.4868e+00 -2.3260e+00 +3.2078e+00 +5.5777e-01 +8.4662e+00 +1.1909e+00 +8.8798e-01 -1.6528e+00 -2.2851e-01 +1.8513e+00 +4.5491e-01 +1.1961e+00 -2.4867e+00 +3.4019e-01 -3.4927e-01 -3.0126e-01 -3.5814e+00
686 0 +1.786079663e+02 +1.786079663e+02 -1.893120337e+02 -1.893120337e+02 -4.4760e+00 -2.8200e+00 +4.7844e+00 +2.3600e+00 -2.0800e+00 +3.1707e+00 +3.2288e-01 +8.5182e+00 +1.1829e+00 +9.0262e-01 -1.6451e+00 -1.5485e-01 +1.8839e+00 +5.0653e-01 +1.1761e+00 -2.0873e+00 +3.5012e-01 +9.5243e-02 -3.2682e-01 -3.8329e+00
689 0 +1.730944875e+02 +1.730944875e+02 -1.948255125e+02 -1.948255125e+02 -4.6027e+00 -2.8877e+00 +4.7620e+00 +2.4764e+00 -2.5201e+00 +3.0040e+00 +5.4928e-01 +8.3074e+00 +1.1842e+00 +8.1380e-01 -1.6072e+00 -2.8126e-01 +1.8222e+00 +5.8479e-01 +1.1601e+00 -2.7501e+00 +3.5491e-01 -3.5247e-01 -3.3242e-01 -3.6486e+00
711 0 +1.681958866e+02 +1.681958866e+02 -1.997241134e+02 -1.997241134e+02 -4.2452e+00 -2.7216e+00 +4.7369e+00 +2.5171e+00 -2.7648e+00 +3.1073e+00 +2.9188e-01 +8.2913e+00 +1.2073e+00 +9.0060e-01 -1.5725e+00 -3.4296e-01 +1.8906e+00 +6.9138e-01 +1.1333e+00 -2.7867e+00 +4.2261e-01 -2.7062e-01 -3.8216e-01 -3.4806e+00
722 0 +1.584805417e+02 +1.584805417e+02 -2.094394583e+02 -2.094394583e+02 -3.8580e+00 -2.9839e+00 +4.5709e+00 +2.0217e+00 -3.0006e+00 +2.7509e+00 +6.6794e-02 +8.0242e+00 +1.1764e+00 +9.7079e-01 -1.7657e+00 -4.3522e-02 +1.6746e+00 +9.4815e-01 +1.1762e+00 -3.3390e+00 +5.2005e-01 +1.4718e-01 -4.5957e-01 -3.5374e+00
762 0 +1.369984040e+02 +1.369984040e+02 -2.309215960e+02 -2.309215960e+02 -3.2191e+00 -2.4513e+00 +4.5627e+00 +2.1117e+00 -2.6984e+00 +2.3255e+00 +2.8423e-01 +7.5110e+00 +1.2311e+00 +9.2058e-01 -1.7328e+00 -1.3641e-01 +1.9544e+00 +8.1415e-01 +1.1531e+00 -4.6148e+00 +4.1224e-01 -1.9471e-01 -3.8951e-01 -3.0317e+00
802 0 +1.334343152e+02 +1.334343152e+02 -2.344856848e+02 -2.344856848e+02 -3.2259e+00 -2.4634e+00 +4.6070e+00 +2.1374e+00 -2.7017e+00 +2.0253e+00 -2.2895e-01 +7.5477e+00 +1.2206e+00 +9.3273e-01 -1.6488e+00 -2.1355e-02 +2.2703e+00 +9.4152e-01 +1.1167e+00 -4.7137e+00 +3.5222e-01 +1.6648e-02 -1.1109e-01 -3.5171e+00
823 0 +1.298591564e+02 +1.298591564e+02 -2.380608436e+02 -2.380608436e+02 -3.4478e+00 -2.4304e+00 +4.6048e+00 +1.9436e+00 -2.7274e+00 +1.9468e+00 -3.2942e-01 +7.5301e+00 +1.2148e+00 +8.6257e-01 -1.6800e+00 +1.7553e-01 +2.3467e+00 +8.8925e-01 +1.1049e+00 -4.8659e+00 +3.4274e-01 +3.1313e-01 -4.4369e-01 -3.4412e+00
894 0 +1.287991070e+02 +1.287991070e+02 -2.391208930e+02 -2.391208930e+02 -3.0748e+00 -2.5505e+00 +4.6560e+00 +2.0264e+00 -2.8322e+00 +1.8293e+00 -2.6731e-01 +7.5166e+00 +1.2311e+00 +8.2252e-01 -1.6528e+00 +1.7116e-01 +2.3348e+00 +8.6551e-01 +1.0850e+00 -4.9206e+00 +3.6034e-01 +2.6565e-01 -3.7930e-01 -3.1612e+00
999 0 +1.254362646e+02 +1.254362646e+02 -2.424837354e+02 -2.424837354e+02 -2.9871e+00 -2.5709e+00 +4.7233e+00 +2.0833e+00 -2.8332e+00 +1.8049e+00 -1.2998e-01 +7.4159e+00 +1.2334e+00 +8.8545e-01 -1.6681e+00 -2.5326e-03 +2.2147e+00 +8.4761e-01 +1.0805e+00 -4.6534e+00 +3.8229e-01 +2.6572e-01 -2.6791e-01 -3.3676e+00
% f evaluations | g evaluations | best noise-free fitness - Fopt | noise-free fitness - Fopt (4.950000000000e+01) | measured fitness | best measured fitness | x1 | x2...
1 0 +4.851274702e+02 +4.851274702e+02 +5.346274702e+02 +5.346274702e+02 +0.0000e+00 +0.0000e+00 +0.0000e+00 +0.0000e+00 +0.0000e+00 +0.0000e+00 +0.0000e+00 +0.0000e+00 +0.0000e+00 +0.0000e+00 +0.0000e+00 +0.0000e+00 +0.0000e+00 +0.0000e+00 +0.0000e+00 +0.0000e+00 +0.0000e+00 +0.0000e+00 +0.0000e+00 +0.0000e+00
4 0 +4.165837036e+02 +4.165837036e+02 +4.660837036e+02 +4.660837036e+02 -7.2901e-01 -1.1690e+00 +1.1011e-01 -1.5417e-01 -4.0932e-01 +1.3342e+00 +3.3791e-01 +1.9944e+00 +9.7802e-03 -4.8797e-02 +4.1514e-01 -2.4285e-02 -9.7456e-01 +7.6382e-01 -1.8442e+00 -8.4797e-01 +2.1592e-01 +5.5585e-02 +1.9189e-01 -1.7212e+00
15 0 +3.958907296e+02 +3.958907296e+02 +4.453907296e+02 +4.453907296e+02 -9.1064e-01 -4.7957e-02 +7.8981e-02 +1.1480e-01 +2.5046e-01 -1.2535e-01 +1.8133e-01 +1.7502e+00 +3.8306e-03 -5.4422e-03 -1.1933e-01 +3.7517e-02 -1.5425e+00 +8.0866e-01 +4.0919e-01 -1.6596e+00 +2.6453e-01 +3.2522e-02 +7.2538e-01 -8.2808e-01
42 0 +3.020342690e+02 +3.020342690e+02 +3.515342690e+02 +3.515342690e+02 -1.0594e+00 +1.7858e-01 -2.2782e-01 +1.6398e-01 -1.4055e+00 +1.3817e-01 +1.0749e+00 -2.4996e-01 -7.4243e-04 +2.7608e-01 -4.7875e-01 +1.0237e-01 -1.1824e+00 -7.0947e-01 +7.6022e-01 -1.6990e+00 +9.9336e-01 +1.2911e+00 +7.2425e-01 -2.4749e+00
54 0 +3.012761491e+02 +3.012761491e+02 +3.507761491e+02 +3.507761491e+02 -1.2070e+00 +3.3458e-01 -5.4824e-01 -1.0661e-02 -1.0566e+00 -7.6846e-01 +4.1617e-01 +6.0598e-01 +2.6969e-03 +1.8922e-01 -2.4116e-01 +6.5691e-02 -1.4547e+00 -1.0972e+00 +5.8148e-01 -1.2643e+00 +1.3418e+00 -2.2941e-01 +2.4432e-01 -1.5693e+00
55 0 +2.900899766e+02 +2.900899766e+02 +3.395899766e+02 +3.395899766e+02 -4.7910e-01 -1.0399e+00 -3.3053e-01 -2.6605e-01 -1.7161e+00 -4.7063e-01 +2.9946e-01 +1.4615e+00 -1.8365e-03 +3.9681e-02 -5.7028e-01 +7.0184e-02 -1.1638e+00 +4.2264e-01 +1.1895e+00 -6.2237e-01 +7.9358e-01 +2.6024e-01 +9.7209e-01 -1.6137e+00
58 0 +2.322648291e+02 +2.322648291e+02 +2.817648291e+02 +2.817648291e+02 -1.4077e+00 -5.1811e-01 +1.7377e-01 -3.1402e-01 -2.5868e+00 -1.4710e-02 +1.1395e+00 +8.5927e-01 +5.0705e-03 +3.8740e-01 +1.1266e-01 +3.9112e-02 -1.1953e+00 -9.3701e-01 -9.2727e-01 -8.4782e-01 +1.4557e+00 +4.3497e-01 +1.0390e+00 -1.9977e+00
67 0 +2.140688617e+02 +2.140688617e+02 +2.635688617e+02 +2.635688617e+02 -1.6081e+00 -3.3829e-01 +1.6653e-01 -2.4805e-02 -8.2129e-01 -4.8043e-01 +1.0290e-01 +1.9276e+00 +1.1437e-02 -3.5940e-02 +3.5099e-02 +6.6788e-02 -8.3293e-01 -1.0422e+00 -1.2433e-01 +5.2219e-01 +1.0908e+00 +2.5494e-02 +1.1138e+00 -2.1394e+00
75 0 +2.040479382e+02 +2.040479382e+02 +2.535479382e+02 +2.535479382e+02 -3.7845e-02 -1.0000e+00 -8.8919e-01 -5.1373e-01 -9.5774e-01 -3.3111e-01 -1.2144e+00 +2.0507e-01 -6.1777e-03 -2.0967e-03 -2.3035e-01 +1.3006e-01 -1.4426e+00 -7.4782e-01 +9.8380e-02 -1.7198e+00 +1.1529e+00 -9.0663e-01 +1.6806e+00 -5.8150e-01
85 0 +1.909904264e+02 +1.909904264e+02 +2.404904264e+02 +2.404904264e+02 +3.4585e-01 -1.0871e+00 -5.4849e-01 -4.2534e-01 -1.2867e+00 -4.8893e-01 -1.5859e+00 +1.3552e+00 +2.8398e-03 -4.7876e-02 -3.4248e-01 +1.2070e-01 -9.9446e-01 -1.1282e+00 -1.0336e-01 -1.3298e+00 +1.3580e+00 -1.6724e-01 +1.8904e+00 -1.3539e+00
103 0 +1.896671868e+02 +1.896671868e+02 +2.391671868e+02 +2.391671868e+02 +5.4610e-02 -9.1156e-01 -4.5648e-01 -6.7661e-01 -1.4097e+00 -2.0826e-01 -2.1007e+00 +2.5027e-01 +1.1170e-02 -5.5755e-02 -6.5170e-01 +1.3123e-01 -2.0087e+00 -9.9670e-01 +6.0902e-01 -2.6461e+00 +8.9834e-01 -2.6746e-01 +1.8939e+00 -1.2478e+00
107 0 +1.790110111e+02 +1.790110111e+02 +2.285110111e+02 +2.285110111e+02 +1.8307e-02 -1.5387e+00 -6.3446e-01 -7.4586e-01 -1.1947e+00 +5.0248e-01 -1.3141e+00 +2.3828e-01 +9.2597e-03 -1.1201e-01 -5.0515e-01 +1.4712e-01 -1.8581e+00 -4.5474e-01 -1.0221e+00 -2.6667e+00 +7.5172e-01 +1.5440e-01 +2.0389e+00 -1.4890e+00
121 0 +1.725102724e+02 +1.725102724e+02 +2.220102724e+02 +2.220102724e+02 +3.4260e-01 -6.3833e-01 -6.7520e-01 -6.8639e-01 -1.3711e+00 +1.5019e-01 -1.4454e+00 +2.2244e+00 -2.9529e-03 -3.7042e-01 -3.9661e-01 +1.2439e-01 -1.6401e+00 -1.3386e+00 -3.4867e-01 +6.0150e-01 +4.5112e-01 +6.5481e-01 +2.0041e+00 -1.4963e+00
141 0 +1.674778992e+02 +1.674778992e+02 +2.169778992e+02 +2.169778992e+02 +1.7288e-01 -1.0296e+00 -3.9629e-01 -4.9072e-01 -1.0213e+00 +8.4970e-01 -1.6445e+00 +9.7170e-01 -7.9405e-03 -3.4071e-01 -3.0225e-01 +1.9682e-01 -1.9680e+00 -6.4706e-01 +7.9934e-01 -1.2190e-01 +9.0385e-01 +8.9156e-01 +1.8116e+00 -1.1787e+00
144 0 +1.656813767e+02 +1.656813767e+02 +2.151813767e+02 +2.151813767e+02 +3.3900e-01 -1.1525e+00 -4.6240e-01 -6.4794e-01 -8.4054e-01 +8.0290e-01 -1.7287e+00 +6.5935e-01 -4.1411e-03 -1.9317e-01 -4.7712e-01 +1.8148e-01 -1.8742e+00 -8.8567e-01 +3.7520e-01 +4.7192e-01 +9.6157e-01 +3.9640e-01 +1.8458e+00 -2.2407e+00
173 0 +1.547849022e+02 +1.547849022e+02 +2.042849022e+02 +2.042849022e+02 +1.4430e-01 -9.1068e-01 -4.8032e-01 -5.1827e-01 -8.7547e-01 +6.4881e-01 -2.0017e+00 +1.7322e-01 -2.4639e-03 -1.8733e-01 -5.7545e-01 +1.7741e-01 -1.6915e+00 -8.8083e-01 -1.0258e+00 +1.3649e-01 +5.4598e-01 +1.8568e-01 +1.7822e+00 -2.5696e+00
182 0 +1.509731603e+02 +1.509731603e+02 +2.004731603e+02 +2.004731603e+02 +3.0630e-01 -9.7995e-01 -7.0445e-01 -5.6195e-01 -7.8113e-01 +4.4092e-01 -2.1854e+00 +1.0004e+00 -1.4604e-03 -2.4336e-01 -8.1928e-01 +1.5067e-01 -1.3598e+00 -8.2275e-01 -1.1523e+00 +1.2442e-01 +8.7362e-01 +4.7357e-01 +1.9597e+00 -2.6724e+00
186 0 +1.371812854e+02 +1.371812854e+02 +1.866812854e+02 +1.866812854e+02 +2.3783e-01 -5.1345e-01 -4.6913e-01 -5.6362e-01 -8.5031e-01 +7.0053e-01 -2.1486e+00 +4.8121e-01 -3.0608e-03 -1.9963e-01 -6.9463e-01 +1.4829e-01 -1.5991e+00 -1.1242e+00 -8.8641e-01 -2.6433e-01 +8.2358e-01 -1.0470e-03 +1.9613e+00 -2.6156e+00
212 0 +1.305950859e+02 +1.305950859e+02 +1.800950859e+02 +1.800950859e+02 +3.7679e-02 -4.8111e-01 -5.6482e-01 -5.9835e-01 -7.9604e-01 +4.0572e-01 -2.1662e+00 -5.7761e-01 -4.4397e-03 -5.1756e-02 -5.2843e-01 +1.7930e-01 -1.4198e+00 -1.1016e+00 -1.0521e+00 +6.8380e-01 +6.0220e-01 +8.6862e-01 +2.1448e+00 -2.1155e+00
394 0 +1.255416970e+02 +1.255416970e+02 +1.750416970e+02 +1.750416970e+02 +3.0052e-01 -4.5842e-01 -5.7822e-01 -6.7544e-01 -8.7589e-01 +5.5324e-01 -2.3014e+00 +2.5337e-01 -5.4509e-03 +4.6487e-02 -3.8460e-01 +1.6222e-01 -2.0720e+00 -1.6464e+00 -5.8041e-01 +6.6322e-01 +5.1320e-01 +9.8151e-01 +1.9343e+00 -2.6207e+00
412 0 +1.224579126e+02 +1.224579126e+02 +1.719579126e+02 +1.719579126e+02 +4.0720e-01 -1.0216e-01 -6.3992e-01 -6.1318e-01 -6.9120e-01 +5.7823e-01 -2.4591e+00 +8.7744e-01 -4.8949e-03 +3.0902e-02 -3.1182e-01 +1.6392e-01 -2.0281e+00 -1.6196e+00 -4.7365e-01 +4.4512e-01 +5.8790e-01 +1.1248e+00 +1.9112e+00 -2.5446e+00
414 0 +1.165585979e+02 +1.165585979e+02 +1.660585979e+02 +1.660585979e+02 +2.5015e-01 -5.4063e-01 -6.9413e-01 -6.4454e-01 -7.9778e-01 +5.1961e-01 -2.4440e+00 +5.5096e-01 -6.4558e-03 -2.2905e-02 -3.5417e-01 +1.5121e-01 -2.0090e+00 -1.7430e+00 -6.1245e-01 +8.2672e-01 +6.2059e-01 +1.0532e+00 +1.9129e+00 -2.6505e+00
440 0 +1.125574610e+02 +1.125574610e+02 +1.620574610e+02 +1.620574610e+02 +4.5001e-01 -9.9998e-02 -6.8088e-01 -5.9990e-01 -7.1299e-01 +6.7099e-01 -2.3192e+00 +6.3596e-01 -1.6013e-03 -3.9466e-02 -3.1312e-01 +1.6464e-01 -1.8749e+00 -1.6424e+00 -7.7550e-01 +1.4479e-01 +5.7169e-01 +9.8767e-01 +2.0166e+00 -2.6289e+00
443 0 +1.116017906e+02 +1.116017906e+02 +1.611017906e+02 +1.611017906e+02 +4.4790e-01 -1.1277e-01 -7.2736e-01 -5.7410e-01 -6.6884e-01 +2.4686e-01 -2.5218e+00 +4.8070e-01 +1.3301e-03 -6.4691e-02 -2.6570e-01 +1.6678e-01 -2.2401e+00 -1.8794e+00 -9.5665e-01 +7.4715e-01 +5.6569e-01 +1.0068e+00 +2.0203e+00 -2.5876e+00
453 0 +1.093076601e+02 +1.093076601e+02 +1.588076601e+02 +1.588076601e+02 +4.7566e-01 -3.4498e-04 -8.0957e-01 -5.8415e-01 -9.3629e-01 +1.9597e-01 -2.6459e+00 +3.6059e-01 -4.4202e-04 -8.7803e-02 -2.8437e-01 +1.5112e-01 -2.1278e+00 -1.7666e+00 -9.6924e-01 +2.8605e-01 +5.4738e-01 +9.6144e-01 +2.0157e+00 -2.5812e+00
464 0 +1.069067006e+02 +1.069067006e+02 +1.564067006e+02 +1.564067006e+02 +2.9838e-01 +2.6766e-01 -7.7583e-01 -5.5109e-01 -9.3295e-01 +3.3122e-01 -2.5468e+00 -2.8132e-01 -1.4841e-03 -9.3138e-02 -3.0447e-01 +1.5369e-01 -2.0617e+00 -1.6470e+00 -6.7046e-01 +3.9439e-01 +3.6213e-01 +1.3040e+00 +2.0082e+00 -2.7120e+00
623 0 +1.046547601e+02 +1.046547601e+02 +1.541547601e+02 +1.541547601e+02 +2.4424e-01 +3.1518e-01 -8.9530e-01 -5.5428e-01 -9.1501e-01 +9.9466e-02 -2.2158e+00 -2.2023e-02 -5.2295e-03 +1.0943e-02 -3.3631e-01 +7.9471e-02 -1.7839e+00 -1.7366e+00 -1.4241e+00 +3.2251e-01 +4.0422e-01 +1.3694e+00 +1.9672e+00 -2.7031e+00
% f evaluations | g evaluations | best noise-free fitness - Fopt | noise-free fitness - Fopt (-1.277000000000e+01) | measured fitness | best measured fitness | x1 | x2...
1 0 +1.405029835e+03 +1.405029835e+03 +1.392259835e+03 +1.392259835e+03 +0.0000e+00 +0.0000e+00 +0.0000e+00 +0.0000e+00 +0.0000e+00 +0.0000e+00 +0.0000e+00 +0.0000e+00 +0.0000e+00 +0.0000e+00 +0.0000e+00 +0.0000e+00 +0.0000e+00 +0.0000e+00 +0.0000e+00 +0.0000e+00 +0.0000e+00 +0.0000e+00 +0.0000e+00 +0.0000e+00
2 0 +1.381755157e+03 +1.381755157e+03 +1.368985157e+03 +1.368985157e+03 +1.7285e-02 -1.5870e+00 +1.5548e-01 +1.3826e+00 +3.0898e-01 +1.3523e-01 +2.7898e-01 +4.4022e-01 -4.6595e-02 -2.6005e-01 -1.9444e-02 -1.6226e-01 +2.0941e-01 +2.2534e-01 +7.4446e-01 -2.6353e-01 -5.8184e-02 -3.6365e-02 +8.5655e-01 -2.2037e-02
7 0 +1.350104190e+03 +1.350104190e+03 +1.337334190e+03 +1.337334190e+03 +3.3206e-01 -8.8927e-01 -1.2757e+00 +6.0069e-01 +5.9671e-01 +8.9185e-02 +5.0623e-02 -1.3796e-01 +1.8655e-01 +3.5001e-01 -1.7226e-01 +2.4035e+00 -5.7866e-01 +8.3727e-02 +6.4214e-01 -4.2480e-02 +3.0924e-02 -8.7343e-02 +1.6112e-01 +5.7692e-01
11 0 +1.123151545e+03 +1.123151545e+03 +1.110381545e+03 +1.110381545e+03 +5.5556e-01 +9.5534e-01 +4.1891e-01 -7.3437e-01 +1.8093e-02 -2.7041e-02 -1.5285e-02 +4.4487e-01 +1.0440e-01 -5.6125e-02 +1.3174e-01 +3.0419e-01 -8.9994e-02 -3.5331e-01 +1.0006e+00 +3.8377e-01 +2.1438e-01 -9.7838e-02 +7.9835e-01 +3.2790e-01
17 0 +1.003631973e+03 +1.003631973e+03 +9.908619730e+02 +9.908619730e+02 +1.8409e+00 +4.8300e-01 +1.5518e+00 -6.2086e+00 +7.1618e-01 -1.4254e-01 +6.2505e-01 +1.0114e+00 +2.5394e-01 +7.1281e-01 +1.6330e-01 +7.1887e-01 -1.3807e+00 +1.1252e+00 +1.2990e+00 +4.1548e-01 -2.3432e-01 +5.0678e-01 +2.7540e+00 +1.1432e+00
18 0 +7.328979824e+02 +7.328979824e+02 +7.201279824e+02 +7.201279824e+02 -2.8470e-02 +1.5966e+00 +1.5610e+00 -1.4749e+00 -2.1758e-01 -7.9887e-02 +8.3044e-02 +4.4509e-01 +3.3501e-01 +1.4435e-01 -6.4118e-02 +2.1680e+00 +1.4762e+00 +3.4502e-01 +1.6688e-01 +1.3581e-01 +7.0660e-02 +4.6429e-02 +1.3060e+00 +6.5802e-02
% f evaluations | g evaluations | best noise-free fitness - Fopt | noise-free fitness - Fopt (6.365000000000e+01) | measured fitness | best measured fitness | x1 | x2...
1 0 +9.302324166e+02 +9.302324166e+02 +9.938824166e+02 +9.938824166e+02 +0.0000e+00 +0.0000e+00 +0.0000e+00 +0.0000e+00 +0.0000e+00 +0.0000e+00 +0.0000e+00 +0.0000e+00 +0.0000e+00 +0.0000e+00 +0.0000e+00 +0.0000e+00 +0.0000e+00 +0.0000e+00 +0.0000e+00 +0.0000e+00 +0.0000e+00 +0.0000e+00 +0.0000e+00 +0.0000e+00
6 0 +8.391215479e+02 +8.391215479e+02 +9.027715479e+02 +9.027715479e+02 -8.6851e-01 +4.2793e-01 -3.9847e-01 -4.9766e-01 +2.7126e-01 -1.7764e-01 -2.6746e+00 +3.4582e-01 -9.4089e-03 -7.1168e-01 -2.0638e-02 +4.7248e-01 +2.7458e-02 -3.9211e-01 -9.9118e-02 -3.2838e-02 -4.2008e+00 +5.7275e-02 -1.1653e-01 +2.7953e-01
12 0 +7.745247780e+02 +7.745247780e+02 +8.381747780e+02 +8.381747780e+02 +1.2066e+00 +4.8265e-01 +8.9153e-01 -7.8027e-01 +1.9181e-01 +1.3878e+00 -1.9663e+00 +5.0717e-01 +2.8060e-03 +1.6091e-01 -1.3669e-02 -9.1787e-01 -6.8947e-01 -4.9383e-01 -6.1848e-01 -1.1854e+00 -1.5292e+00 -5.8148e-01 +1.3153e-01 +2.0810e-01
13 0 +7.394340989e+02 +7.394340989e+02 +8.030840989e+02 +8.030840989e+02 +3.1544e-02 +1.3909e-01 +2.0547e-02 +6.0337e-01 +9.0527e-02 +3.4937e-01 -2.9911e+00 +4.5835e-01 +4.1106e-02 -4.3952e-01 +4.5137e-02 -1.9847e+00 -3.1940e-01 +2.8500e-01 +1.3284e-01 -1.8153e-02 -4.0775e+00 +4.8615e-01 -5.9036e-01 +3.3617e-01
16 0 +4.311704310e+02 +4.311704310e+02 +4.948204310e+02 +4.948204310e+02 -1.6492e+00 +9.4444e-01 -5.2895e-01 -1.0908e+00 +2.6915e-01 +3.5613e-01 -1.4498e+00 +4.3775e+00 +4.7342e-03 -2.0433e-01 -1.2102e-03 -4.3315e+00 -8.8042e-01 -1.0556e+00 -5.1182e-01 -3.8617e-01 +9.7577e-01 -1.0077e+00 -5.0832e-01 +6.3127e-02
25 0 +4.129497572e+02 +4.129497572e+02 +4.765997572e+02 +4.765997572e+02 +1.4026e+00 +5.3185e-01 +7.1685e-01 -9.1604e-01 +5.8030e-01 +5.8577e-01 -4.2474e+00 -9.2839e-02 +8.3004e-02 -3.4281e-01 +3.7858e-02 -2.3711e+00 -4.2495e-01 -1.1979e-02 -8.4146e-01 +5.2155e-01 +9.3946e-01 -8.4284e-01 -4.9957e-01 +4.0484e-01
41 0 +3.744946867e+02 +3.744946867e+02 +4.381446867e+02 +4.381446867e+02 +1.0112e+00 +4.8195e-01 +1.6060e+00 -5.3380e-01 +1.0791e+00 +6.0674e-01 -4.3001e+00 +1.2124e+00 +3.1436e-02 -6.0865e-01 +3.3730e-02 -4.5874e+00 -1.9143e+00 +1.1919e+00 -3.6512e-01 +4.5488e-01 +1.5726e-01 -1.7596e+00 -3.8951e-01 +3.0179e-01
42 0 +3.523963971e+02 +3.523963971e+02 +4.160463971e+02 +4.160463971e+02 +1.6769e-01 +5.5203e-01 +6.5672e-01 -1.4965e+00 +1.1147e-01 +1.5221e+00 -2.6853e+00 +4.3461e-02 +1.4439e-01 -4.8795e-01 +4.4411e-02 -6.6646e+00 -3.6147e+00 +1.5483e+00 -5.5211e-01 -5.5081e-01 +3.4418e+00 -7.8781e-01 -1.6369e-01 -1.2871e-01
78 0 +3.457292087e+02 +3.457292087e+02 +4.093792087e+02 +4.093792087e+02 +3.5570e-01 +2.5045e-01 +1.4091e+00 -5.4515e-04 +2.2706e-01 +1.0441e+00 -4.6374e+00 +2.5265e-01 +1.7164e-01 -1.3513e+00 +3.8564e-02 -4.2386e+00 -2.6497e+00 +2.7752e-01 -7.3638e-01 -2.5763e-02 +2.8999e+00 -1.8819e+00 -2.4563e-01 -1.0866e-01
90 0 +3.303016491e+02 +3.303016491e+02 +3.939516491e+02 +3.939516491e+02 +5.4474e-01 +2.2498e-01 +1.4019e+00 -1.4265e-01 +3.0392e-01 +7.9462e-01 -5.0793e+00 -8.9327e-02 +1.5760e-01 -1.1510e+00 +5.6238e-02 -3.7082e+00 -2.1492e+00 +5.2057e-01 -5.8013e-01 +3.0106e-01 +2.3196e+00 -1.6930e+00 -3.1531e-01 -5.9513e-01
102 0 +3.040633886e+02 +3.040633886e+02 +3.677133886e+02 +3.677133886e+02 +4.0172e-01 -5.1873e-01 +6.4420e-01 -2.5431e-01 +2.0996e-01 +1.4895e-01 -3.9907e+00 +1.2991e+00 +2.0617e-02 -2.1706e-01 +5.2804e-02 -2.7339e+00 -1.7731e+00 +1.4025e+00 -7.9779e-01 -2.2215e-01 +3.9206e+00 -9.3387e-01 +3.4283e-02 -5.8777e-01
126 0 +2.610053992e+02 +2.610053992e+02 +3.246553992e+02 +3.246553992e+02 -1.8685e+00 -1.1246e+00 +5.6422e-01 -2.1492e+00 +8.6758e-02 +1.2052e-01 -7.2464e+00 +7.8289e+00 +2.1428e-02 -8.4420e-01 +3.3548e-02 -3.9881e-01 -2.1005e+00 +7.4284e-01 -4.4141e-01 -7.9877e-01 +3.4269e+00 -1.4373e+00 +2.2363e-01 -1.0805e+00
132 0 +2.552531512e+02 +2.552531512e+02 +3.189031512e+02 +3.189031512e+02 -1.1171e-01 -1.1236e+00 +1.0677e-02 -1.2785e+00 -2.7930e-01 +4.4641e-02 -7.2566e+00 +8.4207e+00 +5.2436e-02 -3.0465e-01 +4.2948e-02 -5.7594e-01 -1.2097e+00 +1.0260e+00 -9.1282e-01 -5.8566e-01 +3.6596e+00 -9.5332e-01 +4.8762e-01 -2.6935e-01
176 0 +2.374473793e+02 +2.374473793e+02 +3.010973793e+02 +3.010973793e+02 -4.3444e+00 -5.5079e-01 -4.1161e-01 -2.3952e+00 -3.0872e-01 -9.5891e-01 -3.1270e+00 +3.5304e+00 -4.9702e-02 -6.1048e-01 +7.8359e-02 -5.0006e-01 -1.0683e+00 +1.6599e+00 +1.3326e-01 +1.0464e-01 +3.3967e+00 -1.9507e-01 -3.7683e-01 +8.3811e-02
188 0 +2.216476060e+02 +2.216476060e+02 +2.852976060e+02 +2.852976060e+02 -2.1437e+00 -1.0664e+00 -3.3328e-03 -2.9163e+00 +6.6764e-02 -1.2855e-01 -4.4899e+00 +3.8482e+00 -8.1211e-02 -2.1436e-01 +7.4489e-02 -3.4477e+00 -1.7984e+00 +9.2164e-01 +1.3016e+00 +2.9858e-01 +5.8487e+00 -2.1750e+00 +2.2858e-01 +5.4830e-01
% f evaluations | g evaluations | best noise-free fitness - Fopt | noise-free fitness - Fopt (6.991900000000e+02) | measured fitness | best measured fitness | x1 | x2...
1 0 +7.131206481e+02 +7.131206481e+02 +1.412310648e+03 +1.412310648e+03 +0.0000e+00 +0.0000e+00 +0.0000e+00 +0.0000e+00 +0.0000e+00 +0.0000e+00 +0.0000e+00 +0.0000e+00 +0.0000e+00 +0.0000e+00 +0.0000e+00 +0.0000e+00 +0.0000e+00 +0.0000e+00 +0.0000e+00 +0.0000e+00 +0.0000e+00 +0.0000e+00 +0.0000e+00 +0.0000e+00
3 0 +6.054729677e+02 +6.054729677e+02 +1.304662968e+03 +1.304662968e+03 +3.1181e-01 +3.1054e-02 -3.5800e-01 +3.5913e-01 -3.8369e-01 -2.4874e-01 -7.8806e-02 +4.0285e-01 -1.0129e+00 +1.4911e-01 -2.0368e-01 -2.5450e-01 -6.0401e-01 -4.4993e-01 +1.5219e+00 +1.1524e-01 -7.1009e-01 +6.9855e-01 +1.4516e-01 -3.5386e-02
11 0 +4.211001242e+02 +4.211001242e+02 +1.120290124e+03 +1.120290124e+03 +9.8502e-01 +2.2538e-01 -9.5742e-01 +6.1343e-01 -5.6671e-01 +7.5286e-02 +2.4652e-01 +5.6366e-01 +1.8434e-01 +4.9535e-01 -8.0111e-02 -8.3428e-01 +1.6754e+00 +6.5724e-02 +1.7659e+00 +4.6132e-01 +1.6125e-01 +4.6005e-01 +2.7037e-01 -1.1187e-01
12 0 +3.938499319e+02 +3.938499319e+02 +1.093039932e+03 +1.093039932e+03 +3.2442e-01 +2.3962e-01 -2.8791e-01 +1.7676e-01 -2.3195e+00 +8.0285e-02 +1.6729e-02 +8.0206e-01 -6.9977e-01 +3.5678e-01 -2.9928e-01 -1.3523e-01 +1.5345e+00 -6.2389e-01 +3.9809e-01 -1.2267e-01 -6.5789e-01 +1.2153e+00 -8.7579e-03 +9.7517e-02
14 0 +3.865942375e+02 +3.865942375e+02 +1.085784238e+03 +1.085784238e+03 -1.2886e-01 +9.6259e-02 -6.0598e-01 +4.3677e+00 -3.6676e+00 -5.3861e-01 -5.6558e-02 +2.3525e-01 -5.0147e-01 +7.0834e-01 -5.1814e-02 -5.3795e-01 -2.3029e+00 -4.3095e-01 +2.9262e+00 -1.3092e-01 +3.6354e-01 +1.2119e+00 +5.1216e-01 +5.1946e-01
24 0 +3.164317855e+02 +3.164317855e+02 +1.015621786e+03 +1.015621786e+03 +1.4432e+00 +3.3610e-01 -6.5577e-01 +1.6571e+00 -3.2507e+00 +1.6143e-01 +3.2136e-02 +7.6583e-01 +3.7517e-01 +1.3369e-01 -6.0786e-02 -1.4110e-01 -2.3659e+00 -4.6537e-01 +4.1376e+00 -3.5800e-01 +7.7252e-01 +1.2835e+00 +9.3504e-01 +1.5836e+00
32 0 +2.439981178e+02 +2.439981178e+02 +9.431881178e+02 +9.431881178e+02 +2.8614e+00 +2.4407e-01 -1.2208e+00 +2.1845e+00 -3.1313e+00 +1.1926e-01 -1.4220e-01 +6.6897e-01 -1.1218e+00 -1.3774e-02 -6.8680e-02 +1.8064e-01 -2.1759e+00 -3.5271e-01 +2.9104e+00 -3.8891e-02 +7.6067e-01 +1.5223e+00 +1.7028e+00 +9.4444e-01
65 0 +2.293421557e+02 +2.293421557e+02 +9.285321557e+02 +9.285321557e+02 +2.0618e+00 +9.2660e-02 -2.0823e+00 +3.3480e+00 -6.2673e+00 +1.3606e-01 +4.9283e-02 +1.0486e+00 +3.8373e-01 +4.0101e-01 -1.7471e-01 -2.2178e+00 -1.7969e-01 -4.5695e-01 +3.2910e+00 -1.5203e-01 +9.6402e-01 +1.3242e+00 +1.6328e+00 +2.8756e+00
66 0 +2.193573141e+02 +2.193573141e+02 +9.185473141e+02 +9.185473141e+02 +2.2101e+00 +5.2965e-02 -1.5131e+00 +4.4341e+00 -5.7894e+00 +5.4780e-01 +6.6377e-02 +8.3410e-01 -2.7500e-01 +1.0182e+00 -2.4019e-01 -1.8154e+00 -1.4669e+00 -7.4666e-01 +3.8189e+00 -6.8556e-02 +7.4104e-01 +1.1794e+00 +1.1348e+00 +2.6160e+00
72 0 +2.025759501e+02 +2.025759501e+02 +9.017659501e+02 +9.017659501e+02 +2.6447e+00 -7.8688e-02 -1.9577e+00 +4.2815e+00 -6.1733e+00 +8.6673e-01 +8.0260e-02 +1.3683e+00 -3.6179e-01 +8.1247e-01 -2.7331e-01 -2.1812e+00 -9.3555e-01 -4.7500e-01 +2.3684e+00 -3.1285e-01 +1.0864e+00 +1.3536e+00 +1.1376e+00 +2.2540e+00
75 0 +1.784319669e+02 +1.784319669e+02 +8.776219669e+02 +8.776219669e+02 +1.9579e+00 -4.7427e-02 -1.4783e+00 +1.6418e+00 -6.2407e+00 +4.9226e-01 +1.0525e-01 +1.8523e+00 -6.4240e-01 +7.2882e-01 -2.0289e-01 -1.6586e+00 +5.7319e-01 -6.9115e-01 +3.3285e+00 -2.9554e-01 +9.6086e-01 +1.5002e+00 +1.0874e+00 +1.8626e+00
87 0 +1.681197682e+02 +1.681197682e+02 +8.673097682e+02 +8.673097682e+02 +2.3040e+00 -1.7110e-01 -8.4897e-01 -2.5325e-01 -5.1674e+00 +4.9174e-01 +3.3557e-01 +1.3787e+00 -5.3642e-01 +1.0376e+00 -3.1833e-01 -1.8444e+00 +4.7923e-01 -6.1024e-01 +4.1524e+00 -3.7498e-01 +5.1427e-01 +1.9953e+00 +8.6720e-01 +7.8077e-01
96 0 +1.538104247e+02 +1.538104247e+02 +8.530004247e+02 +8.530004247e+02 +2.6800e+00 -1.7101e-01 -5.4341e-01 +9.9120e-01 -5.2864e+00 +3.5344e-01 +2.7451e-01 +8.3502e-01 -7.4658e-01 +7.9981e-01 -3.4679e-01 -2.0112e+00 -2.1187e-01 -6.0676e-01 +3.3386e+00 -2.1798e-01 +1.2787e+00 +2.0446e+00 +1.3386e+00 +1.2503e+00
107 0 +1.452932522e+02 +1.452932522e+02 +8.444832522e+02 +8.444832522e+02 +2.4313e+00 -1.0988e-01 -9.1938e-01 +1.2240e+00 -5.2220e+00 +4.0289e-01 +2.7472e-01 +1.1342e+00 -1.2598e+00 +7.4632e-01 -2.7061e-01 -1.8435e+00 +5.9336e-01 -5.9110e-01 +3.4744e+00 -1.0256e-01 +1.3843e+00 +2.1273e+00 +1.4927e+00 +1.7387e+00
115 0 +1.158038816e+02 +1.158038816e+02 +8.149938816e+02 +8.149938816e+02 +2.6864e+00 -2.5972e-01 -5.4542e-01 +2.3324e+00 -3.9459e+00 +2.7039e-01 +1.4039e-01 +2.0364e+00 -5.3265e-01 +1.0904e+00 -2.9762e-01 -2.0840e+00 +5.0233e-01 -6.8425e-01 +3.4427e+00 -3.4567e-01 +1.7213e+00 +2.3387e+00 +2.2488e+00 +9.0195e-01
139 0 +1.028550629e+02 +1.028550629e+02 +8.020450629e+02 +8.020450629e+02 +1.9441e+00 -3.4895e-01 -8.6995e-01 +3.5446e+00 -4.3234e+00 +5.4912e-01 +8.2507e-01 +2.2738e-01 +5.2654e-02 +1.5192e+00 -3.6978e-01 -1.7671e+00 +6.4407e-01 -8.1833e-01 +4.1043e+00 -3.0026e-01 +1.5526e+00 +1.6982e+00 +2.1417e+00 +1.4206e+00
193 0 +9.547977069e+01 +9.547977069e+01 +7.946697707e+02 +7.946697707e+02 +1.8123e+00 -1.5889e-01 -7.6931e-01 +2.4920e+00 -4.6337e+00 +8.5868e-01 +3.1585e-01 -4.7856e-02 -3.0087e-01 +1.3272e+00 -2.3285e-01 -2.6623e+00 +6.1146e-01 -8.8562e-01 +2.5811e+00 -7.3350e-02 +1.7839e+00 +2.0119e+00 +2.7222e+00 +1.4308e+00
372 0 +9.320145573e+01 +9.320145573e+01 +7.923914557e+02 +7.923914557e+02 +1.6181e+00 +9.9669e-02 -1.0553e+00 +1.8628e+00 -4.2694e+00 +7.7376e-01 +4.0655e-01 +1.4676e+00 -1.0793e+00 +9.5828e-01 +2.7804e-01 -3.2259e+00 +2.7292e-01 -6.8346e-01 +1.8178e+00 +1.0545e-01 +1.5866e+00 +1.8786e+00 +2.7302e+00 +1.2305e+00
377 0 +8.882057091e+01 +8.882057091e+01 +7.880105709e+02 +7.880105709e+02 +1.7234e+00 +1.1620e-01 -8.8004e-01 +2.1674e+00 -4.8008e+00 +7.3630e-01 +3.5329e-01 +1.2557e+00 -1.1242e+00 +8.9988e-01 +2.8188e-01 -3.2914e+00 -9.8216e-02 -7.1928e-01 +2.0523e+00 +2.2643e-01 +1.4259e+00 +1.8762e+00 +2.5958e+00 +9.6325e-01
448 0 +8.649283553e+01 +8.649283553e+01 +7.856828355e+02 +7.856828355e+02 +1.7785e+00 +1.6094e-01 -1.0302e+00 +1.0274e+00 -4.3382e+00 +7.1550e-01 +5.3712e-01 +8.7810e-01 -1.1045e+00 +8.7768e-01 +3.7318e-01 -3.4050e+00 +7.9793e-01 -7.1590e-01 +2.2465e+00 +2.1982e-01 +1.2058e+00 +2.4429e+00 +2.5505e+00 +5.4077e-01
544 0 +7.259820838e+01 +7.259820838e+01 +7.717882084e+02 +7.717882084e+02 +2.1516e+00 +2.7196e-01 -3.3862e-01 +2.2868e+00 -4.7200e+00 +3.6675e-01 +6.5907e-01 +4.2843e-01 -2.5981e-02 +7.2388e-01 +5.0569e-01 -2.8070e+00 +1.9114e+00 -4.7148e-01 +2.0778e+00 +2.8269e-01 +7.1411e-01 +2.1876e+00 +2.5595e+00 +1.2108e+00
% f evaluations | g evaluations | best noise-free fitness - Fopt | noise-free fitness - Fopt (1.000000000000e+03) | measured fitness | best measured fitness | x1 | x2...
1 0 +8.657944047e+02 +8.657944047e+02 +1.865794405e+03 +1.865794405e+03 +0.0000e+00 +0.0000e+00 +0.0000e+00 +0.0000e+00 +0.0000e+00 +0.0000e+00 +0.0000e+00 +0.0000e+00 +0.0000e+00 +0.0000e+00 +0.0000e+00 +0.0000e+00 +0.0000e+00 +0.0000e+00 +0.0000e+00 +0.0000e+00 +0.0000e+00 +0.0000e+00 +0.0000e+00 +0.0000e+00
2 0 +8.029937807e+02 +8.029937807e+02 +1.802993781e+03 +1.802993781e+03 -7.0220e-01 +5.9888e-03 +1.6482e-01 +1.2914e+00 -2.6812e-01 -8.6735e-01 +2.6415e-01 -4.9312e-01 -1.1401e+00 -7.6182e-01 -5.0101e-02 +1.2155e-01 +2.3264e-01 -2.1273e-01 -7.8283e-01 -9.1641e-01 -9.2147e-01 +2.1989e-01 -1.6986e-02 -4.7367e-01
7 0 +7.315615340e+02 +7.315615340e+02 +1.731561534e+03 +1.731561534e+03 -5.4786e-02 -2.7578e-02 +1.1294e-01 -1.5711e-01 +1.0164e+00 -5.3387e-01 +6.5229e-01 +3.7505e-01 -5.0334e-01 -2.2387e-01 -1.8121e-02 +2.4778e-01 +8.6518e-01 -8.5248e-02 -2.2530e+00 -8.5006e-02 +2.1757e+00 +3.4495e-01 +1.0419e-01 -3.1281e-01
16 0 +6.102917040e+02 +6.102917040e+02 +1.610291704e+03 +1.610291704e+03 +1.6239e+00 +4.8574e-02 +3.2664e-01 +1.6444e-01 -1.8914e-01 -6.6261e-01 +8.0098e-01 -3.4440e+00 +7.4273e-01 +7.6678e-01 +4.6928e-02 -2.4603e-01 +1.5657e+00 +3.4433e-01 -6.8798e-01 -3.5940e-01 +2.2276e+00 +3.2679e-01 -4.1357e-02 +3.5707e+00
17 0 +5.011831332e+02 +5.011831332e+02 +1.501183133e+03 +1.501183133e+03 +3.4660e-01 +1.9883e-02 +4.3296e-01 +2.9242e-01 -1.2447e-01 -1.1272e+00 +1.2080e+00 -2.1380e+00 -1.5415e-01 +1.8543e+00 +7.2107e-02 +1.3561e+00 +1.0691e+00 -5.5250e-02 -7.6584e-01 +1.0805e+00 +1.2620e+00 +5.6742e-01 +1.0787e-02 -1.2225e+00
54 0 +3.133570213e+02 +3.133570213e+02 +1.313357021e+03 +1.313357021e+03 +2.2181e+00 +1.1977e-01 -4.3660e-01 +8.8195e-01 -7.2442e-01 -4.7377e+00 +2.1426e+00 -4.9639e+00 +1.7091e+00 +1.1710e+00 -1.1629e-01 -1.9048e+00 -2.7399e-02 -3.6198e-01 -5.9542e+00 -1.3953e+00 +2.5945e+00 -9.4001e-01 +7.8332e-01 -1.3302e+00
72 0 +2.786596381e+02 +2.786596381e+02 +1.278659638e+03 +1.278659638e+03 +2.9394e+00 +1.3227e-01 -6.1163e-01 -5.0694e-01 -1.6279e+00 -6.3826e+00 +1.4546e+00 -4.5835e+00 +1.1093e+00 -1.7475e+00 -7.9855e-02 +7.8992e-01 +6.7912e-01 -3.8258e-01 -6.1460e+00 -1.1567e+00 +5.1643e+00 -3.5768e-01 +6.0668e-01 +1.9907e+00
73 0 +2.719696969e+02 +2.719696969e+02 +1.271969697e+03 +1.271969697e+03 +3.3988e+00 +1.0947e-01 +8.0175e-01 +2.9341e-01 -6.8879e-01 -4.0228e+00 +1.5253e+00 -6.9113e+00 +2.0597e+00 +4.9369e-01 -1.4330e-01 +5.3216e-01 -1.0813e+00 +3.3562e-02 -6.6462e+00 -2.2215e+00 +2.0902e+00 -4.9481e-01 +3.1420e-01 -8.2651e-01
83 0 +2.456277326e+02 +2.456277326e+02 +1.245627733e+03 +1.245627733e+03 +3.6755e+00 +5.1381e-02 -9.5375e-02 -7.5003e-01 -1.3447e+00 -5.2041e+00 +1.7117e+00 -6.2207e+00 +8.5063e-01 -1.1669e+00 -1.2743e-01 +1.2497e-01 +3.2116e-01 +2.4790e-02 -6.3852e+00 -3.0323e+00 +3.8619e+00 -2.1709e-01 +4.2322e-01 +1.9746e+00
87 0 +2.371257042e+02 +2.371257042e+02 +1.237125704e+03 +1.237125704e+03 +1.7668e+00 +7.0622e-02 +2.0907e-01 -1.3829e+00 -1.6149e+00 -4.5698e+00 +1.7192e+00 -4.4059e+00 +1.7272e+00 -7.9905e-01 -2.0036e-01 +2.1205e+00 -4.0310e-02 -8.1126e-01 -5.3201e+00 -2.6916e+00 +4.6526e+00 -1.0173e-01 +4.6960e-01 +3.2872e+00
385 0 +2.320064484e+02 +2.320064484e+02 +1.232006448e+03 +1.232006448e+03 +1.9707e+00 -9.2309e-02 +3.3002e+00 -6.7831e+00 -2.3432e+00 -4.4648e+00 +4.9657e+00 -2.8327e+00 +4.5226e+00 -6.7557e-01 -5.1464e-01 +9.9829e-01 +3.6341e+00 +2.1361e+00 -8.2226e+00 -4.3344e+00 +3.8245e+00 -7.5641e-01 +1.8153e+00 +1.9942e+00
389 0 +2.089617458e+02 +2.089617458e+02 +1.208961746e+03 +1.208961746e+03 +2.1033e+00 -1.7146e-01 +3.0681e+00 -6.4942e+00 -1.8655e+00 -4.9535e+00 +5.5179e+00 -8.0093e-01 +3.1485e+00 -1.1473e-01 -5.2532e-01 +1.2997e+00 +4.2188e+00 +1.5206e+00 -5.8366e+00 -2.2908e+00 +2.8503e+00 -9.5622e-01 +1.6133e+00 +2.9565e+00
393 0 +1.961459064e+02 +1.961459064e+02 +1.196145906e+03 +1.196145906e+03 +1.3782e+00 -8.8873e-02 +2.9796e+00 -6.5699e+00 -2.3817e+00 -5.7398e+00 +4.8968e+00 -1.8641e+00 +4.0216e+00 -2.8464e-01 -4.9542e-01 +1.8482e+00 +4.5500e+00 +1.5929e+00 -5.8434e+00 -3.7727e+00 +3.8939e+00 -1.3618e+00 +1.7087e+00 +2.5398e+00
530 0 +1.949454607e+02 +1.949454607e+02 +1.194945461e+03 +1.194945461e+03 +4.1096e+00 -3.7501e-02 +3.4588e+00 -7.0838e+00 -1.2699e+00 -4.2827e+00 +5.8261e+00 -3.6974e+00 +1.9729e+00 -1.8067e+00 -7.5520e-01 +1.4397e+00 +4.3248e+00 +2.5407e-01 -4.9370e+00 -5.1676e+00 +3.9708e+00 -1.5399e+00 +2.1244e+00 +5.2455e+00
541 0 +1.695634508e+02 +1.695634508e+02 +1.169563451e+03 +1.169563451e+03 +4.7611e+00 -3.2435e-02 +3.2506e+00 -6.5835e+00 -1.2031e+00 -3.8203e+00 +5.6606e+00 -4.3080e+00 +1.9649e+00 -1.6632e+00 -6.7774e-01 +2.7772e-01 +3.3105e+00 +5.5613e-01 -5.5765e+00 -4.6228e+00 +3.1665e+00 -1.6426e+00 +2.1800e+00 +3.3695e+00
691 0 +1.653820585e+02 +1.653820585e+02 +1.165382058e+03 +1.165382058e+03 +4.4391e+00 -2.5007e-02 +3.5425e+00 -5.6100e+00 -1.0129e+00 -3.3311e+00 +6.0301e+00 -3.2795e+00 +1.3044e+00 -2.1894e+00 -4.2662e-01 +1.2108e+00 +3.9977e+00 +4.7012e-01 -3.5182e+00 -3.8218e+00 +4.8501e+00 -1.3523e+00 +2.0744e+00 +3.3158e+00
701 0 +1.594069076e+02 +1.594069076e+02 +1.159406908e+03 +1.159406908e+03 +4.1984e+00 -4.4500e-02 +3.3645e+00 -5.6547e+00 -9.9426e-01 -3.3601e+00 +5.8625e+00 -3.7380e+00 +1.4022e+00 -2.3193e+00 -4.2268e-01 +1.2922e+00 +3.8842e+00 +5.2851e-01 -3.0780e+00 -4.1945e+00 +4.6423e+00 -1.3450e+00 +2.0820e+00 +3.3702e+00
703 0 +1.540496979e+02 +1.540496979e+02 +1.154049698e+03 +1.154049698e+03 +4.2018e+00 -6.1628e-02 +3.6241e+00 -5.4432e+00 -9.0438e-01 -3.5705e+00 +5.8682e+00 -3.6486e+00 +1.6690e+00 -2.2483e+00 -3.9467e-01 +1.1262e+00 +4.1641e+00 +4.3379e-01 -3.8452e+00 -4.5810e+00 +5.5006e+00 -1.3271e+00 +2.0545e+00 +3.0972e+00
707 0 +1.476410256e+02 +1.476410256e+02 +1.147641026e+03 +1.147641026e+03 +3.8561e+00 -3.8467e-02 +3.3714e+00 -5.8696e+00 -1.0480e+00 -3.1499e+00 +5.8702e+00 -2.8293e+00 +1.9077e+00 -2.3542e+00 -4.3286e-01 +9.4679e-01 +4.2819e+00 +7.8064e-01 -3.3726e+00 -4.4131e+00 +4.5826e+00 -1.4414e+00 +2.1377e+00 +3.5966e+00
739 0 +1.433557677e+02 +1.433557677e+02 +1.143355768e+03 +1.143355768e+03 +3.4846e+00 -5.9151e-02 +3.0378e+00 -4.5876e+00 -6.0276e-01 -4.8224e+00 +5.5144e+00 -4.6325e+00 +1.6702e+00 -2.1638e+00 -2.9506e-01 +8.1935e-04 +4.0152e+00 +3.0223e-01 -3.7211e+00 -3.4687e+00 +4.4888e+00 -1.2685e+00 +2.0916e+00 +1.8849e+00
745 0 +1.352018943e+02 +1.352018943e+02 +1.135201894e+03 +1.135201894e+03 +3.1064e+00 -1.1053e-02 +3.0987e+00 -4.1616e+00 -5.0407e-01 -4.8613e+00 +5.3796e+00 -4.6164e+00 +1.9545e+00 -2.3849e+00 -4.1384e-01 +2.9337e-01 +3.5237e+00 +4.2161e-01 -5.0035e+00 -3.7685e+00 +5.0373e+00 -1.4342e+00 +1.9278e+00 -1.9722e-01
