% f evaluations | g evaluations | best noise-free fitness - Fopt | noise-free fitness - Fopt (9.294000000000e+01) | measured fitness | best measured fitness | x1 | x2...
1 0 +7.446256321e+02 +7.446256321e+02 +8.375656321e+02 +8.375656321e+02 +0.0000e+00 +0.0000e+00 +0.0000e+00 +0.0000e+00 +0.0000e+00 +0.0000e+00 +0.0000e+00 +0.0000e+00 +0.0000e+00 +0.0000e+00
2 0 +6.580828744e+02 +6.580828744e+02 +7.510228744e+02 +7.510228744e+02 -1.5272e-01 +2.5907e-01 -5.7221e-01 +2.1125e-01 -8.5948e-01 +7.4409e-01 +2.9054e-01 -4.4244e-01 +4.5929e-01 +3.8416e-01
6 0 +5.464679995e+02 +5.464679995e+02 +6.394079995e+02 +6.394079995e+02 +1.6071e-01 +5.0056e-01 +1.3474e-01 +2.0255e-01 +4.0096e-01 +2.1155e-02 -2.3072e-02 -3.3802e-01 +7.7674e-01 -4.5499e-01
9 0 +4.487415604e+02 +4.487415604e+02 +5.416815604e+02 +5.416815604e+02 +1.0635e+00 +5.8098e-01 +2.4888e-01 +2.2731e-01 +8.4033e-01 +4.0287e-01 -3.7807e-02 -7.7016e-01 +5.6454e-01 -9.1996e-04
13 0 +4.129957714e+02 +4.129957714e+02 +5.059357714e+02 +5.059357714e+02 +1.3598e+00 +1.0572e+00 +1.8947e-01 +1.1198e-01 +6.7743e-01 +4.8280e-01 -7.1310e-02 -3.0723e-01 +6.1481e-01 -3.8437e-01
25 0 +2.970384692e+02 +2.970384692e+02 +3.899784692e+02 +3.899784692e+02 +1.3680e+00 +4.3839e-01 +1.2301e-01 +1.2079e+00 +1.8157e+00 +1.5269e-01 +6.8299e-01 -2.2974e-01 +2.7183e-01 +2.4941e-01
40 0 +2.408225955e+02 +2.408225955e+02 +3.337625955e+02 +3.337625955e+02 +1.4543e+00 -1.8755e+00 +1.3074e+00 +3.3774e+00 +1.3790e+00 +8.3803e-01 +1.0071e+00 -2.4232e+00 -1.5123e-02 +1.1204e-02
44 0 +2.317241168e+02 +2.317241168e+02 +3.246641168e+02 +3.246641168e+02 +9.7049e-01 +1.0446e+00 -1.2800e+00 +2.0746e+00 +1.1018e+00 +1.0535e+00 +1.3129e+00 +3.3246e-01 +1.8249e+00 +6.7227e-01
48 0 +1.623651627e+02 +1.623651627e+02 +2.553051627e+02 +2.553051627e+02 +2.2629e+00 -2.4911e+00 +1.1304e-01 +4.6283e+00 +4.0370e+00 +2.0230e+00 +1.3332e+00 +1.5313e+00 +2.3002e+00 -1.0026e+00
919 0 +1.336128578e+02 +1.336128578e+02 +2.265528578e+02 +2.265528578e+02 +3.9430e+00 +8.4009e+00 +1.4426e+00 +1.2228e+00 +8.1627e+00 -1.0792e+00 +5.9556e+00 +1.3113e+00 +5.6684e+00 +3.7988e+00
% f evaluations | g evaluations | best noise-free fitness - Fopt | noise-free fitness - Fopt (3.535000000000e+01) | measured fitness | best measured fitness | x1 | x2...
1 0 +3.817950521e+02 +3.817950521e+02 +4.171450521e+02 +4.171450521e+02 +0.0000e+00 +0.0000e+00 +0.0000e+00 +0.0000e+00 +0.0000e+00 +0.0000e+00 +0.0000e+00 +0.0000e+00 +0.0000e+00 +0.0000e+00
2 0 +2.112637430e+02 +2.112637430e+02 +2.466137430e+02 +2.466137430e+02 +2.7602e-01 +5.5409e-02 -7.5494e-02 +7.2384e-01 +2.1742e-02 -4.2843e-01 +2.1560e-01 +1.6313e-02 -1.6947e-01 -1.3074e-01
13 0 +1.971383299e+02 +1.971383299e+02 +2.324883299e+02 +2.324883299e+02 +2.9205e-01 +3.5068e-01 -6.3444e-02 +6.6850e-01 -6.9084e-03 -1.2876e+00 -4.3746e-01 -1.4199e-01 -2.4282e-01 +1.0363e-02
14 0 +1.294194750e+02 +1.294194750e+02 +1.647694750e+02 +1.647694750e+02 -2.2521e-01 -5.2684e-01 -1.4146e-01 +7.5106e-01 -5.2163e-02 -2.7701e+00 +6.5393e-01 +7.1500e-02 +3.1053e-01 -2.2376e-03
18 0 +9.537978208e+01 +9.537978208e+01 +1.307297821e+02 +1.307297821e+02 -1.2717e-01 +8.9642e-02 +1.3784e-02 +1.6821e+00 +1.1572e-01 -1.8516e+00 -5.8549e-01 -1.6244e-01 +4.2648e-01 +5.0023e-01
31 0 +7.094066210e+01 +7.094066210e+01 +1.062906621e+02 +1.062906621e+02 -2.2649e-02 +1.6359e-01 -7.0965e-02 +2.3677e+00 -3.4356e-02 -2.9743e+00 -5.8464e-01 +4.0464e-03 -4.2373e-02 -1.4791e-01
33 0 +7.071723164e+01 +7.071723164e+01 +1.060672316e+02 +1.060672316e+02 +6.7121e-02 +1.2860e-01 -8.4598e-03 +2.8426e+00 -4.7078e-02 -2.3704e+00 -1.5034e-01 -2.2513e-02 -5.8072e-01 -2.4714e-01
35 0 +6.116234460e+01 +6.116234460e+01 +9.651234460e+01 +9.651234460e+01 -7.0765e-02 +4.7021e-01 +8.1447e-02 +2.8436e+00 -3.9269e-02 -2.2143e+00 -9.3916e-02 -5.8397e-02 +1.3146e+00 -1.5301e-02
86 0 +5.351690364e+01 +5.351690364e+01 +8.886690364e+01 +8.886690364e+01 +3.7134e-01 -4.8336e-01 -1.7985e-01 +3.7159e+00 -8.3310e-02 -2.1661e+00 -4.9498e-01 +3.3144e-01 +1.5344e+00 -2.6961e-01
93 0 +4.360473997e+01 +4.360473997e+01 +7.895473997e+01 +7.895473997e+01 +3.8332e-01 -7.4305e-02 -6.5419e-02 +3.1950e+00 -3.9559e-02 -1.4846e+00 -6.0773e-01 +3.8166e-01 +1.3865e+00 -3.5885e-01
142 0 +4.229839418e+01 +4.229839418e+01 +7.764839418e+01 +7.764839418e+01 +4.0648e-01 -1.4179e-02 -1.0203e-02 +3.0260e+00 -2.4485e-01 -1.4914e+00 +4.3745e-01 +4.1089e-01 +1.2851e+00 -1.3704e-01
151 0 +3.732720749e+01 +3.732720749e+01 +7.267720749e+01 +7.267720749e+01 +3.5497e-01 +2.3992e-01 -1.3620e-02 +3.3007e+00 -2.4932e-01 -1.3690e+00 +2.3929e-01 +3.4401e-01 +1.0296e+00 -5.7968e-01
152 0 +3.458487716e+01 +3.458487716e+01 +6.993487716e+01 +6.993487716e+01 +3.3432e-01 +2.3203e-01 -3.7323e-02 +3.4115e+00 -2.7348e-01 -1.0575e+00 +2.9029e-01 +3.5951e-01 +1.1142e+00 -4.4214e-01
371 0 +3.288352882e+01 +3.288352882e+01 +6.823352882e+01 +6.823352882e+01 +9.8954e-01 -6.0361e-02 -5.4242e-02 +3.0700e+00 -2.3111e-01 -1.3107e+00 +3.6051e-01 +3.2259e-01 +2.7255e+00 -9.4492e-01
516 0 +2.862448122e+01 +2.862448122e+01 +6.397448122e+01 +6.397448122e+01 +1.1160e+00 +9.0873e-03 +2.4649e-01 +2.5975e+00 -3.1440e-01 -1.6729e+00 +6.5352e-01 +6.4654e-01 +1.4824e+00 -1.6402e+00
% f evaluations | g evaluations | best noise-free fitness - Fopt | noise-free fitness - Fopt (3.820000000000e+00) | measured fitness | best measured fitness | x1 | x2...
1 0 +2.465692563e+02 +2.465692563e+02 +2.503892563e+02 +2.503892563e+02 +0.0000e+00 +0.0000e+00 +0.0000e+00 +0.0000e+00 +0.0000e+00 +0.0000e+00 +0.0000e+00 +0.0000e+00 +0.0000e+00 +0.0000e+00
5 0 +1.667985695e+02 +1.667985695e+02 +1.706185695e+02 +1.706185695e+02 +1.1603e+00 -7.4356e-01 -9.7055e-02 -5.7231e-01 +1.2574e-01 +7.7045e-01 -1.3363e-01 +1.4615e-01 -1.8481e+00 +2.2799e+00
6 0 +1.483424643e+02 +1.483424643e+02 +1.521624643e+02 +1.521624643e+02 -3.0610e-01 +8.4898e-01 +7.8371e-02 -5.5497e-02 -1.7331e-01 +3.1053e+00 -8.5140e-02 -1.0205e-01 +2.3287e+00 +1.9871e-01
11 0 +1.461952596e+02 +1.461952596e+02 +1.500152596e+02 +1.500152596e+02 +2.8699e+00 +6.3260e-01 -1.0520e-02 +8.3039e-01 -2.4625e-01 +7.6331e-01 -8.9395e-02 +1.3170e-01 -9.9139e-01 +5.6481e-02
19 0 +1.411745654e+02 +1.411745654e+02 +1.449945654e+02 +1.449945654e+02 +4.9262e+00 +1.1224e+00 +7.4622e-02 +1.6717e+00 +1.7595e+00 +1.0444e+00 -1.0836e-01 +1.0071e-01 -3.0351e-01 +2.9203e-01
24 0 +1.220805294e+02 +1.220805294e+02 +1.259005294e+02 +1.259005294e+02 +6.6477e+00 +1.5793e+00 +1.1484e-01 +5.9617e-01 +1.8785e+00 -1.1923e-01 +3.3150e-04 +3.1601e-01 -5.8312e-02 +1.4888e+00
% f evaluations | g evaluations | best noise-free fitness - Fopt | noise-free fitness - Fopt (2.175000000000e+01) | measured fitness | best measured fitness | x1 | x2...
1 0 +3.295796235e+02 +3.295796235e+02 +3.513296235e+02 +3.513296235e+02 +0.0000e+00 +0.0000e+00 +0.0000e+00 +0.0000e+00 +0.0000e+00 +0.0000e+00 +0.0000e+00 +0.0000e+00 +0.0000e+00 +0.0000e+00
2 0 +3.186259953e+02 +3.186259953e+02 +3.403759953e+02 +3.403759953e+02 +2.5756e-01 +1.8466e+00 +2.1868e-01 +1.3872e-01 +4.0493e-02 +2.4898e-01 -6.8294e-04 -6.6208e-02 +3.4699e-01 -4.1331e-01
5 0 +3.007397057e+02 +3.007397057e+02 +3.224897057e+02 +3.224897057e+02 -4.9826e-01 -6.2556e-01 -1.0690e-01 -2.5038e-01 +8.4120e-01 -1.2684e-01 +1.2800e-02 -2.8960e-01 +5.7108e+00 +1.0883e+00
13 0 +2.758605659e+02 +2.758605659e+02 +2.976105659e+02 +2.976105659e+02 +2.9294e-01 +1.6031e+00 +1.9262e-01 -9.1780e-01 +1.2631e+00 +5.0058e-01 -1.9963e-02 -3.2204e-01 +2.7370e+00 +5.0891e-01
17 0 +2.689605070e+02 +2.689605070e+02 +2.907105070e+02 +2.907105070e+02 +1.5563e-01 -4.8555e-02 +2.4017e-01 +1.1016e+00 +8.2588e-01 +5.9494e-02 +3.5115e-03 -9.0944e-01 +3.7700e+00 -1.9182e-01
18 0 +1.836931142e+02 +1.836931142e+02 +2.054431142e+02 +2.054431142e+02 -4.5569e-01 -1.4271e-01 -1.3901e-01 +1.4679e+00 +2.7429e-01 +2.2265e-01 +1.0636e-02 -8.8836e-01 +1.9047e+00 +7.8938e-01
33 0 +1.696873605e+02 +1.696873605e+02 +1.914373605e+02 +1.914373605e+02 +2.0501e-01 +6.3158e-01 -9.1027e-01 +2.4978e+00 +1.2815e-01 +3.7225e-01 -1.4063e-02 -5.3891e-01 +1.5140e+00 +3.9253e-01
36 0 +1.498315667e+02 +1.498315667e+02 +1.715815667e+02 +1.715815667e+02 +6.1827e-01 +4.8128e-02 -6.4539e-01 +1.9247e+00 +1.7624e-01 -6.8252e-01 -5.0496e-02 -6.7819e-01 +1.2729e+00 +2.2749e+00
66 0 +1.268198555e+02 +1.268198555e+02 +1.485698555e+02 +1.485698555e+02 +4.3675e-01 +2.8458e+00 -8.3755e-02 +2.1628e+00 -1.3167e-01 -1.2926e+00 -1.7773e-02 +2.3027e-01 +1.0363e+00 +3.1273e+00
73 0 +8.999105820e+01 +8.999105820e+01 +1.117410582e+02 +1.117410582e+02 +1.1556e+00 +1.5277e+00 -1.3704e-01 +1.3513e+00 +3.5814e-01 -1.1120e+00 -2.0265e-02 +5.8102e-01 +2.9590e+00 +3.7689e+00
76 0 +7.547851295e+01 +7.547851295e+01 +9.722851295e+01 +9.722851295e+01 +1.2060e+00 +1.0020e+00 -1.3788e-02 +1.6047e+00 +7.2089e-01 -1.5339e+00 -3.8590e-02 +9.4256e-01 +3.2425e+00 +2.7586e+00
149 0 +6.493102151e+01 +6.493102151e+01 +8.668102151e+01 +8.668102151e+01 +1.4933e+00 +1.6903e+00 -3.6316e-01 -4.8054e-01 +1.9068e+00 -3.4372e+00 -1.7503e-02 +9.4761e-01 +4.2015e+00 +4.2451e+00
% f evaluations | g evaluations | best noise-free fitness - Fopt | noise-free fitness - Fopt (6.479000000000e+01) | measured fitness | best measured fitness | x1 | x2...
1 0 +3.557821840e+02 +3.557821840e+02 +4.205721840e+02 +4.205721840e+02 +0.0000e+00 +0.0000e+00 +0.0000e+00 +0.0000e+00 +0.0000e+00 +0.0000e+00 +0.0000e+00 +0.0000e+00 +0.0000e+00 +0.0000e+00
2 0 +2.153786769e+02 +2.153786769e+02 +2.801686769e+02 +2.801686769e+02 +5.6691e-03 +5.8624e-02 -8.0158e-01 +7.4007e-01 +5.2823e-02 +8.1244e-02 -2.4684e+00 -1.4448e+00 -2.5391e-03 +4.4817e-02
9 0 +1.902355150e+02 +1.902355150e+02 +2.550255150e+02 +2.550255150e+02 +6.7832e-02 -3.7771e-02 +8.7112e-01 -5.7006e-01 +7.2305e-01 +9.7527e-03 -3.0897e+00 +1.2184e+00 +4.6511e-02 -1.6372e-01
16 0 +1.229642071e+02 +1.229642071e+02 +1.877542071e+02 +1.877542071e+02 -3.9725e-02 -8.5194e-01 +6.1221e-01 +1.2700e+00 +5.9113e-01 -4.0120e-02 -5.6448e+00 +1.2879e+00 +1.2826e-02 -1.8489e-01
21 0 +1.166407449e+02 +1.166407449e+02 +1.814307449e+02 +1.814307449e+02 -8.1625e-02 -6.4570e-01 +1.3673e+00 -2.3309e-01 +9.5476e-01 -8.5581e-02 -2.3450e+00 +4.5692e+00 +8.1394e-02 -3.6266e-01
26 0 +9.586427522e+01 +9.586427522e+01 +1.606542752e+02 +1.606542752e+02 +2.3692e-01 -8.4741e-01 -3.6802e-02 +1.0412e+00 +1.6043e+00 -6.9028e-03 -3.4389e+00 +5.6585e+00 +6.9072e-02 -1.9370e-01
30 0 +8.441185619e+01 +8.441185619e+01 +1.492018562e+02 +1.492018562e+02 -5.5119e-02 -1.0561e+00 +3.5480e-02 -4.0851e-01 +7.0882e-01 -2.4703e-01 -4.1408e+00 +4.8249e+00 +3.4059e-02 -3.7099e-01
42 0 +7.030678642e+01 +7.030678642e+01 +1.350967864e+02 +1.350967864e+02 +4.1447e-02 +1.0655e-01 -4.5544e-01 +2.8054e-01 +8.7493e-01 -3.4695e-02 -4.9490e+00 +5.0257e+00 +1.0304e-01 -1.1232e-01
63 0 +5.892552832e+01 +5.892552832e+01 +1.237155283e+02 +1.237155283e+02 -3.5703e-01 +3.1528e-01 -1.5899e+00 -3.2348e-01 +1.2206e+00 +9.7279e-03 -4.0028e+00 +2.6658e+00 +1.7928e-01 +2.5677e-01
72 0 +5.773240293e+01 +5.773240293e+01 +1.225224029e+02 +1.225224029e+02 -1.6836e-01 +4.3681e-01 -1.4425e+00 +3.1426e-01 +1.5923e+00 -3.3096e-02 -3.6839e+00 +3.0479e+00 +1.8736e-01 +8.7594e-02
80 0 +5.689781260e+01 +5.689781260e+01 +1.216878126e+02 +1.216878126e+02 -3.1579e-01 +9.4178e-02 -1.3759e+00 -2.4271e-01 +1.0395e+00 +2.0425e-02 -4.0943e+00 +2.9431e+00 +9.7533e-02 +6.2884e-02
84 0 +5.114886351e+01 +5.114886351e+01 +1.159388635e+02 +1.159388635e+02 -1.2056e-01 +1.7597e-01 -8.7700e-01 +7.8106e-01 +1.1713e+00 -1.9929e-02 -4.4746e+00 +2.5742e+00 +1.3272e-01 +7.0786e-02
122 0 +4.870760639e+01 +4.870760639e+01 +1.134976064e+02 +1.134976064e+02 -3.0233e-01 -3.8298e-01 -4.8332e-01 -5.1832e-02 +1.5600e+00 +1.2769e-02 -4.4567e+00 +3.6179e+00 +1.1587e-01 +1.5748e-01
132 0 +4.720534084e+01 +4.720534084e+01 +1.119953408e+02 +1.119953408e+02 -2.6489e-01 -6.8552e-01 -1.1012e+00 -3.9294e-02 +1.7870e+00 +3.8486e-02 -4.2488e+00 +3.0554e+00 +1.4067e-01 +1.8776e-01
141 0 +4.661970790e+01 +4.661970790e+01 +1.114097079e+02 +1.114097079e+02 -2.1719e-01 -1.3636e-01 -1.6470e+00 -3.2179e-01 +1.4716e+00 +1.2979e-02 -4.2545e+00 +3.6088e+00 +1.3706e-01 +1.4398e-01
162 0 +4.325488644e+01 +4.325488644e+01 +1.080448864e+02 +1.080448864e+02 -3.2592e-01 -4.1584e-01 -1.8934e+00 -7.5237e-01 +2.0016e+00 -4.3681e-02 -4.4058e+00 +2.4730e+00 +1.5781e-01 +1.4419e-01
% f evaluations | g evaluations | best noise-free fitness - Fopt | noise-free fitness - Fopt (-1.000000000000e+03) | measured fitness | best measured fitness | x1 | x2...
1 0 +2.433986431e+02 +2.433986431e+02 -7.566013569e+02 -7.566013569e+02 +0.0000e+00 +0.0000e+00 +0.0000e+00 +0.0000e+00 +0.0000e+00 +0.0000e+00 +0.0000e+00 +0.0000e+00 +0.0000e+00 +0.0000e+00
5 0 +2.078303199e+02 +2.078303199e+02 -7.921696801e+02 -7.921696801e+02 +1.0884e-01 -7.2777e-01 -2.2332e+00 -3.7209e-02 -1.5609e-01 +5.5382e-01 +1.2592e-01 +7.0330e-01 +1.7049e+00 -4.1745e-02
16 0 +1.874102176e+02 +1.874102176e+02 -8.125897824e+02 -8.125897824e+02 +5.8919e-02 -1.0696e+00 -1.7803e+00 +2.5575e-01 -3.0525e-01 +9.6201e-01 +6.7432e-02 +1.3371e+00 +5.9216e-01 -4.6709e-03
22 0 +1.719788650e+02 +1.719788650e+02 -8.280211350e+02 -8.280211350e+02 -3.5112e-01 -1.0607e+00 +8.7927e-02 +2.9593e-01 -2.2006e-01 -4.8351e-01 +4.2725e-01 +2.7867e-01 +1.5154e+00 +2.7013e-02
34 0 +1.613535501e+02 +1.613535501e+02 -8.386464499e+02 -8.386464499e+02 -3.0004e-01 -1.2988e+00 -7.2133e-01 +2.9830e-01 -2.7042e-02 -3.5713e-01 +4.9435e-01 +2.5953e-01 +1.8894e+00 +5.1580e-02
43 0 +1.364723776e+02 +1.364723776e+02 -8.635276224e+02 -8.635276224e+02 -4.4293e-02 -1.2012e+00 -2.4061e+00 +3.8896e-01 -5.9626e-01 +1.7395e-01 +1.3341e-01 -1.6418e-01 +3.0373e+00 +9.9225e-02
52 0 +1.315417569e+02 +1.315417569e+02 -8.684582431e+02 -8.684582431e+02 -1.6640e-01 -1.5867e+00 -1.3581e+00 +3.8098e-01 -7.8730e-01 +7.1756e-01 +1.9470e-01 +3.1972e-01 +1.4878e+00 +1.1820e-01
54 0 +1.159420066e+02 +1.159420066e+02 -8.840579934e+02 -8.840579934e+02 -2.2284e-01 -1.5806e+00 -2.5631e+00 +3.8810e-01 -8.2926e-01 +3.7622e-01 +2.2015e-01 -8.9430e-01 +3.0983e+00 +4.1520e-02
64 0 +1.130681207e+02 +1.130681207e+02 -8.869318793e+02 -8.869318793e+02 -4.4848e-01 -1.7522e+00 -2.6363e+00 +4.0226e-01 -9.1272e-01 +1.1570e+00 +2.6983e-01 +6.0832e-01 +2.0779e+00 -4.8935e-02
79 0 +1.025466743e+02 +1.025466743e+02 -8.974533257e+02 -8.974533257e+02 -2.3699e-01 -1.9540e+00 -7.8978e-01 +5.1567e-01 -9.7213e-01 +1.4199e+00 +2.1682e-01 +9.7660e-01 +2.4655e+00 +2.0587e-02
97 0 +8.482967280e+01 +8.482967280e+01 -9.151703272e+02 -9.151703272e+02 -5.0937e-01 -2.0456e+00 -2.1618e+00 +4.5592e-01 -1.1217e+00 +1.5628e+00 +1.0114e-01 +1.1229e+00 +3.9597e+00 +1.8842e-02
98 0 +7.885524324e+01 +7.885524324e+01 -9.211447568e+02 -9.211447568e+02 -3.3535e-01 -1.9722e+00 -2.1339e+00 +4.5683e-01 -1.3331e+00 +1.3412e+00 +1.7891e-01 +1.8902e+00 +3.0732e+00 +9.0247e-03
101 0 +7.258566370e+01 +7.258566370e+01 -9.274143363e+02 -9.274143363e+02 -6.6678e-02 -1.4629e+00 -2.0384e+00 +4.3536e-01 -1.4282e+00 +1.7830e+00 +2.0941e-01 +1.8542e+00 +3.1548e+00 +2.4664e-03
146 0 +6.499689868e+01 +6.499689868e+01 -9.350031013e+02 -9.350031013e+02 -2.9592e-01 -1.1085e+00 -1.7496e+00 +4.6048e-01 -1.6283e+00 +2.0393e+00 -2.1023e-01 +2.9104e+00 +2.7944e+00 +8.8274e-02
188 0 +6.359421377e+01 +6.359421377e+01 -9.364057862e+02 -9.364057862e+02 -7.1778e-02 -9.3833e-01 -1.8949e+00 +4.4812e-01 -1.8769e+00 +2.4278e+00 -4.5026e-01 +2.8290e+00 +3.3984e+00 +7.8297e-02
195 0 +5.819361911e+01 +5.819361911e+01 -9.418063809e+02 -9.418063809e+02 -1.8730e-01 -1.0126e+00 -1.7934e+00 +4.3068e-01 -2.2937e+00 +2.1450e+00 -3.7698e-01 +2.8645e+00 +3.4974e+00 +5.5896e-02
196 0 +5.736114069e+01 +5.736114069e+01 -9.426388593e+02 -9.426388593e+02 -2.1389e-01 -6.2196e-01 -2.1330e+00 +5.0853e-01 -2.2830e+00 +2.1183e+00 -3.9858e-01 +2.9610e+00 +3.9454e+00 +1.2561e-01
209 0 +5.104734164e+01 +5.104734164e+01 -9.489526584e+02 -9.489526584e+02 -3.1400e-01 -1.2149e+00 -1.0408e+00 +5.0003e-01 -2.9503e+00 +2.4103e+00 -3.3548e-01 +2.7353e+00 +3.0119e+00 +6.0505e-02
259 0 +4.973262126e+01 +4.973262126e+01 -9.502673787e+02 -9.502673787e+02 -9.7354e-01 -1.2279e+00 -2.3069e+00 +3.8907e-01 -2.9878e+00 +2.4810e+00 -7.7820e-01 +3.0605e+00 +4.4872e+00 +6.5026e-02
266 0 +4.185165444e+01 +4.185165444e+01 -9.581483456e+02 -9.581483456e+02 -5.4759e-01 -2.4605e+00 -2.1354e+00 +3.3426e-01 -3.3056e+00 +2.6080e+00 -4.7499e-01 +2.2873e+00 +4.1273e+00 +1.4556e-01
300 0 +3.914142002e+01 +3.914142002e+01 -9.608585800e+02 -9.608585800e+02 -6.7590e-01 -2.1062e+00 -2.1087e+00 +4.0067e-01 -3.3345e+00 +2.2683e+00 -4.0510e-01 +8.3325e-01 +5.1523e+00 +3.3092e-01
320 0 +3.867361791e+01 +3.867361791e+01 -9.613263821e+02 -9.613263821e+02 -8.7019e-01 -2.0547e+00 -2.1113e+00 +3.8163e-01 -3.3917e+00 +2.5070e+00 -4.7709e-01 +1.3714e+00 +4.8377e+00 +2.1559e-01
333 0 +3.200398250e+01 +3.200398250e+01 -9.679960175e+02 -9.679960175e+02 -1.1328e+00 -7.8682e-01 -9.7991e-01 +4.6180e-01 -3.1522e+00 +2.9926e+00 -4.5226e-01 +1.2778e+00 +3.7605e+00 +1.7365e-01
352 0 +2.566924067e+01 +2.566924067e+01 -9.743307593e+02 -9.743307593e+02 -1.0794e+00 -7.4073e-01 -2.2954e+00 +4.2539e-01 -2.9482e+00 +2.6092e+00 -5.6585e-01 +1.1194e+00 +4.3565e+00 +2.1712e-01
602 0 +2.342947788e+01 +2.342947788e+01 -9.765705221e+02 -9.765705221e+02 -6.2925e+00 -1.5152e+00 -2.9293e+00 +1.0669e+00 -3.4295e+00 +1.6812e+00 -4.2546e+00 +6.0070e-01 +4.4492e+00 -6.4290e-01
820 0 +2.262274862e+01 +2.262274862e+01 -9.773772514e+02 -9.773772514e+02 -4.1349e+00 -5.3871e-01 -1.9616e+00 +1.2908e+00 -4.2850e+00 +1.1535e+00 -1.8899e+00 -2.7731e-01 +4.5014e+00 -8.1396e-01
% f evaluations | g evaluations | best noise-free fitness - Fopt | noise-free fitness - Fopt (1.640700000000e+02) | measured fitness | best measured fitness | x1 | x2...
1 0 +6.516834997e+02 +6.516834997e+02 +8.157534997e+02 +8.157534997e+02 +0.0000e+00 +0.0000e+00 +0.0000e+00 +0.0000e+00 +0.0000e+00 +0.0000e+00 +0.0000e+00 +0.0000e+00 +0.0000e+00 +0.0000e+00
4 0 +6.043288056e+02 +6.043288056e+02 +7.683988056e+02 +7.683988056e+02 +1.0270e-01 +1.1298e+00 +1.6225e-01 +5.0332e-01 +4.8488e-01 +1.7978e-02 +4.2060e-02 -5.8497e+00 -5.8770e-01 +5.1100e-02
11 0 +5.992174524e+02 +5.992174524e+02 +7.632874524e+02 +7.632874524e+02 -6.3335e-02 +1.0088e+00 -2.7043e-01 +1.2698e-01 -6.1674e-01 -5.5799e-01 -1.4387e-01 +2.0976e-01 +6.9025e-02 +3.1207e-01
16 0 +4.790938923e+02 +4.790938923e+02 +6.431638923e+02 +6.431638923e+02 +2.5678e-02 +7.1222e-01 -1.1503e-01 +1.4382e+00 -2.9112e-01 +3.7296e-01 -1.0018e-01 -4.0576e+00 -1.1618e+00 +8.4725e-02
22 0 +3.980195382e+02 +3.980195382e+02 +5.620895382e+02 +5.620895382e+02 -5.9625e-02 +1.0226e+00 -3.6052e-01 +7.5982e-01 -3.6534e-01 +1.3447e-02 -3.3735e-01 -3.3820e+00 -4.8909e-01 -7.9345e-02
38 0 +3.776949322e+02 +3.776949322e+02 +5.417649322e+02 +5.417649322e+02 -1.1566e-01 +1.5896e+00 -6.6142e-01 +1.1605e+00 -3.2807e-01 +3.5928e-01 -1.1797e-01 -3.8298e+00 -4.9252e-01 -9.3698e-02
42 0 +3.295789483e+02 +3.295789483e+02 +4.936489483e+02 +4.936489483e+02 -2.7805e-01 +1.7209e+00 -2.4705e-02 +1.8745e-01 -9.9139e-02 +7.6815e-01 -2.3817e-01 -2.8542e+00 -1.1540e+00 -5.2048e-01
55 0 +3.143764493e+02 +3.143764493e+02 +4.784464493e+02 +4.784464493e+02 -3.4044e-01 +2.6178e+00 -1.8968e-01 -9.5378e-01 -2.1671e-01 +7.5748e-01 -4.1168e-01 -2.9046e-01 -3.6130e-02 -8.4939e-01
63 0 +2.848060633e+02 +2.848060633e+02 +4.488760633e+02 +4.488760633e+02 -4.0219e-01 +1.7825e+00 -1.7807e-01 +8.1448e-01 +3.5119e-02 +9.9696e-01 -3.4299e-01 -2.4260e+00 -1.1027e+00 -6.9760e-01
67 0 +2.467723654e+02 +2.467723654e+02 +4.108423654e+02 +4.108423654e+02 -4.4121e-01 +2.4390e+00 +2.0184e-01 +1.1499e+00 +8.6950e-02 +3.3268e-01 -1.5092e-01 -8.2824e-01 -1.3289e+00 -9.3524e-01
80 0 +2.317358544e+02 +2.317358544e+02 +3.958058544e+02 +3.958058544e+02 -4.5775e-01 +2.8124e+00 +9.9681e-02 +1.2861e+00 +1.5110e-02 +1.5605e-01 -5.0732e-01 +8.7055e-01 -1.3367e+00 -1.1181e+00
85 0 +1.923332742e+02 +1.923332742e+02 +3.564032742e+02 +3.564032742e+02 -5.1677e-01 +3.0459e+00 -5.3222e-02 +1.5898e+00 -5.0326e-02 +1.5248e-01 -1.0408e-01 -7.3731e-01 -9.8560e-01 -1.0762e+00
116 0 +1.838823239e+02 +1.838823239e+02 +3.479523239e+02 +3.479523239e+02 -5.3974e-01 +3.4953e+00 -2.8956e-03 +1.8865e+00 +1.4488e-01 -3.5868e-01 -2.7134e-01 -4.8648e-02 -1.1878e+00 -1.3935e+00
119 0 +1.762004296e+02 +1.762004296e+02 +3.402704296e+02 +3.402704296e+02 -5.4151e-01 +3.3482e+00 +2.5907e-02 +1.5975e+00 +2.9903e-01 -5.5792e-01 -2.3615e-01 +7.2901e-01 -1.0394e+00 -1.3182e+00
126 0 +1.734490981e+02 +1.734490981e+02 +3.375190981e+02 +3.375190981e+02 -5.2244e-01 +3.3016e+00 +8.5890e-03 +1.6258e+00 +2.3760e-01 -6.1740e-01 -1.7701e-01 +2.5611e-01 -1.1650e+00 -1.3076e+00
134 0 +1.654846098e+02 +1.654846098e+02 +3.295546098e+02 +3.295546098e+02 -5.6128e-01 +3.2910e+00 +5.1741e-02 +1.6338e+00 +3.9545e-01 -3.3490e-01 -1.3976e-01 +3.3942e-01 -1.5151e+00 -1.4887e+00
146 0 +1.579889427e+02 +1.579889427e+02 +3.220589427e+02 +3.220589427e+02 -5.6489e-01 +3.3455e+00 +3.1293e-02 +1.5905e+00 +1.3184e-01 -3.3502e-01 -2.1081e-01 +8.5662e-01 -1.5956e+00 -1.6091e+00
160 0 +1.427929402e+02 +1.427929402e+02 +3.068629402e+02 +3.068629402e+02 -5.6194e-01 +3.2528e+00 +1.6646e-02 +1.6275e+00 +1.5906e-01 -3.3071e-01 -1.8759e-01 +3.8436e-01 -1.2029e+00 -1.7145e+00
220 0 +1.373923938e+02 +1.373923938e+02 +3.014623938e+02 +3.014623938e+02 -5.8757e-01 +3.0953e+00 +4.9241e-02 +1.5949e+00 +1.4203e-01 -5.5774e-01 -1.9185e-01 +1.0422e+00 -1.3819e+00 -2.0669e+00
235 0 +1.315559277e+02 +1.315559277e+02 +2.956259277e+02 +2.956259277e+02 -5.7389e-01 +2.8436e+00 +3.2541e-02 +1.5639e+00 +3.4488e-02 -3.6909e-01 -2.4570e-01 +6.7113e-01 -1.0726e+00 -2.0558e+00
278 0 +1.222680616e+02 +1.222680616e+02 +2.863380616e+02 +2.863380616e+02 -5.9141e-01 +3.2671e+00 +3.8397e-02 +1.1794e+00 -1.9547e-01 -4.3214e-01 -2.3495e-01 +1.2561e+00 -8.4165e-01 -2.0475e+00
283 0 +1.118649038e+02 +1.118649038e+02 +2.759349038e+02 +2.759349038e+02 -5.6963e-01 +3.4435e+00 +1.2811e-02 +1.1120e+00 -1.7614e-01 -2.5604e-01 -2.8065e-01 +1.5838e+00 -8.0593e-01 -2.1589e+00
304 0 +1.080894328e+02 +1.080894328e+02 +2.721594328e+02 +2.721594328e+02 -5.7984e-01 +3.4348e+00 +1.2199e-02 +1.0980e+00 -1.6298e-01 -2.2944e-01 -2.3038e-01 +1.5934e+00 -6.5845e-01 -2.2367e+00
307 0 +1.068987030e+02 +1.068987030e+02 +2.709687030e+02 +2.709687030e+02 -5.7605e-01 +3.3015e+00 +4.3447e-02 +1.2987e+00 -1.7639e-01 -2.2998e-01 -2.3213e-01 +1.6465e+00 -7.4072e-01 -2.1942e+00
345 0 +1.025672086e+02 +1.025672086e+02 +2.666372086e+02 +2.666372086e+02 -5.7769e-01 +3.7598e+00 +2.0083e-01 +8.5321e-01 -5.1781e-02 -1.2623e-01 -2.0566e-01 +1.5940e+00 -4.2278e-01 -2.3984e+00
365 0 +1.013893182e+02 +1.013893182e+02 +2.654593182e+02 +2.654593182e+02 -5.5511e-01 +3.3523e+00 +3.1540e-02 +6.4345e-01 -1.5836e-01 +8.5508e-01 -1.3193e-01 +3.2934e+00 -9.2849e-01 -3.4998e+00
383 0 +9.134404994e+01 +9.134404994e+01 +2.554140499e+02 +2.554140499e+02 -4.1029e-01 +3.6539e+00 +4.9049e-02 +7.6304e-02 -1.0433e+00 +1.0555e+00 -5.1232e-01 +1.6198e+00 -5.6901e-02 -2.4202e+00
402 0 +6.868185449e+01 +6.868185449e+01 +2.327518545e+02 +2.327518545e+02 -5.1058e-01 +4.3439e+00 -1.0372e-01 -1.6544e-01 -5.6929e-01 +1.7504e+00 -5.5643e-01 +1.5550e+00 -5.0746e-01 -3.3800e+00
410 0 +5.609779430e+01 +5.609779430e+01 +2.201677943e+02 +2.201677943e+02 -6.2753e-01 +4.3431e+00 +3.5371e-02 -3.6550e-01 -7.3304e-01 +1.4534e+00 -5.8621e-01 +3.5085e+00 -7.4371e-02 -3.5315e+00
423 0 +4.539362617e+01 +4.539362617e+01 +2.094636262e+02 +2.094636262e+02 -5.8165e-01 +4.1808e+00 -1.0299e-01 -3.4890e-01 -8.7920e-01 +2.3283e+00 -6.1082e-01 +3.7053e+00 +2.1184e-01 -3.8525e+00
434 0 +4.163385058e+01 +4.163385058e+01 +2.057038506e+02 +2.057038506e+02 -6.6923e-01 +4.1652e+00 +3.2672e-02 -5.5150e-01 -1.1171e+00 +1.9814e+00 -5.6994e-01 +4.2311e+00 +4.9549e-01 -3.8387e+00
518 0 +3.896133354e+01 +3.896133354e+01 +2.030313335e+02 +2.030313335e+02 -6.8043e-01 +4.7804e+00 +2.4750e-02 -2.9240e-01 -1.4730e+00 +2.4467e+00 -6.0910e-01 +4.1199e+00 +6.0720e-01 -3.6361e+00
581 0 +3.782664436e+01 +3.782664436e+01 +2.018966444e+02 +2.018966444e+02 -7.5519e-01 +4.5265e+00 -7.8273e-02 -2.4880e-01 -1.3395e+00 +2.8029e+00 -6.4942e-01 +3.6454e+00 +5.2481e-01 -3.6075e+00
665 0 +3.193449597e+01 +3.193449597e+01 +1.960044960e+02 +1.960044960e+02 -7.7252e-01 +5.4755e+00 +2.2181e-02 -3.2463e-01 -1.1114e+00 +2.9431e+00 -7.0127e-01 +4.6664e+00 +8.6793e-01 -3.7274e+00
685 0 +2.939378003e+01 +2.939378003e+01 +1.934637800e+02 +1.934637800e+02 -8.0676e-01 +5.0564e+00 -5.9114e-03 -5.7693e-01 -1.6684e+00 +3.6939e+00 -6.3104e-01 +4.2800e+00 +1.0744e+00 -3.9001e+00
689 0 +2.860466744e+01 +2.860466744e+01 +1.926746674e+02 +1.926746674e+02 -8.2043e-01 +4.7151e+00 -3.9497e-02 -3.3572e-01 -1.3903e+00 +3.6407e+00 -5.8790e-01 +4.8390e+00 +9.3426e-01 -4.2867e+00
769 0 +2.577877412e+01 +2.577877412e+01 +1.898487741e+02 +1.898487741e+02 -7.3071e-01 +4.5114e+00 -1.5885e-01 -3.1992e-01 -1.9845e+00 +3.0881e+00 -5.8887e-01 +5.1490e+00 +1.4436e+00 -4.5528e+00
811 0 +2.442379297e+01 +2.442379297e+01 +1.884937930e+02 +1.884937930e+02 -7.6301e-01 +4.5637e+00 -1.9369e-01 -5.4425e-01 -1.8457e+00 +2.8058e+00 -5.9745e-01 +5.0656e+00 +1.6914e+00 -4.3253e+00
% f evaluations | g evaluations | best noise-free fitness - Fopt | noise-free fitness - Fopt (-1.656800000000e+02) | measured fitness | best measured fitness | x1 | x2...
1 0 +1.237541452e+02 +1.237541452e+02 -4.192585483e+01 -4.192585483e+01 +0.0000e+00 +0.0000e+00 +0.0000e+00 +0.0000e+00 +0.0000e+00 +0.0000e+00 +0.0000e+00 +0.0000e+00 +0.0000e+00 +0.0000e+00
2 0 +9.514467361e+01 +9.514467361e+01 -7.053532639e+01 -7.053532639e+01 +6.5461e-02 -4.6435e-02 +1.1558e-01 +9.6777e-01 +1.6067e-01 +1.2190e+00 -8.9801e-02 -3.5839e-01 -5.5711e-02 +3.1132e-01
13 0 +9.231702711e+01 +9.231702711e+01 -7.336297289e+01 -7.336297289e+01 +1.1878e-01 +1.6582e+00 +8.0294e-02 +2.8854e+00 +5.8393e-01 +1.0486e+00 -7.0385e-02 +1.0469e+00 +2.7419e-02 +1.0393e+00
14 0 +6.560548798e+01 +6.560548798e+01 -1.000745120e+02 -1.000745120e+02 +2.0882e-01 -8.0769e-01 +1.5523e-01 +1.7058e+00 +6.1397e-01 +2.3449e+00 +1.8785e-02 +1.2532e+00 +6.5158e-01 +4.4840e-02
16 0 +5.807257272e+01 +5.807257272e+01 -1.076074273e+02 -1.076074273e+02 +2.2734e-01 -1.4117e-01 +8.4267e-02 +1.6079e+00 -4.3197e-01 +5.8750e-01 -4.1429e-02 +7.2903e-01 -2.8701e-01 -3.8901e-01
35 0 +5.493750319e+01 +5.493750319e+01 -1.107424968e+02 -1.107424968e+02 +8.2976e-01 +8.3491e-02 +2.7226e-03 +1.4865e+00 -3.8417e-01 -3.2937e+00 -8.9204e-02 +1.8175e+00 -9.0368e-02 -5.5852e-02
67 0 +4.268918997e+01 +4.268918997e+01 -1.229908100e+02 -1.229908100e+02 +8.0082e-01 +7.8782e-01 +1.8803e-01 +1.8209e+00 -9.2383e-01 -2.0312e-01 +2.9764e-02 +2.2801e+00 -1.1684e+00 +4.0469e-01
84 0 +3.916565456e+01 +3.916565456e+01 -1.265143454e+02 -1.265143454e+02 +5.3495e-01 +5.6408e-01 +3.3322e-01 +1.8473e+00 -6.0929e-01 -1.2880e+00 +3.2623e-02 +2.4607e+00 -1.4768e+00 -1.6942e-01
94 0 +2.516980247e+01 +2.516980247e+01 -1.405101975e+02 -1.405101975e+02 +2.5789e-01 +5.4286e-01 +3.4118e-01 +1.5079e+00 -3.4487e-01 -3.3554e+00 +4.9504e-02 +2.5162e+00 -1.7106e+00 -1.1150e-01
103 0 +2.452998070e+01 +2.452998070e+01 -1.411500193e+02 -1.411500193e+02 +2.6096e-01 +3.6474e-01 +3.4201e-01 +1.5935e+00 -3.0704e-01 -4.1469e+00 +3.3266e-02 +2.5715e+00 -1.3423e+00 -6.2624e-01
133 0 +2.199810968e+01 +2.199810968e+01 -1.436818903e+02 -1.436818903e+02 +3.8878e-01 +6.8581e-02 +3.8764e-01 +1.2726e+00 -1.4161e-02 -4.3909e+00 +1.1319e-02 +2.2990e+00 -5.4864e-01 -5.2991e-01
135 0 +2.179806787e+01 +2.179806787e+01 -1.438819321e+02 -1.438819321e+02 +1.2460e-01 +6.6509e-01 +4.1812e-01 +1.1172e+00 -1.3091e-01 -5.2974e+00 +1.9533e-03 +2.8908e+00 -1.0429e+00 -3.5843e-01
142 0 +2.027671604e+01 +2.027671604e+01 -1.454032840e+02 -1.454032840e+02 +2.7128e-01 +2.9013e-01 +4.0994e-01 +6.2748e-01 +2.4947e-02 -4.8216e+00 -4.3488e-03 +2.8228e+00 -4.4842e-01 -1.0541e+00
177 0 +1.965084231e+01 +1.965084231e+01 -1.460291577e+02 -1.460291577e+02 +2.5870e-01 +3.6322e-01 +6.1926e-01 +7.9992e-01 +1.5458e-01 -4.8097e+00 +3.2856e-02 +2.9332e+00 -2.4893e-01 -9.2376e-01
195 0 +1.517608816e+01 +1.517608816e+01 -1.505039118e+02 -1.505039118e+02 -2.0005e-02 +6.8300e-01 +6.6357e-01 +1.1658e+00 +7.2272e-02 -4.8203e+00 +1.8339e-03 +2.6516e+00 -6.8063e-01 -9.3200e-01
% f evaluations | g evaluations | best noise-free fitness - Fopt | noise-free fitness - Fopt (9.284000000000e+01) | measured fitness | best measured fitness | x1 | x2...
1 0 +5.369995826e+02 +5.369995826e+02 +6.298395826e+02 +6.298395826e+02 +0.0000e+00 +0.0000e+00 +0.0000e+00 +0.0000e+00 +0.0000e+00 +0.0000e+00 +0.0000e+00 +0.0000e+00 +0.0000e+00 +0.0000e+00
2 0 +4.652442412e+02 +4.652442412e+02 +5.580842412e+02 +5.580842412e+02 -1.0554e-01 -2.5793e-01 +3.6452e-01 +1.5982e+00 +5.5900e-02 -8.6437e-01 +7.9667e-01 +4.6883e-02 +4.2716e-01 +2.8687e-02
5 0 +4.083765057e+02 +4.083765057e+02 +5.012165057e+02 +5.012165057e+02 -8.1070e-01 +3.4632e-01 -3.0829e-01 +2.4841e+00 +7.1466e-02 -6.6291e-01 -1.1783e+00 +8.8634e-02 -3.6917e-01 -9.6661e-03
14 0 +3.712512211e+02 +3.712512211e+02 +4.640912211e+02 +4.640912211e+02 -1.3980e+00 -3.4104e+00 -4.8505e-01 +2.6128e+00 -3.4901e-02 -2.1356e+00 -9.7623e-01 -5.1270e-02 +1.8493e+00 -2.5069e-02
16 0 +2.877028892e+02 +2.877028892e+02 +3.805428892e+02 +3.805428892e+02 -6.9466e-01 +4.5028e-01 -4.9741e-01 +4.2392e+00 +1.4610e-01 -1.6823e+00 -9.6930e-01 -1.5659e-01 +3.6313e-01 +5.9191e-03
19 0 +2.464874763e+02 +2.464874763e+02 +3.393274763e+02 +3.393274763e+02 +3.2307e-01 -1.8355e+00 -9.0500e-01 +3.9098e+00 -1.0199e-02 -2.5490e+00 -1.8608e+00 +3.4239e-01 +1.7250e-01 -2.3259e-02
26 0 +2.238494079e+02 +2.238494079e+02 +3.166894079e+02 +3.166894079e+02 +1.0137e+00 -2.1418e+00 -5.9936e-01 +4.2115e+00 -1.7154e-01 +1.0172e+00 -3.6001e-01 +2.1111e-01 +1.0373e+00 +8.3819e-02
124 0 +1.636715925e+02 +1.636715925e+02 +2.565115925e+02 +2.565115925e+02 -8.5206e-01 -2.9498e+00 -3.1037e-01 +7.0685e+00 +7.3501e-02 +9.0775e-01 +4.7738e+00 -1.0124e+00 -1.1852e+00 -1.1951e-01
143 0 +1.379356879e+02 +1.379356879e+02 +2.307756879e+02 +2.307756879e+02 +2.0701e+00 -3.1492e+00 -6.5576e-01 +6.9707e+00 +5.8827e-01 +1.1272e+00 +4.4936e+00 -2.8495e-01 +3.5752e+00 -5.5251e-02
460 0 +1.242397902e+02 +1.242397902e+02 +2.170797902e+02 +2.170797902e+02 -2.6260e+00 -7.4069e-01 +9.0623e-01 +4.8984e+00 -8.7556e-01 -3.4636e+00 +3.3555e+00 +2.5914e-01 +5.6713e+00 +6.2945e-02
% f evaluations | g evaluations | best noise-free fitness - Fopt | noise-free fitness - Fopt (-3.679200000000e+02) | measured fitness | best measured fitness | x1 | x2...
1 0 +1.118759657e+02 +1.118759657e+02 -2.560440343e+02 -2.560440343e+02 +0.0000e+00 +0.0000e+00 +0.0000e+00 +0.0000e+00 +0.0000e+00 +0.0000e+00 +0.0000e+00 +0.0000e+00 +0.0000e+00 +0.0000e+00
2 0 +8.239089540e+01 +8.239089540e+01 -2.855291046e+02 -2.855291046e+02 +1.1765e-01 -1.8071e-01 +3.4273e-01 -3.8563e-01 +1.9947e-01 -1.0562e+00 +2.0708e-01 +3.4339e+00 -3.1130e-02 +1.2814e-01
4 0 +7.942941838e+01 +7.942941838e+01 -2.884905816e+02 -2.884905816e+02 -9.1366e-02 -1.5867e-01 -2.2496e-01 +3.9791e-01 +1.6977e-01 -1.9668e-01 +2.1662e-01 -2.4869e-01 -3.5611e-01 +6.9263e-01
28 0 +5.505739676e+01 +5.505739676e+01 -3.128626032e+02 -3.128626032e+02 +1.0978e+00 +1.5732e-01 +1.3713e+00 -4.0225e-01 +4.0659e-01 +9.2148e-02 +1.4287e-01 -6.2571e-01 -5.0183e-01 +2.9664e-01
% f evaluations | g evaluations | best noise-free fitness - Fopt | noise-free fitness - Fopt (4.950000000000e+01) | measured fitness | best measured fitness | x1 | x2...
1 0 +6.800683109e+02 +6.800683109e+02 +7.295683109e+02 +7.295683109e+02 +0.0000e+00 +0.0000e+00 +0.0000e+00 +0.0000e+00 +0.0000e+00 +0.0000e+00 +0.0000e+00 +0.0000e+00 +0.0000e+00 +0.0000e+00
4 0 +4.675273381e+02 +4.675273381e+02 +5.170273381e+02 +5.170273381e+02 -6.3606e-01 -1.4000e+00 -3.9801e-02 -7.9085e-01 -1.0130e+00 +7.5951e-01 +8.1576e-01 +4.6825e-01 -1.4786e-01 +1.5848e-01
15 0 +3.650966488e+02 +3.650966488e+02 +4.145966488e+02 +4.145966488e+02 -1.4727e+00 +6.6226e-01 +6.3612e-02 -7.5641e-01 -2.7570e+00 +7.5372e-01 -1.0866e-01 -1.0015e-01 +8.8310e-03 -2.8762e-01
51 0 +3.239215276e+02 +3.239215276e+02 +3.734215276e+02 +3.734215276e+02 -1.3194e+00 +2.4790e+00 -2.5041e-01 -1.3270e+00 -1.2429e+00 +1.7726e+00 -5.0702e-01 +1.0243e+00 +5.3387e-02 -3.5436e+00
70 0 +2.487195353e+02 +2.487195353e+02 +2.982195353e+02 +2.982195353e+02 -2.1189e+00 +1.9080e+00 +4.7525e-02 -2.2998e+00 +4.4600e-01 +1.7094e+00 -1.1874e+00 +1.3851e+00 +8.9666e-02 -2.7473e+00
87 0 +2.033760530e+02 +2.033760530e+02 +2.528760530e+02 +2.528760530e+02 -3.9796e+00 +7.6906e-02 +3.1759e-02 +2.7471e+00 -3.6694e+00 +1.7003e+00 -1.7107e+00 -5.6379e-01 +1.5478e-01 -4.4845e+00
102 0 +1.846392597e+02 +1.846392597e+02 +2.341392597e+02 +2.341392597e+02 -4.8394e+00 +2.9325e+00 +7.1434e-02 +1.0853e+00 -4.5352e+00 +1.5591e+00 -1.4531e+00 -1.2002e+00 -4.6392e-02 -2.6313e+00
109 0 +1.716272836e+02 +1.716272836e+02 +2.211272836e+02 +2.211272836e+02 -5.1314e+00 -5.4409e+00 +1.7690e-01 +8.7968e-01 -5.9196e+00 +2.4325e+00 -2.5907e+00 +6.5658e-02 +3.5942e-02 -1.8413e+00
116 0 +1.146346099e+02 +1.146346099e+02 +1.641346099e+02 +1.641346099e+02 -5.2525e+00 -2.9465e-01 +1.4973e-01 -1.1165e+00 -4.0988e+00 +1.2845e+00 -3.8299e+00 -1.7751e+00 -2.6806e-02 -1.4828e+00
119 0 +9.794724315e+01 +9.794724315e+01 +1.474472431e+02 +1.474472431e+02 -5.3519e+00 -8.0961e-01 -1.6539e-01 -1.2591e+00 -4.8227e+00 +1.9525e+00 -1.4147e+00 -5.6642e-01 +2.5914e-01 -1.5157e+00
312 0 +9.610680798e+01 +9.610680798e+01 +1.456068080e+02 +1.456068080e+02 +5.5359e-01 -1.9601e+00 -1.5870e+00 +2.7495e+00 -3.7239e+00 +6.2238e+00 -3.7008e+00 +1.5439e+00 +2.3993e+00 -5.0627e+00
325 0 +5.312566892e+01 +5.312566892e+01 +1.026256689e+02 +1.026256689e+02 +9.9189e-01 -3.6560e+00 -1.6626e+00 +1.5422e+00 -3.0361e+00 +6.4402e+00 -2.6288e+00 +1.5923e+00 +2.5763e+00 -5.1043e+00
351 0 +5.243756902e+01 +5.243756902e+01 +1.019375690e+02 +1.019375690e+02 +1.0242e+00 -3.6999e+00 -1.8824e+00 +1.8795e+00 -2.1561e+00 +6.3356e+00 -2.2258e+00 +9.8635e-01 +2.6296e+00 -3.6312e+00
358 0 +3.024589212e+01 +3.024589212e+01 +7.974589212e+01 +7.974589212e+01 +1.1842e+00 -5.8534e+00 -1.8351e+00 +7.9938e-01 -3.0844e+00 +6.4032e+00 -1.6972e+00 +7.3827e-01 +2.5574e+00 -3.0524e+00
% f evaluations | g evaluations | best noise-free fitness - Fopt | noise-free fitness - Fopt (-1.277000000000e+01) | measured fitness | best measured fitness | x1 | x2...
1 0 +2.500263317e+02 +2.500263317e+02 +2.372563317e+02 +2.372563317e+02 +0.0000e+00 +0.0000e+00 +0.0000e+00 +0.0000e+00 +0.0000e+00 +0.0000e+00 +0.0000e+00 +0.0000e+00 +0.0000e+00 +0.0000e+00
2 0 +2.366419562e+02 +2.366419562e+02 +2.238719562e+02 +2.238719562e+02 +1.3537e-01 +6.6837e-01 +7.8102e-01 -2.5441e-01 +1.0998e-02 +3.4007e-01 +2.9819e-01 +1.2949e-01 +1.6681e-01 +7.3060e-01
4 0 +1.989893850e+02 +1.989893850e+02 +1.862193850e+02 +1.862193850e+02 +5.4206e-01 +1.9710e+00 -8.4512e-02 -4.4130e-01 +1.2493e-02 -1.5286e-01 +7.1384e-02 -3.4236e-01 +2.9642e-02 +6.4229e-02
7 0 +1.388092630e+02 +1.388092630e+02 +1.260392630e+02 +1.260392630e+02 +3.9363e-01 +1.3972e+00 +7.0656e-01 -4.7005e-01 +5.0955e-02 +9.5589e-01 -6.9087e-01 -2.4459e-01 -1.2657e+00 -5.2417e-02
27 0 +1.240166491e+02 +1.240166491e+02 +1.112466491e+02 +1.112466491e+02 +1.3997e-01 +2.5190e+00 +5.1240e-02 +1.1227e+00 +4.7316e-03 +2.0889e-01 +2.7530e-01 +1.6372e-01 -1.0626e+00 +3.8566e-01
38 0 +1.100665749e+02 +1.100665749e+02 +9.729657491e+01 +9.729657491e+01 +5.3649e-01 +1.8523e+00 -5.9762e-01 +9.4196e-01 +4.2723e-02 +1.3611e+00 -6.8298e-01 -3.0732e-01 -1.8613e+00 +9.2969e-02
43 0 +6.741343045e+01 +6.741343045e+01 +5.464343045e+01 +5.464343045e+01 +9.6905e-01 +2.5733e+00 +2.5335e-01 +8.6248e-01 +8.7436e-02 +2.7313e-01 -6.9990e-02 +8.0429e-01 -1.3354e+00 -6.1125e-01
76 0 +5.228530175e+01 +5.228530175e+01 +3.951530175e+01 +3.951530175e+01 +2.1122e-01 +2.3197e+00 +2.4620e-01 -3.4483e-01 +2.8003e-01 +1.6123e+00 -2.0433e-01 +1.2103e+00 -1.0329e+00 +1.0140e-01
88 0 +4.151617851e+01 +4.151617851e+01 +2.874617851e+01 +2.874617851e+01 +3.5340e-01 +2.9826e+00 +1.8288e+00 +6.0470e-02 +2.9526e-01 +1.7189e+00 -2.6160e-01 +1.2557e+00 -1.8783e+00 -2.1538e-01
178 0 +3.573785753e+01 +3.573785753e+01 +2.296785753e+01 +2.296785753e+01 +2.0354e-01 +2.4998e+00 +1.8201e+00 +5.9715e-01 +2.9724e-01 +4.0517e+00 -5.9020e-02 +4.8357e-01 -4.5007e+00 +1.1475e+00
203 0 +2.832213510e+01 +2.832213510e+01 +1.555213510e+01 +1.555213510e+01 +5.7280e-01 +3.6096e+00 +2.4732e+00 +1.2083e-01 +4.1065e-01 +4.9558e+00 -8.3045e-01 -1.4378e-01 -5.4292e+00 +2.2214e+00
270 0 +2.408307184e+01 +2.408307184e+01 +1.131307184e+01 +1.131307184e+01 +1.3948e+00 +3.0157e+00 +2.5014e+00 +1.0604e+00 +4.2494e-01 +5.0775e+00 -1.4101e+00 -1.6176e-01 -4.8482e+00 +1.1666e+00
302 0 +2.382148248e+01 +2.382148248e+01 +1.105148248e+01 +1.105148248e+01 +8.3564e-01 +3.1503e+00 +2.0549e+00 +5.1914e-01 +4.4385e-01 +5.5562e+00 -9.6667e-01 +4.0648e-01 -4.9887e+00 +1.9759e+00
323 0 +2.064022275e+01 +2.064022275e+01 +7.870222750e+00 +7.870222750e+00 +6.3929e-01 +2.4799e+00 +8.1238e-01 +8.8589e-01 +5.1343e-01 +5.0637e+00 -5.3310e-01 +7.2904e-01 -3.6092e+00 +1.3824e+00
362 0 +1.980870665e+01 +1.980870665e+01 +7.038706646e+00 +7.038706646e+00 +9.2201e-01 +3.3597e+00 +2.2300e+00 +8.1120e-01 +5.3921e-01 +4.7784e+00 -7.1503e-01 +5.2095e-01 -4.5798e+00 +2.0597e+00
398 0 +1.696091464e+01 +1.696091464e+01 +4.190914638e+00 +4.190914638e+00 +1.2732e+00 +3.0699e+00 +2.1657e+00 +2.4570e-01 +5.5327e-01 +4.9389e+00 -3.6450e-01 +8.3691e-01 -4.1298e+00 +2.1035e+00
406 0 +1.417667181e+01 +1.417667181e+01 +1.406671813e+00 +1.406671813e+00 +1.2468e+00 +3.2254e+00 +2.3645e+00 +2.3159e-01 +5.5937e-01 +4.5530e+00 -4.8027e-01 +7.3610e-01 -4.2325e+00 +2.0425e+00
437 0 +1.211572407e+01 +1.211572407e+01 -6.542759275e-01 -6.542759275e-01 +1.4827e+00 +3.1034e+00 +1.9237e+00 +3.2882e-01 +5.4931e-01 +4.8727e+00 -2.7365e-01 +8.7686e-01 -4.2840e+00 +2.0109e+00
460 0 +1.181547860e+01 +1.181547860e+01 -9.545213999e-01 -9.545213999e-01 +1.4552e+00 +2.9787e+00 +1.5134e+00 -2.0204e-01 +5.6155e-01 +4.4878e+00 -2.0351e-01 +7.4143e-01 -3.9170e+00 +1.8630e+00
465 0 +1.023977942e+01 +1.023977942e+01 -2.530220583e+00 -2.530220583e+00 +1.9732e+00 +3.0405e+00 +1.9282e+00 -1.0546e-01 +5.2296e-01 +4.4329e+00 +5.2011e-02 +8.3430e-01 -4.3070e+00 +1.8769e+00
472 0 +9.493096820e+00 +9.493096820e+00 -3.276903180e+00 -3.276903180e+00 +2.0009e+00 +3.0800e+00 +1.9800e+00 -1.4500e-01 +5.3908e-01 +4.7223e+00 -1.9832e-01 +8.5013e-01 -4.1956e+00 +1.7136e+00
676 0 +9.274225947e+00 +9.274225947e+00 -3.495774053e+00 -3.495774053e+00 +2.2183e+00 +2.8308e+00 +1.6585e+00 -5.6382e-02 +5.2312e-01 +4.6066e+00 +3.3812e-02 +8.0238e-01 -4.0109e+00 +1.7922e+00
% f evaluations | g evaluations | best noise-free fitness - Fopt | noise-free fitness - Fopt (6.365000000000e+01) | measured fitness | best measured fitness | x1 | x2...
1 0 +4.614498914e+02 +4.614498914e+02 +5.250998914e+02 +5.250998914e+02 +0.0000e+00 +0.0000e+00 +0.0000e+00 +0.0000e+00 +0.0000e+00 +0.0000e+00 +0.0000e+00 +0.0000e+00 +0.0000e+00 +0.0000e+00
2 0 +4.286696753e+02 +4.286696753e+02 +4.923196753e+02 +4.923196753e+02 -1.0971e+00 -5.8549e-01 -1.1454e+00 +2.1925e-01 -2.0176e-01 +3.9329e-01 -8.1186e-01 -3.6163e-02 -2.1073e-01 -1.9654e+00
7 0 +2.634460265e+02 +2.634460265e+02 +3.270960265e+02 +3.270960265e+02 -3.9418e-01 +6.0102e-02 -1.1223e+00 -9.9955e-02 +3.1530e-01 -5.1880e-01 -1.5101e+00 +6.2741e-03 +4.4868e-02 -6.0229e-01
24 0 +2.263162245e+02 +2.263162245e+02 +2.899662245e+02 +2.899662245e+02 -1.1939e+00 +5.1362e-01 -2.2339e+00 -3.5770e-01 +6.1179e-01 -4.6470e-01 -1.8600e+00 -3.0796e-02 +1.0234e-01 -3.1478e-01
32 0 +2.195767896e+02 +2.195767896e+02 +2.832267896e+02 +2.832267896e+02 -2.0130e+00 +4.6894e-01 -2.3084e+00 -7.2990e-01 +4.3277e-01 -2.0751e-01 -4.2348e-01 +6.1720e-02 +2.4764e-01 +3.6943e-01
35 0 +1.740519666e+02 +1.740519666e+02 +2.377019666e+02 +2.377019666e+02 -1.4698e+00 +9.1758e-01 -1.9848e+00 -6.7050e-01 +4.3388e-01 -5.7009e-01 -2.5388e+00 -6.9346e-02 +1.3017e-01 -6.5130e-01
45 0 +1.674804807e+02 +1.674804807e+02 +2.311304807e+02 +2.311304807e+02 -2.7298e+00 +1.0538e+00 -6.4556e-01 -6.0001e-01 +3.0605e-01 -1.0120e+00 -2.1438e+00 -8.3456e-02 +6.5444e-02 -1.2682e+00
81 0 +1.626988940e+02 +1.626988940e+02 +2.263488940e+02 +2.263488940e+02 -2.5165e+00 +1.4530e+00 -1.6314e+00 -1.0231e+00 +5.1901e-01 -6.8772e-01 -2.3227e+00 -5.9546e-02 +1.3827e-01 -1.4545e+00
87 0 +1.522240653e+02 +1.522240653e+02 +2.158740653e+02 +2.158740653e+02 -2.5548e+00 +1.5860e+00 -1.8069e+00 -1.2669e+00 +4.0696e-01 -7.7418e-01 -2.5707e+00 -4.9553e-02 +1.6896e-01 -9.5201e-01
96 0 +1.506964998e+02 +1.506964998e+02 +2.143464998e+02 +2.143464998e+02 -2.6008e+00 +1.7906e+00 -2.0928e+00 -1.3653e+00 +4.0513e-01 -1.0366e+00 -2.3143e+00 -5.4076e-02 +1.6122e-01 -3.1762e-01
102 0 +1.382734399e+02 +1.382734399e+02 +2.019234399e+02 +2.019234399e+02 -2.2506e+00 +1.7220e+00 -1.9546e+00 -1.6243e+00 +4.3283e-01 -1.2101e+00 -2.7560e+00 -4.9747e-02 +1.4769e-01 +3.5178e-01
112 0 +1.222507755e+02 +1.222507755e+02 +1.859007755e+02 +1.859007755e+02 -2.0298e+00 +1.5906e+00 -1.6827e+00 -1.7221e+00 +4.5831e-01 -1.0942e+00 -2.4676e+00 -5.5532e-02 +1.5191e-01 -1.8750e-01
126 0 +1.072554197e+02 +1.072554197e+02 +1.709054197e+02 +1.709054197e+02 -2.4117e+00 +1.7567e+00 -1.8948e+00 -2.0281e+00 +4.1456e-01 -1.3808e+00 -2.4377e+00 -4.1682e-02 +1.5200e-01 +4.3647e-02
142 0 +1.070110447e+02 +1.070110447e+02 +1.706610447e+02 +1.706610447e+02 -2.2015e+00 +1.8469e+00 -1.7927e+00 -1.9835e+00 +4.2333e-01 -1.3998e+00 -2.6720e+00 -4.5894e-02 +1.5082e-01 -4.1074e-02
179 0 +1.007225090e+02 +1.007225090e+02 +1.643725090e+02 +1.643725090e+02 -2.5074e+00 +1.9942e+00 -1.3328e+00 -1.8879e+00 +4.4828e-01 -1.3111e+00 -2.5794e+00 -6.2333e-02 +1.3782e-01 -4.3650e-01
210 0 +9.989691061e+01 +9.989691061e+01 +1.635469106e+02 +1.635469106e+02 -2.3406e+00 +1.9171e+00 -1.1063e+00 -1.9118e+00 +3.9557e-01 -1.4040e+00 -2.5097e+00 -7.0347e-02 +1.6638e-01 -5.4107e-01
243 0 +9.533123938e+01 +9.533123938e+01 +1.589812394e+02 +1.589812394e+02 -2.4230e+00 +1.8141e+00 -6.2554e-01 -1.8733e+00 +4.4116e-01 -1.6808e+00 -2.7690e+00 -1.0447e-01 +1.3462e-01 -2.6006e-01
259 0 +8.945991462e+01 +8.945991462e+01 +1.531099146e+02 +1.531099146e+02 -2.2969e+00 +1.6401e+00 +1.2060e-01 -1.8618e+00 +4.2426e-01 -1.6982e+00 -3.0470e+00 -9.8332e-02 +1.5801e-01 -4.3420e-01
267 0 +8.428431117e+01 +8.428431117e+01 +1.479343112e+02 +1.479343112e+02 -2.2067e+00 +1.8921e+00 +2.3057e-01 -1.8973e+00 +3.8368e-01 -1.6855e+00 -3.1099e+00 -1.0308e-01 +1.6308e-01 +1.0203e+00
278 0 +8.076815023e+01 +8.076815023e+01 +1.444181502e+02 +1.444181502e+02 -2.4462e+00 +1.5977e+00 -1.3436e-01 -2.0322e+00 +4.0435e-01 -1.7937e+00 -2.9023e+00 -1.1835e-01 +1.9288e-01 +7.7124e-01
293 0 +7.237587028e+01 +7.237587028e+01 +1.360258703e+02 +1.360258703e+02 -2.4117e+00 +1.7584e+00 +1.6555e-01 -1.9138e+00 +3.3524e-01 -1.7836e+00 -2.6784e+00 -1.0776e-01 +1.7380e-01 +1.4348e+00
% f evaluations | g evaluations | best noise-free fitness - Fopt | noise-free fitness - Fopt (6.991900000000e+02) | measured fitness | best measured fitness | x1 | x2...
1 0 +7.428945360e+02 +7.428945360e+02 +1.442084536e+03 +1.442084536e+03 +0.0000e+00 +0.0000e+00 +0.0000e+00 +0.0000e+00 +0.0000e+00 +0.0000e+00 +0.0000e+00 +0.0000e+00 +0.0000e+00 +0.0000e+00
2 0 +6.926252305e+02 +6.926252305e+02 +1.391815231e+03 +1.391815231e+03 -4.0187e-01 +1.0457e-01 +4.1985e-01 +8.9364e-02 -6.8597e-01 +5.7411e-02 -4.3395e-01 +8.2538e-02 +5.3267e-01 +4.1891e-01
4 0 +6.688911274e+02 +6.688911274e+02 +1.368081127e+03 +1.368081127e+03 -4.9597e-01 +3.6087e+00 -5.2432e-01 -1.0107e+00 +1.6532e+00 -5.2150e-01 -3.9786e-01 -1.7331e+00 -5.6378e-01 +3.6256e-01
6 0 +4.891908868e+02 +4.891908868e+02 +1.188380887e+03 +1.188380887e+03 -2.9084e-01 +3.5081e-01 +4.8737e-01 -9.2413e-02 -1.8525e+00 -8.3449e-01 +3.2454e-01 +1.8355e-01 +1.5513e+00 +2.9608e-02
18 0 +3.019628323e+02 +3.019628323e+02 +1.001152832e+03 +1.001152832e+03 -2.5144e-01 -1.0301e-01 +2.8666e-01 +8.2299e-01 -3.7837e+00 -2.1438e+00 +7.0422e-01 -1.6148e+00 +1.9978e+00 -3.0624e-01
26 0 +2.119812086e+02 +2.119812086e+02 +9.111712086e+02 +9.111712086e+02 +1.1374e-01 +2.2174e+00 +1.3068e-01 -1.5420e-01 -3.6622e+00 -1.2436e+00 +1.8908e+00 -6.5741e-02 +9.1781e-01 -5.8219e-01
32 0 +1.976212946e+02 +1.976212946e+02 +8.968112946e+02 +8.968112946e+02 +1.1805e+00 +5.4615e-01 +2.6565e-01 +1.2123e-01 -2.1643e+00 -1.7558e+00 +1.6698e+00 -4.7467e-01 +1.4846e+00 -3.7100e-01
35 0 +1.684751477e+02 +1.684751477e+02 +8.676651477e+02 +8.676651477e+02 +8.3255e-02 +7.0940e-01 -1.4017e-02 -2.2262e-02 -3.0771e+00 -7.1695e-01 +1.0752e+00 -2.1198e+00 +4.4333e-01 -4.3545e-01
36 0 +1.340975618e+02 +1.340975618e+02 +8.332875618e+02 +8.332875618e+02 +3.9496e-01 +2.3981e+00 -1.5666e-01 +8.0051e-01 -1.7817e+00 -1.7962e+00 +1.3347e+00 -1.7058e-01 +1.5148e+00 -6.1102e-01
37 0 +1.306692152e+02 +1.306692152e+02 +8.298592152e+02 +8.298592152e+02 +8.9297e-01 +1.2237e+00 +2.6183e-01 +8.1429e-01 -2.7795e+00 -1.8324e+00 +8.5252e-01 -9.2030e-01 +1.4301e+00 -5.1378e-01
39 0 +1.287458659e+02 +1.287458659e+02 +8.279358659e+02 +8.279358659e+02 +7.8851e-01 +3.6254e+00 -5.1549e-02 +1.5449e+00 -2.3216e+00 -1.4846e+00 -3.9234e-01 -1.4509e+00 +2.1313e-01 -1.0305e-01
61 0 +9.313318259e+01 +9.313318259e+01 +7.923231826e+02 +7.923231826e+02 +6.3902e-01 +2.1233e+00 -7.5620e-02 +2.4592e+00 -2.1735e+00 -2.6367e+00 +7.6424e-01 -1.1783e+00 +3.6602e-03 -7.3089e-01
72 0 +7.478474812e+01 +7.478474812e+01 +7.739747481e+02 +7.739747481e+02 +5.8071e-01 +3.0382e+00 -3.1054e-01 +1.3128e+00 -1.6867e+00 -1.0664e+00 +1.3965e+00 +2.1007e+00 -1.3573e-01 -7.9636e-01
77 0 +5.567681561e+01 +5.567681561e+01 +7.548668156e+02 +7.548668156e+02 +6.7422e-01 +3.3974e+00 -6.6282e-01 +2.3340e+00 -2.0499e+00 -9.8324e-02 +9.8688e-01 +2.8100e-01 +9.2354e-01 -8.8111e-01
105 0 +5.486034056e+01 +5.486034056e+01 +7.540503406e+02 +7.540503406e+02 +3.6519e-02 +3.6935e+00 -8.1317e-01 +2.6900e+00 -8.8570e-01 -9.8564e-01 +1.4183e+00 +1.7304e+00 -5.4510e-01 -8.6831e-01
% f evaluations | g evaluations | best noise-free fitness - Fopt | noise-free fitness - Fopt (1.000000000000e+03) | measured fitness | best measured fitness | x1 | x2...
1 0 +1.526934418e+02 +1.526934418e+02 +1.152693442e+03 +1.152693442e+03 +0.0000e+00 +0.0000e+00 +0.0000e+00 +0.0000e+00 +0.0000e+00 +0.0000e+00 +0.0000e+00 +0.0000e+00 +0.0000e+00 +0.0000e+00
14 0 +1.271874548e+02 +1.271874548e+02 +1.127187455e+03 +1.127187455e+03 +5.9408e-01 -5.3770e-01 -9.3099e-03 +4.6261e-02 -1.5075e+00 +6.2639e-02 -1.5087e-01 -8.6182e-01 +3.6873e-01 -9.8667e-01
25 0 +9.905501235e+01 +9.905501235e+01 +1.099055012e+03 +1.099055012e+03 +8.7870e-01 +5.6728e-01 +1.5027e-01 -7.4872e-02 -1.2048e+00 -1.8984e-01 -4.3239e-01 -1.3189e+00 -2.6556e-01 -1.1042e+00
44 0 +9.626571957e+01 +9.626571957e+01 +1.096265720e+03 +1.096265720e+03 +1.6708e+00 +7.6401e-01 +3.1915e-04 +8.6626e-03 -4.0348e-01 +6.1256e-01 +1.3503e+00 -2.1325e+00 -1.2267e-02 -1.1607e+00
54 0 +8.707130539e+01 +8.707130539e+01 +1.087071305e+03 +1.087071305e+03 +1.8011e+00 -6.3352e-01 -1.8175e-02 +3.3161e-03 -1.1400e+00 +3.4822e-01 +1.2623e+00 -2.0572e+00 -1.6479e-01 -9.3475e-01
67 0 +7.488772619e+01 +7.488772619e+01 +1.074887726e+03 +1.074887726e+03 +7.7537e-01 +4.7644e-01 -8.0807e-02 +4.4289e-02 -6.4504e-01 +5.9275e-01 +9.2436e-01 -1.9552e+00 +9.8464e-01 -1.4717e+00
71 0 +6.826906242e+01 +6.826906242e+01 +1.068269062e+03 +1.068269062e+03 +1.3524e+00 -1.6917e-02 -7.5480e-02 +3.1906e-02 -7.1739e-01 -3.2949e-01 +1.1826e+00 -1.8769e+00 +1.3382e-01 -1.0482e+00
636 0 +6.554854323e+01 +6.554854323e+01 +1.065548543e+03 +1.065548543e+03 -2.9863e+00 -2.7386e-01 +2.1060e+00 +7.2338e-01 -2.4127e-01 +8.0183e-01 +1.6965e+00 -2.0742e+00 -6.2733e-01 -2.1526e+00
853 0 +6.207553728e+01 +6.207553728e+01 +1.062075537e+03 +1.062075537e+03 -1.1698e+00 -1.3923e+00 +1.9169e+00 +6.9698e-01 -8.0332e-01 +2.0461e+00 +4.2061e-01 -2.8630e+00 -8.6299e-01 -1.5038e+00
877 0 +6.012447832e+01 +6.012447832e+01 +1.060124478e+03 +1.060124478e+03 -3.2817e-01 -3.0536e-01 +1.9447e+00 +7.4412e-01 -7.5293e-01 +2.3163e+00 +5.1566e-01 -3.0413e+00 -9.8156e-01 -1.3318e+00
883 0 +5.457844744e+01 +5.457844744e+01 +1.054578447e+03 +1.054578447e+03 -1.3070e-01 -3.7886e-01 +1.9557e+00 +7.1487e-01 -8.3160e-01 +2.0651e+00 +3.9073e-01 -3.0346e+00 -5.5820e-01 -1.3554e+00
931 0 +5.258254708e+01 +5.258254708e+01 +1.052582547e+03 +1.052582547e+03 -1.3528e+00 -4.9205e-01 +2.0029e+00 +7.0356e-01 -6.8409e-01 +2.2699e+00 +4.3744e-01 -2.7784e+00 -2.3067e-01 -1.7245e+00
