% f evaluations | g evaluations | best noise-free fitness - Fopt | noise-free fitness - Fopt (7.627000000000e+01) | measured fitness | best measured fitness | x1 | x2...
1 0 +5.128259773e+05 +5.128259773e+05 +5.129022473e+05 +5.129022473e+05 +0.0000e+00 +0.0000e+00 +0.0000e+00 +0.0000e+00 +0.0000e+00 +0.0000e+00 +0.0000e+00 +0.0000e+00 +0.0000e+00 +0.0000e+00 +0.0000e+00 +0.0000e+00 +0.0000e+00 +0.0000e+00 +0.0000e+00 +0.0000e+00 +0.0000e+00 +0.0000e+00 +0.0000e+00 +0.0000e+00
4 0 +1.648932093e+05 +1.648932093e+05 +1.649694793e+05 +1.649694793e+05 -4.2494e-02 +2.3828e-01 -5.5928e-01 -1.6902e-01 -1.0704e+00 -6.4537e-01 +8.4028e-01 +1.4605e-01 +7.6952e-01 -2.2036e-02 -5.1367e-02 +6.6177e-01 +3.7815e-01 +6.3030e-01 -6.5677e-01 +7.4071e-02 +3.7154e-02 -8.6755e-01 +9.5644e-02 +6.3005e-01
7 0 +1.432682158e+05 +1.432682158e+05 +1.433444858e+05 +1.433444858e+05 -5.1407e-01 -5.9279e-01 -3.7801e-01 +3.1098e-01 +4.6570e-01 +1.0713e+00 -1.2300e-01 -1.6504e-01 +3.4584e-01 +6.3431e-01 -1.8343e-01 +3.4072e-01 +9.8819e-01 +1.0425e+00 -1.9251e-01 -6.0037e-01 -3.0449e-02 +1.7050e+00 -5.2592e-02 +2.8798e-01
22 0 +3.016690873e+03 +3.016690873e+03 +3.092960873e+03 +3.092960873e+03 -4.4913e-01 -4.7608e+00 +1.7167e+00 -6.3618e-02 -4.1611e-01 +8.3438e-01 -1.0426e+00 +2.1332e-01 +6.5747e-01 +7.6777e-01 +1.8007e-01 +1.4345e+00 -1.1264e+00 +1.2311e-01 +5.3889e-01 +4.2522e-01 +6.3378e-02 +5.5306e-01 -8.5164e-02 +2.3660e-01
36 0 +1.246700046e+03 +1.246700046e+03 +1.322970046e+03 +1.322970046e+03 +4.0124e+00 -5.1585e+00 +1.9847e+00 +6.1273e-01 -7.7104e-01 +1.5640e+00 -7.1943e-01 -5.5879e-01 +6.2053e-01 -3.2465e-01 -7.5511e-01 +1.5282e+00 -2.9553e+00 +1.1358e+00 +4.6192e-01 +8.6371e-01 +8.1040e-02 +3.6855e-01 +2.0042e-01 +6.5267e-01
90 0 +2.512148848e+02 +2.512148848e+02 +3.274848848e+02 +3.274848848e+02 +4.0723e+00 -3.9164e+00 +2.9158e+00 +1.4609e+00 +7.3728e-01 +5.1655e+00 -4.0922e+00 +1.1366e+00 +7.5960e-01 -2.4044e+00 -2.7952e-01 +5.6273e-01 -2.4750e+00 +2.5412e+00 -4.3218e-01 +2.8815e+00 +1.0706e-01 -1.2230e+00 +8.7708e-01 +1.0225e+00
% f evaluations | g evaluations | best noise-free fitness - Fopt | noise-free fitness - Fopt (-2.255000000000e+01) | measured fitness | best measured fitness | x1 | x2...
1 0 +1.986910607e+05 +1.986910607e+05 +1.986685107e+05 +1.986685107e+05 +0.0000e+00 +0.0000e+00 +0.0000e+00 +0.0000e+00 +0.0000e+00 +0.0000e+00 +0.0000e+00 +0.0000e+00 +0.0000e+00 +0.0000e+00 +0.0000e+00 +0.0000e+00 +0.0000e+00 +0.0000e+00 +0.0000e+00 +0.0000e+00 +0.0000e+00 +0.0000e+00 +0.0000e+00 +0.0000e+00
2 0 +1.008162462e+03 +1.008162462e+03 +9.856124620e+02 +9.856124620e+02 +8.6655e-02 -2.1593e-02 -1.5130e-02 +6.8411e-01 +3.5069e-02 +2.6431e+00 -3.4441e-02 +5.8613e-02 -5.0761e-01 -7.5127e-01 -2.6054e+00 +1.5477e-01 +2.3541e-01 +7.2305e-01 -2.0959e+00 -3.2599e-03 -5.5308e-01 -1.0632e-02 -5.6499e-01 -9.3592e-02
47 0 +7.210890770e+02 +7.210890770e+02 +6.985390770e+02 +6.985390770e+02 +1.5409e-01 -3.0859e-01 -2.9216e-01 -5.5817e-01 +4.3931e-01 +4.6070e-01 -1.2995e-01 +3.2802e-02 +1.5449e+00 -2.3500e-01 -1.0989e+00 -4.5435e-01 +3.3269e-01 +1.6161e+00 -3.8980e+00 -8.1548e-01 -5.8915e+00 -1.9067e-01 -1.1957e+00 +1.5653e-01
100 0 +1.895125748e+02 +1.895125748e+02 +1.669625748e+02 +1.669625748e+02 +1.1177e-01 -5.0922e-01 +1.9909e-01 -7.9760e-01 +3.0143e+00 -8.5517e-01 +8.4432e-02 +1.7046e-02 +2.3964e+00 +7.4938e-02 -1.0535e+00 +3.7732e-01 +2.6066e-01 +1.0124e+00 -2.2956e+00 -8.9171e-01 -5.8747e+00 -6.4241e-02 -1.1317e+00 -1.4665e-01
% f evaluations | g evaluations | best noise-free fitness - Fopt | noise-free fitness - Fopt (1.366000000000e+01) | measured fitness | best measured fitness | x1 | x2...
1 0 +2.811586777e+05 +2.811586777e+05 +2.811723377e+05 +2.811723377e+05 +0.0000e+00 +0.0000e+00 +0.0000e+00 +0.0000e+00 +0.0000e+00 +0.0000e+00 +0.0000e+00 +0.0000e+00 +0.0000e+00 +0.0000e+00 +0.0000e+00 +0.0000e+00 +0.0000e+00 +0.0000e+00 +0.0000e+00 +0.0000e+00 +0.0000e+00 +0.0000e+00 +0.0000e+00 +0.0000e+00
2 0 +9.551681264e+04 +9.551681264e+04 +9.553047264e+04 +9.553047264e+04 +8.3817e-01 +3.2673e-01 +2.8983e-01 -1.0672e+00 +7.4253e-01 -2.7636e-02 -3.1008e-02 -8.5226e-01 +2.1199e+00 -7.2694e-01 +6.8203e-02 -2.2039e-01 +9.1518e-01 +1.3084e+00 +6.1669e-02 -8.3433e-01 +2.7385e-01 +9.5683e-04 -1.3299e-01 +1.2423e+00
6 0 +2.369942961e+03 +2.369942961e+03 +2.383602961e+03 +2.383602961e+03 -1.5654e+00 +9.9855e-01 +7.9345e-01 +2.8484e-01 +4.3165e-01 +7.7556e-03 -9.3483e-02 +6.9347e-01 -1.8890e+00 -1.5558e-01 +1.0282e-01 -5.4641e-01 -3.1873e-01 +4.2653e-01 +1.7248e+00 +2.1837e-01 -3.6982e-01 -1.3574e-03 -5.3886e-02 +1.1049e+00
11 0 +9.465963664e+02 +9.465963664e+02 +9.602563664e+02 +9.602563664e+02 -2.9540e-01 -4.5232e-01 +8.0208e-01 +5.4599e-01 +6.6009e-01 -3.9007e-01 +1.1090e-01 -7.2597e-02 +4.5462e+00 +1.5093e-01 +3.4793e-01 -1.9076e+00 -7.9070e-02 -1.0867e+00 +8.1361e-01 +1.4677e+00 -5.9027e-01 +2.7773e-04 +1.4224e-01 +5.2456e-01
50 0 +4.421296198e+02 +4.421296198e+02 +4.557896198e+02 +4.557896198e+02 -1.5951e+00 +1.2424e-01 -1.4489e+00 -1.6166e+00 +5.0839e-01 -2.7003e-01 +6.7719e-01 +1.2573e+00 +4.3594e+00 +7.1626e-01 +2.5622e-02 -1.7330e+00 +1.5362e+00 -1.0117e+00 +8.0660e-01 -1.7887e+00 -1.3979e-01 -1.8892e-04 +5.4242e-02 +2.5131e+00
81 0 +2.008742692e+02 +2.008742692e+02 +2.145342692e+02 +2.145342692e+02 -8.0326e-01 +6.2753e-01 -1.5630e+00 -2.3656e+00 +1.0513e+00 -4.1103e-01 +7.9201e-01 +1.5003e+00 +3.6257e+00 +6.9599e-01 -1.6543e-01 -1.8729e+00 +1.0686e+00 -2.6493e+00 +1.2049e+00 -1.7213e+00 -9.4557e-01 -4.5193e-04 +9.4249e-02 +3.4537e+00
% f evaluations | g evaluations | best noise-free fitness - Fopt | noise-free fitness - Fopt (9.378400000000e+02) | measured fitness | best measured fitness | x1 | x2...
1 0 +2.581107992e+06 +2.581107992e+06 +2.582045832e+06 +2.582045832e+06 +0.0000e+00 +0.0000e+00 +0.0000e+00 +0.0000e+00 +0.0000e+00 +0.0000e+00 +0.0000e+00 +0.0000e+00 +0.0000e+00 +0.0000e+00 +0.0000e+00 +0.0000e+00 +0.0000e+00 +0.0000e+00 +0.0000e+00 +0.0000e+00 +0.0000e+00 +0.0000e+00 +0.0000e+00 +0.0000e+00
4 0 +2.256243322e+06 +2.256243322e+06 +2.257181162e+06 +2.257181162e+06 +4.8139e-01 +4.5756e-01 -5.0846e-01 +1.7910e-01 -7.9567e-01 +4.1649e-01 -6.1203e-02 -6.4767e-01 -8.3716e-01 +1.4960e-01 -6.1113e-01 +9.1269e-01 +5.8889e-01 -1.0048e-01 +4.8415e-02 +5.1877e-01 -7.1028e-02 +2.3026e-01 -1.0752e-01 +1.9687e+00
5 0 +6.774197823e+04 +6.774197823e+04 +6.867981823e+04 +6.867981823e+04 -2.6802e+00 +9.5845e-01 +2.1175e-01 +7.4816e-02 -1.5198e+00 +1.3209e-01 -2.3696e-01 +1.6052e+00 -6.3959e-01 -3.7919e-02 +1.2039e+00 -1.1485e+00 +7.4660e-02 +2.3255e-01 +1.8198e-02 -9.7985e-01 -1.7055e-01 -4.6100e-01 +1.5793e+00 +1.8194e+00
9 0 +4.464443302e+04 +4.464443302e+04 +4.558227302e+04 +4.558227302e+04 -1.9687e-01 +2.1488e+00 +2.5660e-02 -1.3938e-01 -1.9340e+00 -2.8488e-01 +3.3221e-02 +4.1972e-01 -2.2519e-01 -1.2419e-02 +8.1129e-02 +5.9011e-01 -1.0412e+00 +2.1653e-01 -1.0364e-01 +1.8373e+00 -7.2179e-01 +5.9708e-01 +8.2908e-01 +1.7874e+00
17 0 +1.180713372e+03 +1.180713372e+03 +2.118553372e+03 +2.118553372e+03 -9.5092e-01 +1.1980e+00 +2.8846e-01 -1.7145e-01 -2.9366e+00 +2.9693e-01 +1.2175e-01 +1.3483e+00 -5.6804e-01 -6.5458e-02 -9.2691e-01 +1.3891e+00 -4.0929e-01 +7.2343e-02 -1.0891e-01 +1.1250e+00 -1.3133e+00 +7.3130e-01 +6.0525e-01 +4.1291e+00
87 0 +3.715513834e+02 +3.715513834e+02 +1.309391383e+03 +1.309391383e+03 -1.8083e+00 +1.2459e+00 -3.6085e-01 +1.2162e-01 -1.4700e+00 +1.1281e+00 -2.2736e-01 +2.4023e+00 +1.2207e-01 +5.5923e-02 -5.3314e-01 -3.0534e+00 -1.4376e+00 -1.7187e-01 -4.6885e-02 +1.9901e+00 +1.2056e-01 +1.1155e+00 +3.2281e-01 +2.7417e+00
169 0 +3.212165299e+02 +3.212165299e+02 +1.259056530e+03 +1.259056530e+03 -2.6920e+00 +1.0353e+00 -9.3597e-01 +1.3948e-01 -4.0116e+00 +1.9121e+00 -2.3549e-01 +2.2665e+00 -2.9219e-01 -2.6798e-02 +2.0456e+00 -1.3894e+00 -7.5959e-01 -3.9540e-01 +2.2413e-01 +5.7670e+00 -1.5656e+00 +8.6879e-01 -9.2839e-01 +5.7407e+00
177 0 +2.252942528e+02 +2.252942528e+02 +1.163134253e+03 +1.163134253e+03 -3.0575e+00 +1.2481e+00 -9.3908e-01 +2.6629e-01 -3.7315e+00 +1.7438e+00 -2.3910e-01 +1.9748e+00 -2.1377e-01 -7.5776e-02 +2.3590e+00 -2.3143e+00 -1.6690e+00 -5.0689e-01 +2.7894e-01 +4.2621e+00 -1.6050e+00 +7.1319e-01 -7.8158e-01 +6.2666e+00
192 0 +1.747520029e+02 +1.747520029e+02 +1.112592003e+03 +1.112592003e+03 -2.8844e+00 +1.2537e+00 -1.1733e+00 +1.3619e-01 -3.0373e+00 +1.5336e+00 -1.9048e-01 +1.9039e+00 +2.0312e-01 -1.2693e-01 +2.7252e+00 -3.0577e+00 -1.4886e+00 -3.2525e-01 +2.3522e-01 +4.6851e+00 -1.1172e+00 +6.8297e-01 -6.0826e-01 +6.4721e+00
% f evaluations | g evaluations | best noise-free fitness - Fopt | noise-free fitness - Fopt (-7.872000000000e+01) | measured fitness | best measured fitness | x1 | x2...
1 0 +3.474398233e+06 +3.474398233e+06 +3.474319513e+06 +3.474319513e+06 +0.0000e+00 +0.0000e+00 +0.0000e+00 +0.0000e+00 +0.0000e+00 +0.0000e+00 +0.0000e+00 +0.0000e+00 +0.0000e+00 +0.0000e+00 +0.0000e+00 +0.0000e+00 +0.0000e+00 +0.0000e+00 +0.0000e+00 +0.0000e+00 +0.0000e+00 +0.0000e+00 +0.0000e+00 +0.0000e+00
2 0 +1.858917278e+06 +1.858917278e+06 +1.858838558e+06 +1.858838558e+06 -1.1607e+00 +3.0820e+00 +2.3801e-01 +5.2640e-01 +1.8741e-01 +4.7737e-02 +1.8298e-01 -4.3726e-01 +7.9792e-01 +8.1436e-02 -2.9455e-01 -2.7899e-01 -6.3236e-02 -3.2375e-02 -8.9798e-02 -1.0405e+00 -6.3170e-02 -1.1023e+00 +1.1734e+00 +1.0559e-01
3 0 +4.401222526e+05 +4.401222526e+05 +4.400435326e+05 +4.400435326e+05 +2.8585e+00 +1.5960e+00 -4.0507e-01 +5.0909e-01 -6.5891e-01 +1.1518e-02 +4.0287e-01 +1.8806e-01 -4.7840e-02 +1.6667e-01 -9.7701e-01 +4.5395e-01 -4.8158e-03 +9.2613e-02 -7.8550e-01 -4.6556e-01 -1.5730e-02 -2.2077e-01 +9.8622e-02 -1.0617e+00
14 0 +3.375709590e+03 +3.375709590e+03 +3.296989590e+03 +3.296989590e+03 +3.8570e+00 +2.6455e+00 -1.2811e+00 +9.1740e-01 -4.6507e-01 -1.6614e-02 +9.7642e-05 -2.2425e-01 -4.1661e-01 +1.6352e-01 -9.2814e-01 +2.7674e-01 +1.4683e-01 -1.0216e-01 -8.3709e-02 +1.6662e+00 -2.0112e-01 -1.0300e+00 +8.4335e-01 -7.0817e-01
24 0 +2.531628647e+03 +2.531628647e+03 +2.452908647e+03 +2.452908647e+03 -2.8157e-01 +5.4316e-01 -1.8151e-01 +3.0253e+00 -1.7526e+00 +4.5313e-02 +3.8455e-01 -5.1942e-01 -8.3571e-02 +2.5497e-02 -1.5064e+00 +1.4047e-01 +1.1350e-02 -3.9302e-01 -6.0601e-01 -3.4968e-01 -7.3870e-01 -4.2876e-01 +1.0108e+00 -5.2935e-01
42 0 +3.932806092e+02 +3.932806092e+02 +3.145606092e+02 +3.145606092e+02 +4.4750e-01 +2.5861e+00 -3.5834e-01 +2.4409e-01 -1.6622e+00 -3.7746e-02 +7.7144e-01 -8.6119e-01 -9.5286e-01 -9.7415e-02 -9.3088e-01 +1.0196e+00 +1.2775e-01 -7.4470e-02 -1.2263e+00 +2.0599e+00 -1.5298e+00 +4.0039e-01 +5.9197e-01 -9.2871e-01
51 0 +1.348385995e+02 +1.348385995e+02 +5.611859949e+01 +5.611859949e+01 -2.4721e-01 +2.2046e+00 +7.4915e-02 -4.4924e-01 -1.1357e+00 -4.3808e-03 +9.7756e-01 -7.5138e-01 -1.7017e+00 -1.1356e-01 -4.0496e-01 +1.1067e+00 +1.2849e-01 +1.0355e-01 -8.5509e-01 +7.6278e-01 -2.1751e+00 +3.7554e-01 +1.8011e-01 -5.1151e-01
% f evaluations | g evaluations | best noise-free fitness - Fopt | noise-free fitness - Fopt (-4.151000000000e+01) | measured fitness | best measured fitness | x1 | x2...
1 0 +1.324554082e+07 +1.324554082e+07 +1.324549931e+07 +1.324549931e+07 +0.0000e+00 +0.0000e+00 +0.0000e+00 +0.0000e+00 +0.0000e+00 +0.0000e+00 +0.0000e+00 +0.0000e+00 +0.0000e+00 +0.0000e+00 +0.0000e+00 +0.0000e+00 +0.0000e+00 +0.0000e+00 +0.0000e+00 +0.0000e+00 +0.0000e+00 +0.0000e+00 +0.0000e+00 +0.0000e+00
2 0 +6.802658704e+06 +6.802658704e+06 +6.802617194e+06 +6.802617194e+06 +5.6181e-01 -7.1689e-01 +1.4511e-01 +2.3737e-01 -7.6370e-01 +1.6593e+00 -4.2380e-02 -2.5765e-01 -7.7738e-01 +2.1605e-01 -1.6791e-01 +2.0409e-01 -1.2493e+00 +2.7416e-02 +2.4981e-02 -1.3708e-01 +4.0523e-02 -2.3434e-01 -2.5141e-01 +6.8605e-01
6 0 +4.540163605e+06 +4.540163605e+06 +4.540122095e+06 +4.540122095e+06 +5.1433e-02 -9.7082e-01 +2.1838e-01 +1.0848e+00 -1.1484e+00 -5.1858e-01 -1.0280e-01 -4.1523e-01 +4.4575e-01 -3.6798e-02 -1.8482e-01 +3.9222e-01 -2.6555e+00 +5.1671e-02 -4.4138e-01 +3.2923e-01 -3.6493e-01 -2.7803e-01 +6.0991e-02 +2.6254e+00
13 0 +1.594365404e+06 +1.594365404e+06 +1.594323894e+06 +1.594323894e+06 -7.2446e-01 -1.5804e+00 +1.2042e-01 +6.8543e-01 -4.2772e-01 -6.9859e-02 -3.3415e-01 +3.2256e-01 -1.8420e-01 +2.1656e-01 -1.8338e-01 +7.0925e-01 -2.2333e+00 -1.4313e-03 -2.8318e-01 -7.2173e-02 -2.9482e+00 +9.7431e-01 -2.1735e-01 +2.0584e+00
23 0 +2.933401468e+05 +2.933401468e+05 +2.932986368e+05 +2.932986368e+05 -6.0967e-01 -1.4569e+00 +6.2818e-02 +5.5166e-01 -1.2145e+00 -4.9187e-01 -7.4723e-01 +2.0664e-01 +1.8551e-02 +1.7734e-01 -1.6951e-01 +2.7391e-01 -1.4210e+00 +3.2094e-02 +2.3649e+00 +1.7026e-01 -1.3598e+00 -2.3490e-01 -3.7233e-01 +2.6263e+00
42 0 +1.439699565e+05 +1.439699565e+05 +1.439284465e+05 +1.439284465e+05 -4.4420e-01 -2.5874e+00 +3.4541e-02 -5.6170e-01 -7.0133e-01 -2.0498e+00 -1.7210e-01 +1.7744e-01 -7.3674e-01 +1.6889e-01 -4.2812e-01 +1.3169e-01 -1.1235e+00 -1.2151e-01 +3.8942e+00 +1.7631e-01 -2.6330e+00 +2.3617e-01 -1.9772e-01 +3.2981e+00
43 0 +3.729564085e+04 +3.729564085e+04 +3.725413085e+04 +3.725413085e+04 -9.1129e-02 -1.6609e+00 +1.8881e-01 -4.0671e-01 -1.1840e+00 -4.7982e-01 -2.0289e-01 +5.6201e-01 -5.3819e-01 +2.2667e-01 -3.0351e-01 +3.6215e-01 -3.8273e-01 -2.8029e-02 +3.2556e+00 +3.2440e-01 -2.6115e+00 +1.3039e+00 -2.2437e-01 +3.5689e+00
49 0 +6.263340979e+03 +6.263340979e+03 +6.221830979e+03 +6.221830979e+03 +1.3540e-01 -8.9724e-01 +4.9070e-02 -1.4244e+00 -1.2588e+00 -4.2072e-01 -7.3597e-02 -3.1091e-02 -1.3178e+00 +2.4474e-01 -3.3341e-01 +3.6829e-01 -1.2283e+00 -9.2818e-03 +3.3056e+00 +3.3738e-01 -3.0897e+00 +3.3712e-01 -5.4786e-01 +9.8146e-01
53 0 +3.689111304e+03 +3.689111304e+03 +3.647601304e+03 +3.647601304e+03 +9.2610e-03 -8.8911e-01 +1.1269e-01 -2.3167e+00 -1.2641e+00 -1.1157e+00 -6.0764e-02 +4.9698e-01 -1.1533e+00 +1.5330e-01 -4.8304e-01 +4.4771e-01 -6.9027e-01 -4.4618e-02 +2.2925e+00 +3.3610e-01 -2.7866e+00 +4.6546e-01 -2.4072e-01 +3.2070e+00
57 0 +1.826286573e+02 +1.826286573e+02 +1.411186573e+02 +1.411186573e+02 +3.4886e-01 -4.0302e-01 +3.2804e-02 -1.0638e+00 -1.8325e+00 -1.8862e-01 +4.5557e-01 +3.9870e-01 -1.4418e+00 +9.6296e-02 -1.3442e-01 +2.1635e-01 -5.1076e-01 -1.7434e-02 +2.4021e+00 +4.6039e-01 -3.6093e+00 +3.4118e-01 -1.1898e-01 +2.8050e+00
85 0 +1.772383956e+02 +1.772383956e+02 +1.357283956e+02 +1.357283956e+02 -4.7356e-01 -4.7347e-01 +3.0562e-01 +6.3035e-01 -2.1352e-01 +5.3317e-01 +6.2457e-02 +1.1747e-01 -3.6939e-02 -4.5365e-02 -4.5001e-02 +2.4732e-01 +6.0361e-01 +4.0037e-02 +4.5930e+00 +3.9774e-01 -4.0361e+00 -1.6389e+00 -9.1595e-02 +2.4268e+00
95 0 +1.286196468e+02 +1.286196468e+02 +8.710964683e+01 +8.710964683e+01 -6.9491e-01 +4.8392e-01 +2.5377e-01 +9.2322e-01 -3.8151e-01 +3.3564e-01 -1.9980e-01 +2.0613e-03 +2.3937e-01 -4.6762e-03 -3.4698e-02 +4.6545e-01 +6.1041e-01 +8.4757e-02 +3.2783e+00 +2.7737e-01 -4.9320e+00 -2.2991e+00 -4.0090e-02 +2.7122e+00
% f evaluations | g evaluations | best noise-free fitness - Fopt | noise-free fitness - Fopt (1.320700000000e+02) | measured fitness | best measured fitness | x1 | x2...
1 0 +8.972161278e+06 +8.972161278e+06 +8.972293348e+06 +8.972293348e+06 +0.0000e+00 +0.0000e+00 +0.0000e+00 +0.0000e+00 +0.0000e+00 +0.0000e+00 +0.0000e+00 +0.0000e+00 +0.0000e+00 +0.0000e+00 +0.0000e+00 +0.0000e+00 +0.0000e+00 +0.0000e+00 +0.0000e+00 +0.0000e+00 +0.0000e+00 +0.0000e+00 +0.0000e+00 +0.0000e+00
2 0 +5.494245552e+06 +5.494245552e+06 +5.494377622e+06 +5.494377622e+06 -4.5978e-03 +8.8924e-02 +6.9666e-01 +1.0812e+00 +1.9863e-01 -1.2028e-01 +1.2111e+00 -1.3670e+00 -1.7770e+00 +2.7378e-02 +2.0165e-01 -8.8451e-01 -3.1134e-01 -5.2072e-01 +4.5060e-01 +3.9406e-01 +1.6682e-01 +1.0776e+00 +2.7071e-01 +4.8944e-01
7 0 +1.404287398e+06 +1.404287398e+06 +1.404419468e+06 +1.404419468e+06 -1.5872e-02 +3.6194e-01 -2.8472e-02 +1.7734e+00 -8.4500e-02 -2.9013e-02 -2.2069e-01 +1.1422e+00 -2.7750e+00 -4.2441e-02 -2.2030e-01 +4.2155e-01 -5.3975e-01 -3.5263e-01 +1.9688e-01 -1.9447e-01 +3.2620e-01 +2.5797e+00 +2.0223e-01 +2.3123e-01
19 0 +2.837161862e+05 +2.837161862e+05 +2.838482562e+05 +2.838482562e+05 -1.1910e-02 +1.0944e+00 +1.0682e-01 +4.1331e+00 +7.9831e-02 +4.7361e-02 -1.9850e-01 +4.3167e-01 -2.7756e+00 +4.1270e-01 -2.3769e+00 +1.4882e+00 -6.7992e-01 +1.6373e-01 +1.0375e-01 -1.3588e-01 +9.8835e-02 +3.1853e+00 +4.2475e-01 -3.8571e+00
22 0 +1.315499641e+05 +1.315499641e+05 +1.316820341e+05 +1.316820341e+05 -1.0100e-02 +1.7683e+00 +2.3062e-01 +3.7844e+00 -1.2222e-02 +2.1404e-02 -3.7301e-01 -2.5618e-01 -5.0714e+00 +6.3031e-01 -3.3332e+00 +9.4248e-01 -6.7706e-01 +1.0122e+00 -4.0532e-01 +1.1346e-01 +1.6120e-02 +3.4368e+00 +1.1934e+00 -2.3825e-01
23 0 +1.759998601e+04 +1.759998601e+04 +1.773205601e+04 +1.773205601e+04 +3.3497e-02 +1.9899e+00 +3.5453e-01 +3.4919e+00 +3.1634e-02 +1.2551e-01 +2.9505e-01 +6.3223e-01 -2.8891e+00 +7.3716e-01 -1.2606e+00 +2.6583e-01 +5.9566e-01 -1.5969e-01 +5.3192e-01 +1.5254e-01 -3.0108e-01 -2.7952e-01 -1.7130e-01 -3.9779e+00
26 0 +1.380962842e+03 +1.380962842e+03 +1.513032842e+03 +1.513032842e+03 +2.0275e-02 -3.3547e-01 -3.8299e-01 +3.7311e+00 +2.6161e-01 +7.9739e-02 +2.1641e-01 +2.1284e+00 -3.3376e+00 +7.5708e-01 -5.2077e-01 +1.8354e+00 -1.9906e-01 +8.0362e-01 -1.6335e-02 +6.1464e-02 -4.6391e-03 +5.2661e+00 +1.9791e-01 -2.1195e+00
76 0 +2.770352146e+02 +2.770352146e+02 +4.091052146e+02 +4.091052146e+02 +1.0936e-01 +9.2459e-01 -5.6339e-01 +3.5981e+00 -6.1638e-01 +1.8188e-01 -5.5597e-01 +2.1645e-01 +4.7531e-01 +7.0552e-01 -3.5166e+00 +2.9790e+00 -4.4662e-01 -3.5269e+00 -8.3169e-01 -1.0618e+00 -3.6173e-04 +8.8966e+00 +7.0517e-01 +7.2290e+00
153 0 +2.404088561e+02 +2.404088561e+02 +3.724788561e+02 +3.724788561e+02 +7.0122e-02 +1.3525e+00 +2.6650e-01 +1.2480e+00 -5.9802e-01 +1.2629e-01 -1.6184e+00 +2.6814e+00 +5.1178e+00 +2.3079e-01 -3.6014e+00 +7.2422e+00 -3.9344e-01 -1.5136e+00 +2.0535e+00 +2.6063e-01 -6.0083e-01 +6.4993e+00 +1.3323e+00 -1.7453e+00
% f evaluations | g evaluations | best noise-free fitness - Fopt | noise-free fitness - Fopt (9.725000000000e+01) | measured fitness | best measured fitness | x1 | x2...
1 0 +7.291738861e+06 +7.291738861e+06 +7.291836111e+06 +7.291836111e+06 +0.0000e+00 +0.0000e+00 +0.0000e+00 +0.0000e+00 +0.0000e+00 +0.0000e+00 +0.0000e+00 +0.0000e+00 +0.0000e+00 +0.0000e+00 +0.0000e+00 +0.0000e+00 +0.0000e+00 +0.0000e+00 +0.0000e+00 +0.0000e+00 +0.0000e+00 +0.0000e+00 +0.0000e+00 +0.0000e+00
3 0 +6.345256231e+06 +6.345256231e+06 +6.345353481e+06 +6.345353481e+06 -7.6271e-01 +6.3042e-01 +3.8723e-01 +7.3398e-02 +9.0758e-01 +1.8282e+00 +3.4161e-02 +3.1247e-01 -8.1746e-01 -1.2860e-01 -4.4433e-01 +4.0892e-01 +5.1049e-01 -1.5561e-01 +5.0047e-01 -3.4487e-03 +2.7805e-02 -5.5617e-02 -8.0255e-01 -1.8373e-01
4 0 +5.384969540e+06 +5.384969540e+06 +5.385066790e+06 +5.385066790e+06 -3.1812e+00 +1.2065e-01 +3.0139e-01 +1.6765e-01 -9.1049e-01 +5.7856e-01 +3.8138e-01 +1.1875e-01 -1.0717e+00 +5.0843e-01 -4.7041e-01 -1.1883e+00 +8.0372e-01 +1.5024e-01 +2.8799e-01 +7.4538e-03 -1.3123e+00 -1.3736e-02 -1.2039e+00 +5.7930e-01
6 0 +2.419159282e+06 +2.419159282e+06 +2.419256532e+06 +2.419256532e+06 -1.2251e+00 +2.7567e-01 +2.2799e-01 -6.1719e-02 +8.6397e-01 -1.0868e+00 -1.7891e-01 -8.0138e-01 -1.3512e+00 +3.3496e-02 +9.7951e-02 -7.8630e-01 -1.1425e+00 -1.2960e-01 +1.0358e+00 -3.7272e-03 +4.8133e-01 -2.8224e-02 -2.1763e+00 -7.3976e-01
12 0 +7.325004908e+05 +7.325004908e+05 +7.325977408e+05 +7.325977408e+05 -9.0825e-01 +8.2199e-01 +6.4111e-01 -1.4446e-02 +6.6746e-01 +3.6518e+00 +6.9654e-02 -4.9987e-01 -3.0437e+00 +3.2800e-02 +6.6211e-02 -4.9582e-02 -3.4830e-01 +2.0870e-01 +1.0545e+00 -6.2283e-03 +4.0093e-01 -1.7136e-03 -3.9438e+00 -7.6722e-01
14 0 +2.447286719e+05 +2.447286719e+05 +2.448259219e+05 +2.448259219e+05 -2.0518e+00 +5.9813e-01 +1.3566e-01 -1.9160e-01 +2.2748e+00 +3.8192e-01 +5.5156e-01 -1.3641e+00 -3.0161e+00 -1.5443e-01 -8.4395e-01 -2.1524e-01 -6.9519e-01 +2.5313e-01 -3.3531e-01 +7.8357e-04 +1.7551e+00 -1.1980e-02 -2.7885e+00 -1.0767e+00
22 0 +1.218058905e+05 +1.218058905e+05 +1.219031405e+05 +1.219031405e+05 -8.6994e-01 +9.4459e-01 +9.3412e-01 -2.8947e-02 +2.1021e+00 +1.7715e+00 +3.9452e-01 -1.1646e+00 -3.4008e+00 -6.2477e-02 -1.0563e+00 +1.9793e-01 -1.2516e+00 +3.3664e-01 +9.1815e-01 +7.3288e-04 +1.1330e+00 -3.2087e-02 -5.9041e+00 -1.3738e+00
29 0 +1.858285160e+02 +1.858285160e+02 +2.830785160e+02 +2.830785160e+02 +2.2222e+00 +1.1576e+00 +8.6670e-01 -1.8378e-01 +1.9465e+00 +2.6295e-01 +3.9826e-01 -1.6525e+00 -4.5472e-01 +2.2940e-01 -1.1171e+00 -2.4033e-02 +1.1829e+00 +5.7122e-01 -7.5735e-01 +6.6155e-03 +1.8235e+00 -2.9149e-02 -2.0606e+00 -1.9617e+00
149 0 +1.592052373e+02 +1.592052373e+02 +2.564552373e+02 +2.564552373e+02 +1.8131e+00 -4.4742e-01 +1.5566e+00 -4.0872e-02 +1.3791e+00 +5.1680e+00 +9.9744e-01 -2.0888e+00 -1.6385e-01 +3.5886e-01 -5.0126e-01 +1.2219e+00 -5.0239e-01 +8.6013e-01 +1.1700e-01 +8.2989e-03 -7.5469e-02 +1.7033e-03 -7.7328e+00 -7.2684e-01
152 0 +1.184317243e+02 +1.184317243e+02 +2.156817243e+02 +2.156817243e+02 +1.6929e+00 -8.0749e-01 +1.1382e+00 -6.9958e-02 +1.6626e+00 +4.2755e+00 +8.6012e-01 -1.8603e+00 -2.0130e-01 +4.0379e-01 -7.8230e-01 +9.1887e-01 -3.6018e-01 +8.6905e-01 -2.8179e-01 +8.0366e-03 +1.7562e-01 -1.0519e-02 -6.9584e+00 -3.7674e-01
% f evaluations | g evaluations | best noise-free fitness - Fopt | noise-free fitness - Fopt (-2.033000000000e+01) | measured fitness | best measured fitness | x1 | x2...
1 0 +2.520617376e+06 +2.520617376e+06 +2.520597046e+06 +2.520597046e+06 +0.0000e+00 +0.0000e+00 +0.0000e+00 +0.0000e+00 +0.0000e+00 +0.0000e+00 +0.0000e+00 +0.0000e+00 +0.0000e+00 +0.0000e+00 +0.0000e+00 +0.0000e+00 +0.0000e+00 +0.0000e+00 +0.0000e+00 +0.0000e+00 +0.0000e+00 +0.0000e+00 +0.0000e+00 +0.0000e+00
4 0 +1.076846882e+06 +1.076846882e+06 +1.076826552e+06 +1.076826552e+06 +4.0527e-01 -1.1022e-01 +2.8801e-01 +1.1396e+00 -8.8700e-02 +2.1856e-02 -9.6529e-03 -1.0642e-01 +9.7774e-03 +5.1339e-01 +2.6490e-01 +8.8608e-01 +2.0169e-01 +1.6358e-01 +1.2333e-01 +9.0867e-01 +3.5634e-02 +2.5866e-01 -3.0924e+00 +5.6672e-01
12 0 +2.346649309e+05 +2.346649309e+05 +2.346446009e+05 +2.346446009e+05 -9.2826e-01 -3.3971e-02 +2.8422e-02 +1.1525e+00 -3.4759e-01 +2.9279e-01 +9.2227e-02 +3.8072e-02 -5.9311e-02 +4.8290e-01 +5.3046e-02 -3.7536e-01 +2.6512e+00 -1.6588e-01 +7.2916e-01 +2.2970e+00 +4.0225e-01 -8.7539e-01 -3.0677e+00 -5.7080e-01
22 0 +3.748341479e+03 +3.748341479e+03 +3.728011479e+03 +3.728011479e+03 -1.4847e+00 -2.3572e-01 +4.0291e-01 +2.6118e+00 +3.5723e-02 -2.3462e-02 -4.3088e-01 +1.3236e-01 -5.0698e-01 +9.6509e-02 +2.7660e-01 -1.0483e+00 +2.1168e+00 +7.5610e-01 -8.2403e-01 +1.7592e+00 -3.1977e-01 -1.4209e+00 +4.7113e+00 -1.8909e+00
49 0 +3.142182215e+03 +3.142182215e+03 +3.121852215e+03 +3.121852215e+03 -8.4133e-01 -1.6098e-01 +6.2519e-01 +1.7091e+00 -5.5592e-01 +4.2741e-01 -5.2145e-01 +2.3084e-01 -5.9452e-01 +4.0025e-01 +7.3716e-01 -1.6184e+00 +1.2177e+00 +1.5993e-01 +7.7244e-01 +2.8189e+00 +4.5354e-01 -4.3185e-01 +1.5063e+00 -3.9240e-01
57 0 +1.522341417e+03 +1.522341417e+03 +1.502011417e+03 +1.502011417e+03 -2.8238e+00 -4.1670e-01 +6.0772e-01 +1.3569e+00 -2.3264e-01 +8.4687e-01 -4.7064e-01 -2.7208e-01 +8.7331e-02 +4.0803e-01 +1.2959e+00 -1.2433e+00 +2.2266e+00 +2.1343e-01 +6.6450e-01 +2.3073e+00 +6.7875e-01 -7.7802e-01 +1.0077e+00 +4.3833e-02
76 0 +2.745438597e+02 +2.745438597e+02 +2.542138597e+02 +2.542138597e+02 +6.9758e-01 -2.2906e-01 +1.8127e-01 +2.6667e+00 -6.8596e-01 +5.3476e-01 -2.7453e-01 +3.1580e-01 -4.6279e-01 +4.8219e-01 +1.6853e+00 -1.8455e+00 +2.6639e+00 +5.0285e-01 +1.2300e+00 +3.3790e+00 -4.1601e-01 -8.5861e-01 -1.1572e-01 -6.0028e-01
95 0 +1.943974433e+02 +1.943974433e+02 +1.740674433e+02 +1.740674433e+02 +6.9543e-01 -2.8964e-01 +2.5355e-01 +3.0637e+00 -4.6783e-01 +3.9302e-01 -1.9755e-01 +2.7384e-01 -2.5290e-01 +2.8907e-01 +1.5542e+00 -1.4875e+00 +3.9471e+00 +1.2676e-01 +8.4977e-01 +3.3431e+00 -2.8241e-01 -6.5601e-01 -1.0456e+00 -1.1152e+00
109 0 +1.855222394e+02 +1.855222394e+02 +1.651922394e+02 +1.651922394e+02 +1.2367e+00 -3.2968e-01 +1.4336e-01 +3.5326e+00 -3.8642e-01 +4.1936e-01 -3.6873e-02 +3.4565e-01 -3.6940e-01 +2.2143e-01 +1.5362e+00 -1.2744e+00 +3.1629e+00 +4.1038e-01 +5.4008e-01 +3.5166e+00 -3.1844e-01 -8.9466e-01 +3.3938e-02 -1.2173e+00
% f evaluations | g evaluations | best noise-free fitness - Fopt | noise-free fitness - Fopt (9.431000000000e+01) | measured fitness | best measured fitness | x1 | x2...
1 0 +2.607148424e+06 +2.607148424e+06 +2.607242734e+06 +2.607242734e+06 +0.0000e+00 +0.0000e+00 +0.0000e+00 +0.0000e+00 +0.0000e+00 +0.0000e+00 +0.0000e+00 +0.0000e+00 +0.0000e+00 +0.0000e+00 +0.0000e+00 +0.0000e+00 +0.0000e+00 +0.0000e+00 +0.0000e+00 +0.0000e+00 +0.0000e+00 +0.0000e+00 +0.0000e+00 +0.0000e+00
2 0 +3.421552095e+05 +3.421552095e+05 +3.422495195e+05 +3.422495195e+05 +3.3261e+00 -3.5222e-01 -3.7819e-03 +4.6284e-01 -8.0418e-01 -2.1639e-01 +4.4285e-01 +1.2747e-01 +1.0103e-01 -2.3138e-01 +7.4224e-01 +3.5026e-01 +8.7675e-03 -1.2564e+00 -4.2464e-02 +1.8467e-03 +6.1028e-01 +2.0613e+00 +3.1589e-01 +2.0476e+00
13 0 +3.243972156e+05 +3.243972156e+05 +3.244915256e+05 +3.244915256e+05 +2.8742e+00 -1.0885e-01 -1.3072e-04 -2.6516e-02 -9.7034e-01 +7.4503e-02 -1.0724e+00 +1.1310e-01 -2.1992e-01 +4.1143e-01 +1.4942e+00 +6.5709e-01 -1.4850e-01 -8.4710e-01 -8.6983e-01 -2.4536e-01 +1.4435e-01 +6.8943e-01 -7.8510e-01 +1.0399e+00
16 0 +5.059892999e+04 +5.059892999e+04 +5.069323999e+04 +5.069323999e+04 +5.9936e+00 -1.8972e-01 -1.6191e-02 +9.5122e-01 -1.0044e+00 +8.1913e-04 +6.2348e-02 +8.1011e-02 +1.8182e-01 -1.5534e+00 +2.4900e+00 -7.4390e-01 -4.9698e-01 -1.7691e-02 +4.1681e-01 +4.6770e-01 +3.0263e-01 +1.5061e+00 -4.9172e-01 +2.4962e+00
29 0 +3.114436349e+04 +3.114436349e+04 +3.123867349e+04 +3.123867349e+04 +5.4963e+00 +2.7562e-01 -3.7482e-02 +1.4307e+00 -5.6961e-01 +2.6798e-01 +3.4914e+00 +2.6115e-01 -3.1000e-01 -1.0639e+00 -6.1854e-01 +1.7950e+00 +7.7638e-01 -2.4324e+00 +3.0101e-01 -5.4865e-01 +2.4474e-01 +2.5757e+00 -1.1537e-01 +2.1770e+00
31 0 +1.635055139e+04 +1.635055139e+04 +1.644486139e+04 +1.644486139e+04 +5.2645e+00 -1.0419e+00 -3.4289e-02 +3.2054e-02 +1.7927e+00 +3.3605e-01 -8.8811e-01 +2.9228e-01 +1.6603e-01 -6.1328e-01 +7.2676e-01 +1.7720e-01 -8.7268e-01 +8.8494e-01 +6.1434e-01 +3.2969e-01 -6.3304e-01 +2.9404e+00 -7.9027e-01 +3.8999e+00
46 0 +4.391520308e+03 +4.391520308e+03 +4.485830308e+03 +4.485830308e+03 +4.2257e+00 -4.2565e-01 -2.4799e-02 -1.1291e+00 +9.0837e-01 +7.8255e-01 +5.9117e-01 +6.3713e-01 -4.7865e-01 -6.1233e-01 -4.1873e+00 +1.1093e+00 -7.5784e-01 -2.5409e+00 +9.4218e-01 +1.3811e-01 -2.0909e-01 +4.1247e+00 -2.2908e-01 +9.6450e-01
61 0 +6.202100137e+02 +6.202100137e+02 +7.145200137e+02 +7.145200137e+02 +5.7737e+00 +2.0210e-01 -1.6686e-02 -9.5271e-01 -2.1001e+00 +8.1473e-01 -2.2950e+00 +9.3824e-01 -2.6788e-01 -8.2805e-01 -6.7584e+00 +2.2731e+00 +2.0254e+00 -3.4846e+00 -4.8494e-01 +7.4149e-02 -1.0453e+00 +7.4022e+00 +1.5489e+00 +2.0587e+00
108 0 +6.113017703e+02 +6.113017703e+02 +7.056117703e+02 +7.056117703e+02 +7.2830e+00 +2.1830e+00 -2.5669e-02 -2.4303e+00 -4.9403e+00 +7.5902e-01 +4.6237e+00 +7.3792e-01 -1.1549e+00 -6.2078e-01 -8.9922e+00 +3.6740e+00 +2.2426e-01 -6.1287e+00 -2.1678e-01 -1.1888e+00 +1.1271e-01 +4.2261e+00 -1.9280e+00 +3.0966e+00
117 0 +5.500818437e+02 +5.500818437e+02 +6.443918437e+02 +6.443918437e+02 +8.3067e+00 +2.6238e+00 -3.1760e-02 -1.7048e+00 -6.7144e+00 +1.0276e+00 +1.0098e+00 +3.8834e-01 -1.4360e+00 -2.8876e-02 -5.8103e+00 +2.5172e+00 +9.0745e-01 -4.8902e+00 +6.7615e-02 -7.2823e-01 -1.8220e-02 +1.7166e+00 -3.5724e+00 +1.0727e+00
% f evaluations | g evaluations | best noise-free fitness - Fopt | noise-free fitness - Fopt (-1.436900000000e+02) | measured fitness | best measured fitness | x1 | x2...
1 0 +3.053032814e+04 +3.053032814e+04 +3.038663814e+04 +3.038663814e+04 +0.0000e+00 +0.0000e+00 +0.0000e+00 +0.0000e+00 +0.0000e+00 +0.0000e+00 +0.0000e+00 +0.0000e+00 +0.0000e+00 +0.0000e+00 +0.0000e+00 +0.0000e+00 +0.0000e+00 +0.0000e+00 +0.0000e+00 +0.0000e+00 +0.0000e+00 +0.0000e+00 +0.0000e+00 +0.0000e+00
9 0 +1.005206817e+03 +1.005206817e+03 +8.615168168e+02 +8.615168168e+02 -8.6200e-02 -2.8530e-01 +3.7056e-02 +5.8619e-01 -2.7540e+00 -3.8553e-02 -3.9967e-01 -7.6738e-01 +8.7099e-02 -1.3049e+00 -1.0145e+00 +3.6185e-01 +1.6353e+00 -2.2965e-01 +2.7972e-01 +1.0088e-01 +1.2540e+00 -1.5514e+00 +7.1245e-02 -1.1001e-01
35 0 +1.996739106e+02 +1.996739106e+02 +5.598391057e+01 +5.598391057e+01 +2.3040e-01 +1.1852e+00 -1.2947e+00 +1.0888e+00 -2.3795e+00 +4.8533e-02 -3.8062e-01 +1.8466e-01 +6.3518e-02 +7.2935e-01 +2.9867e-01 +4.3135e-01 +6.8285e-01 -1.2273e+00 +1.0506e-01 +1.4105e+00 +6.6462e+00 -4.6022e+00 +2.9849e-01 +3.7666e-01
% f evaluations | g evaluations | best noise-free fitness - Fopt | noise-free fitness - Fopt (-3.533800000000e+02) | measured fitness | best measured fitness | x1 | x2...
1 0 +6.023261575e+06 +6.023261575e+06 +6.022908195e+06 +6.022908195e+06 +0.0000e+00 +0.0000e+00 +0.0000e+00 +0.0000e+00 +0.0000e+00 +0.0000e+00 +0.0000e+00 +0.0000e+00 +0.0000e+00 +0.0000e+00 +0.0000e+00 +0.0000e+00 +0.0000e+00 +0.0000e+00 +0.0000e+00 +0.0000e+00 +0.0000e+00 +0.0000e+00 +0.0000e+00 +0.0000e+00
3 0 +2.396654793e+06 +2.396654793e+06 +2.396301413e+06 +2.396301413e+06 -5.2552e-01 -2.7272e-01 +1.0825e-01 +7.5757e-02 -2.4996e-01 +2.9514e-01 +3.2936e-01 +7.7020e-01 -2.7154e-01 +1.2687e-01 -4.6589e-02 -1.0123e-01 +1.5369e+00 -5.4539e-02 +1.1888e-01 +1.1279e-01 +8.5202e-01 -1.5513e-02 -1.1291e+00 -2.8942e-01
8 0 +5.468456609e+05 +5.468456609e+05 +5.464922809e+05 +5.464922809e+05 +5.1424e-02 +4.3723e-01 -6.0283e-01 -2.0263e-02 +1.8724e-02 +8.1857e-02 -2.6744e-01 -1.4086e+00 -6.8733e-01 +4.2541e-01 +1.5214e-01 +7.0944e-01 +1.6090e+00 +1.8935e+00 +1.7797e-01 -1.8770e-01 +5.8939e-01 +1.8044e-02 +3.0243e-01 -2.8315e-02
14 0 +2.757799710e+04 +2.757799710e+04 +2.722461710e+04 +2.722461710e+04 -6.7706e-01 -8.1368e-01 -3.3505e-02 +2.3948e-02 -2.5760e-01 +1.6505e-01 -1.8410e-01 +6.4025e-01 -2.9591e+00 +2.3648e-01 +2.8948e-01 -1.6798e+00 +2.0550e+00 +1.5785e+00 +3.1820e-01 +2.8289e-01 +3.4049e-01 -3.4559e-02 -2.8234e-01 -4.3912e-01
22 0 +9.637025275e+03 +9.637025275e+03 +9.283645275e+03 +9.283645275e+03 -3.4429e-02 -1.4717e+00 +3.7602e-01 -1.7713e-01 +4.3071e-01 +1.2075e-01 +1.0011e+00 -7.0601e-01 -1.0252e+00 -1.6396e+00 -2.1570e+00 +2.3987e+00 +1.8486e+00 -2.2343e-01 +4.3820e-01 +6.0336e-02 +3.2860e+00 +7.9660e-03 -5.6856e-01 -4.8106e-01
25 0 +3.671448975e+03 +3.671448975e+03 +3.318068975e+03 +3.318068975e+03 +2.1228e-01 -2.8966e-01 +4.0850e-01 -1.5964e-01 +3.7460e-01 -1.0394e+00 +6.0154e-01 +3.6001e-01 -2.1393e+00 +6.5932e-01 -1.6636e+00 +1.4477e+00 +1.7250e+00 +2.5875e-01 +3.9723e-01 +2.8474e-01 +4.1584e+00 +1.1265e-02 -1.9606e+00 -3.6238e-01
40 0 +1.256932860e+03 +1.256932860e+03 +9.035528598e+02 +9.035528598e+02 -1.4476e-01 -1.8873e+00 -1.4282e-01 -1.9163e-01 +3.0110e-01 +8.9672e-01 +1.5005e+00 -5.6054e-01 -1.7823e+00 -1.5165e+00 -8.9261e-01 +4.0858e+00 +8.2133e-01 -4.7323e-02 +4.0794e-01 +2.0602e-01 +3.1003e+00 -5.5327e-03 +8.6644e-01 -3.2342e-01
214 0 +8.010677865e+02 +8.010677865e+02 +4.476877865e+02 +4.476877865e+02 -6.8781e-01 -1.9012e+00 +6.3410e+00 +4.6553e-01 -1.7887e+00 -2.1359e+00 +3.0391e+00 +1.1285e+01 -5.1025e-01 -8.1088e+00 -7.9513e+00 -1.6768e+00 +4.0714e+00 -2.1963e+00 +1.2250e+00 -6.5720e-01 +1.0665e+01 +2.5409e-02 -6.4389e+00 -2.7365e-01
454 0 +6.727888715e+02 +6.727888715e+02 +3.194088715e+02 +3.194088715e+02 -1.7322e+00 -2.4697e-01 +3.5435e+00 +1.3402e+00 -2.0477e-02 -3.4368e+00 +6.0737e+00 +9.5416e+00 +2.0372e+00 -2.8306e+00 -1.3356e+01 -6.0116e+00 -2.3888e+00 +3.2012e+00 +2.0566e+00 -1.5164e+00 +5.2804e+00 -1.5396e-02 -1.0200e+01 -1.0406e+00
470 0 +5.579668345e+02 +5.579668345e+02 +2.045868345e+02 +2.045868345e+02 -1.9882e+00 +4.8951e-02 +2.9806e+00 +1.1987e+00 -4.3539e-02 -4.7598e+00 +6.3484e+00 +7.3129e+00 +1.4710e+00 -4.2812e+00 -1.1727e+01 -6.5365e+00 -9.7875e-01 +6.8400e-01 +2.1197e+00 -1.1556e+00 +3.9921e+00 -3.4669e-02 -9.5570e+00 -9.5359e-01
% f evaluations | g evaluations | best noise-free fitness - Fopt | noise-free fitness - Fopt (-2.910000000000e+00) | measured fitness | best measured fitness | x1 | x2...
1 0 +6.972187557e+05 +6.972187557e+05 +6.972158457e+05 +6.972158457e+05 +0.0000e+00 +0.0000e+00 +0.0000e+00 +0.0000e+00 +0.0000e+00 +0.0000e+00 +0.0000e+00 +0.0000e+00 +0.0000e+00 +0.0000e+00 +0.0000e+00 +0.0000e+00 +0.0000e+00 +0.0000e+00 +0.0000e+00 +0.0000e+00 +0.0000e+00 +0.0000e+00 +0.0000e+00 +0.0000e+00
2 0 +2.016476517e+05 +2.016476517e+05 +2.016447417e+05 +2.016447417e+05 +1.4925e+00 -2.1400e+00 -1.5716e-01 -1.4405e+00 +1.3093e+00 +4.3367e-01 +4.8191e-01 +5.8591e-02 -1.0737e-02 +6.9817e-01 +4.1616e-01 +2.8184e-02 -8.9382e-03 -7.5594e-01 -1.3108e+00 -7.4884e-01 +3.5142e-01 +3.3161e-01 -1.0958e+00 -2.0840e-01
4 0 +3.517459187e+03 +3.517459187e+03 +3.514549187e+03 +3.514549187e+03 -1.5400e+00 -2.3172e+00 -6.4887e-01 -7.9563e-01 -1.2869e+00 +8.8033e-01 -1.1880e-01 -2.8228e-01 +9.3472e-02 -4.0013e-01 +1.1692e-02 +3.6076e-02 -3.9631e-02 +4.5606e-01 +2.5003e+00 -1.5503e+00 -5.7134e-02 +2.6644e+00 +1.2235e-01 +9.1807e-02
14 0 +1.066272397e+03 +1.066272397e+03 +1.063362397e+03 +1.063362397e+03 -1.1762e+00 -2.3821e+00 -9.7540e-01 +1.5041e+00 -1.7076e+00 +3.5669e-01 +3.1613e-01 +1.0266e+00 +3.2390e-02 -6.5601e-01 -7.5013e-01 -7.1855e-02 +4.9057e-02 -7.6989e-01 +4.6577e-01 +3.3328e+00 -1.1375e+00 -3.9587e-02 -2.4357e-02 -9.9427e-02
70 0 +4.394496700e+02 +4.394496700e+02 +4.365396700e+02 +4.365396700e+02 -2.1375e+00 +2.7734e-01 -1.3168e+00 +4.1854e+00 -3.3968e+00 +5.8842e-01 +2.0381e+00 -1.0678e+00 -7.1494e-03 -1.8356e+00 +5.9033e-01 -1.1319e-02 +1.8778e-01 +8.8631e-01 +7.4830e-01 +3.2868e+00 -3.7460e-02 +3.9997e-01 +1.8921e-02 +3.3939e-02
75 0 +2.870477530e+02 +2.870477530e+02 +2.841377530e+02 +2.841377530e+02 -2.7307e+00 -4.4050e-01 -1.9167e+00 +2.5194e+00 -2.0206e+00 +7.1778e-01 +2.9744e+00 -1.1306e+00 -5.0672e-02 -1.6124e+00 +1.5985e+00 -9.9964e-02 +1.9541e-01 +6.6562e-02 +7.4174e-01 +3.3507e+00 +1.4075e+00 +4.0697e-01 +9.0509e-01 +6.4311e-02
% f evaluations | g evaluations | best noise-free fitness - Fopt | noise-free fitness - Fopt (-2.970000000000e+00) | measured fitness | best measured fitness | x1 | x2...
1 0 +4.404907600e+06 +4.404907600e+06 +4.404904630e+06 +4.404904630e+06 +0.0000e+00 +0.0000e+00 +0.0000e+00 +0.0000e+00 +0.0000e+00 +0.0000e+00 +0.0000e+00 +0.0000e+00 +0.0000e+00 +0.0000e+00 +0.0000e+00 +0.0000e+00 +0.0000e+00 +0.0000e+00 +0.0000e+00 +0.0000e+00 +0.0000e+00 +0.0000e+00 +0.0000e+00 +0.0000e+00
2 0 +1.257444905e+04 +1.257444905e+04 +1.257147905e+04 +1.257147905e+04 +5.5545e-01 +4.6235e-01 +6.9188e-01 -2.4853e-01 +1.1432e+00 -3.0033e-02 +1.1094e-02 +1.9071e-01 -1.7718e-01 -1.2090e+00 -3.1714e+00 +4.0038e-02 +1.2561e+00 +1.1671e+00 -1.8591e-01 -7.6193e-01 +2.2332e-01 -2.5007e-01 +1.9470e+00 +2.6127e-01
50 0 +5.234718602e+03 +5.234718602e+03 +5.231748602e+03 +5.231748602e+03 +1.0387e+00 +2.0222e+00 -2.2843e+00 +3.9952e-02 -4.7482e+00 -2.0765e+00 +9.9757e-02 -2.2215e-01 +3.0958e-01 +3.8722e-01 -1.0388e-01 -2.0808e-01 -1.7438e+00 +1.6022e+00 -8.8200e-01 +1.6161e-01 +1.0950e+00 -2.5429e-01 +1.2209e+00 +7.4192e-01
72 0 +1.449026439e+02 +1.449026439e+02 +1.419326439e+02 +1.419326439e+02 +1.8258e-01 +1.1042e+00 -8.6648e-01 -4.1397e+00 -5.4440e+00 -1.9975e+00 -1.4042e-01 +2.3610e-01 -2.5950e-01 +1.1893e+00 -2.2532e+00 +1.3998e+00 +2.7055e+00 +3.3778e+00 -3.3333e+00 -1.6831e-02 +8.1606e-01 +2.2549e-01 -2.1195e-01 +7.4984e-01
% f evaluations | g evaluations | best noise-free fitness - Fopt | noise-free fitness - Fopt (2.996300000000e+02) | measured fitness | best measured fitness | x1 | x2...
1 0 +1.874219812e+06 +1.874219812e+06 +1.874519442e+06 +1.874519442e+06 +0.0000e+00 +0.0000e+00 +0.0000e+00 +0.0000e+00 +0.0000e+00 +0.0000e+00 +0.0000e+00 +0.0000e+00 +0.0000e+00 +0.0000e+00 +0.0000e+00 +0.0000e+00 +0.0000e+00 +0.0000e+00 +0.0000e+00 +0.0000e+00 +0.0000e+00 +0.0000e+00 +0.0000e+00 +0.0000e+00
5 0 +2.711975327e+05 +2.711975327e+05 +2.714971627e+05 +2.714971627e+05 -7.3670e-01 -7.4097e-01 +1.0876e-01 -1.6709e-01 +2.8620e+00 -1.1360e-01 -9.2927e-02 +2.1352e+00 -1.2962e+00 -9.7180e-01 +7.2377e-01 +2.5069e-02 +4.0064e-01 -2.0897e-01 +2.7949e+00 +2.3864e-01 -7.3517e-01 -2.1010e-01 +8.3842e-02 -4.8481e-02
6 0 +4.673443984e+03 +4.673443984e+03 +4.973073984e+03 +4.973073984e+03 -8.6038e-01 +6.2929e-01 -5.4535e-01 -1.0095e-01 +7.8671e-01 -1.4057e-01 -1.3311e+00 +1.6321e+00 -1.6099e+00 -9.5509e-01 -3.0060e-01 +1.8869e-01 +7.5739e-01 -2.0284e-02 +1.8438e+00 +5.3970e-02 +9.1424e-01 -9.9300e-02 +6.3895e-01 -1.9854e-01
12 0 +3.440789591e+02 +3.440789591e+02 +6.437089591e+02 +6.437089591e+02 -9.7672e-01 +1.1782e+00 -8.2855e-01 -2.7971e-01 -1.1293e+00 +2.2725e-02 -1.4157e+00 +8.3530e-01 -1.9537e+00 +2.7330e-01 +1.8077e-01 -1.4911e-01 -2.3281e+00 -1.3365e-01 +2.8434e-01 +8.1804e-01 +8.3864e-01 -1.6234e+00 +4.2465e-01 +1.5213e-01
