% f evaluations | g evaluations | best noise-free fitness - Fopt | noise-free fitness - Fopt (-1.000000000000e+03) | measured fitness | best measured fitness | x1 | x2...
1 0 +7.527861790e+01 +7.527861790e+01 -9.247213821e+02 -9.247213821e+02 +0.0000e+00 +0.0000e+00 +0.0000e+00 +0.0000e+00 +0.0000e+00 +0.0000e+00 +0.0000e+00 +0.0000e+00 +0.0000e+00 +0.0000e+00
2 0 +7.308687950e+01 +7.308687950e+01 -9.269131205e+02 -9.269131205e+02 -2.5490e-01 +1.1497e+00 +5.5979e-01 +1.2128e+00 +7.1622e-01 -5.4504e-01 +3.6787e-01 +5.1499e-02 -3.7784e-01 -1.4028e+00
19 0 +7.219442754e+01 +7.219442754e+01 -9.278055725e+02 -9.278055725e+02 +6.9264e-01 +5.9242e-01 +1.8739e+00 +1.2600e+00 +5.6859e-01 -1.3086e+00 +4.9307e-01 -2.7689e-02 -4.1519e-01 -1.3044e+00
21 0 +6.718540334e+01 +6.718540334e+01 -9.328145967e+02 -9.328145967e+02 +1.6790e-01 +1.2597e+00 +1.7093e+00 +3.6021e+00 +3.1029e+00 -6.5488e-01 +3.8897e-01 +1.1052e-01 -2.7938e-01 -1.4901e+00
29 0 +5.118444399e+01 +5.118444399e+01 -9.488155560e+02 -9.488155560e+02 +4.2222e-01 -1.1400e+00 +1.2923e+00 +4.2655e+00 +3.0099e+00 -1.9863e+00 +5.0992e-01 -2.0384e-02 +1.3233e+00 -5.9269e-01
48 0 +3.062252134e+01 +3.062252134e+01 -9.693774787e+02 -9.693774787e+02 -1.8058e-02 -7.7635e-01 +1.1813e+00 +2.9447e+00 +3.9147e+00 -1.6420e+00 +1.8257e-01 -5.1916e-02 +1.7624e+00 +2.2412e-01
62 0 +2.657161326e+01 +2.657161326e+01 -9.734283867e+02 -9.734283867e+02 +2.7425e-02 +2.1376e-01 +6.2226e-01 +3.2543e+00 +3.6297e+00 -2.1329e+00 +7.4207e-01 +1.0979e-01 +1.8678e+00 -1.0160e-01
69 0 +2.519394628e+01 +2.519394628e+01 -9.748060537e+02 -9.748060537e+02 -2.9431e-01 +1.0528e-01 +5.3637e-01 +1.9314e+00 +3.3614e+00 -1.9019e+00 +6.5130e-01 +1.1332e-03 +2.9936e+00 +5.8134e-01
102 0 +2.380848590e+01 +2.380848590e+01 -9.761915141e+02 -9.761915141e+02 +1.8092e-01 +1.6338e-01 +1.2860e+00 +3.7774e+00 +4.6548e+00 -1.4911e+00 +8.2563e-01 +8.9547e-02 +2.4136e+00 +4.0141e-01
% f evaluations | g evaluations | best noise-free fitness - Fopt | noise-free fitness - Fopt (1.000000000000e+03) | measured fitness | best measured fitness | x1 | x2...
1 0 +8.066044435e+01 +8.066044435e+01 +1.080660444e+03 +1.080660444e+03 +0.0000e+00 +0.0000e+00 +0.0000e+00 +0.0000e+00 +0.0000e+00 +0.0000e+00 +0.0000e+00 +0.0000e+00 +0.0000e+00 +0.0000e+00
2 0 +7.849668436e+01 +7.849668436e+01 +1.078496684e+03 +1.078496684e+03 -1.4446e+00 +1.3405e+00 -1.0831e-01 +1.9328e-01 -1.6842e-01 -7.5579e-03 +3.8685e-02 -1.8605e-01 -9.0807e-02 -3.3299e-01
3 0 +7.200521454e+01 +7.200521454e+01 +1.072005215e+03 +1.072005215e+03 +1.8907e-01 +9.2707e-01 -2.1834e+00 +5.1905e-01 -2.6696e-01 +4.0779e-02 -5.0960e-01 +1.8469e-01 -7.4204e-01 -6.0520e-01
12 0 +6.961607986e+01 +6.961607986e+01 +1.069616080e+03 +1.069616080e+03 +1.3102e-01 -5.0645e-01 +2.0209e+00 -1.5601e+00 -3.4253e+00 -8.2183e-03 -8.3143e-01 +2.3311e-01 -2.1304e-01 -1.0931e+00
23 0 +6.707272112e+01 +6.707272112e+01 +1.067072721e+03 +1.067072721e+03 +8.0713e-02 -1.4525e-01 +4.6864e+00 -3.0424e+00 -3.9262e+00 -4.7095e-03 -1.2224e+00 -1.9217e-01 -7.3156e-01 +3.7268e-01
34 0 +6.423704166e+01 +6.423704166e+01 +1.064237042e+03 +1.064237042e+03 -1.3025e+00 -1.5164e-01 +3.8393e+00 -5.1374e+00 -4.3243e+00 -7.0215e-03 -1.2766e+00 -3.9341e-01 -4.4227e-01 +1.3272e+00
41 0 +3.889387938e+01 +3.889387938e+01 +1.038893879e+03 +1.038893879e+03 -1.6658e+00 +9.3105e-01 +3.4374e+00 -3.1627e+00 -3.7917e+00 +4.5242e-02 -1.8585e+00 -7.6682e-02 -1.1747e+00 +1.8584e+00
82 0 +3.172545508e+01 +3.172545508e+01 +1.031725455e+03 +1.031725455e+03 -1.0910e+00 +1.6048e+00 +1.8988e+00 -2.6075e+00 -6.3086e+00 +8.4028e-02 -6.9183e-01 +3.0686e-01 +6.6672e-01 +1.9331e+00
211 0 +2.068645824e+01 +2.068645824e+01 +1.020686458e+03 +1.020686458e+03 -1.8441e+00 +3.3483e+00 -4.2290e+00 -8.2268e-01 -1.9131e+00 -5.1894e-02 +1.9622e+00 +1.1273e+00 -1.5908e+00 -9.3500e-01
217 0 +1.967182173e+01 +1.967182173e+01 +1.019671822e+03 +1.019671822e+03 -1.8677e+00 +3.5442e+00 -5.5522e+00 -2.8522e+00 -1.2022e+00 -5.3564e-02 +1.6631e+00 +9.8499e-01 -1.2853e+00 -1.0051e+00
226 0 +1.268553314e+01 +1.268553314e+01 +1.012685533e+03 +1.012685533e+03 -1.7010e+00 +2.9179e+00 -5.2252e+00 -1.5423e+00 -9.7601e-01 -4.1368e-02 +1.8308e+00 +1.0676e+00 -9.6443e-01 -2.1984e+00
233 0 +8.046264086e+00 +8.046264086e+00 +1.008046264e+03 +1.008046264e+03 -1.2800e+00 +3.2639e+00 -5.0684e+00 -1.2961e+00 +3.8234e-01 -2.3556e-02 +1.8396e+00 +1.1140e+00 -3.1075e+00 -2.3209e+00
% f evaluations | g evaluations | best noise-free fitness - Fopt | noise-free fitness - Fopt (-4.913000000000e+01) | measured fitness | best measured fitness | x1 | x2...
1 0 +8.394616385e+01 +8.394616385e+01 +3.481616385e+01 +3.481616385e+01 +0.0000e+00 +0.0000e+00 +0.0000e+00 +0.0000e+00 +0.0000e+00 +0.0000e+00 +0.0000e+00 +0.0000e+00 +0.0000e+00 +0.0000e+00
2 0 +8.182646633e+01 +8.182646633e+01 +3.269646633e+01 +3.269646633e+01 -1.4085e-02 +3.8922e+00 +5.2715e-01 -2.3867e-01 -6.3947e-01 +4.7861e-02 +1.9428e-01 +4.3330e-01 +9.3373e-01 -1.2669e-02
5 0 +3.836837923e+01 +3.836837923e+01 -1.076162077e+01 -1.076162077e+01 +1.9935e+00 -2.2533e+00 -7.4094e-01 +1.3772e-01 +6.4513e-02 +3.8335e-01 -1.2938e+00 +1.1929e+00 -2.3863e+00 -9.0565e-02
17 0 +3.009713781e+01 +3.009713781e+01 -1.903286219e+01 -1.903286219e+01 +3.2712e+00 -3.7880e+00 -6.2398e-01 +8.2463e-02 +5.5735e-02 -9.8115e-02 +8.1507e-01 +1.1288e+00 -5.4464e-01 -2.7423e-01
356 0 +2.370801988e+01 +2.370801988e+01 -2.542198012e+01 -2.542198012e+01 +4.5473e+00 -4.8900e-02 -1.1330e+00 -1.4811e-01 -3.5359e+00 -3.1404e+00 -3.7640e+00 -5.1182e-02 +3.1073e-01 +5.8331e-01
371 0 +2.341333382e+01 +2.341333382e+01 -2.571666618e+01 -2.571666618e+01 +4.4832e+00 -2.0361e-02 -1.4150e+00 -3.5466e-01 -3.8946e+00 -3.0326e+00 -4.2112e+00 +6.6341e-01 +1.7362e+00 +5.6731e-01
507 0 +2.164245295e+01 +2.164245295e+01 -2.748754705e+01 -2.748754705e+01 +4.3337e+00 -1.4647e-01 -2.0232e+00 -5.1448e-01 -4.0818e+00 -3.3627e+00 -4.2164e+00 -7.8916e-01 +1.2097e+00 +5.8678e-01
514 0 +2.124892336e+01 +2.124892336e+01 -2.788107664e+01 -2.788107664e+01 +4.4511e+00 -2.6626e-01 -3.0751e+00 -2.5034e-01 -3.7548e+00 -3.6359e+00 -3.9234e+00 -7.7199e-01 +2.4781e+00 +7.9699e-01
533 0 +1.890657430e+01 +1.890657430e+01 -3.022342570e+01 -3.022342570e+01 +4.4339e+00 +5.2163e-01 -2.2033e+00 -4.1843e-01 -3.6149e+00 -4.0463e+00 -3.8403e+00 -9.7868e-01 +5.3874e-01 +7.0032e-01
542 0 +1.727211569e+01 +1.727211569e+01 -3.185788431e+01 -3.185788431e+01 +4.4691e+00 +7.7514e-01 -2.3148e+00 -4.5821e-01 -3.6506e+00 -3.8792e+00 -3.7690e+00 -8.9862e-01 +1.0516e+00 +8.0979e-01
546 0 +1.623611165e+01 +1.623611165e+01 -3.289388835e+01 -3.289388835e+01 +4.7847e+00 +2.6962e-01 -2.4000e+00 -3.6708e-01 -3.6196e+00 -3.9264e+00 -3.8426e+00 -7.1906e-01 +1.5712e+00 +7.0535e-01
552 0 +1.473479055e+01 +1.473479055e+01 -3.439520945e+01 -3.439520945e+01 +4.5141e+00 +3.4167e-02 -2.4876e+00 -3.6625e-01 -3.4895e+00 -3.9963e+00 -3.8362e+00 -4.1158e-01 +8.4044e-01 +7.8275e-01
554 0 +1.431760066e+01 +1.431760066e+01 -3.481239934e+01 -3.481239934e+01 +4.3462e+00 -2.1746e-01 -2.3719e+00 -3.2318e-01 -3.6716e+00 -3.8447e+00 -3.8880e+00 -3.5611e-01 +1.6645e+00 +8.3133e-01
583 0 +1.354627046e+01 +1.354627046e+01 -3.558372954e+01 -3.558372954e+01 +4.1679e+00 +1.6368e-01 -2.3374e+00 -4.4973e-01 -3.7315e+00 -4.0343e+00 -4.1830e+00 +4.2251e-01 +1.2011e+00 +9.1480e-01
594 0 +1.339854669e+01 +1.339854669e+01 -3.573145331e+01 -3.573145331e+01 +3.9743e+00 +1.5391e-01 -2.2290e+00 -4.2315e-01 -3.6176e+00 -4.0694e+00 -4.3261e+00 +2.5664e-01 +1.6848e+00 +8.1928e-01
598 0 +1.294917211e+01 +1.294917211e+01 -3.618082789e+01 -3.618082789e+01 +4.4307e+00 +2.9378e-01 -2.1857e+00 -3.9621e-01 -3.8066e+00 -3.9341e+00 -4.4364e+00 +2.1628e-01 +1.1395e+00 +9.0346e-01
610 0 +1.287572370e+01 +1.287572370e+01 -3.625427630e+01 -3.625427630e+01 +4.8344e+00 +2.9394e-02 -2.2116e+00 -4.2201e-01 -3.8448e+00 -3.8732e+00 -4.3071e+00 +5.7448e-02 +1.5107e+00 +9.4971e-01
629 0 +1.231945168e+01 +1.231945168e+01 -3.681054832e+01 -3.681054832e+01 +4.7909e+00 -2.8811e-01 -2.0308e+00 -3.3376e-01 -3.7368e+00 -3.7959e+00 -4.5309e+00 +6.3803e-02 +1.0687e+00 +9.7721e-01
631 0 +1.227093257e+01 +1.227093257e+01 -3.685906743e+01 -3.685906743e+01 +4.6723e+00 -7.2245e-03 -2.3456e+00 -3.1298e-01 -3.7291e+00 -3.8666e+00 -4.5008e+00 -1.7180e-01 +1.9563e+00 +9.3720e-01
636 0 +1.178965917e+01 +1.178965917e+01 -3.734034083e+01 -3.734034083e+01 +4.7195e+00 +3.6809e-01 -2.6260e+00 -2.5713e-01 -3.6488e+00 -3.8250e+00 -4.4857e+00 -3.4325e-02 +1.1589e+00 +9.7111e-01
638 0 +1.133960336e+01 +1.133960336e+01 -3.779039664e+01 -3.779039664e+01 +4.5962e+00 +2.5343e-01 -2.5388e+00 -3.1096e-01 -3.6951e+00 -3.8643e+00 -4.4432e+00 +1.8324e-02 +1.6749e+00 +9.9771e-01
662 0 +1.110034782e+01 +1.110034782e+01 -3.802965218e+01 -3.802965218e+01 +4.3747e+00 +3.7806e-01 -2.4340e+00 -3.9369e-01 -3.5402e+00 -3.9069e+00 -4.6710e+00 -3.4548e-01 +1.0397e+00 +9.5964e-01
663 0 +1.067095144e+01 +1.067095144e+01 -3.845904856e+01 -3.845904856e+01 +4.3843e+00 +3.0851e-01 -2.4717e+00 -3.9648e-01 -3.5661e+00 -3.9046e+00 -4.6078e+00 -2.2599e-01 +1.1059e+00 +9.9935e-01
684 0 +9.835114102e+00 +9.835114102e+00 -3.929488590e+01 -3.929488590e+01 +4.7279e+00 +3.2521e-01 -2.5575e+00 -4.1201e-01 -3.4697e+00 -4.0685e+00 -4.3944e+00 -4.1379e-01 +1.0391e+00 +1.0986e+00
704 0 +9.565891024e+00 +9.565891024e+00 -3.956410898e+01 -3.956410898e+01 +4.6287e+00 -4.6441e-01 -2.2144e+00 -3.7984e-01 -3.4143e+00 -4.1565e+00 -4.5257e+00 -5.9023e-01 +1.3189e+00 +1.0934e+00
% f evaluations | g evaluations | best noise-free fitness - Fopt | noise-free fitness - Fopt (2.977300000000e+02) | measured fitness | best measured fitness | x1 | x2...
1 0 +8.080596070e+01 +8.080596070e+01 +3.785359607e+02 +3.785359607e+02 +0.0000e+00 +0.0000e+00 +0.0000e+00 +0.0000e+00 +0.0000e+00 +0.0000e+00 +0.0000e+00 +0.0000e+00 +0.0000e+00 +0.0000e+00
2 0 +7.448226890e+01 +7.448226890e+01 +3.722122689e+02 +3.722122689e+02 +7.4327e-02 -4.8112e-02 +1.0981e-02 +4.9790e-01 -1.0818e+00 +7.7774e-01 -1.6938e-01 +1.5053e-01 +5.1933e-02 +2.3843e+00
28 0 +6.641442405e+01 +6.641442405e+01 +3.641444241e+02 +3.641444241e+02 +1.9035e+00 -1.1718e+00 -2.3379e-02 +3.0796e+00 -6.3631e-01 -1.2003e+00 +8.8378e-01 +3.9651e-01 -2.3893e-02 +2.0257e+00
58 0 +6.481038554e+01 +6.481038554e+01 +3.625403855e+02 +3.625403855e+02 +3.3816e+00 +8.9402e-03 -2.9781e-02 +4.5730e+00 +1.1961e+00 -4.2370e-01 +1.0188e+00 +1.3879e+00 -9.9600e-02 +1.7280e+00
59 0 +6.351393649e+01 +6.351393649e+01 +3.612439365e+02 +3.612439365e+02 +4.3470e+00 +6.7499e-01 +1.5183e-02 +1.9027e+00 +1.1457e+00 -1.2552e+00 +8.0058e-01 +1.6029e+00 -7.5086e-02 +3.4384e+00
75 0 +6.112155537e+01 +6.112155537e+01 +3.588515554e+02 +3.588515554e+02 +3.5509e+00 -3.5777e+00 +1.6036e-02 +3.4796e+00 +4.2824e-01 -3.0783e+00 +2.2858e+00 +1.7802e+00 +2.7890e-02 +1.1030e+00
88 0 +4.967843675e+01 +4.967843675e+01 +3.474084368e+02 +3.474084368e+02 +3.7825e+00 -2.9926e+00 -9.4464e-02 +2.6767e+00 -7.5311e-01 -2.9654e+00 +6.8377e-01 +2.1685e+00 -9.2716e-03 +9.7008e-01
98 0 +4.598750088e+01 +4.598750088e+01 +3.437175009e+02 +3.437175009e+02 +2.3206e+00 -2.0191e+00 -1.2093e-01 +5.0024e+00 -2.2360e+00 -2.8781e+00 +5.0614e-02 +1.8919e+00 +3.9214e-02 +9.4743e-01
129 0 +4.060045809e+01 +4.060045809e+01 +3.383304581e+02 +3.383304581e+02 +3.0241e+00 -4.1462e-02 -8.6720e-02 +4.5315e+00 -1.7417e+00 -2.6346e+00 +4.2930e-01 +1.3618e+00 -1.6970e-01 +1.1338e+00
140 0 +3.917241588e+01 +3.917241588e+01 +3.369024159e+02 +3.369024159e+02 +2.4727e+00 -7.4231e-01 -1.0711e-01 +4.1775e+00 -3.4853e-01 -2.7909e+00 +1.6811e-01 +1.0653e+00 -9.3714e-02 +1.4587e+00
146 0 +3.569919281e+01 +3.569919281e+01 +3.334291928e+02 +3.334291928e+02 +2.7492e+00 -5.8035e-01 -1.3335e-01 +4.7311e+00 -1.9948e+00 -3.0506e+00 -2.7480e-01 +1.4701e+00 -4.8435e-02 +2.4584e+00
158 0 +3.420654032e+01 +3.420654032e+01 +3.319365403e+02 +3.319365403e+02 +1.9304e+00 -6.1567e-01 -8.5182e-02 +3.1260e+00 -1.1996e+00 -3.3998e+00 -3.8672e-01 +1.7469e+00 -8.9722e-02 -1.2987e-01
164 0 +3.203319681e+01 +3.203319681e+01 +3.297631968e+02 +3.297631968e+02 +1.8301e+00 -1.2534e+00 -9.3797e-02 +2.0401e+00 -1.1048e+00 -3.7164e+00 -8.2185e-01 +1.7414e+00 -6.1478e-02 +1.8238e+00
167 0 +2.616045949e+01 +2.616045949e+01 +3.238904595e+02 +3.238904595e+02 +1.9979e+00 -1.5051e+00 -8.3791e-02 +3.3406e+00 -1.0334e+00 -3.6212e+00 -4.8737e-01 +1.4553e+00 -6.9499e-02 +1.7587e+00
180 0 +2.510279766e+01 +2.510279766e+01 +3.228327977e+02 +3.228327977e+02 +1.3926e+00 -1.6287e+00 -1.0429e-01 +2.1085e+00 -9.3964e-01 -4.0426e+00 +1.6098e-01 +1.8959e+00 -1.3872e-01 +2.1944e+00
185 0 +2.200978184e+01 +2.200978184e+01 +3.197397818e+02 +3.197397818e+02 +1.1374e+00 -1.2019e+00 -1.0839e-01 +3.5023e+00 -5.5000e-01 -3.6254e+00 +4.0036e-01 +1.8481e+00 -9.8039e-02 +1.5549e+00
198 0 +1.848957417e+01 +1.848957417e+01 +3.162195742e+02 +3.162195742e+02 +1.7606e+00 -1.0917e+00 -1.0582e-01 +3.1332e+00 +3.2411e-02 -3.8491e+00 +9.3090e-01 +2.3321e+00 -1.2809e-01 +1.9632e+00
235 0 +1.782925663e+01 +1.782925663e+01 +3.155592566e+02 +3.155592566e+02 +1.5723e+00 -1.3837e+00 -1.0792e-01 +3.1638e+00 -1.0670e+00 -4.1609e+00 +1.6856e+00 +2.2591e+00 -1.4312e-01 +2.4204e+00
240 0 +1.543132434e+01 +1.543132434e+01 +3.131613243e+02 +3.131613243e+02 +1.6198e+00 -1.2724e+00 -1.0287e-01 +4.0925e+00 -5.0202e-01 -4.1367e+00 +1.5365e+00 +2.5209e+00 -1.6984e-01 +2.0015e+00
253 0 +1.456866036e+01 +1.456866036e+01 +3.122986604e+02 +3.122986604e+02 +2.0109e+00 -1.3552e+00 -1.0393e-01 +3.4288e+00 -4.2739e-01 -4.2977e+00 +1.5756e+00 +2.5392e+00 -1.5171e-01 +2.3118e+00
293 0 +1.443800025e+01 +1.443800025e+01 +3.121680003e+02 +3.121680003e+02 +2.0207e+00 -1.0670e+00 -1.0505e-01 +3.7501e+00 -4.1709e-01 -3.9549e+00 +1.4617e+00 +2.4849e+00 -1.4300e-01 +2.1484e+00
302 0 +1.411001118e+01 +1.411001118e+01 +3.118400112e+02 +3.118400112e+02 +2.1205e+00 -1.1167e+00 -1.0419e-01 +3.1420e+00 -8.0410e-01 -3.9802e+00 +1.5488e+00 +2.5637e+00 -1.4167e-01 +2.0236e+00
311 0 +1.318333272e+01 +1.318333272e+01 +3.109133327e+02 +3.109133327e+02 +2.1567e+00 -1.1312e+00 -1.0932e-01 +3.6881e+00 -4.6401e-01 -4.1149e+00 +1.4559e+00 +2.5505e+00 -1.4215e-01 +2.0047e+00
328 0 +1.308525822e+01 +1.308525822e+01 +3.108152582e+02 +3.108152582e+02 +2.1852e+00 -9.6786e-01 -1.0871e-01 +3.5755e+00 -6.5067e-01 -3.9738e+00 +1.4322e+00 +2.5026e+00 -1.6477e-01 +1.8030e+00
334 0 +1.260928709e+01 +1.260928709e+01 +3.103392871e+02 +3.103392871e+02 +2.0953e+00 -7.9643e-01 -1.0793e-01 +3.7253e+00 -5.4062e-01 -4.0059e+00 +1.4018e+00 +2.5699e+00 -1.7142e-01 +2.0545e+00
337 0 +1.242675116e+01 +1.242675116e+01 +3.101567512e+02 +3.101567512e+02 +2.1837e+00 -1.0183e+00 -1.1053e-01 +3.9670e+00 -6.5398e-01 -4.0542e+00 +1.2581e+00 +2.5593e+00 -1.6474e-01 +1.7335e+00
348 0 +1.217193423e+01 +1.217193423e+01 +3.099019342e+02 +3.099019342e+02 +2.0526e+00 -8.2044e-01 -1.1247e-01 +3.9151e+00 -6.8764e-01 -4.0647e+00 +1.3827e+00 +2.5441e+00 -1.6968e-01 +2.0390e+00
353 0 +1.170711166e+01 +1.170711166e+01 +3.094371117e+02 +3.094371117e+02 +2.2028e+00 -6.5588e-01 -1.0576e-01 +3.3640e+00 -7.4354e-01 -4.0555e+00 +1.2584e+00 +2.5974e+00 -1.7695e-01 +1.9514e+00
371 0 +1.127092316e+01 +1.127092316e+01 +3.090009232e+02 +3.090009232e+02 +1.9081e+00 -8.5927e-01 -1.1661e-01 +3.7619e+00 -6.2914e-01 -4.1661e+00 +1.3448e+00 +2.7118e+00 -1.6045e-01 +1.8490e+00
373 0 +1.089307009e+01 +1.089307009e+01 +3.086230701e+02 +3.086230701e+02 +1.9557e+00 -7.4292e-01 -1.1033e-01 +3.6035e+00 -7.7647e-01 -4.0812e+00 +1.2249e+00 +2.7440e+00 -1.3542e-01 +1.9157e+00
387 0 +1.024354176e+01 +1.024354176e+01 +3.079735418e+02 +3.079735418e+02 +1.8570e+00 -6.6595e-01 -1.1098e-01 +3.7011e+00 -7.5401e-01 -4.2336e+00 +1.2618e+00 +2.9223e+00 -1.5538e-01 +2.1725e+00
393 0 +9.932268687e+00 +9.932268687e+00 +3.076622687e+02 +3.076622687e+02 +1.7793e+00 -6.9549e-01 -1.1252e-01 +3.6873e+00 -1.0076e+00 -4.2175e+00 +1.0551e+00 +2.9618e+00 -1.3077e-01 +1.9257e+00
406 0 +9.623172103e+00 +9.623172103e+00 +3.073531721e+02 +3.073531721e+02 +2.1137e+00 -6.6289e-01 -1.0995e-01 +3.3564e+00 -9.2202e-01 -4.2594e+00 +1.2062e+00 +3.0744e+00 -1.4914e-01 +1.5839e+00
414 0 +9.312921528e+00 +9.312921528e+00 +3.070429215e+02 +3.070429215e+02 +2.1245e+00 -7.3365e-01 -1.0888e-01 +3.3104e+00 -8.7032e-01 -4.3186e+00 +1.1731e+00 +3.2082e+00 -1.4810e-01 +1.7736e+00
431 0 +8.989150333e+00 +8.989150333e+00 +3.067191503e+02 +3.067191503e+02 +2.0532e+00 -8.1008e-01 -1.0690e-01 +3.5502e+00 -8.7003e-01 -4.4432e+00 +1.1627e+00 +3.2250e+00 -1.5978e-01 +1.8753e+00
442 0 +8.875338297e+00 +8.875338297e+00 +3.066053383e+02 +3.066053383e+02 +2.0338e+00 -7.2536e-01 -1.0882e-01 +3.6963e+00 -9.7535e-01 -4.4536e+00 +1.1358e+00 +3.2855e+00 -1.5284e-01 +1.8725e+00
475 0 +8.698189003e+00 +8.698189003e+00 +3.064281890e+02 +3.064281890e+02 +2.0475e+00 -6.7881e-01 -1.0715e-01 +3.7091e+00 -9.7792e-01 -4.5150e+00 +1.0536e+00 +3.4128e+00 -1.5700e-01 +1.8146e+00
% f evaluations | g evaluations | best noise-free fitness - Fopt | noise-free fitness - Fopt (5.157000000000e+01) | measured fitness | best measured fitness | x1 | x2...
1 0 +7.649556673e+01 +7.649556673e+01 +1.280655667e+02 +1.280655667e+02 +0.0000e+00 +0.0000e+00 +0.0000e+00 +0.0000e+00 +0.0000e+00 +0.0000e+00 +0.0000e+00 +0.0000e+00 +0.0000e+00 +0.0000e+00
2 0 +7.297172294e+01 +7.297172294e+01 +1.245417229e+02 +1.245417229e+02 -5.9077e-01 -1.2302e+00 +3.5575e-02 +5.2445e-01 -8.6359e-02 +2.3747e+00 +3.4818e-02 +7.9907e-01 -1.4231e+00 +8.7848e-01
14 0 +7.003962555e+01 +7.003962555e+01 +1.216096256e+02 +1.216096256e+02 -1.4263e-01 +4.1616e+00 +6.1326e-02 -3.1243e+00 -7.5549e-02 +1.3671e-01 +4.7123e-01 +2.5674e-01 -2.3441e+00 -1.8148e-01
24 0 +6.713789661e+01 +6.713789661e+01 +1.187078966e+02 +1.187078966e+02 -1.8820e+00 +1.1385e+00 +1.2753e-01 -1.0017e+00 +2.1581e-01 -1.9756e+00 +1.5642e-01 +1.0013e+00 -3.4366e+00 -1.2943e+00
34 0 +6.540400566e+01 +6.540400566e+01 +1.169740057e+02 +1.169740057e+02 -1.4053e+00 -7.2149e-01 -1.9774e-02 -9.0300e-02 +2.4242e-01 -3.0518e-02 +6.4161e-01 +4.1354e-01 -2.4994e+00 +5.2230e-01
102 0 +6.453363539e+01 +6.453363539e+01 +1.161036354e+02 +1.161036354e+02 -9.2731e-01 -9.6771e-01 -2.2172e-02 -5.8880e-01 -2.2273e-01 +9.2748e-01 +1.8433e+00 +7.9877e-01 -2.3537e+00 +1.7123e+00
104 0 +6.035789638e+01 +6.035789638e+01 +1.119278964e+02 +1.119278964e+02 -1.2759e+00 -1.1728e+00 +6.5266e-02 -8.4944e-01 -1.5930e-01 -2.7701e-01 +1.7912e+00 +7.8065e-01 -2.8505e+00 +1.1559e+00
120 0 +5.834847424e+01 +5.834847424e+01 +1.099184742e+02 +1.099184742e+02 -8.6269e-01 -5.1846e-01 -1.8347e-02 +6.3847e-03 -2.6785e-01 -4.3331e-01 +1.7585e+00 +8.2976e-01 -3.3801e+00 +1.0245e+00
143 0 +5.747506304e+01 +5.747506304e+01 +1.090450630e+02 +1.090450630e+02 -7.5896e-01 +1.2033e+00 -8.1590e-02 -7.8802e-01 -3.1827e-01 -3.7842e-01 +1.6118e+00 +1.7084e+00 -4.0230e+00 -2.1594e-01
168 0 +5.168025130e+01 +5.168025130e+01 +1.032502513e+02 +1.032502513e+02 -1.7439e+00 -2.0520e-01 +5.6354e-02 -1.4010e-02 -2.6344e-01 -2.4614e-01 +1.6297e+00 +1.0329e+00 -3.8272e+00 -2.1008e-01
266 0 +4.835546608e+01 +4.835546608e+01 +9.992546608e+01 +9.992546608e+01 -1.8328e+00 -3.0101e-01 +1.4150e-01 -1.5453e+00 -4.9672e-02 -1.6470e+00 +1.6687e+00 +2.0383e+00 -4.2509e+00 -6.3803e-01
290 0 +4.760448140e+01 +4.760448140e+01 +9.917448140e+01 +9.917448140e+01 -1.8905e+00 +3.3643e-03 +1.0895e-01 -1.0582e+00 -1.0117e-01 -1.2565e+00 +1.7174e+00 +2.2001e+00 -4.0111e+00 -6.4240e-01
572 0 +4.649095865e+01 +4.649095865e+01 +9.806095865e+01 +9.806095865e+01 -2.7615e+00 -6.7764e-01 +6.0904e-01 -1.7332e+00 -1.1996e+00 -1.5193e+00 +2.0830e+00 +1.8620e+00 -5.0377e+00 -1.8570e+00
584 0 +4.524202888e+01 +4.524202888e+01 +9.681202888e+01 +9.681202888e+01 -2.3615e+00 -8.7492e-01 +5.8176e-01 -1.2122e+00 -1.3616e+00 -1.2654e+00 +2.1390e+00 +2.0824e+00 -4.7166e+00 -1.7832e+00
611 0 +4.448682528e+01 +4.448682528e+01 +9.605682528e+01 +9.605682528e+01 -2.4225e+00 -9.2564e-01 +5.8874e-01 -1.5730e+00 -1.1575e+00 -1.5024e+00 +1.9305e+00 +2.0918e+00 -4.7051e+00 -8.8422e-01
859 0 +4.332476819e+01 +4.332476819e+01 +9.489476819e+01 +9.489476819e+01 -1.9393e+00 -1.1266e+00 +4.8087e-01 -1.3837e+00 -1.2467e+00 -5.6718e-01 +1.7361e+00 +1.8590e+00 -4.4328e+00 -5.3492e-01
984 0 +4.006753371e+01 +4.006753371e+01 +9.163753371e+01 +9.163753371e+01 -2.3062e+00 -3.0064e-01 +2.3688e-01 -1.4540e+00 -1.4665e+00 -1.6489e-01 +1.9751e+00 +1.6812e+00 -3.3277e+00 -6.0663e-01
% f evaluations | g evaluations | best noise-free fitness - Fopt | noise-free fitness - Fopt (1.527100000000e+02) | measured fitness | best measured fitness | x1 | x2...
1 0 +7.634425026e+01 +7.634425026e+01 +2.290542503e+02 +2.290542503e+02 +0.0000e+00 +0.0000e+00 +0.0000e+00 +0.0000e+00 +0.0000e+00 +0.0000e+00 +0.0000e+00 +0.0000e+00 +0.0000e+00 +0.0000e+00
3 0 +7.300210701e+01 +7.300210701e+01 +2.257121070e+02 +2.257121070e+02 -8.2037e-01 -2.6668e-01 -1.7305e+00 +6.1070e-02 +1.2095e+00 -4.5105e-01 +9.1576e-01 +2.0140e-01 -5.9182e-02 +2.4928e-02
31 0 +7.198263011e+01 +7.198263011e+01 +2.246926301e+02 +2.246926301e+02 +3.3664e-02 -2.1648e-01 -1.9405e+00 -8.0475e-02 +2.9966e-01 -5.2619e-01 +6.1648e-01 +4.1706e-01 -1.4632e-01 -3.1126e-03
65 0 +7.040763583e+01 +7.040763583e+01 +2.231176358e+02 +2.231176358e+02 -1.1864e+00 -4.0087e-01 -3.0416e+00 -6.9485e-01 -4.8787e-01 -1.0733e+00 +2.0850e+00 +5.0316e-01 -6.9331e-01 +4.7316e-02
230 0 +6.831512622e+01 +6.831512622e+01 +2.210251262e+02 +2.210251262e+02 -3.7733e-01 +2.2507e+00 -3.3521e+00 -3.6959e-01 +5.5628e-02 -1.5947e+00 +1.3730e+00 +4.1794e-01 -1.7116e+00 +3.6764e-02
534 0 +6.753474361e+01 +6.753474361e+01 +2.202447436e+02 +2.202447436e+02 +5.0628e+00 +3.0661e+00 +2.9055e-01 -1.2887e+00 +9.3584e-01 -4.0161e+00 +3.5551e+00 -1.5286e+00 -1.5677e+00 -1.5561e-01
893 0 +6.542251544e+01 +6.542251544e+01 +2.181325154e+02 +2.181325154e+02 +2.7616e+00 +3.8676e+00 -7.0645e-01 -1.2180e+00 -9.8814e-01 -4.6696e+00 +8.1034e-01 -5.2547e-01 -3.0969e+00 +6.9646e-02
934 0 +6.374372918e+01 +6.374372918e+01 +2.164537292e+02 +2.164537292e+02 +3.1771e+00 +3.6956e+00 -2.5514e-01 -9.6623e-01 -2.4778e-01 -4.2129e+00 +9.8934e-01 -4.1455e-01 -3.4321e+00 +6.9205e-02
939 0 +6.261424205e+01 +6.261424205e+01 +2.153242421e+02 +2.153242421e+02 +3.5036e+00 +3.6433e+00 -3.8575e-01 -6.5419e-01 +6.2618e-01 -4.3590e+00 +2.0334e+00 -6.6936e-01 -3.2079e+00 +8.6642e-02
962 0 +6.162225539e+01 +6.162225539e+01 +2.143322554e+02 +2.143322554e+02 +3.1539e+00 +3.6882e+00 -6.7998e-01 -1.2413e+00 -5.3203e-02 -4.0845e+00 +1.9031e+00 -7.2058e-01 -3.4695e+00 +1.0066e-01
1002 0 +5.986440154e+01 +5.986440154e+01 +2.125744015e+02 +2.125744015e+02 +3.2752e+00 +3.9473e+00 -5.7173e-01 -1.4268e+00 -5.0942e-01 -4.1357e+00 +1.2186e+00 -8.5657e-01 -3.8769e+00 +1.2474e-01
% f evaluations | g evaluations | best noise-free fitness - Fopt | noise-free fitness - Fopt (9.980000000000e+01) | measured fitness | best measured fitness | x1 | x2...
1 0 +7.744906731e+01 +7.744906731e+01 +1.772490673e+02 +1.772490673e+02 +0.0000e+00 +0.0000e+00 +0.0000e+00 +0.0000e+00 +0.0000e+00 +0.0000e+00 +0.0000e+00 +0.0000e+00 +0.0000e+00 +0.0000e+00
2 0 +7.612541557e+01 +7.612541557e+01 +1.759254156e+02 +1.759254156e+02 +1.3413e-01 +5.7711e-01 -2.5555e-01 -9.9976e-01 -1.0513e-01 -1.6818e+00 -8.0709e-01 -6.6445e-01 -4.0019e-01 -4.0675e-01
5 0 +4.932367681e+01 +4.932367681e+01 +1.491236768e+02 +1.491236768e+02 -4.8022e-02 +9.3689e-01 -8.9309e-01 +2.6113e-01 +5.0884e-01 -1.8210e+00 +8.3063e-01 -4.6324e-02 +6.5214e-01 -5.6171e-01
42 0 +4.706197601e+01 +4.706197601e+01 +1.468619760e+02 +1.468619760e+02 -1.0626e-01 -3.5541e-01 -1.0563e+00 -1.6051e+00 +2.6728e+00 +2.0634e+00 -7.2571e-01 +6.2831e-01 -2.0613e-01 -4.4988e-01
46 0 +4.417434829e+01 +4.417434829e+01 +1.439743483e+02 +1.439743483e+02 +2.0048e-02 -4.3421e-01 -9.7050e-01 -2.9349e+00 +2.2863e+00 +2.2681e+00 -4.5348e-01 +7.3815e-01 -1.2422e-01 -8.1476e-01
47 0 +4.036734138e+01 +4.036734138e+01 +1.401673414e+02 +1.401673414e+02 -1.2999e-01 -1.3598e+00 -1.2614e+00 -3.8212e+00 +2.7432e+00 +1.5220e+00 +4.0664e-01 +5.5811e-01 +3.1945e-01 -5.9844e-01
54 0 +3.767705134e+01 +3.767705134e+01 +1.374770513e+02 +1.374770513e+02 +3.0572e-02 -9.5698e-01 -9.0202e-01 -3.3183e+00 +2.8812e+00 +2.8678e+00 -7.2696e-02 +6.5409e-01 -1.0707e-01 -1.1662e+00
56 0 +3.110616473e+01 +3.110616473e+01 +1.309061647e+02 +1.309061647e+02 -4.7672e-02 -9.6769e-01 -1.5809e+00 -2.1894e+00 +2.8638e+00 +2.2469e+00 -1.6230e-01 +1.9805e-01 +7.2899e-01 -4.3764e-01
63 0 +2.742182407e+01 +2.742182407e+01 +1.272218241e+02 +1.272218241e+02 -6.7642e-02 -1.1588e+00 -1.4991e+00 -2.2255e+00 +3.0129e+00 +2.1581e+00 +5.9807e-01 +4.4470e-01 +3.6177e-01 -3.4158e-01
83 0 +1.796860345e+01 +1.796860345e+01 +1.177686035e+02 +1.177686035e+02 -5.9397e-02 -1.8654e+00 -2.1875e+00 -3.0617e+00 +3.5037e+00 +2.6291e+00 +1.6539e-01 +4.6543e-01 +8.0772e-01 -4.4621e-01
93 0 +1.345759112e+01 +1.345759112e+01 +1.132575911e+02 +1.132575911e+02 +1.0722e-02 -1.8408e+00 -2.2628e+00 -2.6118e+00 +3.9625e+00 +2.8519e+00 +3.0209e-01 +6.5375e-01 +4.1286e-01 -2.9330e-01
116 0 +1.115483255e+01 +1.115483255e+01 +1.109548326e+02 +1.109548326e+02 +1.4942e-01 -2.4589e+00 -2.4047e+00 -2.9807e+00 +3.6701e+00 +3.0041e+00 +1.1130e+00 +7.8050e-01 +7.9036e-01 -7.6192e-01
157 0 +9.923811160e+00 +9.923811160e+00 +1.097238112e+02 +1.097238112e+02 +2.2254e-01 -2.0430e+00 -2.5117e+00 -3.0944e+00 +4.0477e+00 +3.2049e+00 +5.6661e-01 +9.1165e-01 +9.3487e-02 -4.4883e-01
158 0 +9.523831320e+00 +9.523831320e+00 +1.093238313e+02 +1.093238313e+02 +6.1696e-02 -2.6532e+00 -2.3062e+00 -3.3304e+00 +3.9692e+00 +3.0053e+00 +7.7526e-01 +1.0916e+00 +3.3785e-01 -7.3559e-02
168 0 +8.953734172e+00 +8.953734172e+00 +1.087537342e+02 +1.087537342e+02 +2.7073e-01 -1.7039e+00 -2.9022e+00 -3.6172e+00 +4.2065e+00 +2.9235e+00 +6.1858e-01 +1.0698e+00 +2.2358e-01 +4.0458e-02
178 0 +8.317966672e+00 +8.317966672e+00 +1.081179667e+02 +1.081179667e+02 +2.3006e-01 -1.8561e+00 -2.9986e+00 -3.5489e+00 +4.2030e+00 +3.2857e+00 +5.0902e-01 +1.1820e+00 +3.4274e-01 -2.4063e-01
192 0 +8.137279265e+00 +8.137279265e+00 +1.079372793e+02 +1.079372793e+02 +1.3601e-01 -2.5869e+00 -3.0570e+00 -3.2649e+00 +4.1174e+00 +2.9219e+00 +9.5033e-01 +1.1902e+00 +3.2833e-01 -3.3120e-01
193 0 +8.078530371e+00 +8.078530371e+00 +1.078785304e+02 +1.078785304e+02 +1.4296e-01 -2.3063e+00 -3.3449e+00 -3.5562e+00 +4.1638e+00 +3.1305e+00 +7.4090e-01 +1.2924e+00 +7.7534e-02 -3.0062e-01
226 0 +7.567825393e+00 +7.567825393e+00 +1.073678254e+02 +1.073678254e+02 +1.2281e-01 -2.6917e+00 -2.7746e+00 -3.3072e+00 +4.1312e+00 +3.1176e+00 +6.9802e-01 +1.5443e+00 +1.8136e-01 -1.2149e-01
237 0 +7.383260029e+00 +7.383260029e+00 +1.071832600e+02 +1.071832600e+02 +7.9019e-02 -2.6427e+00 -3.0554e+00 -3.7641e+00 +4.1758e+00 +3.1838e+00 +8.8176e-01 +1.8929e+00 -2.7977e-02 -1.8601e-02
250 0 +7.039709362e+00 +7.039709362e+00 +1.068397094e+02 +1.068397094e+02 +3.5411e-02 -2.8052e+00 -3.0879e+00 -3.3615e+00 +4.5110e+00 +3.3984e+00 +6.4179e-01 +1.7075e+00 +4.4692e-01 -1.5568e-01
279 0 +6.645559687e+00 +6.645559687e+00 +1.064455597e+02 +1.064455597e+02 +3.0253e-02 -2.5558e+00 -3.0740e+00 -3.5354e+00 +4.3992e+00 +3.1650e+00 +3.8510e-01 +1.9867e+00 +1.4249e-01 -1.9644e-01
293 0 +6.596851765e+00 +6.596851765e+00 +1.063968518e+02 +1.063968518e+02 +3.5991e-02 -2.7002e+00 -3.5696e+00 -3.5465e+00 +4.6267e+00 +3.1934e+00 +4.3376e-01 +2.0091e+00 +3.3107e-01 -2.1496e-01
304 0 +6.380355838e+00 +6.380355838e+00 +1.061803558e+02 +1.061803558e+02 +7.0848e-02 -2.6849e+00 -3.1755e+00 -3.2320e+00 +4.2986e+00 +3.1133e+00 +5.7489e-01 +1.9280e+00 +4.4014e-01 -4.2636e-01
309 0 +5.882077569e+00 +5.882077569e+00 +1.056820776e+02 +1.056820776e+02 +6.9431e-02 -2.6043e+00 -3.3658e+00 -3.4349e+00 +4.3568e+00 +3.0804e+00 +6.0497e-01 +2.0119e+00 +3.8844e-01 -2.0274e-01
321 0 +5.421844340e+00 +5.421844340e+00 +1.052218443e+02 +1.052218443e+02 +7.3226e-02 -2.7591e+00 -3.2456e+00 -3.5529e+00 +4.3110e+00 +2.9856e+00 +7.0319e-01 +2.0367e+00 +5.9860e-01 -2.4006e-01
559 0 +4.890083197e+00 +4.890083197e+00 +1.046900832e+02 +1.046900832e+02 +5.4177e-01 -2.7320e+00 -3.0807e+00 -4.3477e+00 +4.2433e+00 +2.9201e+00 -3.4882e-02 +3.5610e+00 +1.9656e-01 +3.2034e-01
579 0 +4.587269052e+00 +4.587269052e+00 +1.043872691e+02 +1.043872691e+02 +5.0890e-01 -2.7537e+00 -3.0438e+00 -4.2101e+00 +3.8459e+00 +2.5798e+00 +8.1112e-02 +3.3754e+00 +6.1143e-01 +3.4536e-01
604 0 +4.503453220e+00 +4.503453220e+00 +1.043034532e+02 +1.043034532e+02 +6.0617e-01 -3.1949e+00 -2.6848e+00 -4.2355e+00 +4.3477e+00 +2.9424e+00 +3.3328e-01 +3.5236e+00 +1.1776e+00 +8.0023e-02
649 0 +4.178194138e+00 +4.178194138e+00 +1.039781941e+02 +1.039781941e+02 +7.0711e-01 -3.1465e+00 -2.7734e+00 -4.1780e+00 +3.8750e+00 +3.0493e+00 +2.8034e-01 +3.1499e+00 +8.2735e-01 +4.4618e-01
674 0 +4.136331526e+00 +4.136331526e+00 +1.039363315e+02 +1.039363315e+02 +6.9948e-01 -2.6695e+00 -2.9556e+00 -4.3286e+00 +4.0408e+00 +2.6560e+00 +3.5009e-01 +2.9997e+00 +8.6644e-01 +5.0240e-01
711 0 +3.945321132e+00 +3.945321132e+00 +1.037453211e+02 +1.037453211e+02 +6.7292e-01 -2.7379e+00 -3.2836e+00 -3.9941e+00 +4.1243e+00 +3.1576e+00 +7.3191e-01 +3.2365e+00 +8.4547e-01 +2.8890e-01
716 0 +3.626274427e+00 +3.626274427e+00 +1.034262744e+02 +1.034262744e+02 +7.0785e-01 -2.6006e+00 -3.0302e+00 -4.0774e+00 +4.2488e+00 +2.8206e+00 +3.5475e-01 +3.2866e+00 +9.9650e-01 -3.6605e-02
723 0 +3.421660156e+00 +3.421660156e+00 +1.032216602e+02 +1.032216602e+02 +6.8900e-01 -2.9011e+00 -3.1902e+00 -4.0722e+00 +4.0796e+00 +2.9076e+00 +3.7613e-01 +3.2999e+00 +1.1710e+00 +2.5648e-01
727 0 +3.168658293e+00 +3.168658293e+00 +1.029686583e+02 +1.029686583e+02 +6.8382e-01 -2.9949e+00 -3.4658e+00 -4.3962e+00 +4.2801e+00 +2.9897e+00 +4.0159e-01 +3.3929e+00 +1.0156e+00 -1.4180e-02
736 0 +3.087769503e+00 +3.087769503e+00 +1.028877695e+02 +1.028877695e+02 +7.1558e-01 -2.9940e+00 -3.2246e+00 -4.2523e+00 +4.3099e+00 +2.6612e+00 +4.2781e-01 +3.2950e+00 +8.8394e-01 -1.9443e-01
764 0 +2.947320682e+00 +2.947320682e+00 +1.027473207e+02 +1.027473207e+02 +7.3614e-01 -2.9623e+00 -3.3209e+00 -4.0267e+00 +4.2206e+00 +2.6582e+00 +3.4255e-01 +3.1514e+00 +8.8050e-01 -2.4259e-01
776 0 +2.837402334e+00 +2.837402334e+00 +1.026374023e+02 +1.026374023e+02 +7.1118e-01 -3.0882e+00 -3.2466e+00 -4.0109e+00 +4.2074e+00 +2.8571e+00 +3.4783e-01 +3.1693e+00 +8.6464e-01 -1.1055e-01
804 0 +2.794472270e+00 +2.794472270e+00 +1.025944723e+02 +1.025944723e+02 +7.3410e-01 -3.0748e+00 -3.3539e+00 -4.2211e+00 +4.2365e+00 +2.9674e+00 +4.2928e-01 +3.1345e+00 +9.0517e-01 -5.1190e-02
844 0 +2.741278327e+00 +2.741278327e+00 +1.025412783e+02 +1.025412783e+02 +7.2456e-01 -2.9971e+00 -3.2376e+00 -4.1562e+00 +4.2513e+00 +2.8780e+00 +4.3743e-01 +3.0774e+00 +9.0215e-01 -1.5618e-01
979 0 +2.681371463e+00 +2.681371463e+00 +1.024813715e+02 +1.024813715e+02 +7.4317e-01 -2.9911e+00 -3.2940e+00 -4.0766e+00 +4.3067e+00 +2.9107e+00 +5.1611e-01 +2.8951e+00 +9.2218e-01 -1.4380e-01
% f evaluations | g evaluations | best noise-free fitness - Fopt | noise-free fitness - Fopt (-1.194100000000e+02) | measured fitness | best measured fitness | x1 | x2...
1 0 +7.784893111e+01 +7.784893111e+01 -4.156106889e+01 -4.156106889e+01 +0.0000e+00 +0.0000e+00 +0.0000e+00 +0.0000e+00 +0.0000e+00 +0.0000e+00 +0.0000e+00 +0.0000e+00 +0.0000e+00 +0.0000e+00
6 0 +7.729172770e+01 +7.729172770e+01 -4.211827230e+01 -4.211827230e+01 +9.8081e-01 +2.0265e-01 +2.6032e-01 +2.9975e-01 +2.1201e-03 -1.2296e+00 +9.2131e-02 +2.5908e-01 -2.8199e-01 -7.6602e-02
7 0 +7.487661765e+01 +7.487661765e+01 -4.453338235e+01 -4.453338235e+01 -1.6406e+00 +6.2008e-01 +1.3906e+00 +3.4481e-01 +5.3132e-02 +1.5349e-01 -5.0503e-02 +2.9613e-01 -6.5179e-01 -6.2870e-01
12 0 +7.344873594e+01 +7.344873594e+01 -4.596126406e+01 -4.596126406e+01 -1.1128e+00 +4.0996e-01 +1.3991e-01 -8.2950e-03 +1.2334e+00 -9.0037e-03 -2.3410e-01 +3.3591e-01 +7.7468e-02 +1.4295e-01
18 0 +7.009029677e+01 +7.009029677e+01 -4.931970323e+01 -4.931970323e+01 -1.1848e+00 +4.2681e-01 +2.0151e+00 +9.3027e-01 +7.5473e-01 +3.1937e-01 -2.5388e-01 +6.6560e-01 +4.5348e-01 -4.4532e-01
32 0 +6.806206817e+01 +6.806206817e+01 -5.134793183e+01 -5.134793183e+01 -4.0595e-01 +8.6184e-01 +5.9004e-01 +4.9171e-01 +9.6152e-01 +1.0504e-01 -7.3223e-01 +8.5681e-01 -7.9074e-01 +5.0170e-02
44 0 +6.406584443e+01 +6.406584443e+01 -5.534415557e+01 -5.534415557e+01 +3.3225e-01 +7.1101e-01 +3.2686e+00 +6.8366e-01 +2.7237e+00 +9.1316e-02 -7.0418e-01 +1.0468e+00 -6.7582e-01 +3.2083e+00
272 0 +6.073678575e+01 +6.073678575e+01 -5.867321425e+01 -5.867321425e+01 -2.1621e+00 -1.0532e+00 +3.2394e+00 +1.5586e+00 -4.4027e+00 -1.0933e+00 +5.2157e-01 +1.1388e+00 +4.3258e+00 -5.3391e+00
295 0 +5.922360946e+01 +5.922360946e+01 -6.018639054e+01 -6.018639054e+01 +5.0191e-02 -2.4445e+00 +3.2201e+00 -9.0866e-02 -4.2456e+00 -2.3611e-01 +5.0781e-01 +7.3513e-01 +4.6491e+00 -4.4117e+00
314 0 +5.584716214e+01 +5.584716214e+01 -6.356283786e+01 -6.356283786e+01 +1.7897e-01 -2.4424e+00 +2.7744e+00 -8.0735e-02 -2.7755e+00 -4.2380e-01 -1.3709e-01 +1.0450e+00 +4.4304e+00 -4.3669e+00
329 0 +5.462631208e+01 +5.462631208e+01 -6.478368792e+01 -6.478368792e+01 +5.8988e-01 -2.3614e+00 +2.9227e+00 -1.7708e-01 -3.2903e+00 -5.8141e-01 -2.0491e-01 +1.0327e+00 +4.6530e+00 -4.8528e+00
333 0 +5.123255031e+01 +5.123255031e+01 -6.817744969e+01 -6.817744969e+01 -1.9518e-01 -2.0937e+00 +3.1561e+00 +2.4224e-01 -3.3721e+00 -3.6254e-01 -2.1767e-01 +1.0595e+00 +4.4324e+00 -4.5440e+00
349 0 +4.943302164e+01 +4.943302164e+01 -6.997697836e+01 -6.997697836e+01 -2.5225e-02 -1.5986e+00 +2.5051e+00 +3.9521e-01 -4.4630e+00 -4.5483e-01 -2.0216e-01 +1.1710e+00 +4.6233e+00 -5.1229e+00
353 0 +4.601618962e+01 +4.601618962e+01 -7.339381038e+01 -7.339381038e+01 +3.6566e-01 -1.8122e+00 +2.8652e+00 +2.6400e-01 -4.2015e+00 -4.1767e-01 -4.1761e-01 +1.3559e+00 +4.5871e+00 -5.2471e+00
366 0 +4.197153550e+01 +4.197153550e+01 -7.743846450e+01 -7.743846450e+01 +5.5955e-01 -1.8300e+00 +3.1748e+00 +1.5281e-01 -4.0787e+00 -5.9082e-01 -3.9454e-01 +1.5258e+00 +4.4840e+00 -5.2362e+00
377 0 +3.919402892e+01 +3.919402892e+01 -8.021597108e+01 -8.021597108e+01 +3.5791e-01 -1.8395e+00 +3.2396e+00 +4.1278e-01 -4.0501e+00 -3.7537e-01 -3.7684e-01 +1.5822e+00 +4.3183e+00 -4.3829e+00
384 0 +3.769747992e+01 +3.769747992e+01 -8.171252008e+01 -8.171252008e+01 -1.4241e-01 -1.4268e+00 +3.0824e+00 -3.0966e-01 -4.2200e+00 -6.9048e-01 -3.1610e-01 +1.6723e+00 +4.1194e+00 -4.1276e+00
401 0 +3.695975731e+01 +3.695975731e+01 -8.245024269e+01 -8.245024269e+01 -2.6285e-01 -1.5986e+00 +2.2829e+00 +1.8578e-01 -4.2513e+00 -5.4017e-01 -2.8590e-01 +1.7542e+00 +3.9955e+00 -4.2449e+00
441 0 +3.327979496e+01 +3.327979496e+01 -8.613020504e+01 -8.613020504e+01 +1.5235e-02 -1.7994e+00 +2.3480e+00 +2.8363e-01 -5.0514e+00 -6.2090e-01 -3.2210e-01 +2.1066e+00 +3.6027e+00 -4.8286e+00
443 0 +3.143347399e+01 +3.143347399e+01 -8.797652601e+01 -8.797652601e+01 +4.4517e-01 -1.2273e+00 +2.5580e+00 +5.1561e-02 -3.3949e+00 -5.1203e-01 -1.4114e-01 +2.1639e+00 +3.6588e+00 -4.6721e+00
446 0 +2.802222992e+01 +2.802222992e+01 -9.138777008e+01 -9.138777008e+01 -4.4926e-01 -1.4411e+00 +3.1304e+00 +2.9838e-01 -4.3221e+00 -9.3390e-01 -3.5190e-01 +2.2765e+00 +3.2852e+00 -4.7810e+00
454 0 +2.667785309e+01 +2.667785309e+01 -9.273214691e+01 -9.273214691e+01 +1.6738e-01 -1.6016e+00 +3.0932e+00 +4.4421e-01 -4.6864e+00 -1.4643e+00 -3.8883e-01 +2.3179e+00 +3.6130e+00 -5.0786e+00
473 0 +2.526867148e+01 +2.526867148e+01 -9.414132852e+01 -9.414132852e+01 -9.9792e-03 -2.0605e+00 +2.7244e+00 -2.9067e-01 -3.5834e+00 -1.1544e+00 -6.6556e-01 +2.5312e+00 +4.0709e+00 -4.3367e+00
483 0 +2.428412517e+01 +2.428412517e+01 -9.512587483e+01 -9.512587483e+01 +4.3766e-01 -1.6834e+00 +2.7413e+00 +4.4097e-01 -4.3761e+00 -1.2067e+00 -3.9117e-01 +2.4237e+00 +3.8987e+00 -4.3595e+00
484 0 +2.378899640e+01 +2.378899640e+01 -9.562100360e+01 -9.562100360e+01 -4.0384e-02 -1.8504e+00 +2.6628e+00 +1.0849e-01 -3.6819e+00 -1.0280e+00 -5.0622e-01 +2.5328e+00 +3.9993e+00 -4.4276e+00
649 0 +2.250213929e+01 +2.250213929e+01 -9.690786071e+01 -9.690786071e+01 +1.5382e-01 -1.6984e+00 +2.8547e+00 +6.5341e-01 -4.1065e+00 -7.3943e-01 -5.6480e-01 +2.6812e+00 +4.1161e+00 -4.4143e+00
666 0 +2.213811923e+01 +2.213811923e+01 -9.727188077e+01 -9.727188077e+01 -2.5850e-01 -1.7228e+00 +3.0394e+00 +6.1189e-01 -3.7610e+00 -6.7767e-01 -5.5491e-01 +2.7806e+00 +4.2886e+00 -4.5755e+00
705 0 +2.113157048e+01 +2.113157048e+01 -9.827842952e+01 -9.827842952e+01 -9.9848e-02 -1.9583e+00 +2.6549e+00 +7.6430e-01 -3.3237e+00 -1.1077e+00 -5.1340e-01 +3.0252e+00 +4.1262e+00 -4.2396e+00
728 0 +2.037511068e+01 +2.037511068e+01 -9.903488932e+01 -9.903488932e+01 -4.0691e-01 -1.2054e+00 +3.6134e+00 +3.1456e-01 -4.2609e+00 -9.9615e-01 -5.3907e-01 +3.0782e+00 +4.4367e+00 -4.6298e+00
809 0 +1.964829900e+01 +1.964829900e+01 -9.976170100e+01 -9.976170100e+01 +2.4984e-02 -1.9581e+00 +3.3846e+00 +3.0492e-01 -4.3755e+00 -8.3601e-01 -3.2991e-01 +3.0556e+00 +4.4807e+00 -4.6382e+00
814 0 +1.922218452e+01 +1.922218452e+01 -1.001878155e+02 -1.001878155e+02 +2.5882e-02 -1.9387e+00 +3.5615e+00 +3.0895e-01 -4.4796e+00 -9.6064e-01 -3.4945e-01 +3.1168e+00 +4.3953e+00 -4.5509e+00
828 0 +1.891507832e+01 +1.891507832e+01 -1.004949217e+02 -1.004949217e+02 -1.1684e-01 -1.8905e+00 +3.4125e+00 +4.2866e-01 -4.2335e+00 -1.0233e+00 -3.0205e-01 +3.0879e+00 +4.3799e+00 -4.1716e+00
831 0 +1.859183026e+01 +1.859183026e+01 -1.008181697e+02 -1.008181697e+02 +4.6587e-02 -1.9040e+00 +3.3182e+00 +2.9576e-01 -4.2630e+00 -9.9993e-01 -3.1512e-01 +3.0704e+00 +4.2912e+00 -4.3427e+00
834 0 +1.816291535e+01 +1.816291535e+01 -1.012470846e+02 -1.012470846e+02 +1.4547e-01 -1.9325e+00 +3.1622e+00 +2.4848e-01 -4.2379e+00 -9.6507e-01 -3.1301e-01 +3.1258e+00 +4.3121e+00 -4.4000e+00
874 0 +1.765712685e+01 +1.765712685e+01 -1.017528731e+02 -1.017528731e+02 +8.8640e-02 -1.7008e+00 +2.8059e+00 +1.5064e-01 -4.0822e+00 -9.6275e-01 -3.0465e-01 +3.2199e+00 +4.4397e+00 -4.6677e+00
895 0 +1.710337585e+01 +1.710337585e+01 -1.023066241e+02 -1.023066241e+02 +8.9343e-02 -1.7249e+00 +2.9500e+00 +2.2176e-01 -4.1798e+00 -1.0645e+00 -3.4289e-01 +3.2125e+00 +4.2696e+00 -4.6654e+00
902 0 +1.695279002e+01 +1.695279002e+01 -1.024572100e+02 -1.024572100e+02 -1.1239e-01 -1.7733e+00 +3.0167e+00 +2.4528e-01 -4.1097e+00 -1.1628e+00 -3.2698e-01 +3.2041e+00 +4.2630e+00 -4.5399e+00
932 0 +1.659287996e+01 +1.659287996e+01 -1.028171200e+02 -1.028171200e+02 +2.6489e-02 -1.8416e+00 +3.0136e+00 +3.0399e-01 -4.0775e+00 -1.0472e+00 -3.3467e-01 +3.2792e+00 +4.2256e+00 -4.6276e+00
973 0 +1.590105039e+01 +1.590105039e+01 -1.035089496e+02 -1.035089496e+02 +2.1921e-01 -1.9293e+00 +2.9953e+00 +2.7121e-01 -3.9374e+00 -1.1493e+00 -3.5047e-01 +3.3870e+00 +4.1025e+00 -4.4262e+00
% f evaluations | g evaluations | best noise-free fitness - Fopt | noise-free fitness - Fopt (1.077000000000e+01) | measured fitness | best measured fitness | x1 | x2...
1 0 +8.023498959e+01 +8.023498959e+01 +9.100498959e+01 +9.100498959e+01 +0.0000e+00 +0.0000e+00 +0.0000e+00 +0.0000e+00 +0.0000e+00 +0.0000e+00 +0.0000e+00 +0.0000e+00 +0.0000e+00 +0.0000e+00
2 0 +7.726764206e+01 +7.726764206e+01 +8.803764206e+01 +8.803764206e+01 -2.5262e-01 +4.3129e-01 -5.5862e-01 -9.5860e-01 +3.0243e-02 -4.4762e-01 -1.4157e-01 +2.3672e-02 -2.6072e-01 +2.0641e-01
19 0 +7.460303885e+01 +7.460303885e+01 +8.537303885e+01 +8.537303885e+01 -2.6170e-01 +9.2424e-01 +9.5018e-02 -1.6846e+00 -2.1110e-01 -8.9349e-01 +6.5977e-02 -4.8927e-02 -5.8980e-01 +1.9329e-01
24 0 +7.354124404e+01 +7.354124404e+01 +8.431124404e+01 +8.431124404e+01 +3.3824e-01 +7.2948e-01 -4.8334e-01 -3.3209e+00 -2.6208e-01 -9.3242e-01 +2.4007e-01 -5.2973e-02 -1.2780e+00 +1.3226e-01
35 0 +7.112213039e+01 +7.112213039e+01 +8.189213039e+01 +8.189213039e+01 +8.2960e-02 +1.0746e+00 -6.8275e-01 -1.3561e+00 -7.6328e-02 -9.3592e-01 +1.6562e-01 -1.6885e-01 -1.6747e+00 +1.0406e-01
36 0 +7.001154615e+01 +7.001154615e+01 +8.078154615e+01 +8.078154615e+01 +1.3209e+00 +1.6923e+00 -7.9482e-01 -2.1901e+00 -6.2913e-01 -1.4880e+00 +1.4661e-01 -2.2559e-01 -8.9472e-01 +3.7198e-02
47 0 +6.804154358e+01 +6.804154358e+01 +7.881154358e+01 +7.881154358e+01 +1.7572e+00 +1.6127e+00 -9.6120e-01 -8.3230e-01 -6.1616e-01 -1.5557e+00 +2.1730e-01 -2.8595e-01 -1.0942e+00 +1.4680e-01
60 0 +6.756721695e+01 +6.756721695e+01 +7.833721695e+01 +7.833721695e+01 +1.1528e+00 +3.0145e+00 -3.8738e-01 -8.6427e-01 -3.2393e-01 -6.6768e-01 +1.8001e-01 -2.7666e-01 -1.8257e+00 +5.4180e-02
96 0 +6.453016701e+01 +6.453016701e+01 +7.530016701e+01 +7.530016701e+01 +1.5440e+00 +3.7036e+00 -6.0544e-01 -1.6092e-01 +2.3358e-01 -1.0026e+00 +1.6987e-01 -3.4635e-01 -2.3616e+00 +1.4592e-01
112 0 +6.089230039e+01 +6.089230039e+01 +7.166230039e+01 +7.166230039e+01 +2.2995e+00 +3.7379e+00 -2.3540e+00 -1.2070e+00 +8.5759e-01 -7.1620e-01 +4.3772e-01 -1.9208e-01 -1.8952e+00 +4.2929e-01
191 0 +5.788676748e+01 +5.788676748e+01 +6.865676748e+01 +6.865676748e+01 +7.4462e-01 +3.8851e+00 -9.5406e-01 -8.1918e-01 +6.0091e-01 -1.4796e+00 +7.1528e-01 -3.9625e-01 -2.1323e+00 +6.9241e-01
204 0 +5.737674110e+01 +5.737674110e+01 +6.814674110e+01 +6.814674110e+01 +9.1120e-01 +3.6956e+00 -1.2916e+00 +4.1462e-01 +9.5343e-01 -1.5937e+00 +7.8361e-01 -4.4385e-01 -2.3150e+00 +7.3909e-01
209 0 +5.534840907e+01 +5.534840907e+01 +6.611840907e+01 +6.611840907e+01 +1.0854e+00 +3.5996e+00 -1.0038e+00 -5.0692e-01 +6.4063e-01 -1.0796e+00 +7.3781e-01 -3.6679e-01 -2.7095e+00 +7.4844e-01
247 0 +5.465767100e+01 +5.465767100e+01 +6.542767100e+01 +6.542767100e+01 +1.4755e+00 +3.7684e+00 -2.0893e-01 -4.3702e-01 -8.0053e-02 -6.8642e-01 +7.2674e-01 -3.9038e-01 -2.8019e+00 +7.9209e-01
267 0 +5.340848131e+01 +5.340848131e+01 +6.417848131e+01 +6.417848131e+01 +1.4565e+00 +3.2012e+00 -4.5384e-01 +1.6488e-01 +2.7705e-01 -1.2352e+00 +9.2735e-01 -4.7831e-01 -3.0489e+00 +7.7192e-01
275 0 +5.206286555e+01 +5.206286555e+01 +6.283286555e+01 +6.283286555e+01 +1.8992e+00 +3.5613e+00 -7.7848e-01 -2.9641e-01 +8.3196e-02 -1.0834e+00 +8.8573e-01 -3.7179e-01 -2.9714e+00 +8.2517e-01
287 0 +5.115195076e+01 +5.115195076e+01 +6.192195076e+01 +6.192195076e+01 +2.2716e+00 +3.3595e+00 -7.5354e-01 +1.9570e-01 -3.8561e-01 -3.5656e-01 +1.0342e+00 -3.9754e-01 -3.5123e+00 +9.1653e-01
544 0 +3.681388426e+01 +3.681388426e+01 +4.758388426e+01 +4.758388426e+01 -7.7633e-01 +1.3506e-01 -1.2140e+00 -2.1969e+00 +3.1089e+00 +4.3912e+00 -4.4502e-01 +3.4866e-01 +4.6577e+00 +1.1632e+00
570 0 +3.255021604e+01 +3.255021604e+01 +4.332021604e+01 +4.332021604e+01 +3.0626e-02 +1.7062e+00 -2.4685e-02 -5.9497e-01 +3.6280e+00 +4.2741e+00 -5.3620e-01 +5.8404e-01 +4.4394e+00 +1.3295e+00
% f evaluations | g evaluations | best noise-free fitness - Fopt | noise-free fitness - Fopt (2.137000000000e+01) | measured fitness | best measured fitness | x1 | x2...
1 0 +8.381202763e+01 +8.381202763e+01 +1.051820276e+02 +1.051820276e+02 +0.0000e+00 +0.0000e+00 +0.0000e+00 +0.0000e+00 +0.0000e+00 +0.0000e+00 +0.0000e+00 +0.0000e+00 +0.0000e+00 +0.0000e+00
2 0 +8.158541022e+01 +8.158541022e+01 +1.029554102e+02 +1.029554102e+02 -2.8544e-01 +1.7959e-02 -4.9390e-01 +2.0572e-01 -4.9904e-02 -5.2817e-02 +3.9533e-02 -1.3591e+00 -2.4152e-01 +1.9239e-01
6 0 +8.052367648e+01 +8.052367648e+01 +1.018936765e+02 +1.018936765e+02 +2.8629e-01 +3.4890e-01 -2.8421e-01 -7.4299e-01 +1.7536e-02 +3.8357e+00 +6.6116e-01 +2.5710e-02 +1.4391e-01 -1.9569e+00
21 0 +7.605777393e+01 +7.605777393e+01 +9.742777393e+01 +9.742777393e+01 -1.0183e-01 +3.1955e-01 +4.3687e-02 -1.8711e-01 +7.4349e-02 +3.8478e+00 +9.5792e-01 +7.5557e-01 -2.2312e-01 -4.2719e+00
46 0 +7.567401372e+01 +7.567401372e+01 +9.704401372e+01 +9.704401372e+01 +1.9134e-01 +6.0429e-01 +1.8146e-01 -1.2799e+00 -1.5966e-02 +3.3990e+00 +1.4811e+00 +1.0313e-01 +7.7145e-01 -4.6959e+00
47 0 +7.168009717e+01 +7.168009717e+01 +9.305009717e+01 +9.305009717e+01 +3.1579e-01 -4.5447e-01 +2.6562e-01 -8.3958e-01 -1.2886e-01 +3.7934e+00 +1.0514e+00 +5.2881e-01 +1.2489e+00 -5.0804e+00
119 0 +4.732830743e+01 +4.732830743e+01 +6.869830743e+01 +6.869830743e+01 +1.9082e+00 -2.7280e+00 +1.4764e+00 -2.0116e+00 +2.6441e-01 +2.5440e+00 +4.6366e+00 +6.2589e-01 +1.0532e+00 -4.7270e+00
173 0 +4.535014128e+01 +4.535014128e+01 +6.672014128e+01 +6.672014128e+01 +1.5974e+00 -3.2665e+00 +1.6517e+00 -1.4108e+00 +1.0221e-01 +3.5996e+00 +4.1718e+00 +1.2574e+00 +1.0695e+00 -5.6291e+00
192 0 +3.702710049e+01 +3.702710049e+01 +5.839710049e+01 +5.839710049e+01 +1.1330e+00 -3.1681e+00 +2.0124e+00 -1.4878e+00 +1.5580e-01 +3.8320e+00 +3.7861e+00 +4.7258e-01 +1.5484e+00 -5.4533e+00
253 0 +3.566566977e+01 +3.566566977e+01 +5.703566977e+01 +5.703566977e+01 +1.0798e+00 -3.5208e+00 +2.3539e+00 -1.1203e+00 +1.2121e-01 +4.1098e+00 +3.3852e+00 +6.6988e-01 +2.0269e+00 -4.9368e+00
270 0 +3.441840294e+01 +3.441840294e+01 +5.578840294e+01 +5.578840294e+01 +1.0477e+00 -3.5613e+00 +2.6577e+00 -1.9089e+00 +1.0694e-01 +4.1344e+00 +3.4447e+00 +4.9039e-01 +1.9449e+00 -4.6055e+00
434 0 +3.358987190e+01 +3.358987190e+01 +5.495987190e+01 +5.495987190e+01 +1.4174e+00 -3.3458e+00 +2.3476e+00 -1.2288e+00 +1.9457e-01 +3.6891e+00 +3.5347e+00 -2.4771e-01 +1.3060e+00 -4.4915e+00
456 0 +3.242895115e+01 +3.242895115e+01 +5.379895115e+01 +5.379895115e+01 +1.5349e+00 -3.3418e+00 +2.6895e+00 -1.9256e+00 +2.0546e-01 +3.7358e+00 +3.7308e+00 +3.7661e-01 +2.1005e+00 -4.3112e+00
464 0 +3.162028177e+01 +3.162028177e+01 +5.299028177e+01 +5.299028177e+01 +1.5111e+00 -3.5584e+00 +2.7730e+00 -1.6513e+00 +1.9994e-01 +3.5542e+00 +3.9286e+00 +7.0973e-01 +1.9824e+00 -4.9868e+00
778 0 +3.040934223e+01 +3.040934223e+01 +5.177934223e+01 +5.177934223e+01 +2.4036e+00 -5.3040e+00 +3.9876e+00 -1.8481e+00 +1.3722e+00 +3.6077e+00 +5.2892e+00 +7.8938e-01 +6.2324e-01 -4.6497e+00
916 0 +2.934689496e+01 +2.934689496e+01 +5.071689496e+01 +5.071689496e+01 +2.9510e+00 -3.7864e+00 +4.8578e+00 -1.7349e+00 +1.6118e+00 +5.1104e+00 +2.9515e+00 -7.4973e-01 +1.0119e+00 -4.7223e+00
920 0 +2.806824699e+01 +2.806824699e+01 +4.943824699e+01 +4.943824699e+01 +2.7887e+00 -3.6779e+00 +4.7194e+00 -2.4061e+00 +1.5652e+00 +4.1426e+00 +2.8693e+00 -4.1612e-01 +8.2510e-01 -3.9864e+00
922 0 +2.737897392e+01 +2.737897392e+01 +4.874897392e+01 +4.874897392e+01 +2.6969e+00 -3.7380e+00 +4.5597e+00 -2.5682e+00 +1.6029e+00 +4.2233e+00 +3.0335e+00 -8.9441e-01 +8.7866e-01 -4.5052e+00
932 0 +2.472819519e+01 +2.472819519e+01 +4.609819519e+01 +4.609819519e+01 +2.7016e+00 -3.6037e+00 +4.6265e+00 -2.0304e+00 +1.5612e+00 +4.5666e+00 +3.1270e+00 -5.5803e-01 +1.0034e+00 -4.7180e+00
941 0 +2.446590376e+01 +2.446590376e+01 +4.583590376e+01 +4.583590376e+01 +2.7785e+00 -3.6948e+00 +4.6495e+00 -1.8389e+00 +1.5721e+00 +4.4451e+00 +3.1086e+00 -5.0289e-01 +9.7029e-01 -4.9243e+00
942 0 +2.140995583e+01 +2.140995583e+01 +4.277995583e+01 +4.277995583e+01 +2.6063e+00 -3.8755e+00 +4.2953e+00 -1.6962e+00 +1.5430e+00 +3.8973e+00 +3.0290e+00 -5.2053e-01 +1.0958e+00 -4.9240e+00
953 0 +2.137410696e+01 +2.137410696e+01 +4.274410696e+01 +4.274410696e+01 +2.5875e+00 -3.9418e+00 +3.8151e+00 -1.8901e+00 +1.5481e+00 +4.3212e+00 +3.1337e+00 -8.9503e-01 +1.2178e+00 -4.6697e+00
973 0 +2.081811930e+01 +2.081811930e+01 +4.218811930e+01 +4.218811930e+01 +2.4726e+00 -3.7403e+00 +3.8282e+00 -1.6903e+00 +1.5748e+00 +4.6233e+00 +3.3246e+00 -4.7905e-01 +1.2496e+00 -3.9593e+00
975 0 +2.040109435e+01 +2.040109435e+01 +4.177109435e+01 +4.177109435e+01 +2.4296e+00 -3.5886e+00 +4.2227e+00 -1.8168e+00 +1.5861e+00 +4.0296e+00 +3.3518e+00 -7.0357e-01 +1.3781e+00 -4.1996e+00
992 0 +1.835201315e+01 +1.835201315e+01 +3.972201315e+01 +3.972201315e+01 +2.4581e+00 -3.3542e+00 +4.2111e+00 -1.5989e+00 +1.6001e+00 +4.0911e+00 +3.5012e+00 +1.4385e-01 +1.5520e+00 -4.5158e+00
1000 0 +1.791240677e+01 +1.791240677e+01 +3.928240677e+01 +3.928240677e+01 +2.5454e+00 -3.6687e+00 +3.6507e+00 -1.5153e+00 +1.5006e+00 +3.9500e+00 +3.4716e+00 -2.1476e-01 +1.3886e+00 -4.7331e+00
1002 0 +1.761499175e+01 +1.761499175e+01 +3.898499175e+01 +3.898499175e+01 +2.5017e+00 -3.5115e+00 +3.9309e+00 -1.5571e+00 +1.5503e+00 +4.0911e+00 +3.5012e+00 +1.4385e-01 +1.5520e+00 -4.5158e+00
% f evaluations | g evaluations | best noise-free fitness - Fopt | noise-free fitness - Fopt (1.673000000000e+01) | measured fitness | best measured fitness | x1 | x2...
1 0 +7.996360545e+01 +7.996360545e+01 +9.669360545e+01 +9.669360545e+01 +0.0000e+00 +0.0000e+00 +0.0000e+00 +0.0000e+00 +0.0000e+00 +0.0000e+00 +0.0000e+00 +0.0000e+00 +0.0000e+00 +0.0000e+00
3 0 +7.526371893e+01 +7.526371893e+01 +9.199371893e+01 +9.199371893e+01 +3.2209e-01 +2.0887e-01 +1.4816e-02 -3.3982e-01 +1.1106e+00 -1.5281e-01 +1.4409e-02 +5.9433e-01 -7.4910e-01 -3.1411e-01
10 0 +7.356152490e+01 +7.356152490e+01 +9.029152490e+01 +9.029152490e+01 +8.6147e-01 +8.0557e-01 -3.2944e-01 +1.2611e+00 +1.5995e+00 -8.1536e-03 +1.1672e-01 +2.3985e-01 +7.0805e-01 -7.4414e-01
12 0 +6.862709022e+01 +6.862709022e+01 +8.535709022e+01 +8.535709022e+01 +2.9134e-02 +6.4715e-01 -8.7462e-02 -5.7061e-02 +2.5780e+00 +2.5795e-02 +7.8234e-02 +1.1321e+00 -1.7042e+00 -1.1240e+00
20 0 +6.744984178e+01 +6.744984178e+01 +8.417984178e+01 +8.417984178e+01 +1.1337e+00 -2.3374e-01 -2.4523e-01 +2.9123e-01 +1.2967e+00 +7.4011e-02 +2.4160e-01 +1.7406e-01 +4.9671e-02 -2.2097e+00
23 0 +4.958426533e+01 +4.958426533e+01 +6.631426533e+01 +6.631426533e+01 -7.3217e-01 +1.0287e-01 -6.7069e-03 -9.9849e-01 +2.0628e+00 +2.8530e-03 +1.2077e-01 -5.5985e-01 -3.5201e+00 -2.8973e+00
33 0 +4.334267628e+01 +4.334267628e+01 +6.007267628e+01 +6.007267628e+01 +1.1016e+00 +6.3912e-01 -1.5914e-01 -4.9669e-01 +1.3265e+00 -6.2626e-02 +5.4461e-01 +1.7027e-02 -2.3406e+00 -3.0177e+00
99 0 +3.556668503e+01 +3.556668503e+01 +5.229668503e+01 +5.229668503e+01 +4.2991e+00 +4.9598e-01 +8.7602e-01 +1.0718e+00 +3.1048e+00 +7.7302e-02 +6.4189e-02 -3.6775e+00 -1.2633e+00 -4.1136e+00
127 0 +3.069003345e+01 +3.069003345e+01 +4.742003345e+01 +4.742003345e+01 +3.8386e+00 +3.2017e-01 +1.0021e+00 +4.7610e-01 +1.6815e+00 +1.8423e-01 -1.2462e-02 -2.9158e+00 -2.0888e+00 -2.7130e+00
132 0 +2.959895729e+01 +2.959895729e+01 +4.632895729e+01 +4.632895729e+01 +3.5417e+00 +5.1687e-01 +1.0288e+00 -1.3822e+00 +3.0644e+00 +1.4525e-01 -4.5299e-02 -2.2296e+00 -3.2826e+00 -2.1375e+00
134 0 +2.613304373e+01 +2.613304373e+01 +4.286304373e+01 +4.286304373e+01 +3.2967e+00 +4.4822e-01 +1.3716e+00 -4.0068e-01 +1.7989e+00 +1.7084e-01 -4.1543e-02 -3.1894e+00 -1.9639e+00 -2.7733e+00
135 0 +2.352389451e+01 +2.352389451e+01 +4.025389451e+01 +4.025389451e+01 +2.8023e+00 +8.5588e-02 +1.0418e+00 -1.2983e+00 +2.4355e+00 +1.9334e-01 -3.9513e-02 -2.6049e+00 -2.6157e+00 -2.8656e+00
142 0 +1.846307144e+01 +1.846307144e+01 +3.519307144e+01 +3.519307144e+01 +3.1473e+00 +5.6186e-01 +8.7328e-01 -2.3745e-01 +2.1513e+00 +1.8639e-01 -4.9789e-02 -3.1371e+00 -3.2238e+00 -2.6571e+00
174 0 +1.588505719e+01 +1.588505719e+01 +3.261505719e+01 +3.261505719e+01 +2.3022e+00 +1.1847e+00 +8.0710e-01 +1.1471e+00 +2.3412e+00 +1.3542e-01 -5.5270e-02 -3.7326e+00 -1.8897e+00 -3.5250e+00
185 0 +9.552726263e+00 +9.552726263e+00 +2.628272626e+01 +2.628272626e+01 +1.2735e+00 +1.0791e+00 +5.6858e-01 +3.7125e-01 +2.9892e+00 +5.9911e-02 -7.9281e-02 -3.2884e+00 -2.7038e+00 -3.0174e+00
201 0 +9.303312532e+00 +9.303312532e+00 +2.603331253e+01 +2.603331253e+01 +1.7163e+00 +1.9581e+00 +7.7640e-01 -4.7371e-01 +3.1785e+00 +2.1983e-01 +1.2064e-01 -2.9304e+00 -3.0917e+00 -3.6954e+00
233 0 +8.905238484e+00 +8.905238484e+00 +2.563523848e+01 +2.563523848e+01 +1.3100e+00 +1.3941e+00 +4.3710e-01 +4.4579e-01 +3.2676e+00 +2.0845e-01 -4.0232e-01 -3.4237e+00 -2.6124e+00 -3.9824e+00
% f evaluations | g evaluations | best noise-free fitness - Fopt | noise-free fitness - Fopt (1.000000000000e+03) | measured fitness | best measured fitness | x1 | x2...
1 0 +7.604210029e+01 +7.604210029e+01 +1.076042100e+03 +1.076042100e+03 +0.0000e+00 +0.0000e+00 +0.0000e+00 +0.0000e+00 +0.0000e+00 +0.0000e+00 +0.0000e+00 +0.0000e+00 +0.0000e+00 +0.0000e+00
4 0 +7.267118034e+01 +7.267118034e+01 +1.072671180e+03 +1.072671180e+03 -6.3230e-01 -3.8450e-02 -1.3254e-01 -2.4921e-01 +2.4397e-01 -3.0796e-01 +7.3977e-01 -2.3155e-02 -1.3358e+00 -6.9480e-01
10 0 +6.783765251e+01 +6.783765251e+01 +1.067837653e+03 +1.067837653e+03 -2.2928e+00 -1.0955e-01 +7.0928e-01 -6.4874e-02 +1.9620e+00 +4.9997e-01 +1.0626e+00 -9.7193e-02 -8.1417e-01 +4.2969e-01
16 0 +6.499211048e+01 +6.499211048e+01 +1.064992110e+03 +1.064992110e+03 -1.9294e+00 -1.0235e-01 -1.7902e-01 -2.6844e-02 +2.5965e+00 -6.0599e-02 +6.4360e-01 -9.2111e-01 -1.1785e+00 +9.1731e-02
49 0 +6.355883205e+01 +6.355883205e+01 +1.063558832e+03 +1.063558832e+03 -8.8581e-01 -4.3780e-02 -1.4157e-01 +8.4948e-02 +3.0922e+00 -3.7042e-01 +4.8810e-01 -4.8789e-01 -9.1938e-01 +5.6584e-02
65 0 +6.206123848e+01 +6.206123848e+01 +1.062061238e+03 +1.062061238e+03 -1.0030e+00 -9.9256e-03 +7.4610e-02 +4.9032e-03 +2.9633e+00 -4.6617e-01 +4.8468e-01 -3.6960e-01 -1.3819e+00 +2.8923e-01
76 0 +6.087098345e+01 +6.087098345e+01 +1.060870983e+03 +1.060870983e+03 -2.0518e+00 -5.3015e-03 +4.9230e-01 -4.5466e-02 +2.7784e+00 -5.5441e-01 +1.1309e+00 -5.1140e-01 -9.8498e-01 +8.5577e-02
87 0 +6.012851043e+01 +6.012851043e+01 +1.060128510e+03 +1.060128510e+03 -2.0847e+00 +4.1921e-02 +8.9222e-01 +1.1671e-01 +4.0610e+00 -4.1840e-01 +1.5006e+00 -3.5761e-01 -4.9776e-01 +4.5465e-01
770 0 +5.272264436e+01 +5.272264436e+01 +1.052722644e+03 +1.052722644e+03 +5.6842e+00 +1.5985e-01 -1.2895e+00 -3.7448e+00 -2.1336e+00 +3.9308e+00 +5.3816e-01 -1.2424e+00 -3.5229e+00 +3.3150e-01
839 0 +4.560350298e+01 +4.560350298e+01 +1.045603503e+03 +1.045603503e+03 +4.9875e+00 +5.2085e-02 -1.3740e+00 -3.7443e+00 -3.6085e+00 +3.9492e+00 +8.5392e-01 -1.1812e+00 -3.5092e+00 +1.0129e-01
% f evaluations | g evaluations | best noise-free fitness - Fopt | noise-free fitness - Fopt (-1.079600000000e+02) | measured fitness | best measured fitness | x1 | x2...
1 0 +7.923447259e+01 +7.923447259e+01 -2.872552741e+01 -2.872552741e+01 +0.0000e+00 +0.0000e+00 +0.0000e+00 +0.0000e+00 +0.0000e+00 +0.0000e+00 +0.0000e+00 +0.0000e+00 +0.0000e+00 +0.0000e+00
2 0 +7.900442499e+01 +7.900442499e+01 -2.895557501e+01 -2.895557501e+01 +9.2271e-02 -1.9774e+00 -6.6995e-01 +4.5619e-01 -6.2700e-02 -1.7017e-01 -8.9044e-01 -3.1768e-01 -9.2691e-01 +9.9642e-01
3 0 +7.554400623e+01 +7.554400623e+01 -3.241599377e+01 -3.241599377e+01 -6.9016e-01 -1.0741e+00 +8.9632e-01 -1.4912e+00 +3.7619e-01 -6.5436e-02 -1.1743e+00 +1.2062e-01 +5.1348e-01 +1.4679e-01
8 0 +7.281942343e+01 +7.281942343e+01 -3.514057657e+01 -3.514057657e+01 -5.9648e-01 +3.6435e-02 -1.3458e+00 -7.5625e-01 +1.7539e-01 +5.8350e-02 +9.0910e-02 +2.8986e-01 -1.6989e-01 -7.2841e-01
17 0 +6.876602621e+01 +6.876602621e+01 -3.919397379e+01 -3.919397379e+01 -1.0214e+00 +2.0359e-01 +2.5362e+00 -8.0077e-01 -8.5148e-01 -2.3066e-01 -1.4162e+00 -6.0092e-02 +8.8539e-01 -4.5014e-02
22 0 +6.255197406e+01 +6.255197406e+01 -4.540802594e+01 -4.540802594e+01 -3.9413e-01 +2.0762e-01 +1.3611e+00 -1.4067e+00 -2.2958e+00 -4.6097e-02 -4.0975e-01 +1.8578e-01 +1.2162e+00 +1.0954e+00
34 0 +5.328649837e+01 +5.328649837e+01 -5.467350163e+01 -5.467350163e+01 -5.5340e-01 +3.6265e-01 +3.7919e+00 +1.5004e+00 -1.1741e+00 +1.1722e-02 -1.7434e+00 +3.9161e-01 +1.1192e+00 +2.2078e-01
50 0 +4.833160205e+01 +4.833160205e+01 -5.962839795e+01 -5.962839795e+01 -6.5555e-01 +5.3863e-01 +3.6115e+00 +2.4762e+00 -6.8926e-01 -2.0130e-02 -3.7161e+00 +3.8637e-01 +1.0385e+00 +5.7912e-01
66 0 +3.899812681e+01 +3.899812681e+01 -6.896187319e+01 -6.896187319e+01 +3.5505e-01 -5.3603e-02 +2.9088e+00 +1.4237e+00 -9.0070e-01 +3.1727e-01 -3.4749e+00 +1.2901e-01 +1.1956e+00 +4.1696e-01
72 0 +3.153431028e+01 +3.153431028e+01 -7.642568972e+01 -7.642568972e+01 +2.3033e-01 -8.4478e-02 +4.0699e+00 +1.1382e+00 -1.0716e+00 +3.5592e-01 -2.9033e+00 +5.2219e-02 +6.1932e-02 +6.6812e-01
73 0 +2.794156884e+01 +2.794156884e+01 -8.001843116e+01 -8.001843116e+01 -6.0257e-01 +5.4378e-01 +4.0177e+00 +9.4724e-01 -1.9825e+00 +4.1071e-01 -2.8866e+00 +2.0859e-01 +5.7872e-01 +5.5627e-01
75 0 +2.687333827e+01 +2.687333827e+01 -8.108666173e+01 -8.108666173e+01 +4.4918e-01 -2.2349e-01 +3.4864e+00 +8.4135e-01 -1.3220e+00 +1.8248e-01 -3.4569e+00 +1.0558e-02 +4.2556e-01 +5.8125e-01
87 0 +2.315915789e+01 +2.315915789e+01 -8.480084211e+01 -8.480084211e+01 +3.9493e-01 -1.0700e+00 +3.6829e+00 -3.1232e-02 -2.5208e+00 -2.0506e-02 -4.2461e+00 +3.8328e-02 +3.0209e-01 +1.1056e+00
98 0 +2.112281713e+01 +2.112281713e+01 -8.683718287e+01 -8.683718287e+01 +5.0198e-01 +6.3872e-01 +4.6788e+00 +1.9433e+00 -1.8057e+00 +1.1438e-01 -3.6034e+00 -1.4759e-02 +1.1114e+00 +1.5019e+00
130 0 +2.038107356e+01 +2.038107356e+01 -8.757892644e+01 -8.757892644e+01 +2.8522e-01 -9.5139e-01 +3.6824e+00 +1.2214e+00 -3.7792e+00 +3.5835e-01 -4.3241e+00 +4.8852e-01 +3.2152e-01 -1.5988e-01
144 0 +1.691562275e+01 +1.691562275e+01 -9.104437725e+01 -9.104437725e+01 +1.4341e+00 -4.9897e-02 +3.4180e+00 +1.3143e+00 -4.2438e+00 +8.4956e-02 -4.3067e+00 +6.7340e-01 +2.3394e-01 +1.9252e+00
154 0 +1.606360377e+01 +1.606360377e+01 -9.189639623e+01 -9.189639623e+01 +1.4016e+00 -6.0523e-01 +4.7231e+00 +9.1440e-01 -3.2854e+00 -5.5182e-02 -4.3370e+00 +8.0960e-01 +7.9684e-01 +1.6471e+00
155 0 +1.507053659e+01 +1.507053659e+01 -9.288946341e+01 -9.288946341e+01 +4.6572e-01 -2.3323e-01 +4.1431e+00 +2.0808e+00 -3.6111e+00 -1.8142e-01 -4.4292e+00 +2.4053e-01 -2.6691e-02 +2.1787e+00
163 0 +1.397897471e+01 +1.397897471e+01 -9.398102529e+01 -9.398102529e+01 +1.2750e+00 -6.0683e-01 +4.4545e+00 +1.4940e+00 -2.6522e+00 -2.4734e-01 -4.1193e+00 +1.4658e-01 +4.3493e-01 +1.8245e+00
225 0 +1.160276896e+01 +1.160276896e+01 -9.635723104e+01 -9.635723104e+01 +5.9865e-01 -1.8341e-01 +4.5871e+00 +1.7505e+00 -3.6635e+00 -3.7594e-01 -4.4967e+00 +6.4419e-01 +5.9601e-01 +1.1842e+00
245 0 +1.115121149e+01 +1.115121149e+01 -9.680878851e+01 -9.680878851e+01 +1.1002e+00 +9.3335e-01 +4.2860e+00 +1.3498e+00 -3.5724e+00 -3.9489e-01 -4.1327e+00 +5.0991e-01 +7.2150e-01 +1.4381e+00
411 0 +1.034875979e+01 +1.034875979e+01 -9.761124021e+01 -9.761124021e+01 +1.2566e+00 +4.4926e-01 +4.5227e+00 +1.4355e+00 -3.7696e+00 -8.0230e-01 -3.9398e+00 +1.6862e-01 +6.0907e-01 +1.1478e+00
421 0 +1.021744149e+01 +1.021744149e+01 -9.774255851e+01 -9.774255851e+01 +1.1895e+00 +3.0947e-01 +4.4578e+00 +1.6800e+00 -3.6012e+00 -8.2594e-01 -3.8761e+00 +1.6945e-01 +3.4385e-01 +1.2109e+00
422 0 +9.930898312e+00 +9.930898312e+00 -9.802910169e+01 -9.802910169e+01 +1.0847e+00 +5.1540e-01 +4.4415e+00 +1.5727e+00 -3.6611e+00 -7.3106e-01 -4.0672e+00 +1.6585e-01 +6.1600e-01 +1.2726e+00
484 0 +9.725643682e+00 +9.725643682e+00 -9.823435632e+01 -9.823435632e+01 +9.8161e-01 +2.7396e-01 +4.3210e+00 +1.5868e+00 -3.6431e+00 -7.3790e-01 -4.1216e+00 +2.2279e-01 +2.8723e-01 +1.1156e+00
615 0 +9.433728268e+00 +9.433728268e+00 -9.852627173e+01 -9.852627173e+01 +1.0233e+00 +2.2485e-01 +4.3915e+00 +1.5632e+00 -3.6252e+00 -6.1810e-01 -4.1470e+00 +1.7525e-01 +4.6664e-01 +1.1919e+00
639 0 +9.298190524e+00 +9.298190524e+00 -9.866180948e+01 -9.866180948e+01 +1.1328e+00 +1.6160e-01 +4.3876e+00 +1.5211e+00 -3.3898e+00 -6.0974e-01 -4.1875e+00 +9.6411e-02 +4.8180e-01 +1.1829e+00
788 0 +9.075683325e+00 +9.075683325e+00 -9.888431668e+01 -9.888431668e+01 +1.0268e+00 +2.7776e-01 +4.5556e+00 +1.3174e+00 -3.4906e+00 -4.4529e-01 -4.1881e+00 -1.6806e-01 +2.8534e-01 +1.1953e+00
819 0 +8.868691215e+00 +8.868691215e+00 -9.909130878e+01 -9.909130878e+01 +1.0559e+00 +2.6567e-01 +4.3305e+00 +1.3821e+00 -3.5303e+00 -3.8184e-01 -4.3816e+00 -1.7992e-01 +4.1998e-01 +1.0563e+00
% f evaluations | g evaluations | best noise-free fitness - Fopt | noise-free fitness - Fopt (-3.025900000000e+02) | measured fitness | best measured fitness | x1 | x2...
1 0 +6.533034243e+01 +6.533034243e+01 -2.372596576e+02 -2.372596576e+02 +0.0000e+00 +0.0000e+00 +0.0000e+00 +0.0000e+00 +0.0000e+00 +0.0000e+00 +0.0000e+00 +0.0000e+00 +0.0000e+00 +0.0000e+00
5 0 +5.587250500e+01 +5.587250500e+01 -2.467174950e+02 -2.467174950e+02 -7.7616e-01 -4.7849e-01 -9.2434e-01 -5.7062e-03 -1.3914e-02 -3.8539e-02 -1.3055e+00 -1.3873e+00 -8.2385e-01 +1.1043e-03
22 0 +5.110463429e+01 +5.110463429e+01 -2.514853657e+02 -2.514853657e+02 +1.0223e+00 -3.0302e-01 -1.9647e+00 +2.1443e-02 -1.5832e-02 +1.5215e+00 -2.0277e+00 -1.2120e+00 -5.2432e-01 -9.1403e-03
32 0 +4.215500841e+01 +4.215500841e+01 -2.604349916e+02 -2.604349916e+02 -4.0849e-01 +6.2182e-01 -1.7977e+00 +6.7970e-02 -1.6883e-02 +2.0010e+00 -1.7965e+00 -1.8437e+00 -7.7752e-01 -8.6838e-03
36 0 +3.250666715e+01 +3.250666715e+01 -2.700833329e+02 -2.700833329e+02 +6.9593e-01 +1.0974e+00 -2.2941e+00 +3.5455e-02 +5.8288e-02 +1.2440e+00 -1.7190e+00 -1.3323e+00 -2.3101e+00 +2.0116e-03
103 0 +3.203403496e+01 +3.203403496e+01 -2.705559650e+02 -2.705559650e+02 +8.3071e-01 +7.4258e-01 -1.3107e+00 +4.8749e-02 +1.9457e-02 +1.3928e+00 -1.0998e+00 -2.0300e+00 -2.2672e+00 +1.2386e-03
117 0 +3.113319252e+01 +3.113319252e+01 -2.714568075e+02 -2.714568075e+02 +6.2490e-01 +9.8733e-01 -1.6516e+00 +6.7551e-02 +1.9558e-02 +1.4327e+00 -1.2571e+00 -1.9303e+00 -2.4824e+00 +1.3014e-03
130 0 +3.037980754e+01 +3.037980754e+01 -2.722101925e+02 -2.722101925e+02 +8.2923e-01 +7.7688e-01 -1.9721e+00 +3.1998e-02 +2.4112e-02 +1.6288e+00 -1.8444e+00 -2.0854e+00 -2.9095e+00 +3.0984e-03
135 0 +2.992600151e+01 +2.992600151e+01 -2.726639985e+02 -2.726639985e+02 +9.0048e-01 +8.0706e-01 -2.1631e+00 +2.9185e-02 +3.0297e-02 +1.6283e+00 -1.6342e+00 -2.1959e+00 -2.7188e+00 +9.5656e-04
145 0 +2.892137167e+01 +2.892137167e+01 -2.736686283e+02 -2.736686283e+02 +8.4150e-01 +7.1403e-01 -1.6990e+00 +3.3639e-02 +1.1411e-02 +1.5311e+00 -1.8690e+00 -2.2240e+00 -2.4437e+00 +4.6682e-04
157 0 +2.868047228e+01 +2.868047228e+01 -2.739095277e+02 -2.739095277e+02 +6.6931e-01 +4.8193e-01 -2.1692e+00 +4.0586e-02 +1.0264e-02 +1.4698e+00 -2.1238e+00 -2.6093e+00 -2.5379e+00 +3.3063e-03
242 0 +2.712023279e+01 +2.712023279e+01 -2.754697672e+02 -2.754697672e+02 +1.0798e+00 +2.5653e-01 -2.5751e+00 -1.5043e-03 +4.0208e-02 +1.2260e+00 -2.2751e+00 -2.2781e+00 -2.4946e+00 -7.7813e-03
% f evaluations | g evaluations | best noise-free fitness - Fopt | noise-free fitness - Fopt (-3.065500000000e+02) | measured fitness | best measured fitness | x1 | x2...
1 0 +8.140188526e+01 +8.140188526e+01 -2.251481147e+02 -2.251481147e+02 +0.0000e+00 +0.0000e+00 +0.0000e+00 +0.0000e+00 +0.0000e+00 +0.0000e+00 +0.0000e+00 +0.0000e+00 +0.0000e+00 +0.0000e+00
6 0 +8.061507648e+01 +8.061507648e+01 -2.259349235e+02 -2.259349235e+02 -3.6419e-01 -2.1611e+00 +6.0300e-01 +6.1967e-01 +3.6015e-01 -8.6740e-01 -3.1986e+00 +2.0164e+00 +1.0250e+00 -1.8126e-01
8 0 +7.356051967e+01 +7.356051967e+01 -2.329894803e+02 -2.329894803e+02 -2.2307e+00 +7.9642e-01 -5.5697e-01 +2.0469e+00 -1.7573e-03 -5.7735e-01 -5.4572e-01 +1.3907e+00 +2.9178e-01 -1.1612e-01
14 0 +6.766197833e+01 +6.766197833e+01 -2.388880217e+02 -2.388880217e+02 -3.6541e+00 -1.3821e+00 -4.2669e-01 +1.6918e+00 +2.6148e-01 -1.2322e+00 -1.8968e+00 +2.4467e+00 -2.0760e+00 +7.1016e-01
50 0 +6.496394277e+01 +6.496394277e+01 -2.415860572e+02 -2.415860572e+02 -2.4971e+00 +2.0851e-02 -1.6479e-01 +2.4356e+00 +5.5708e-01 +6.9032e-01 -2.0523e+00 +1.8874e+00 -5.8322e+00 -1.9098e-01
374 0 +6.142067647e+01 +6.142067647e+01 -2.451293235e+02 -2.451293235e+02 -3.2062e+00 -4.2708e+00 +4.7694e+00 -3.1950e+00 -2.2794e+00 +4.2901e+00 -4.1674e-01 -3.0948e+00 -2.4429e+00 +1.6093e+00
398 0 +5.954643499e+01 +5.954643499e+01 -2.470035650e+02 -2.470035650e+02 -3.6429e+00 -4.1553e+00 +4.6245e+00 -3.2375e+00 -2.2988e+00 +4.3255e+00 -3.3457e-01 -2.9142e+00 -2.6537e+00 +1.6594e+00
411 0 +5.888274258e+01 +5.888274258e+01 -2.476672574e+02 -2.476672574e+02 -3.5899e+00 -4.2628e+00 +4.5165e+00 -3.3484e+00 -2.3051e+00 +4.1652e+00 -1.0589e-01 -3.2871e+00 -2.2009e+00 +1.3325e+00
421 0 +5.722129139e+01 +5.722129139e+01 -2.493287086e+02 -2.493287086e+02 -3.2743e+00 -4.1944e+00 +4.4891e+00 -2.9285e+00 -2.2898e+00 +4.2964e+00 -3.1292e-01 -3.1518e+00 -2.4791e+00 +1.2907e+00
457 0 +5.602771459e+01 +5.602771459e+01 -2.505222854e+02 -2.505222854e+02 -3.1286e+00 -4.1360e+00 +4.0891e+00 -3.4874e+00 -2.3469e+00 +4.2575e+00 +2.8640e-01 -3.5005e+00 -2.9220e+00 +1.8240e+00
464 0 +5.344665683e+01 +5.344665683e+01 -2.531033432e+02 -2.531033432e+02 -2.8214e+00 -4.1352e+00 +3.6411e+00 -2.8094e+00 -2.4430e+00 +4.2731e+00 +1.4324e-01 -3.1146e+00 -3.4907e+00 +1.8743e+00
481 0 +5.229056085e+01 +5.229056085e+01 -2.542594391e+02 -2.542594391e+02 -2.5142e+00 -3.6265e+00 +3.7406e+00 -4.2110e+00 -2.6564e+00 +4.1751e+00 +1.2718e+00 -3.7965e+00 -1.8634e+00 +5.3163e-01
489 0 +4.959530691e+01 +4.959530691e+01 -2.569546931e+02 -2.569546931e+02 -4.1488e+00 -2.9762e+00 +3.3779e+00 -2.1388e+00 -2.5936e+00 +3.7067e+00 +5.4001e-01 -3.7080e+00 -2.3606e+00 +4.8837e-01
490 0 +4.431672879e+01 +4.431672879e+01 -2.622332712e+02 -2.622332712e+02 -2.5644e+00 -4.5191e+00 +3.4274e+00 -3.5524e+00 -2.3356e+00 +4.1004e+00 +3.7669e-01 -2.7979e+00 -3.3179e+00 +8.7845e-01
672 0 +4.078065355e+01 +4.078065355e+01 -2.657693465e+02 -2.657693465e+02 -3.3371e+00 -3.9469e+00 +2.6887e+00 -2.7612e+00 -3.2110e+00 +6.3447e+00 +5.8245e-01 -1.9523e+00 -4.3025e+00 +7.0583e-01
681 0 +3.910913945e+01 +3.910913945e+01 -2.674408606e+02 -2.674408606e+02 -3.1320e+00 -3.6269e+00 +2.8736e+00 -3.4295e+00 -3.0422e+00 +5.8124e+00 -4.9882e-02 -2.2662e+00 -3.7383e+00 +1.9071e+00
734 0 +3.728589917e+01 +3.728589917e+01 -2.692641008e+02 -2.692641008e+02 -3.4901e+00 -3.4193e+00 +1.9617e+00 -4.4559e+00 -3.2952e+00 +6.1477e+00 +2.5523e+00 -2.4869e+00 -4.8623e+00 +2.1013e+00
