% f evaluations | g evaluations | best noise-free fitness - Fopt | noise-free fitness - Fopt (-1.000000000000e+03) | measured fitness | best measured fitness | x1 | x2...
1 0 +8.287602554e+01 +8.287602554e+01 -9.171239745e+02 -9.171239745e+02 +0.0000e+00 +0.0000e+00 +0.0000e+00 +0.0000e+00 +0.0000e+00 +0.0000e+00 +0.0000e+00 +0.0000e+00 +0.0000e+00 +0.0000e+00 +0.0000e+00 +0.0000e+00 +0.0000e+00 +0.0000e+00 +0.0000e+00 +0.0000e+00 +0.0000e+00 +0.0000e+00 +0.0000e+00 +0.0000e+00
6 0 +8.190581929e+01 +8.190581929e+01 -9.180941807e+02 -9.180941807e+02 -5.0433e-01 -9.7361e-02 +3.5078e-01 -9.7360e-01 -6.8931e-02 +8.5169e-01 -2.5811e-01 +7.9023e-02 +2.6325e-01 -2.5333e-01 +1.0846e-01 -2.7084e-02 +2.4933e+00 -1.2811e+00 +8.8414e-02 +1.5075e-01 -2.4926e-01 +9.3950e-01 +1.6334e-01 +3.3533e-01
14 0 +8.083906633e+01 +8.083906633e+01 -9.191609337e+02 -9.191609337e+02 -6.9879e-01 -5.7858e-02 +5.2430e-01 -2.4117e+00 +6.7726e-01 -5.8215e-01 -9.4793e-01 +3.1544e-01 +4.9521e-01 +6.0596e-01 -2.3060e-01 +1.3859e-01 -6.2003e-01 +1.0432e+00 -5.9745e-01 -2.6914e-01 +1.1969e-02 +1.4126e-01 +1.3274e-02 -1.9392e-01
22 0 +7.908319067e+01 +7.908319067e+01 -9.209168093e+02 -9.209168093e+02 -7.4713e-01 +5.5847e-02 +7.8099e-01 -8.9548e-01 +8.5192e-01 -1.1525e+00 -3.3670e-01 +1.8161e-01 -1.2827e-02 +1.4506e+00 -4.0015e-01 +1.8671e-01 +1.1816e+00 -3.3309e-01 +5.7755e-01 -1.4041e+00 +1.6119e+00 -1.9230e+00 +2.8301e-02 -6.3358e-01
34 0 +7.605239053e+01 +7.605239053e+01 -9.239476095e+02 -9.239476095e+02 +2.0792e-01 +5.0749e-02 -1.0069e-01 -1.0747e+00 +1.1807e+00 -1.8687e+00 -1.2734e+00 -5.3875e-02 +1.6161e-01 +2.8413e+00 +6.6268e-01 +1.5477e-01 +1.6144e+00 -1.1785e+00 -1.3463e+00 -2.1821e+00 -4.3493e-01 +3.2132e-01 +4.9905e-02 -2.8524e-01
42 0 +7.533004829e+01 +7.533004829e+01 -9.246699517e+02 -9.246699517e+02 +1.8140e-01 -9.7505e-03 -1.3478e-01 -3.1969e+00 +4.9741e-01 -8.2463e-01 -1.5018e+00 +2.1112e-02 +4.2275e-01 +3.0179e+00 +3.1994e-01 +2.6552e-01 +5.1588e-01 -1.4368e+00 -9.9591e-01 -2.1326e+00 +1.0888e+00 +2.0326e+00 -2.4404e-01 -5.1916e-01
46 0 +7.241648207e+01 +7.241648207e+01 -9.275835179e+02 -9.275835179e+02 -1.0304e+00 -1.3283e-01 +1.2004e+00 -2.6777e+00 -4.4072e-01 -1.6766e+00 -1.1209e+00 -3.0933e-02 -1.3289e-01 +3.3427e+00 +3.9138e-01 +1.5200e-01 +4.5431e-01 -9.4983e-01 -9.5036e-01 -2.5755e+00 +2.4796e+00 +1.6061e+00 -1.3339e-01 -7.8010e-01
67 0 +6.976995232e+01 +6.976995232e+01 -9.302300477e+02 -9.302300477e+02 -1.6373e+00 -2.8228e-01 +1.7795e+00 -4.1729e+00 -7.1621e-01 -1.5841e+00 -1.1339e+00 -4.5319e-01 -1.5439e-01 +4.4379e+00 +1.7509e+00 +1.6845e-01 -7.0116e-01 +1.8904e-01 -4.4006e-01 -2.7392e+00 +1.9567e+00 +1.0186e-01 -1.2338e-01 -5.0699e-01
79 0 +6.901971042e+01 +6.901971042e+01 -9.309802896e+02 -9.309802896e+02 -1.6773e+00 -2.3995e-01 +2.6049e+00 -3.7083e+00 -5.3006e-01 -1.4984e+00 -1.2903e+00 -3.6338e-01 -1.5467e-01 +3.1641e+00 +1.5477e+00 +1.4026e-01 +6.9056e-01 -7.6617e-02 -3.7527e-01 -3.4604e+00 +3.2637e+00 -2.0939e-01 -1.2746e-01 -4.2470e-01
94 0 +6.636800671e+01 +6.636800671e+01 -9.336319933e+02 -9.336319933e+02 -1.8097e+00 -4.6844e-01 +1.1829e+00 -3.9920e+00 +1.1914e-01 -3.0547e+00 -1.2711e+00 -4.0270e-01 -3.9070e-01 +3.5144e+00 +1.3026e+00 +8.1427e-02 +2.2289e+00 -2.6417e-01 -3.4016e-01 -4.2529e+00 +3.8849e+00 +4.8453e-01 -6.3820e-02 -1.2180e+00
125 0 +6.314999388e+01 +6.314999388e+01 -9.368500061e+02 -9.368500061e+02 -2.3146e+00 -4.7154e-01 +2.1914e+00 -5.3538e+00 -8.2539e-01 -1.2928e+00 -1.6405e+00 -6.9048e-01 -3.0814e-01 +1.9962e+00 +2.5386e+00 +2.1234e-01 +1.7056e+00 +1.7815e-01 -7.7931e-01 -3.4195e+00 +2.9363e+00 +5.5602e-01 +2.7339e-01 -1.7449e+00
283 0 +6.118363577e+01 +6.118363577e+01 -9.388163642e+02 -9.388163642e+02 -4.1165e+00 -9.2828e-01 -9.0517e-01 -5.2780e+00 -7.0560e-01 -2.5637e+00 +8.9546e-01 -8.7624e-01 +1.5935e+00 +3.4261e+00 +1.1874e+00 -1.6471e-01 +1.5726e+00 -1.1944e-01 -2.7393e+00 -4.6885e+00 +9.6926e-01 +1.4526e-02 -1.9506e-01 -1.4731e+00
311 0 +5.862369269e+01 +5.862369269e+01 -9.413763073e+02 -9.413763073e+02 -4.2671e+00 -9.7551e-01 -3.1506e-01 -4.5131e+00 -3.2093e-01 -2.8596e+00 +1.1457e+00 -9.9491e-01 +1.3879e+00 +1.8855e+00 +1.7151e+00 -3.5434e-02 +1.0421e+00 +1.2136e-02 -3.3643e+00 -4.3594e+00 +1.7430e+00 -1.4676e+00 -2.9972e-01 -1.8174e+00
321 0 +5.738982600e+01 +5.738982600e+01 -9.426101740e+02 -9.426101740e+02 -4.6221e+00 -1.1792e+00 +1.0926e+00 -3.5229e+00 -1.3770e+00 -2.2552e+00 +1.1662e+00 -1.1658e+00 +1.2763e+00 +3.2116e+00 +2.4745e+00 -1.8809e-02 +1.5465e+00 -7.6214e-01 -2.8438e+00 -5.1100e+00 +1.8600e+00 -1.7342e+00 -5.7756e-01 -2.1666e+00
353 0 +5.517400512e+01 +5.517400512e+01 -9.448259949e+02 -9.448259949e+02 -4.5201e+00 -1.0596e+00 +6.8182e-01 -4.4743e+00 -8.2127e-02 -3.9564e+00 -5.6294e-01 -4.3180e-01 +1.2799e+00 +2.0918e+00 +1.6470e+00 -8.7020e-02 +1.9681e+00 -4.5397e-01 -3.6729e+00 -3.5213e+00 +1.9845e+00 -1.6591e+00 -1.8677e-01 -1.9250e+00
355 0 +5.401159720e+01 +5.401159720e+01 -9.459884028e+02 -9.459884028e+02 -4.1842e+00 -1.0812e+00 +1.7240e-01 -4.4170e+00 -5.9500e-01 -2.8957e+00 +3.7560e-01 -5.6556e-01 +1.3176e+00 +2.6054e+00 +1.8195e+00 -5.6096e-02 +2.3984e+00 +2.6618e-01 -2.9506e+00 -3.8545e+00 +1.0710e+00 -3.4390e-01 -1.9992e-01 -2.3099e+00
363 0 +4.894301299e+01 +4.894301299e+01 -9.510569870e+02 -9.510569870e+02 -4.3310e+00 -1.2025e+00 +1.1697e+00 -4.6018e+00 -9.9264e-02 -3.1269e+00 -7.8768e-01 -5.0584e-01 +1.3601e+00 +2.2155e+00 +2.0997e+00 -1.1076e-01 +2.3991e+00 -5.8251e-01 -3.8574e+00 -3.5488e+00 +2.5518e+00 -1.1119e+00 -2.0781e-01 -2.0275e+00
388 0 +4.769228761e+01 +4.769228761e+01 -9.523077124e+02 -9.523077124e+02 -4.6868e+00 -1.0604e+00 +1.5200e+00 -5.0116e+00 -5.7872e-02 -3.4968e+00 -1.1713e+00 -3.7749e-01 +1.3020e+00 +1.3373e+00 +2.2811e+00 -5.1139e-02 +1.9981e+00 -2.4365e-01 -3.5953e+00 -3.8022e+00 +1.9985e+00 +3.6111e-01 -4.4448e-02 -2.9691e+00
397 0 +4.415253724e+01 +4.415253724e+01 -9.558474628e+02 -9.558474628e+02 -4.7018e+00 -1.0574e+00 +7.0254e-01 -4.0473e+00 -6.5289e-02 -4.8279e+00 -1.4682e+00 -5.7068e-01 +1.7730e+00 +1.0488e+00 +2.2838e+00 -5.2726e-02 +2.1446e+00 -4.2561e-01 -2.9986e+00 -4.1048e+00 +1.9391e+00 +3.4347e-01 -6.1076e-02 -2.6926e+00
410 0 +4.309532640e+01 +4.309532640e+01 -9.569046736e+02 -9.569046736e+02 -5.1537e+00 -1.1228e+00 +7.2722e-01 -4.1881e+00 +6.3020e-02 -4.5859e+00 -1.3779e+00 -6.7811e-01 +1.7439e+00 +1.4878e+00 +2.4472e+00 -1.5151e-02 +2.1198e+00 -4.0883e-01 -3.1956e+00 -4.6313e+00 +1.7147e+00 -5.0453e-01 -6.1174e-02 -2.6172e+00
416 0 +4.215295313e+01 +4.215295313e+01 -9.578470469e+02 -9.578470469e+02 -4.9677e+00 -1.1805e+00 +7.5941e-01 -4.6539e+00 -3.1200e-01 -3.5547e+00 -1.7332e+00 -7.1391e-01 +2.0045e+00 +1.1168e+00 +2.6904e+00 -5.3715e-02 +1.7793e+00 +1.3062e-01 -3.0191e+00 -4.3115e+00 +1.7059e+00 -2.9230e-01 -3.1891e-02 -2.7038e+00
417 0 +3.964034942e+01 +3.964034942e+01 -9.603596506e+02 -9.603596506e+02 -5.0057e+00 -1.1289e+00 +4.8995e-01 -4.4062e+00 +5.7242e-02 -3.8963e+00 -9.7601e-01 -6.2550e-01 +1.8462e+00 +2.0803e+00 +2.3746e+00 -3.2878e-02 +1.7946e+00 -5.1233e-01 -3.4181e+00 -3.8048e+00 +1.6410e+00 +4.6152e-01 -1.7236e-01 -2.4168e+00
425 0 +3.732785451e+01 +3.732785451e+01 -9.626721455e+02 -9.626721455e+02 -4.9865e+00 -1.2194e+00 +8.3252e-01 -4.3861e+00 -1.4947e-01 -3.3314e+00 -1.4816e+00 -7.1286e-01 +1.8451e+00 +2.2440e+00 +2.4575e+00 -8.7772e-02 +1.9407e+00 -5.9372e-01 -3.2216e+00 -4.1639e+00 +1.9264e+00 +7.3617e-01 -1.8087e-01 -1.9413e+00
440 0 +3.456398785e+01 +3.456398785e+01 -9.654360122e+02 -9.654360122e+02 -4.7450e+00 -1.1223e+00 +9.3794e-01 -4.8259e+00 -1.2150e-01 -3.4017e+00 -5.6774e-01 -7.3619e-01 +1.6239e+00 +2.7826e+00 +2.5995e+00 -1.4445e-01 +1.1758e+00 -1.0319e+00 -3.0561e+00 -4.1194e+00 +2.3249e+00 +4.9585e-01 +4.9617e-03 -1.5668e+00
591 0 +2.624294077e+01 +2.624294077e+01 -9.737570592e+02 -9.737570592e+02 -3.2450e+00 -1.1279e+00 +4.2011e-01 -4.8148e+00 +3.0876e-02 -4.1525e+00 -8.2994e-01 -1.0073e+00 +1.9850e+00 +2.5305e+00 +3.3257e+00 -1.5502e-01 +1.2182e+00 -8.4568e-01 -2.4426e+00 -4.8148e+00 +2.1813e+00 +5.8238e-01 +3.0839e-01 -2.5720e+00
646 0 +2.466441165e+01 +2.466441165e+01 -9.753355883e+02 -9.753355883e+02 -3.6558e+00 -1.3621e+00 +9.1980e-01 -4.2917e+00 +1.8752e+00 -2.3006e+00 -1.4031e+00 -1.2937e+00 +2.0407e+00 +2.0487e+00 +4.0595e+00 -1.7599e-01 +1.8519e+00 -1.5385e+00 -2.7967e+00 -5.0176e+00 +1.1373e+00 +7.1234e-01 +2.4218e-01 -2.2493e+00
660 0 +2.434833275e+01 +2.434833275e+01 -9.756516673e+02 -9.756516673e+02 -2.9517e+00 -1.3623e+00 +9.7514e-01 -4.1379e+00 +1.6899e+00 -1.6314e+00 -1.3618e+00 -1.3334e+00 +2.1309e+00 +2.5737e+00 +4.0158e+00 -1.2602e-01 +1.5501e+00 -1.6546e+00 -2.6602e+00 -4.1874e+00 +1.7912e+00 -3.1715e-01 +2.1007e-01 -2.1429e+00
713 0 +2.261037611e+01 +2.261037611e+01 -9.773896239e+02 -9.773896239e+02 -4.1222e+00 -1.3521e+00 +1.3376e+00 -3.8767e+00 +1.3378e+00 -4.4500e+00 -9.8007e-01 -1.7837e+00 +1.0493e+00 +2.6082e+00 +4.2233e+00 +1.9077e-02 +1.2239e+00 -1.8112e+00 -3.2699e+00 -3.8057e+00 +2.5275e+00 -1.1059e+00 +2.4634e-01 -1.4006e+00
724 0 +2.143128520e+01 +2.143128520e+01 -9.785687148e+02 -9.785687148e+02 -4.1243e+00 -1.3172e+00 +1.8744e+00 -5.0612e+00 +1.5413e+00 -3.2980e+00 -1.3298e+00 -1.7186e+00 +1.2992e+00 +2.0451e+00 +4.1331e+00 +6.0106e-02 +1.0703e+00 -1.3664e+00 -2.8858e+00 -3.9905e+00 +2.9544e+00 -8.2145e-01 +2.1578e-01 -1.3905e+00
766 0 +1.877754826e+01 +1.877754826e+01 -9.812224517e+02 -9.812224517e+02 -3.7197e+00 -1.3198e+00 +1.6460e+00 -4.2501e+00 +2.2076e+00 -4.0162e+00 -1.2082e+00 -1.9531e+00 +8.3534e-01 +2.0061e+00 +4.3939e+00 -3.2905e-02 +1.6335e+00 -1.6309e+00 -2.5144e+00 -3.1215e+00 +2.3829e+00 -5.1891e-01 +2.1338e-01 -1.5943e+00
818 0 +1.851761700e+01 +1.851761700e+01 -9.814823830e+02 -9.814823830e+02 -4.0760e+00 -1.2509e+00 +1.4352e+00 -4.4355e+00 +1.6679e+00 -4.4720e+00 -6.0063e-01 -1.7058e+00 +9.0229e-01 +1.9063e+00 +4.5848e+00 -5.3300e-02 +1.3084e+00 -1.4416e+00 -2.1294e+00 -3.4977e+00 +2.4022e+00 -1.8445e-01 +1.7325e-01 -1.9611e+00
832 0 +1.806547909e+01 +1.806547909e+01 -9.819345209e+02 -9.819345209e+02 -4.0483e+00 -1.2540e+00 +1.4079e+00 -4.4137e+00 +1.5827e+00 -4.2946e+00 -6.2143e-01 -1.6532e+00 +9.7207e-01 +2.0943e+00 +4.5060e+00 -8.5669e-02 +1.2891e+00 -1.5217e+00 -2.0530e+00 -3.4074e+00 +2.2898e+00 -4.0998e-01 +2.3755e-01 -2.0468e+00
844 0 +1.775582268e+01 +1.775582268e+01 -9.822441773e+02 -9.822441773e+02 -3.9967e+00 -1.2271e+00 +1.3748e+00 -4.5587e+00 +1.5660e+00 -4.4034e+00 -5.5592e-01 -1.6905e+00 +9.8424e-01 +2.2368e+00 +4.6078e+00 -1.0167e-01 +1.4290e+00 -1.4260e+00 -2.0365e+00 -3.2816e+00 +2.3585e+00 -5.2734e-01 +2.4536e-01 -2.0563e+00
862 0 +1.732895161e+01 +1.732895161e+01 -9.826710484e+02 -9.826710484e+02 -4.0046e+00 -1.2368e+00 +1.4814e+00 -4.6514e+00 +1.5894e+00 -4.5087e+00 -5.6858e-01 -1.7126e+00 +1.0019e+00 +2.2769e+00 +4.3576e+00 -1.0998e-01 +1.3628e+00 -1.1884e+00 -2.0298e+00 -3.4963e+00 +2.1493e+00 -4.2147e-01 +2.4741e-01 -2.0754e+00
872 0 +1.697415972e+01 +1.697415972e+01 -9.830258403e+02 -9.830258403e+02 -3.9084e+00 -1.2402e+00 +1.4527e+00 -4.6888e+00 +1.4717e+00 -4.4360e+00 -5.3139e-01 -1.7504e+00 +9.9229e-01 +2.5387e+00 +4.3098e+00 -1.0194e-01 +1.5284e+00 -1.0789e+00 -2.0722e+00 -3.5624e+00 +2.0500e+00 -4.2219e-01 +2.4516e-01 -2.0439e+00
896 0 +1.628070704e+01 +1.628070704e+01 -9.837192930e+02 -9.837192930e+02 -3.8648e+00 -1.2519e+00 +1.4424e+00 -4.5925e+00 +1.4605e+00 -4.2927e+00 -5.8950e-01 -1.7588e+00 +1.0287e+00 +2.5358e+00 +4.2846e+00 -9.9440e-02 +1.5252e+00 -1.0583e+00 -2.0764e+00 -3.5006e+00 +2.0740e+00 -2.4509e-01 +2.4505e-01 -2.0668e+00
907 0 +1.613229694e+01 +1.613229694e+01 -9.838677031e+02 -9.838677031e+02 -3.8844e+00 -1.2445e+00 +1.4698e+00 -4.7145e+00 +1.3602e+00 -4.3292e+00 -6.2120e-01 -1.7612e+00 +1.0602e+00 +2.6664e+00 +4.2310e+00 -9.7868e-02 +1.3960e+00 -1.0872e+00 -2.0747e+00 -3.4651e+00 +1.9556e+00 -2.1014e-02 +2.5540e-01 -2.0914e+00
912 0 +1.569698329e+01 +1.569698329e+01 -9.843030167e+02 -9.843030167e+02 -3.9082e+00 -1.2724e+00 +1.6017e+00 -4.8648e+00 +1.3598e+00 -4.2059e+00 -7.2564e-01 -1.7819e+00 +1.0640e+00 +2.5595e+00 +4.2691e+00 -1.0548e-01 +1.6053e+00 -1.2035e+00 -2.1373e+00 -3.5412e+00 +2.0539e+00 -2.0579e-01 +2.5191e-01 -2.0960e+00
935 0 +1.545139130e+01 +1.545139130e+01 -9.845486087e+02 -9.845486087e+02 -3.9536e+00 -1.2489e+00 +1.6051e+00 -4.8128e+00 +1.3563e+00 -4.0891e+00 -7.7556e-01 -1.8039e+00 +1.0818e+00 +2.6182e+00 +4.2769e+00 -9.7995e-02 +1.4380e+00 -1.1763e+00 -2.1120e+00 -3.6025e+00 +2.0725e+00 -1.8494e-01 +2.3614e-01 -2.1696e+00
967 0 +1.500645400e+01 +1.500645400e+01 -9.849935460e+02 -9.849935460e+02 -3.9927e+00 -1.2444e+00 +1.3506e+00 -4.7072e+00 +1.2843e+00 -4.1267e+00 -7.9645e-01 -1.8547e+00 +1.0924e+00 +2.5029e+00 +4.3491e+00 -1.1008e-01 +1.6528e+00 -1.3586e+00 -2.1079e+00 -3.4985e+00 +2.0757e+00 -3.2428e-01 +2.2645e-01 -2.1388e+00
972 0 +1.456739197e+01 +1.456739197e+01 -9.854326080e+02 -9.854326080e+02 -3.9014e+00 -1.2231e+00 +1.3253e+00 -4.6457e+00 +1.3088e+00 -4.1445e+00 -7.4308e-01 -1.8777e+00 +1.1957e+00 +2.4904e+00 +4.3593e+00 -9.3088e-02 +1.7201e+00 -1.2651e+00 -2.0758e+00 -3.4789e+00 +2.2630e+00 -2.8091e-01 +2.2852e-01 -2.1415e+00
991 0 +1.438763042e+01 +1.438763042e+01 -9.856123696e+02 -9.856123696e+02 -3.9329e+00 -1.2706e+00 +1.2925e+00 -4.8742e+00 +1.3607e+00 -4.1214e+00 -7.9166e-01 -1.9197e+00 +1.1109e+00 +2.6479e+00 +4.3164e+00 -1.1021e-01 +1.6500e+00 -1.3089e+00 -2.0456e+00 -3.3049e+00 +2.3120e+00 -1.8011e-02 +2.0218e-01 -2.1421e+00
% f evaluations | g evaluations | best noise-free fitness - Fopt | noise-free fitness - Fopt (1.000000000000e+03) | measured fitness | best measured fitness | x1 | x2...
1 0 +8.367961493e+01 +8.367961493e+01 +1.083679615e+03 +1.083679615e+03 +0.0000e+00 +0.0000e+00 +0.0000e+00 +0.0000e+00 +0.0000e+00 +0.0000e+00 +0.0000e+00 +0.0000e+00 +0.0000e+00 +0.0000e+00 +0.0000e+00 +0.0000e+00 +0.0000e+00 +0.0000e+00 +0.0000e+00 +0.0000e+00 +0.0000e+00 +0.0000e+00 +0.0000e+00 +0.0000e+00
4 0 +8.057188206e+01 +8.057188206e+01 +1.080571882e+03 +1.080571882e+03 +5.9337e-02 +3.0359e-01 -1.0376e-01 +2.5827e-01 +1.9697e+00 +1.1205e+00 +8.9946e-03 -8.8731e-01 -7.2590e-02 -2.0386e-01 +2.7107e-01 -1.6605e+00 -6.8369e-01 +6.8025e-01 +7.3978e-02 -1.6052e+00 +8.7332e-02 +1.0699e+00 +5.2365e-01 +2.6402e-03
9 0 +7.885902489e+01 +7.885902489e+01 +1.078859025e+03 +1.078859025e+03 +1.2928e-01 +9.5068e-01 -1.2160e-01 +7.5912e-01 +1.5939e+00 +9.9461e-02 -4.7438e-03 +9.8490e-01 +2.6674e-02 +1.5598e-02 +2.6201e-01 +1.0654e+00 +1.4342e-01 +4.1806e-01 +1.7071e-01 -1.4669e+00 -1.0794e+00 +1.8260e+00 +1.0390e+00 -6.0367e-02
22 0 +7.640845431e+01 +7.640845431e+01 +1.076408454e+03 +1.076408454e+03 +1.4573e-01 -2.2491e-01 -1.3837e-01 +8.4094e-01 +3.5053e-01 +2.1460e+00 -2.9353e-05 -4.1399e+00 +3.7554e-02 -1.1644e+00 -1.6790e-01 -7.4089e-01 +7.1204e-01 +5.2422e-02 +8.6289e-01 -2.3451e+00 +2.6438e-01 +4.6693e+00 +1.1182e+00 +6.0197e-01
24 0 +7.322665096e+01 +7.322665096e+01 +1.073226651e+03 +1.073226651e+03 -1.9113e-01 +5.0700e-01 +2.3659e-01 +1.3424e+00 +7.1831e-01 +1.8150e+00 +1.7186e-02 -2.0774e+00 -1.0209e+00 -3.6364e-01 +2.6792e-01 -1.6372e+00 +4.3287e-01 -2.1519e+00 +7.7887e-01 -3.6872e-01 -9.2112e-01 +2.3679e+00 +9.6126e-01 +6.3603e-01
130 0 +7.210719522e+01 +7.210719522e+01 +1.072107195e+03 +1.072107195e+03 +4.9803e-01 -1.0324e+00 +9.2556e-01 +1.4148e+00 -1.2107e+00 +2.9885e+00 -2.2066e-03 -2.2796e+00 -2.8150e+00 +2.3743e+00 +1.2161e+00 -1.1049e+00 +1.7327e+00 -3.2997e+00 -3.3337e-01 -5.7691e-01 -4.1066e+00 +3.2963e+00 +1.3176e-02 +7.0675e-01
136 0 +7.052531145e+01 +7.052531145e+01 +1.070525311e+03 +1.070525311e+03 +5.0213e-01 -1.3603e-01 +1.3668e+00 +1.8272e+00 -5.1193e+00 +2.4658e+00 +4.2221e-03 -3.1781e-02 -2.5955e+00 +2.3533e+00 +8.3533e-01 -7.3808e-02 +1.5464e+00 -4.0162e+00 -1.3818e+00 -5.8807e-01 -2.6663e+00 +4.2997e+00 +7.0633e-01 +9.0010e-01
137 0 +6.820853082e+01 +6.820853082e+01 +1.068208531e+03 +1.068208531e+03 +3.5462e-01 -1.2991e+00 +1.4426e+00 +1.9997e+00 -1.3473e+00 +2.7055e+00 -1.7847e-03 -1.5815e+00 -2.4522e+00 +1.4306e+00 +7.6006e-01 -8.8504e-01 +1.9354e+00 -3.6565e+00 -1.5616e+00 -8.0812e-01 -2.1413e+00 +4.1207e+00 +4.3488e-01 +8.5585e-01
152 0 +6.708046090e+01 +6.708046090e+01 +1.067080461e+03 +1.067080461e+03 +2.6083e-01 +2.6358e-01 +1.4676e+00 +1.4726e+00 -2.3780e+00 +1.8430e+00 +5.3189e-03 -1.2465e+00 -3.6237e+00 +2.0536e+00 +8.5779e-01 +2.1714e-01 +1.6322e+00 -1.7430e+00 -1.8819e+00 -1.0378e+00 -1.2151e+00 +5.2919e+00 -9.4338e-02 +4.5508e-01
158 0 +6.602646729e+01 +6.602646729e+01 +1.066026467e+03 +1.066026467e+03 +8.4063e-02 -8.1641e-02 +1.4932e+00 +1.3550e+00 -4.8863e+00 +1.7632e+00 -6.3680e-03 +2.8909e-01 -4.0097e+00 +7.1523e-01 +1.0480e+00 +6.7763e-02 +1.3015e+00 -3.0245e+00 -2.1823e+00 -7.6202e-01 -2.5088e-01 +4.5085e+00 -2.3945e-01 +7.7387e-01
165 0 +6.430210761e+01 +6.430210761e+01 +1.064302108e+03 +1.064302108e+03 +2.8429e-01 +5.2197e-01 +1.4094e+00 +1.4586e+00 -3.8637e+00 +2.0668e+00 -7.4281e-03 -1.1173e+00 -4.2885e+00 +7.2700e-01 +1.1934e+00 +5.6917e-01 +1.7811e+00 -2.1135e+00 -1.5698e+00 -9.4121e-01 -8.2144e-01 +5.1256e+00 -3.0583e-01 +6.2967e-01
170 0 +6.244668189e+01 +6.244668189e+01 +1.062446682e+03 +1.062446682e+03 +1.5994e-01 +3.8204e-02 +1.5238e+00 +2.0792e+00 -4.0935e+00 +2.2119e+00 +2.3582e-03 -1.1069e+00 -4.2122e+00 +1.2944e+00 +8.2541e-01 -3.8948e-01 +1.2332e+00 -1.3892e+00 -2.4688e+00 +5.8484e-01 -4.3583e-01 +4.4529e+00 +5.5771e-01 +3.5482e-01
177 0 +5.844176839e+01 +5.844176839e+01 +1.058441768e+03 +1.058441768e+03 +2.5346e-01 -9.5889e-02 +1.4983e+00 +1.9706e+00 -5.6364e+00 +3.2752e+00 +3.2410e-04 -2.0366e+00 -4.5845e+00 +1.4057e+00 +8.5711e-01 +3.9737e-01 +1.3875e+00 -1.9265e+00 -1.8696e+00 +1.0330e-01 -8.9759e-01 +5.0631e+00 -6.9728e-02 +3.6991e-01
284 0 +5.540701814e+01 +5.540701814e+01 +1.055407018e+03 +1.055407018e+03 +2.1756e-01 +6.2894e-01 +1.8467e+00 +1.1248e+00 -5.0223e+00 +3.2409e+00 +1.0360e-02 +6.1379e-02 -5.2847e+00 +6.4054e-01 +5.0952e-01 -1.0473e+00 +1.2945e+00 -2.9155e+00 -1.1891e+00 +2.5718e+00 -8.9831e-01 +3.8116e+00 -7.1290e-01 -4.5840e-01
293 0 +5.461934519e+01 +5.461934519e+01 +1.054619345e+03 +1.054619345e+03 +1.7704e-01 +1.0927e+00 +1.5849e+00 +2.4460e+00 -5.1037e+00 +2.8897e+00 +1.9609e-02 +4.2866e-01 -4.8093e+00 +4.2611e-01 +4.6085e-01 -7.8056e-01 +1.3255e+00 -1.8544e+00 -1.0924e+00 +2.2392e-01 -1.3291e+00 +3.7561e+00 -1.0727e+00 -3.7019e-01
317 0 +4.760423631e+01 +4.760423631e+01 +1.047604236e+03 +1.047604236e+03 +1.8694e-01 +1.0789e+00 +1.6463e+00 +1.7828e+00 -4.9487e+00 +2.9975e+00 +9.6407e-03 -3.1387e-01 -5.8780e+00 +7.3415e-01 +5.9468e-01 +2.5717e-01 +1.1310e+00 -1.5232e+00 -1.9152e+00 +5.4752e-01 -1.7240e+00 +4.3865e+00 -1.5923e+00 -5.8015e-01
643 0 +4.589668076e+01 +4.589668076e+01 +1.045896681e+03 +1.045896681e+03 +3.5473e-01 +3.7178e-01 +1.6844e+00 +2.7649e+00 -4.1539e+00 +4.1158e+00 +1.5349e-02 -9.2492e-01 -4.8589e+00 +1.7463e+00 -2.1249e-01 -8.3540e-01 +1.3308e+00 -3.5237e+00 -1.8356e+00 +1.2465e+00 -2.0764e+00 +4.5235e+00 +1.6258e-01 -9.8258e-01
% f evaluations | g evaluations | best noise-free fitness - Fopt | noise-free fitness - Fopt (-4.913000000000e+01) | measured fitness | best measured fitness | x1 | x2...
1 0 +8.282343011e+01 +8.282343011e+01 +3.369343011e+01 +3.369343011e+01 +0.0000e+00 +0.0000e+00 +0.0000e+00 +0.0000e+00 +0.0000e+00 +0.0000e+00 +0.0000e+00 +0.0000e+00 +0.0000e+00 +0.0000e+00 +0.0000e+00 +0.0000e+00 +0.0000e+00 +0.0000e+00 +0.0000e+00 +0.0000e+00 +0.0000e+00 +0.0000e+00 +0.0000e+00 +0.0000e+00
8 0 +8.174308903e+01 +8.174308903e+01 +3.261308903e+01 +3.261308903e+01 -3.8597e-02 +2.4298e+00 -1.7182e-01 -1.6198e-01 -2.4834e-02 +3.2203e-02 +1.8905e-01 +8.9505e-01 -1.3302e-01 -1.5059e-01 -1.5039e-01 -1.1024e+00 +8.4869e-02 +7.7018e-02 -1.7488e+00 -1.0069e-01 +2.3402e+00 +7.7074e-02 -1.8360e+00 -3.9006e-01
18 0 +8.028150083e+01 +8.028150083e+01 +3.115150083e+01 +3.115150083e+01 -2.3037e-01 +5.5102e+00 -6.2661e-01 -2.2556e-02 +4.7160e-01 +5.2719e-02 +6.2266e-01 +1.5706e-01 -3.9604e-01 -1.0756e-01 -2.9682e-01 -6.3256e-01 +4.7140e-01 +2.9564e-02 +9.0477e-02 +2.1374e-01 -3.0396e-01 -5.1040e-02 +1.1894e+00 +3.7074e-02
75 0 +7.895970864e+01 +7.895970864e+01 +2.982970864e+01 +2.982970864e+01 -7.6035e-01 -6.5552e-01 +1.1650e+00 -2.3784e-01 +7.2165e-01 +4.3771e-02 +1.8671e-01 +1.8491e+00 +2.9026e+00 -6.5889e-02 -1.6229e-01 -5.5767e-01 +1.5958e+00 +4.3778e-02 +1.5334e+00 +2.1444e-01 -5.2275e+00 -2.0665e+00 -3.3866e+00 -2.2309e-02
99 0 +7.690732581e+01 +7.690732581e+01 +2.777732581e+01 +2.777732581e+01 -8.8133e-01 -1.4958e+00 +6.1797e-01 -2.1808e-01 +1.1830e+00 +5.9179e-02 +1.5896e-01 +3.2060e+00 +3.9622e+00 -8.9837e-02 -7.6670e-02 -6.8577e-02 +2.3410e+00 +8.9342e-02 -1.1167e+00 +5.2836e-01 -2.8178e+00 -5.6531e+00 -3.9518e+00 +1.7054e+00
108 0 +7.434939604e+01 +7.434939604e+01 +2.521939604e+01 +2.521939604e+01 -9.0955e-01 -9.3849e-01 +1.3591e+00 -3.3822e-01 +1.6377e+00 -1.4810e-03 +1.3728e-01 +2.0512e+00 +1.4660e+00 -1.2523e-02 -2.4492e-02 -5.5242e-01 +3.0171e+00 +5.4483e-03 -1.7768e+00 +3.1971e-01 -4.9498e+00 -5.4181e+00 -3.9553e+00 +1.5441e+00
% f evaluations | g evaluations | best noise-free fitness - Fopt | noise-free fitness - Fopt (2.977300000000e+02) | measured fitness | best measured fitness | x1 | x2...
1 0 +7.754602683e+01 +7.754602683e+01 +3.752760268e+02 +3.752760268e+02 +0.0000e+00 +0.0000e+00 +0.0000e+00 +0.0000e+00 +0.0000e+00 +0.0000e+00 +0.0000e+00 +0.0000e+00 +0.0000e+00 +0.0000e+00 +0.0000e+00 +0.0000e+00 +0.0000e+00 +0.0000e+00 +0.0000e+00 +0.0000e+00 +0.0000e+00 +0.0000e+00 +0.0000e+00 +0.0000e+00
7 0 +7.678175281e+01 +7.678175281e+01 +3.745117528e+02 +3.745117528e+02 -2.9438e-01 -6.6138e-02 -3.4527e-01 +1.5602e-01 -2.2974e-01 -1.3273e+00 +5.1077e-01 -6.9927e-01 +1.3142e-01 +8.8333e-02 -2.2413e-01 +2.4583e+00 -6.3484e-01 +5.3843e-01 -2.6184e-01 +3.4564e-02 +2.0221e-01 -1.9666e+00 -1.1547e+00 +1.4946e-02
13 0 +7.484569397e+01 +7.484569397e+01 +3.725756940e+02 +3.725756940e+02 -9.7633e-01 +1.4993e+00 -4.9909e-01 -3.4722e-02 -4.9388e-01 +2.7193e-01 +8.5639e-01 -5.0730e-01 +1.6666e-01 -1.6765e+00 +1.7452e-01 +3.1710e+00 -3.1695e-01 -1.6060e+00 +1.6943e-01 -1.4178e-02 -4.8741e-01 -1.5368e+00 +1.7487e-01 -7.5017e-02
20 0 +7.130663990e+01 +7.130663990e+01 +3.690366399e+02 +3.690366399e+02 -1.4472e+00 +4.5889e+00 +3.3337e-01 +6.7393e-02 -1.5522e-01 -4.2675e-01 +3.8492e-01 +1.6934e+00 +1.3561e-01 -2.1469e-01 -2.9314e-01 +8.9143e-01 +2.9594e-01 +1.4573e-01 -3.2763e-02 +1.1638e-01 -4.5884e-03 -6.6639e-01 -5.6320e-01 +5.9993e-02
43 0 +6.853563157e+01 +6.853563157e+01 +3.662656316e+02 +3.662656316e+02 -1.0074e+00 +3.2769e+00 +1.8652e-01 -1.6045e-01 -9.4348e-01 -2.2302e+00 +3.3505e-01 +2.6589e-01 +2.3900e-01 -1.6519e+00 -4.8075e-01 +3.7406e+00 -1.2033e-01 -4.0801e-01 +1.0147e-01 -1.2223e-02 -4.1838e-01 +1.3516e+00 -1.0621e+00 -2.9413e-01
71 0 +6.652004199e+01 +6.652004199e+01 +3.642500420e+02 +3.642500420e+02 -2.3034e+00 +3.2715e+00 +3.2005e-01 +3.9029e-01 -1.4687e-01 -3.5348e+00 -2.5850e-01 -1.6270e+00 +2.0943e-01 -2.6864e+00 +3.2865e-01 +2.5550e+00 -9.8236e-01 -9.3715e-01 -1.7198e-01 +1.0790e-01 -6.8734e-01 +1.1830e-01 -2.4549e+00 -5.2751e-01
72 0 +6.554262238e+01 +6.554262238e+01 +3.632726224e+02 +3.632726224e+02 -4.1731e+00 +3.3543e+00 +1.9992e-01 +3.9134e-01 -1.1876e-01 -2.9698e+00 -2.3020e-01 -8.2838e-01 +1.6982e-01 -1.6704e+00 -4.2027e-01 +3.3606e+00 -1.2720e+00 +9.6520e-02 +1.8345e-01 +1.7197e-01 -4.6369e-01 -6.6556e-02 -2.9541e+00 +8.4729e-02
80 0 +5.846905435e+01 +5.846905435e+01 +3.561990543e+02 +3.561990543e+02 -1.7114e+00 +4.9146e+00 +2.8976e-02 +5.9203e-01 +2.6341e-01 -3.4179e+00 -1.2479e-01 -6.4782e-01 +2.4726e-01 -2.5381e+00 -9.3099e-01 +2.8694e+00 -7.6443e-01 -2.9500e-01 +8.1804e-03 +2.2792e-01 -2.0743e-02 +8.7627e-01 -2.5275e+00 +1.6402e-02
115 0 +5.639412135e+01 +5.639412135e+01 +3.541241213e+02 +3.541241213e+02 -2.4525e+00 +5.4817e+00 +7.5067e-01 +6.5113e-01 +5.4664e-01 -3.6794e+00 -1.0203e-01 +4.6755e-02 +8.0309e-02 -2.3457e+00 +1.7173e-01 +2.5807e+00 -1.1025e+00 -1.8217e+00 +2.0299e-01 +2.6266e-01 +2.1299e-01 +8.0867e-01 -4.0756e+00 +3.6061e-01
128 0 +5.513583742e+01 +5.513583742e+01 +3.528658374e+02 +3.528658374e+02 -3.1111e+00 +4.9129e+00 +6.4818e-01 +4.2562e-01 +1.7597e-01 -3.4914e+00 +3.6353e-01 +9.4332e-01 +1.0042e-01 -3.0066e+00 -3.6144e-01 +2.1339e+00 -7.5368e-01 -1.5164e+00 +2.8975e-01 +2.1849e-01 +2.4800e-01 +1.3638e+00 -4.4646e+00 +4.1634e-01
802 0 +5.475230954e+01 +5.475230954e+01 +3.524823095e+02 +3.524823095e+02 +2.6596e+00 -4.3131e-01 -2.8501e+00 -4.5319e-01 +3.0033e+00 -3.6830e-01 -3.5279e+00 +2.2528e+00 +3.8420e-01 +6.6267e-01 -4.5228e+00 -3.2833e+00 +3.3937e+00 +3.6575e-01 +2.1726e+00 -1.0081e+00 -2.3424e+00 +3.6224e+00 +2.8669e+00 +6.6671e-01
826 0 +5.343853616e+01 +5.343853616e+01 +3.511685362e+02 +3.511685362e+02 +2.7976e+00 -6.9256e-01 -2.7677e+00 -4.4479e-01 +3.0988e+00 -2.8437e-01 -3.5368e+00 +1.7697e+00 +3.5152e-01 +4.3668e-01 -4.4908e+00 -3.5606e+00 +3.4285e+00 +1.3958e-01 +2.1190e+00 -1.0121e+00 -2.3413e+00 +3.7963e+00 +3.1839e+00 +7.1051e-01
843 0 +5.240155680e+01 +5.240155680e+01 +3.501315568e+02 +3.501315568e+02 +2.8702e+00 -8.6471e-01 -2.7226e+00 -4.0879e-01 +3.1045e+00 -7.7439e-01 -3.5405e+00 +1.7620e+00 +4.0970e-01 +4.4612e-01 -4.7097e+00 -3.5198e+00 +3.4930e+00 +1.4292e-01 +2.1006e+00 -1.0139e+00 -2.1803e+00 +3.6900e+00 +3.3769e+00 +5.9466e-01
894 0 +5.106841971e+01 +5.106841971e+01 +3.487984197e+02 +3.487984197e+02 +2.6186e+00 +5.7721e-02 -2.7062e+00 -4.5839e-01 +3.1467e+00 -9.4469e-01 -3.4500e+00 +2.0014e+00 +4.0640e-01 +1.6349e-01 -4.5572e+00 -3.1162e+00 +3.5287e+00 -8.1132e-02 +2.0718e+00 -1.0174e+00 -2.1414e+00 +3.9512e+00 +3.0645e+00 +6.6604e-01
895 0 +4.986608697e+01 +4.986608697e+01 +3.475960870e+02 +3.475960870e+02 +2.3519e+00 -4.3064e-01 -2.6867e+00 -4.8159e-01 +3.1783e+00 -8.8169e-01 -3.4040e+00 +2.0530e+00 +3.9389e-01 +2.4939e-01 -4.6911e+00 -3.2761e+00 +3.5844e+00 -8.2663e-02 +2.0391e+00 -1.0309e+00 -2.1379e+00 +3.7958e+00 +3.0418e+00 +7.0967e-01
913 0 +4.844971788e+01 +4.844971788e+01 +3.461797179e+02 +3.461797179e+02 +2.3738e+00 -4.3170e-01 -2.5584e+00 -4.8175e-01 +3.2192e+00 -1.0508e+00 -3.4136e+00 +2.0960e+00 +3.9409e-01 +2.9696e-01 -4.8259e+00 -3.2578e+00 +3.5771e+00 -1.2726e-02 +2.0446e+00 -1.0274e+00 -2.0541e+00 +3.8238e+00 +2.8259e+00 +6.3387e-01
923 0 +4.738320592e+01 +4.738320592e+01 +3.451132059e+02 +3.451132059e+02 +2.3744e+00 -3.0910e-01 -2.4474e+00 -5.0039e-01 +3.1875e+00 -1.0072e+00 -3.6111e+00 +1.8535e+00 +3.9744e-01 +4.7726e-01 -4.8223e+00 -3.4035e+00 +3.5020e+00 +1.2747e-01 +2.0155e+00 -1.0305e+00 -1.9958e+00 +3.8583e+00 +2.8851e+00 +6.3246e-01
939 0 +4.663526074e+01 +4.663526074e+01 +3.443652607e+02 +3.443652607e+02 +2.3411e+00 -5.6528e-01 -2.4146e+00 -5.1494e-01 +3.2584e+00 -9.4187e-01 -3.6102e+00 +1.8799e+00 +4.0650e-01 +2.3525e-01 -4.8541e+00 -3.1094e+00 +3.5307e+00 +1.5066e-01 +2.0692e+00 -1.0330e+00 -2.0176e+00 +3.8881e+00 +2.8941e+00 +6.6969e-01
964 0 +4.514128001e+01 +4.514128001e+01 +3.428712800e+02 +3.428712800e+02 +2.3135e+00 -6.6665e-01 -2.3219e+00 -4.7048e-01 +3.2673e+00 -1.0328e+00 -3.5799e+00 +1.8265e+00 +3.7349e-01 +1.0349e-01 -4.7414e+00 -3.2154e+00 +3.6075e+00 +6.8523e-02 +2.0751e+00 -1.0820e+00 -1.9807e+00 +3.6530e+00 +3.0140e+00 +6.0707e-01
983 0 +4.464889791e+01 +4.464889791e+01 +3.423788979e+02 +3.423788979e+02 +2.2946e+00 -9.8211e-01 -2.3318e+00 -4.9785e-01 +3.3830e+00 -1.1075e+00 -3.4804e+00 +1.7672e+00 +3.6988e-01 +1.2952e-01 -4.5895e+00 -3.3857e+00 +3.5979e+00 +4.1472e-02 +2.0609e+00 -1.0892e+00 -1.9596e+00 +3.6034e+00 +2.9083e+00 +6.4640e-01
993 0 +4.359201785e+01 +4.359201785e+01 +3.413220179e+02 +3.413220179e+02 +2.4128e+00 -5.1964e-01 -2.2046e+00 -4.7020e-01 +3.3816e+00 -1.0503e+00 -3.4535e+00 +1.8814e+00 +3.5441e-01 -1.0985e-01 -4.9186e+00 -3.4128e+00 +3.6654e+00 +2.9926e-02 +2.1227e+00 -1.0955e+00 -1.9365e+00 +3.6745e+00 +3.0173e+00 +6.2627e-01
% f evaluations | g evaluations | best noise-free fitness - Fopt | noise-free fitness - Fopt (5.157000000000e+01) | measured fitness | best measured fitness | x1 | x2...
1 0 +8.156121458e+01 +8.156121458e+01 +1.331312146e+02 +1.331312146e+02 +0.0000e+00 +0.0000e+00 +0.0000e+00 +0.0000e+00 +0.0000e+00 +0.0000e+00 +0.0000e+00 +0.0000e+00 +0.0000e+00 +0.0000e+00 +0.0000e+00 +0.0000e+00 +0.0000e+00 +0.0000e+00 +0.0000e+00 +0.0000e+00 +0.0000e+00 +0.0000e+00 +0.0000e+00 +0.0000e+00
2 0 +8.067921995e+01 +8.067921995e+01 +1.322492199e+02 +1.322492199e+02 -8.0271e-02 -1.5334e-01 +4.2279e-02 +1.3687e-01 +4.6927e-01 +3.4041e-01 +1.5556e-01 -2.0232e-01 -1.6197e-02 -9.0513e-01 -6.7022e-02 +5.7888e-01 -2.6983e+00 +1.2593e+00 -4.8446e-01 +5.5455e-02 +2.4033e-01 -1.4089e-01 -1.7710e+00 -7.3913e-01
5 0 +7.839192382e+01 +7.839192382e+01 +1.299619238e+02 +1.299619238e+02 +7.6788e-02 -4.8926e-01 -1.2444e+00 -8.1666e-04 -4.4020e-01 +4.3816e-01 -9.0371e-01 -9.6363e-01 +1.5891e-02 +5.7896e-01 +5.3605e-02 +1.0587e+00 -1.0883e+00 +7.9980e-02 +1.2759e+00 +2.8786e-01 -7.9134e-01 +4.7306e-01 +1.2543e+00 -3.3809e+00
16 0 +7.742948710e+01 +7.742948710e+01 +1.289994871e+02 +1.289994871e+02 +7.3156e-02 -1.3379e+00 -9.5358e-01 -3.2224e-01 -5.1716e-01 +6.3038e-01 -6.4383e-01 -8.3372e-01 +8.1525e-03 +1.3253e+00 +6.6553e-04 -1.5935e+00 -2.6641e+00 +2.4903e-01 -3.0962e-01 -2.5056e-01 -1.1762e+00 -1.1431e-01 +2.6955e-01 -3.8800e+00
% f evaluations | g evaluations | best noise-free fitness - Fopt | noise-free fitness - Fopt (1.527100000000e+02) | measured fitness | best measured fitness | x1 | x2...
1 0 +8.409657320e+01 +8.409657320e+01 +2.368065732e+02 +2.368065732e+02 +0.0000e+00 +0.0000e+00 +0.0000e+00 +0.0000e+00 +0.0000e+00 +0.0000e+00 +0.0000e+00 +0.0000e+00 +0.0000e+00 +0.0000e+00 +0.0000e+00 +0.0000e+00 +0.0000e+00 +0.0000e+00 +0.0000e+00 +0.0000e+00 +0.0000e+00 +0.0000e+00 +0.0000e+00 +0.0000e+00
8 0 +8.206853734e+01 +8.206853734e+01 +2.347785373e+02 +2.347785373e+02 +4.7983e+00 -1.5550e+00 +1.3369e+00 -2.1857e+00 +6.3869e-01 -6.5351e-02 -2.2273e+00 +8.8980e-01 +7.9164e-01 -9.7240e-01 -3.6825e-01 -1.2042e-01 +6.6208e-01 -4.8251e-01 +4.1036e+00 +4.9414e-01 -5.7713e-01 -7.8336e-01 +9.3033e-03 +1.1173e+00
45 0 +7.984147955e+01 +7.984147955e+01 +2.325514795e+02 +2.325514795e+02 +2.2548e+00 -3.1495e+00 +4.6187e-01 -1.3003e-01 +2.6139e-01 -8.6547e-01 -5.0355e+00 +2.7194e+00 -1.9947e+00 +1.0250e-01 +7.3474e-01 +2.0359e-02 +1.7828e+00 +3.7802e-01 -3.6645e+00 -1.0585e+00 +1.0188e+00 +1.2610e+00 -2.2017e-01 +1.1808e+00
62 0 +7.906910836e+01 +7.906910836e+01 +2.317791084e+02 +2.317791084e+02 +2.4033e+00 -1.5892e+00 +9.9588e-01 -2.7499e+00 -1.8013e+00 -9.4730e-01 -5.5295e+00 +2.3666e+00 -1.4170e+00 +5.1703e-01 +7.4650e-01 +4.6181e-01 +2.1660e+00 +4.2563e-02 -6.0199e+00 -2.0096e+00 +1.0455e+00 +1.8333e+00 -3.8997e-01 +4.7361e-02
79 0 +7.737821373e+01 +7.737821373e+01 +2.300882137e+02 +2.300882137e+02 +2.8694e+00 -1.8481e+00 +6.8914e-01 -1.9994e+00 -2.0064e+00 -9.0489e-01 -5.5137e+00 +3.1107e+00 -7.7252e-02 +5.2699e-01 +7.1813e-01 +7.5322e-01 +8.6634e-01 +5.9406e-02 -4.3675e+00 -1.5524e+00 +2.0775e+00 +2.6129e+00 -5.9386e-01 +1.4687e+00
92 0 +7.561172399e+01 +7.561172399e+01 +2.283217240e+02 +2.283217240e+02 +2.0274e+00 -3.0039e+00 +1.0781e+00 -2.5108e+00 -9.0500e-01 -8.6195e-01 -6.2898e+00 +1.6829e+00 -3.6691e-01 +4.5038e-01 +7.9194e-01 +5.1508e-01 +8.5938e-01 +6.0750e-01 -3.8831e+00 -1.7275e+00 +1.2188e+00 +1.5627e+00 -9.0492e-01 +8.3407e-01
112 0 +7.347026413e+01 +7.347026413e+01 +2.261802641e+02 +2.261802641e+02 +4.0457e-01 -1.8211e+00 +8.2590e-01 -2.5513e+00 +7.3412e-01 -9.5369e-01 -5.2405e+00 +1.5942e+00 -7.5772e-01 +1.2615e+00 +7.7921e-01 +5.5175e-01 -2.1406e-01 +1.1473e+00 -5.5237e+00 -1.5068e+00 +1.2991e+00 +2.4320e+00 -5.1591e-01 +6.3903e-01
128 0 +7.232648643e+01 +7.232648643e+01 +2.250364864e+02 +2.250364864e+02 +1.1166e+00 -9.7030e-01 +2.4636e-01 -3.1228e+00 +1.1393e+00 -1.0335e+00 -4.6608e+00 +2.0548e+00 -1.2158e+00 +9.5826e-01 +4.8848e-01 +7.9597e-01 +7.2973e-01 +1.3608e+00 -5.3875e+00 -1.6491e+00 +9.8486e-01 +1.4045e+00 -4.9254e-01 +2.6098e-01
150 0 +6.990754860e+01 +6.990754860e+01 +2.226175486e+02 +2.226175486e+02 -1.2547e-01 -2.4135e+00 +1.5237e+00 -2.9295e+00 +5.3389e-01 -9.8196e-01 -5.2643e+00 +2.7517e+00 -2.0812e+00 +9.4011e-01 +5.5140e-01 +6.3742e-01 -7.8944e-01 +1.6000e+00 -5.6994e+00 -2.1860e+00 +1.3540e+00 +2.1073e+00 -9.0667e-01 +1.3219e+00
184 0 +6.882147341e+01 +6.882147341e+01 +2.215314734e+02 +2.215314734e+02 +9.0161e-01 -1.7494e+00 +1.0345e+00 -5.0552e+00 +1.4384e+00 -1.1077e+00 -5.1277e+00 +2.3979e+00 -1.7753e+00 +4.7368e-01 +8.0514e-01 +1.0124e+00 -8.2918e-01 +1.8003e+00 -3.6245e+00 -2.2450e+00 +1.6019e+00 +2.3302e+00 -9.6271e-01 +8.7037e-01
202 0 +6.747338321e+01 +6.747338321e+01 +2.201833832e+02 +2.201833832e+02 -1.1771e-01 -3.2368e+00 +3.4871e-01 -4.5651e+00 +1.4524e+00 -1.1377e+00 -3.5522e+00 +1.6141e+00 -1.4501e+00 +5.0086e-01 +1.3840e+00 +1.1852e+00 -2.0652e+00 +1.6987e+00 -5.1037e+00 -2.2563e+00 +1.2888e+00 +1.5469e+00 -1.1191e+00 +6.7738e-01
233 0 +6.456510561e+01 +6.456510561e+01 +2.172751056e+02 +2.172751056e+02 +9.8407e-01 -3.7117e+00 +6.1093e-01 -5.0479e+00 +7.9923e-01 -1.1087e+00 -4.6705e+00 +2.0560e+00 -1.9313e+00 +8.2568e-01 +1.3313e+00 +1.4564e+00 -2.1166e+00 +2.0457e+00 -5.4059e+00 -2.2479e+00 +1.3223e+00 +2.1083e+00 -8.9726e-01 +1.0440e+00
244 0 +6.195244773e+01 +6.195244773e+01 +2.146624477e+02 +2.146624477e+02 +5.6701e-01 -3.0247e+00 +5.0319e-01 -4.6335e+00 +6.1734e-01 -1.1102e+00 -4.9123e+00 +2.0189e+00 -2.2073e+00 +9.5017e-01 +1.2154e+00 +1.3522e+00 -1.3009e+00 +2.1739e+00 -6.4376e+00 -2.9180e+00 +1.2708e+00 +1.7657e+00 -1.1222e+00 +9.6567e-01
252 0 +5.898581432e+01 +5.898581432e+01 +2.116958143e+02 +2.116958143e+02 +1.1690e+00 -3.5322e+00 +4.7489e-01 -4.9805e+00 +6.2607e-02 -1.1726e+00 -6.0752e+00 +5.5070e-01 -2.1946e+00 +1.2231e+00 +1.2559e+00 +1.5335e+00 -1.9639e+00 +2.0744e+00 -5.3995e+00 -2.8739e+00 +1.2751e+00 +6.6012e-01 -8.5455e-01 +2.2408e+00
253 0 +5.325073290e+01 +5.325073290e+01 +2.059607329e+02 +2.059607329e+02 +1.2902e+00 -2.6463e+00 +6.0489e-01 -4.3976e+00 +4.6676e-01 -1.2394e+00 -6.6257e+00 +1.1428e+00 -2.0179e+00 +1.3893e+00 +1.3366e+00 +1.3919e+00 -2.2600e+00 +2.1221e+00 -5.2545e+00 -3.1287e+00 +1.7465e+00 +6.4267e-01 -1.2818e+00 +1.0228e+00
302 0 +5.210718044e+01 +5.210718044e+01 +2.048171804e+02 +2.048171804e+02 +1.4829e+00 -2.2169e+00 +4.8089e-01 -5.5026e+00 -1.8559e-01 -1.0228e+00 -5.5089e+00 +1.8706e+00 -1.8571e+00 +2.0546e+00 +1.5021e+00 +1.5990e+00 -2.5395e+00 +1.9622e+00 -5.4489e+00 -3.3326e+00 +7.8861e-01 +1.7383e+00 -1.1788e+00 +1.4500e+00
305 0 +4.485821378e+01 +4.485821378e+01 +1.975682138e+02 +1.975682138e+02 +1.0516e+00 -1.8670e+00 +2.4181e-01 -3.9580e+00 +4.9801e-01 -9.1922e-01 -5.1126e+00 +7.2352e-01 -2.2704e+00 +2.1190e+00 +1.2835e+00 +1.7683e+00 -1.9014e+00 +2.2796e+00 -4.4986e+00 -3.4499e+00 +1.0431e+00 +1.7240e+00 -1.2929e+00 +1.3225e+00
319 0 +3.979963416e+01 +3.979963416e+01 +1.925096342e+02 +1.925096342e+02 +1.6297e+00 -2.4851e+00 +7.1873e-02 -4.5706e+00 -1.6658e-01 -9.9225e-01 -5.4291e+00 +1.5453e+00 -2.1909e+00 +1.9982e+00 +1.6777e+00 +1.8768e+00 -2.3231e+00 +1.8037e+00 -5.3259e+00 -3.4406e+00 +9.7006e-01 +8.2838e-01 -1.3651e+00 +1.5546e+00
334 0 +3.863634743e+01 +3.863634743e+01 +1.913463474e+02 +1.913463474e+02 +9.9619e-01 -2.9698e+00 -3.3020e-01 -3.9028e+00 -5.9537e-01 -9.3562e-01 -5.5693e+00 +1.2788e+00 -2.4700e+00 +1.7759e+00 +1.4145e+00 +1.7467e+00 -1.8534e+00 +2.2034e+00 -4.0732e+00 -3.3944e+00 +1.0476e+00 +2.0591e+00 -1.4409e+00 +1.2053e+00
336 0 +3.629122750e+01 +3.629122750e+01 +1.890012275e+02 +1.890012275e+02 +1.2417e+00 -2.6631e+00 -1.1568e-01 -3.5075e+00 -4.7252e-01 -1.0148e+00 -4.9309e+00 +1.9510e+00 -2.6167e+00 +1.9163e+00 +1.2910e+00 +1.7599e+00 -2.4048e+00 +2.2810e+00 -4.3847e+00 -3.3799e+00 +1.0341e+00 +1.5651e+00 -1.2071e+00 +1.3088e+00
359 0 +3.378234001e+01 +3.378234001e+01 +1.864923400e+02 +1.864923400e+02 +1.1755e+00 -1.7307e+00 -7.9091e-02 -3.8083e+00 -1.2616e+00 -1.0020e+00 -5.0217e+00 +1.1107e+00 -3.1714e+00 +2.2958e+00 +1.4810e+00 +1.7921e+00 -2.4447e+00 +1.7753e+00 -3.9827e+00 -3.4388e+00 +7.4024e-01 +5.1363e-01 -1.5068e+00 +1.7260e+00
566 0 +3.273431587e+01 +3.273431587e+01 +1.854443159e+02 +1.854443159e+02 +3.5747e+00 -1.6931e+00 -7.8277e-01 -4.8151e+00 -2.3743e+00 -1.2420e+00 -5.5893e+00 +7.1041e-01 -4.4277e+00 +3.0495e+00 +1.0875e+00 +3.2377e+00 -4.0256e+00 +1.7223e+00 -3.6298e+00 -3.6908e+00 -2.6893e-01 +1.7263e+00 -1.6758e+00 +2.3920e+00
573 0 +2.979653889e+01 +2.979653889e+01 +1.825065389e+02 +1.825065389e+02 +1.0023e+00 -8.3800e-01 -4.5514e-01 -4.1790e+00 -2.1064e+00 -8.5187e-01 -5.6413e+00 +2.2297e+00 -4.1556e+00 +2.3973e+00 +8.2300e-01 +3.1876e+00 -3.4357e+00 +2.2083e+00 -3.6338e+00 -3.4503e+00 -6.0609e-01 +2.6772e-01 -1.8509e+00 +2.9209e+00
589 0 +2.721504794e+01 +2.721504794e+01 +1.799250479e+02 +1.799250479e+02 +2.0377e+00 +9.1086e-03 -4.5184e-01 -3.1100e+00 -2.3798e+00 -9.7336e-01 -6.1006e+00 +2.9061e+00 -3.6215e+00 +2.7088e+00 +1.0329e+00 +3.3335e+00 -2.6103e+00 +2.0876e+00 -4.9271e+00 -3.8503e+00 -2.7991e-01 -9.4563e-02 -1.9593e+00 +2.1560e+00
641 0 +2.683148920e+01 +2.683148920e+01 +1.795414892e+02 +1.795414892e+02 +2.2977e+00 -5.9435e-01 -2.8876e-01 -4.3341e+00 +8.3542e-02 -7.6115e-01 -4.7349e+00 +1.8581e+00 -3.6758e+00 +2.1420e+00 +8.5075e-01 +3.2941e+00 -2.4917e+00 +2.9032e+00 -4.1728e+00 -4.3868e+00 +3.1550e-01 +7.8349e-01 -1.1138e+00 +1.3613e+00
650 0 +2.106830843e+01 +2.106830843e+01 +1.737783084e+02 +1.737783084e+02 +1.1239e+00 -1.8967e+00 -2.6594e-01 -4.9268e+00 -2.3355e-01 -8.7524e-01 -5.0524e+00 +1.6561e+00 -3.9466e+00 +1.9788e+00 +6.9094e-01 +3.5712e+00 -2.6768e+00 +2.4678e+00 -4.6243e+00 -4.2527e+00 +4.1942e-01 +1.0464e+00 -1.1666e+00 +1.1980e+00
% f evaluations | g evaluations | best noise-free fitness - Fopt | noise-free fitness - Fopt (9.980000000000e+01) | measured fitness | best measured fitness | x1 | x2...
1 0 +8.041794729e+01 +8.041794729e+01 +1.802179473e+02 +1.802179473e+02 +0.0000e+00 +0.0000e+00 +0.0000e+00 +0.0000e+00 +0.0000e+00 +0.0000e+00 +0.0000e+00 +0.0000e+00 +0.0000e+00 +0.0000e+00 +0.0000e+00 +0.0000e+00 +0.0000e+00 +0.0000e+00 +0.0000e+00 +0.0000e+00 +0.0000e+00 +0.0000e+00 +0.0000e+00 +0.0000e+00
2 0 +7.726319033e+01 +7.726319033e+01 +1.770631903e+02 +1.770631903e+02 +3.9307e-01 +1.7665e-01 +1.7241e+00 +5.3943e-02 +6.5123e-02 +1.1703e+00 -2.6187e-02 +5.9398e-01 -2.7942e-01 +2.0498e-02 +1.5922e-01 +1.5664e-01 +1.5102e-02 -4.5542e-01 -3.6697e-01 -2.1944e-01 -3.7662e-01 +2.6014e-01 +8.9828e-01 +1.1482e+00
5 0 +7.476902815e+01 +7.476902815e+01 +1.745690282e+02 +1.745690282e+02 +4.8845e-01 +1.6719e+00 +3.1949e+00 -3.5919e-02 -1.1934e-01 +3.4577e-01 +5.2672e-03 -4.5797e-02 +3.8220e-01 +9.0598e-02 -1.2988e-01 -4.4890e-01 +9.1483e-03 +2.5321e+00 -8.3740e-01 +4.6752e-02 +1.4994e-01 +5.4060e-01 -2.7916e-01 +6.1137e-01
14 0 +7.183040672e+01 +7.183040672e+01 +1.716304067e+02 +1.716304067e+02 +6.9076e-02 +5.3353e-01 +4.5373e+00 -3.5300e-01 +3.9354e-01 -4.8581e-02 +3.1211e-02 +2.3926e-01 -2.2708e-01 +1.2483e-01 -4.6302e-01 -1.2596e-01 -2.6319e-02 +1.5640e+00 -2.2934e-01 -5.9631e-01 +5.7557e-01 +2.8187e+00 -2.5303e-01 +1.0436e-01
72 0 +6.740399131e+01 +6.740399131e+01 +1.672039913e+02 +1.672039913e+02 -1.7388e+00 +3.7436e+00 +4.2538e+00 -1.1113e+00 +1.7156e-01 -1.3320e+00 +5.1319e-03 +3.6536e-01 +1.1324e+00 -6.1641e-02 -7.4657e-01 +4.7054e-01 +1.7626e-02 +1.3254e+00 -2.1123e-01 -1.3414e+00 +3.5800e-02 +1.5679e+00 -4.3674e-01 +1.3972e+00
82 0 +6.597863682e+01 +6.597863682e+01 +1.657786368e+02 +1.657786368e+02 -1.9787e+00 +2.7925e+00 +4.3666e+00 -7.8519e-01 +3.4019e-01 -1.4423e+00 +4.0222e-03 +9.6542e-01 +1.0746e+00 -9.2502e-02 -7.9190e-01 +4.6524e-01 +9.5001e-03 +9.5377e-01 -3.1966e-01 -1.2343e+00 -2.9934e-02 +1.2424e+00 +3.8967e-01 +1.2031e+00
91 0 +6.177091994e+01 +6.177091994e+01 +1.615709199e+02 +1.615709199e+02 -1.4419e+00 +3.0587e+00 +4.1067e+00 -1.0071e+00 +8.1935e-02 -1.4244e+00 +2.3220e-02 +1.5206e+00 +1.0003e+00 -8.7950e-02 -7.9542e-01 +6.7035e-01 +3.5802e-02 +1.0001e+00 -8.1835e-01 -1.3496e+00 +2.4625e-01 +1.8180e+00 -4.4874e-01 +8.9873e-01
93 0 +5.910824388e+01 +5.910824388e+01 +1.589082439e+02 +1.589082439e+02 -1.7106e+00 +1.9461e+00 +5.5290e+00 -1.2467e+00 +1.1849e-01 -1.9260e+00 +1.1868e-02 +2.8558e+00 +9.3214e-01 -9.0790e-02 -6.8375e-01 +6.9749e-01 +1.5828e-02 +6.7002e-01 -1.2216e+00 -1.1086e+00 +1.6972e-01 +1.9006e+00 +1.1618e-01 -1.0315e-01
123 0 +5.879873664e+01 +5.879873664e+01 +1.585987366e+02 +1.585987366e+02 -9.9899e-01 +2.6264e+00 +4.3684e+00 -8.0502e-01 +7.3348e-01 -2.3484e+00 +1.8812e-02 +2.4700e+00 +1.0313e+00 -2.1839e-01 -6.0836e-01 +6.3312e-01 +2.3761e-02 +3.0249e-01 -1.2794e+00 -1.5413e+00 +1.2589e-02 +2.3319e+00 -5.9220e-01 +2.0836e-01
127 0 +5.547711908e+01 +5.547711908e+01 +1.552771191e+02 +1.552771191e+02 -1.2575e+00 +2.3423e+00 +3.9589e+00 -7.4796e-01 +4.4467e-01 -1.7529e+00 +2.2048e-02 +2.2951e+00 +1.1235e+00 -2.2002e-01 -6.5347e-01 +6.9461e-01 +3.1167e-02 +6.4940e-01 -9.0635e-01 -1.8990e+00 +2.1866e-01 +2.4322e+00 -9.7177e-01 +6.3300e-01
132 0 +5.493681305e+01 +5.493681305e+01 +1.547368131e+02 +1.547368131e+02 -1.4520e+00 +2.0057e+00 +4.0858e+00 -8.0571e-01 +5.0385e-01 -1.5784e+00 +2.1366e-02 +2.4670e+00 +1.1994e+00 -2.1723e-01 -5.4293e-01 +5.9055e-01 +4.1181e-02 +1.2120e-01 -1.3902e+00 -1.6437e+00 +9.2445e-02 +2.8518e+00 -1.2508e+00 +7.0498e-01
143 0 +5.234794418e+01 +5.234794418e+01 +1.521479442e+02 +1.521479442e+02 -1.3473e+00 +1.8924e+00 +4.3396e+00 -6.7227e-01 +4.3618e-01 -1.7023e+00 +1.9407e-02 +2.1299e+00 +1.2389e+00 -2.1167e-01 -5.1479e-01 +6.6026e-01 +2.8030e-02 +6.4613e-01 -1.2237e+00 -2.2689e+00 +3.6649e-01 +2.9849e+00 -9.3213e-01 +6.5699e-01
176 0 +5.067067646e+01 +5.067067646e+01 +1.504706765e+02 +1.504706765e+02 -1.1600e+00 +1.7861e+00 +4.4091e+00 -6.6978e-01 +3.2303e-01 -1.4487e+00 +1.7364e-02 +2.5443e+00 +1.3795e+00 -1.7606e-01 -4.5248e-01 +5.8947e-01 +2.4153e-02 +6.9730e-01 -9.1926e-01 -2.3657e+00 +2.7365e-01 +3.1088e+00 -4.7396e-01 +7.2390e-01
183 0 +4.897725066e+01 +4.897725066e+01 +1.487772507e+02 +1.487772507e+02 -1.1758e+00 +1.5232e+00 +5.0863e+00 -7.2606e-01 +3.9977e-01 -1.3144e+00 +1.8158e-02 +2.6012e+00 +1.2719e+00 -2.0611e-01 -4.0793e-01 +6.6561e-01 +9.0409e-03 +2.5825e-01 -8.9472e-01 -2.5137e+00 +1.7371e-01 +3.2666e+00 -8.2152e-01 +4.3913e-01
185 0 +4.759320861e+01 +4.759320861e+01 +1.473932086e+02 +1.473932086e+02 -1.2059e+00 +1.4556e+00 +4.8479e+00 -8.0522e-01 +1.6834e-01 -1.6466e+00 +2.5015e-02 +3.0226e+00 +1.1352e+00 -2.0233e-01 -3.5836e-01 +5.3681e-01 +2.7230e-02 +6.5844e-01 -1.1633e+00 -2.2151e+00 +4.6751e-02 +3.5078e+00 -8.6842e-01 +2.8115e-01
199 0 +4.668265642e+01 +4.668265642e+01 +1.464826564e+02 +1.464826564e+02 -1.2683e+00 +1.5735e+00 +4.8273e+00 -7.0528e-01 +1.5638e-01 -1.2979e+00 +2.2443e-02 +3.1683e+00 +1.3125e+00 -1.6016e-01 -3.3481e-01 +5.4464e-01 +1.5465e-02 +6.7715e-01 -1.4803e+00 -2.2451e+00 +2.6066e-01 +3.2620e+00 -4.1465e-01 +3.0754e-01
212 0 +4.534053782e+01 +4.534053782e+01 +1.451405378e+02 +1.451405378e+02 -1.3611e+00 +2.0107e+00 +5.2828e+00 -7.5105e-01 +1.8849e-01 -1.3718e+00 +1.6530e-02 +3.0660e+00 +1.0790e+00 -2.0828e-01 -3.1809e-01 +3.7830e-01 +1.1272e-02 +1.8028e-01 -1.2876e+00 -2.3620e+00 +1.6492e-01 +3.4858e+00 -3.0229e-01 -1.1297e-01
231 0 +4.417034938e+01 +4.417034938e+01 +1.439703494e+02 +1.439703494e+02 -1.3589e+00 +1.8373e+00 +4.4793e+00 -7.2582e-01 +1.3891e-01 -1.5791e+00 +1.9500e-02 +2.9380e+00 +1.0747e+00 -2.0955e-01 -2.9711e-01 +4.4768e-01 -5.4110e-04 -1.9589e-01 -1.0691e+00 -2.5067e+00 +2.4236e-01 +3.6555e+00 -4.5661e-01 -3.3653e-02
263 0 +4.262481092e+01 +4.262481092e+01 +1.424248109e+02 +1.424248109e+02 -1.4859e+00 +1.1839e+00 +4.7835e+00 -8.3432e-01 +8.2644e-02 -1.3483e+00 +2.4689e-02 +3.2904e+00 +1.0535e+00 -2.5718e-01 -3.3991e-01 +3.4348e-02 +3.2797e-02 +1.5120e-01 -1.2085e+00 -2.3873e+00 +3.2000e-01 +3.7799e+00 -3.9068e-01 -6.0234e-01
332 0 +4.105940902e+01 +4.105940902e+01 +1.408594090e+02 +1.408594090e+02 -1.5067e+00 +1.5615e+00 +4.6639e+00 -6.6906e-01 -7.4753e-02 -1.3205e+00 +2.3242e-02 +3.9812e+00 +1.1674e+00 -1.9344e-01 -1.8946e-01 +7.4729e-02 +4.7816e-02 -2.2925e-01 -1.0299e+00 -2.7417e+00 +5.9281e-02 +3.1849e+00 -1.8255e-01 +1.3686e-01
344 0 +4.072581563e+01 +4.072581563e+01 +1.405258156e+02 +1.405258156e+02 -1.4850e+00 +1.5923e+00 +4.5417e+00 -6.6716e-01 -1.9021e-01 -1.3381e+00 +2.2887e-02 +4.0427e+00 +1.0369e+00 -1.6582e-01 -1.7340e-01 +1.0476e-01 +5.4670e-02 -2.3676e-01 -1.0260e+00 -2.8042e+00 +1.3053e-01 +3.0990e+00 -1.7660e-01 -2.4349e-02
381 0 +3.980377204e+01 +3.980377204e+01 +1.396037720e+02 +1.396037720e+02 -1.5066e+00 +1.5699e+00 +4.7540e+00 -7.2492e-01 -1.1475e-01 -1.3670e+00 +2.1716e-02 +3.8136e+00 +1.0225e+00 -1.8290e-01 -1.0914e-01 +1.1405e-01 +5.7621e-02 -3.7631e-01 -1.4463e+00 -2.7235e+00 -4.7665e-02 +3.5127e+00 -2.3924e-01 -2.4956e-01
410 0 +3.738133681e+01 +3.738133681e+01 +1.371813368e+02 +1.371813368e+02 -1.4309e+00 +1.2105e+00 +4.9010e+00 -8.0337e-01 -4.6146e-01 -1.5147e+00 +2.7308e-02 +3.8649e+00 +1.0555e+00 -1.9091e-01 +1.4453e-02 +8.6662e-02 +4.8110e-02 -5.1593e-01 -1.2932e+00 -2.9707e+00 -1.0993e-01 +3.6026e+00 -3.8342e-02 -4.2210e-01
% f evaluations | g evaluations | best noise-free fitness - Fopt | noise-free fitness - Fopt (-1.194100000000e+02) | measured fitness | best measured fitness | x1 | x2...
1 0 +7.550286235e+01 +7.550286235e+01 -4.390713765e+01 -4.390713765e+01 +0.0000e+00 +0.0000e+00 +0.0000e+00 +0.0000e+00 +0.0000e+00 +0.0000e+00 +0.0000e+00 +0.0000e+00 +0.0000e+00 +0.0000e+00 +0.0000e+00 +0.0000e+00 +0.0000e+00 +0.0000e+00 +0.0000e+00 +0.0000e+00 +0.0000e+00 +0.0000e+00 +0.0000e+00 +0.0000e+00
13 0 +7.437768121e+01 +7.437768121e+01 -4.503231879e+01 -4.503231879e+01 +1.2584e+00 -6.0103e-01 +1.6963e-01 -4.6953e-01 +3.9005e-02 +5.5786e-02 +3.1768e-01 +1.4730e+00 -3.5935e-01 +9.3562e-01 +3.7838e-01 -2.1307e+00 +1.3470e+00 +1.2067e-01 +1.0691e-01 -2.6824e-01 +1.4445e-01 -9.1046e-01 -4.0443e-01 -9.1603e-01
22 0 +7.410738553e+01 +7.410738553e+01 -4.530261447e+01 -4.530261447e+01 +1.6327e+00 -1.2138e+00 +1.0159e+00 -6.9786e-01 -5.4373e-01 +5.9758e-02 +1.1536e-01 +1.1443e+00 -5.7117e-01 +1.4848e+00 +1.0054e+00 -9.0027e-01 +8.4331e-01 +4.1522e-02 -1.5726e-01 -3.1233e-01 -1.7347e-01 -1.1458e+00 -5.5955e-01 -7.4568e-01
27 0 +7.234151696e+01 +7.234151696e+01 -4.706848304e+01 -4.706848304e+01 +1.2979e+00 -6.4268e-01 -4.9966e-02 -1.6553e-01 -1.5221e-01 +1.7282e-02 -4.2052e-02 +1.3316e+00 -3.0049e-01 -1.1166e-02 +4.5738e-01 -2.9384e+00 -2.5141e+00 +8.3437e-02 +1.3152e-01 -6.9862e-01 +8.5989e-01 -2.4219e+00 -2.1599e-01 +9.6315e-02
33 0 +6.974070208e+01 +6.974070208e+01 -4.966929792e+01 -4.966929792e+01 +7.5698e-01 -4.2782e-01 -3.1836e-01 +2.1337e-02 -3.2648e-01 -2.2723e-02 -2.2309e-01 +1.8622e+00 -7.1140e-01 -1.0988e-01 +4.9523e-01 -1.4377e+00 -5.2645e-01 +6.0695e-03 -2.3236e-01 +1.3713e-02 -5.2644e-01 -1.5651e+00 +9.5510e-01 -9.0595e-01
44 0 +6.867580630e+01 +6.867580630e+01 -5.073419370e+01 -5.073419370e+01 +9.5861e-01 -8.0049e-01 -5.4072e-01 -9.0608e-02 -1.4834e-01 -4.7958e-02 -4.2349e-01 +2.2643e+00 -4.2104e-01 -1.8773e-01 +3.6848e-01 -2.1167e+00 -1.0340e+00 +3.2810e-02 -6.0045e-01 -9.6188e-01 -6.1570e-01 -1.6814e+00 +9.8035e-01 -1.1180e+00
46 0 +6.671847829e+01 +6.671847829e+01 -5.269152171e+01 -5.269152171e+01 +4.6394e-01 +1.4506e-02 -9.5406e-01 +4.1895e-02 -3.0924e-01 -5.2467e-02 +6.7765e-01 +2.3354e+00 -9.3551e-01 +3.3859e-02 +4.8546e-01 -1.4189e+00 -3.2588e-01 +2.3569e-02 -3.5318e-01 -6.8532e-01 -1.1786e+00 -2.0855e+00 +7.2064e-01 -3.1502e-01
52 0 +6.441702224e+01 +6.441702224e+01 -5.499297776e+01 -5.499297776e+01 +3.0984e-01 -3.4317e-01 -1.6548e-01 -1.2595e-01 +6.9623e-03 -2.9648e-02 +8.9657e-01 +2.0079e+00 -8.3240e-01 +1.0149e+00 +6.2956e-02 -6.8279e-01 -5.4954e-01 -2.1867e-01 -4.9514e-01 -4.9128e-01 -1.4166e+00 -1.2625e+00 +2.2936e+00 -1.0307e+00
71 0 +6.243770376e+01 +6.243770376e+01 -5.697229624e+01 -5.697229624e+01 +6.5023e-01 -3.8592e-01 +1.7372e-01 -2.9993e-01 -1.0759e+00 -7.4041e-02 +1.5305e+00 +1.4627e+00 -3.6320e-01 +2.6423e-01 +3.0239e-01 -1.5889e+00 -1.5396e+00 -7.3603e-04 -4.3251e-01 -8.6197e-01 -8.9290e-01 -1.8933e+00 +1.8610e+00 +4.6589e-02
72 0 +6.082161739e+01 +6.082161739e+01 -5.858838261e+01 -5.858838261e+01 +4.2004e-01 -5.8632e-01 -2.5195e-01 -3.2775e-01 -3.0616e-01 -1.5478e-01 +1.9088e+00 +1.3839e+00 -2.3939e-01 -2.1009e-01 -9.0272e-02 -1.6970e+00 -5.3217e-01 -3.0500e-01 -5.8384e-01 -8.8859e-01 -4.9789e-01 -2.7487e+00 +1.5304e+00 +3.3314e-01
100 0 +5.795241789e+01 +5.795241789e+01 -6.145758211e+01 -6.145758211e+01 +9.6359e-01 +6.9420e-02 +6.3249e-02 +4.2815e-02 -1.6935e+00 -1.5358e-02 +8.7621e-01 +2.8280e+00 -4.1510e-01 +1.2088e+00 +1.0323e-01 -1.7705e+00 -4.6422e-01 -1.9994e-01 -1.0144e+00 -7.9251e-01 -3.1847e-01 -3.8021e+00 +1.9814e+00 +3.9959e-01
109 0 +5.509258648e+01 +5.509258648e+01 -6.431741352e+01 -6.431741352e+01 -2.4421e-01 +3.7503e-01 +3.9885e-01 -2.2923e-01 -1.5163e+00 -6.6214e-02 +1.0377e+00 +2.1466e+00 -6.5170e-01 +9.8205e-01 +4.1187e-01 -1.3713e+00 -1.0645e-01 -1.7859e-03 +1.3018e-01 -1.8299e+00 -1.0536e+00 -5.1237e+00 +2.5153e+00 +1.3079e+00
115 0 +5.355997719e+01 +5.355997719e+01 -6.585002281e+01 -6.585002281e+01 -3.4182e-01 +3.4064e-01 -8.4527e-03 -2.6615e-01 -1.8752e+00 -4.1107e-02 +7.7244e-01 +2.6126e+00 -1.0875e+00 +8.1166e-01 +4.0609e-01 -1.0050e+00 -5.1857e-02 -4.1733e-02 -3.3071e-01 -1.4974e+00 -1.7142e+00 -5.1577e+00 +2.7987e+00 +9.5011e-01
132 0 +4.862843583e+01 +4.862843583e+01 -7.078156417e+01 -7.078156417e+01 +2.8509e-01 +2.9515e-01 -5.3181e-01 -1.3121e-02 -6.6654e-01 +5.9206e-03 +2.0086e+00 +1.4818e+00 -1.4832e+00 +1.0155e+00 +3.3212e-01 -7.7565e-01 -9.3495e-01 -4.5040e-01 +3.5862e-01 -2.5710e+00 -1.3451e+00 -5.0509e+00 +3.8423e+00 +1.7862e+00
652 0 +4.604571229e+01 +4.604571229e+01 -7.336428771e+01 -7.336428771e+01 -1.0429e-01 +2.3096e-01 -1.2006e+00 -1.2582e+00 +3.7915e-01 +3.4521e-01 +2.2512e+00 +2.3607e+00 -6.2249e-02 +1.1573e+00 -1.3937e+00 -2.2836e+00 -1.1529e+00 -6.8618e-01 -1.0199e+00 -1.4401e+00 -1.4794e+00 -5.5260e+00 +5.9403e+00 -1.4545e+00
682 0 +4.405760608e+01 +4.405760608e+01 -7.535239392e+01 -7.535239392e+01 +6.8331e-01 +1.4837e-01 -1.3395e+00 -1.5170e+00 -1.4356e-01 +2.8579e-01 +2.8540e+00 +1.3437e+00 -3.4844e-01 +2.9432e+00 -1.1756e+00 -1.0051e+00 -1.4076e+00 -7.3501e-01 -1.3621e+00 -7.5995e-01 -1.7974e+00 -4.5600e+00 +5.4622e+00 -9.9580e-01
684 0 +4.206413213e+01 +4.206413213e+01 -7.734586787e+01 -7.734586787e+01 +7.8179e-01 +1.0571e-01 -1.3310e+00 -1.4596e+00 -5.0864e-01 +3.1665e-01 +1.8388e+00 +2.1146e+00 -1.3896e-01 +2.3118e+00 -1.5350e+00 -1.5913e+00 -1.5868e+00 -7.5692e-01 -1.3142e+00 -1.0512e+00 -2.1682e+00 -3.8256e+00 +5.0210e+00 -1.2517e+00
729 0 +3.941017025e+01 +3.941017025e+01 -7.999982975e+01 -7.999982975e+01 +3.1668e-01 +5.0588e-01 +4.3044e-01 -1.5014e+00 -1.7690e+00 +4.2818e-01 +4.0355e+00 +1.3540e+00 -7.8981e-01 +2.8135e+00 -1.4489e+00 -8.7672e-01 -8.4573e-01 -8.4037e-01 -1.8453e+00 -1.0458e+00 -3.0405e+00 -4.7475e+00 +3.9612e+00 -3.1774e-01
756 0 +3.557778787e+01 +3.557778787e+01 -8.383221213e+01 -8.383221213e+01 +2.6114e+00 +2.1549e-01 +1.7172e-01 -1.2277e+00 -1.1448e-01 +4.6214e-01 +2.4776e+00 +1.3751e+00 -6.9892e-01 +2.2455e+00 -1.1079e+00 -1.1121e+00 -1.6126e+00 -7.1009e-01 -2.6426e+00 -1.4293e+00 -2.1380e+00 -4.5396e+00 +4.9311e+00 +3.6638e-01
762 0 +3.429635291e+01 +3.429635291e+01 -8.511364709e+01 -8.511364709e+01 +9.0255e-01 +4.0304e-01 +4.8636e-01 -1.1650e+00 +1.0376e+00 +4.6503e-01 +1.6517e+00 +2.9061e+00 -3.6481e-01 +2.2422e+00 -1.1472e+00 -2.0615e+00 -1.4868e+00 -9.5482e-01 -2.3387e+00 -1.3816e+00 -2.5545e+00 -5.3960e+00 +5.4379e+00 +1.3207e+00
773 0 +2.593018713e+01 +2.593018713e+01 -9.347981287e+01 -9.347981287e+01 +1.1143e+00 -1.4263e-01 +4.0825e-01 -1.5268e+00 +1.8203e-01 +4.6255e-01 +1.8980e+00 +1.6854e+00 -8.6967e-01 +2.2692e+00 -1.1505e+00 -1.0501e+00 -1.0627e+00 -8.5584e-01 -2.4071e+00 -1.8921e+00 -2.4118e+00 -5.2683e+00 +4.6336e+00 +8.2202e-01
792 0 +2.200728405e+01 +2.200728405e+01 -9.740271595e+01 -9.740271595e+01 +1.1845e+00 +3.9015e-03 +2.9660e-01 -1.6934e+00 +2.3015e-01 +5.2408e-01 +2.0124e+00 +1.8886e+00 -9.1318e-01 +1.8202e+00 -8.4065e-01 -1.1616e+00 -1.3652e+00 -1.0210e+00 -2.5444e+00 -2.2609e+00 -2.2878e+00 -5.0769e+00 +5.0084e+00 +8.8967e-01
809 0 +2.027437388e+01 +2.027437388e+01 -9.913562612e+01 -9.913562612e+01 +3.0953e-01 -1.1838e-01 -1.4245e-02 -1.8933e+00 +1.1891e-01 +5.2769e-01 +1.7554e+00 +1.5904e+00 -9.2414e-01 +2.1552e+00 -9.0300e-01 -1.2423e+00 -1.8100e+00 -9.7474e-01 -2.5924e+00 -2.4234e+00 -1.6503e+00 -4.3610e+00 +4.2813e+00 +7.9557e-01
817 0 +1.967564062e+01 +1.967564062e+01 -9.973435938e+01 -9.973435938e+01 +4.4416e-01 -1.5315e-01 -2.9534e-01 -1.7091e+00 +1.4697e-01 +5.4062e-01 +2.5670e+00 +1.8812e+00 -9.4201e-01 +2.0345e+00 -9.1327e-01 -1.3643e+00 -1.6472e+00 -9.3704e-01 -2.5842e+00 -2.4246e+00 -1.5239e+00 -4.5662e+00 +4.4793e+00 +3.3434e-01
819 0 +1.922616826e+01 +1.922616826e+01 -1.001838317e+02 -1.001838317e+02 +3.7697e-01 +9.0346e-02 +6.1259e-03 -1.9081e+00 -1.1132e-01 +5.1436e-01 +1.8456e+00 +2.4168e+00 -1.0526e+00 +1.8775e+00 -7.5124e-01 -1.1628e+00 -1.2262e+00 -9.4538e-01 -2.3875e+00 -2.1956e+00 -1.6959e+00 -4.1674e+00 +4.6242e+00 +5.7105e-01
830 0 +1.878897077e+01 +1.878897077e+01 -1.006210292e+02 -1.006210292e+02 +2.4451e-01 +1.8987e-01 -9.2803e-02 -1.9341e+00 +4.1156e-01 +5.1586e-01 +1.5139e+00 +1.7359e+00 -1.2444e+00 +1.4050e+00 -6.1898e-01 -1.2058e+00 -1.5360e+00 -9.2879e-01 -2.6860e+00 -2.4835e+00 -1.7441e+00 -4.6248e+00 +4.6029e+00 +6.0281e-01
837 0 +1.813518748e+01 +1.813518748e+01 -1.012748125e+02 -1.012748125e+02 +7.2856e-02 +3.5388e-01 +3.2493e-01 -1.9377e+00 +2.3252e-01 +5.1309e-01 +2.5134e+00 +2.3585e+00 -1.1066e+00 +2.0216e+00 -7.4686e-01 -1.5355e+00 -1.8106e+00 -9.6550e-01 -2.5576e+00 -2.4946e+00 -2.0265e+00 -4.8907e+00 +4.8231e+00 +3.1019e-01
863 0 +1.734142179e+01 +1.734142179e+01 -1.020685782e+02 -1.020685782e+02 -7.7708e-02 +2.9921e-01 +4.0973e-01 -2.0266e+00 -3.2168e-01 +4.8411e-01 +1.6763e+00 +2.1450e+00 -1.4610e+00 +1.3520e+00 -7.7357e-01 -1.9395e+00 -1.8835e+00 -1.0790e+00 -2.4522e+00 -2.3835e+00 -1.7149e+00 -4.6695e+00 +4.2386e+00 +4.7108e-01
990 0 +1.615507443e+01 +1.615507443e+01 -1.032549256e+02 -1.032549256e+02 +3.2991e-01 +9.9009e-01 +3.1255e-02 -2.0772e+00 +1.0310e-01 +5.4126e-01 +2.2179e+00 +1.8151e+00 -1.3556e+00 +9.8646e-01 -2.9481e-01 -1.0838e+00 -1.3428e+00 -1.3605e+00 -3.5139e+00 -3.1760e+00 -1.4908e+00 -4.7754e+00 +3.5356e+00 +1.6965e-01
% f evaluations | g evaluations | best noise-free fitness - Fopt | noise-free fitness - Fopt (1.077000000000e+01) | measured fitness | best measured fitness | x1 | x2...
1 0 +8.487310133e+01 +8.487310133e+01 +9.564310133e+01 +9.564310133e+01 +0.0000e+00 +0.0000e+00 +0.0000e+00 +0.0000e+00 +0.0000e+00 +0.0000e+00 +0.0000e+00 +0.0000e+00 +0.0000e+00 +0.0000e+00 +0.0000e+00 +0.0000e+00 +0.0000e+00 +0.0000e+00 +0.0000e+00 +0.0000e+00 +0.0000e+00 +0.0000e+00 +0.0000e+00 +0.0000e+00
2 0 +8.418189095e+01 +8.418189095e+01 +9.495189095e+01 +9.495189095e+01 -7.1535e-01 -2.0723e-01 -5.1848e-01 -1.8284e+00 -6.7380e-02 +1.2563e+00 +1.9137e-01 -8.3408e-01 -5.9337e-01 -7.2427e-02 +1.2516e+00 +2.8106e-01 -7.6504e-02 +8.0347e-02 +2.0527e-01 +6.1206e-02 +1.5166e-01 +2.2372e+00 -4.5495e-02 -1.4698e+00
4 0 +8.193145784e+01 +8.193145784e+01 +9.270145784e+01 +9.270145784e+01 -6.2623e-01 +4.1486e-01 -7.8246e-01 +5.0935e-01 -6.2790e-01 +1.1041e+00 -9.2106e-01 -2.4037e+00 -2.2713e-01 +4.3140e-01 +1.2156e-01 -1.0859e-01 +9.2620e-01 -7.4606e-03 +2.0590e-01 -2.9610e-02 +6.3388e-02 -1.6244e+00 -7.9617e-03 +1.4003e+00
7 0 +8.023737156e+01 +8.023737156e+01 +9.100737156e+01 +9.100737156e+01 -9.6745e-01 -1.8321e-01 -1.3565e+00 -2.6960e-01 +3.6916e-01 +6.7191e-01 -5.1684e-01 -1.3696e+00 +5.9914e-01 -7.0333e-01 +2.8336e+00 +2.9944e-02 -1.0632e+00 -1.3795e-01 +3.3032e-01 +6.9644e-02 -3.5568e-01 -9.3934e-02 -4.3251e-02 +3.4977e-01
12 0 +7.915019662e+01 +7.915019662e+01 +8.992019662e+01 +8.992019662e+01 -1.3780e+00 -2.4248e-01 -2.1795e-01 +9.4976e-01 +3.9579e-01 +2.6975e+00 +6.2936e-02 -1.4720e+00 -3.8206e-01 +4.6613e-02 +1.1871e+00 -2.4356e-01 -1.8988e+00 +5.1827e-01 -4.9976e-01 -1.2864e-01 -3.3821e-02 +1.2349e+00 -1.3465e-03 +3.4035e+00
13 0 +7.356009097e+01 +7.356009097e+01 +8.433009097e+01 +8.433009097e+01 -7.7323e-01 +1.4897e-01 -3.8416e-01 +6.3403e-01 +3.5553e-01 +4.5003e+00 +5.5436e-01 -1.5310e+00 -1.2260e+00 -4.3858e-01 +1.8355e+00 +1.8943e+00 -1.1645e+00 +3.3710e-01 -9.0401e-01 +4.9603e-02 -2.2729e-02 -3.3837e-01 +6.0107e-03 +2.6175e+00
24 0 +7.184060527e+01 +7.184060527e+01 +8.261060527e+01 +8.261060527e+01 +1.0343e+00 -2.4915e-01 -1.5385e+00 -8.0911e-02 +6.8127e-01 +1.9631e+00 +8.6669e-01 -3.6717e+00 -1.4918e+00 -8.4177e-01 +9.6746e-01 +1.5337e+00 -2.3386e+00 +2.4136e-01 -9.5934e-01 -3.4311e-02 -1.9612e-01 -9.6743e-01 +4.4640e-02 +2.4249e+00
30 0 +6.696564159e+01 +6.696564159e+01 +7.773564159e+01 +7.773564159e+01 -1.1840e+00 +8.4691e-01 +1.4128e-01 -1.4469e+00 +5.3608e-01 +5.3246e+00 -3.7582e-01 -2.4076e+00 -6.1906e-01 -5.6000e-01 +1.7181e+00 +1.3560e+00 -1.4495e+00 +3.8479e-01 -1.0545e+00 +3.5430e-02 -1.2584e-01 -3.9730e+00 +4.2483e-02 +4.0066e+00
44 0 +6.555577897e+01 +6.555577897e+01 +7.632577897e+01 +7.632577897e+01 +1.1950e+00 -3.3899e-01 -1.4071e+00 -1.0709e+00 +5.7457e-01 +6.6759e+00 +2.7548e-01 -4.7590e+00 -2.5258e+00 -5.3158e-01 +1.5808e+00 +2.6980e+00 -2.7997e+00 +7.1165e-01 -1.5148e+00 -1.5073e-01 +1.1747e-02 -1.9789e-01 +6.5607e-02 +5.7190e-01
51 0 +6.072155649e+01 +6.072155649e+01 +7.149155649e+01 +7.149155649e+01 +1.5987e-01 -4.2251e-01 -1.9956e+00 +9.4563e-01 +4.2570e-01 +4.2175e+00 -1.7461e-01 -4.9979e+00 -1.4961e+00 -9.6541e-01 -5.1901e-01 +2.1570e+00 -2.0654e+00 +7.4049e-01 -6.5344e-01 -9.3759e-02 -2.6750e-01 +3.4081e-01 +7.7115e-02 +2.2245e+00
73 0 +5.827198807e+01 +5.827198807e+01 +6.904198807e+01 +6.904198807e+01 +8.1763e-01 -5.7348e-01 -1.4747e+00 +4.6784e-01 +7.5520e-01 +5.6918e+00 +1.1173e-01 -4.8445e+00 -1.9737e+00 -1.4329e+00 +1.7230e+00 +2.5965e+00 -1.1849e+00 +5.5801e-01 -1.5509e+00 -1.7694e-01 +2.3447e-01 -1.1016e+00 +1.0164e-01 +4.5831e-01
75 0 +5.510933834e+01 +5.510933834e+01 +6.587933834e+01 +6.587933834e+01 +1.1170e+00 -5.8060e-01 -1.0237e+00 +6.6165e-01 +7.1681e-01 +5.7526e+00 -3.6110e-01 -3.8968e+00 -2.1193e+00 -1.4683e+00 +2.3376e+00 +2.0083e+00 -1.7486e+00 +8.4095e-01 -1.5008e+00 -2.0879e-01 +1.6410e-01 +4.2027e-01 +8.1421e-02 +1.3721e+00
78 0 +5.377167246e+01 +5.377167246e+01 +6.454167246e+01 +6.454167246e+01 +1.4188e+00 -7.6603e-01 -1.0017e+00 +7.6336e-01 +5.1326e-01 +6.1448e+00 -4.6194e-01 -4.5991e+00 -2.0930e+00 -1.3116e+00 +1.8489e+00 +2.7869e+00 -1.1634e+00 +8.5200e-01 -1.7953e+00 -1.6820e-01 +1.5244e-01 -1.1083e+00 +8.2158e-02 +1.1865e+00
82 0 +5.109715149e+01 +5.109715149e+01 +6.186715149e+01 +6.186715149e+01 +1.0018e+00 -6.5304e-01 -6.8702e-01 +8.0498e-02 +4.9827e-01 +4.5715e+00 -4.7133e-01 -4.1466e+00 -2.1816e+00 -1.5450e+00 +3.4306e+00 +2.2926e+00 -1.1340e+00 +1.1237e+00 -1.5452e+00 -1.8415e-01 +2.5820e-01 -4.1764e-01 +7.5519e-02 +2.2612e+00
92 0 +5.010488327e+01 +5.010488327e+01 +6.087488327e+01 +6.087488327e+01 +1.4055e+00 -5.0465e-01 -1.5602e+00 -7.3871e-02 +4.7568e-01 +5.9387e+00 -4.7650e-01 -4.2962e+00 -2.3177e+00 -2.0002e+00 +3.0179e+00 +2.6422e+00 -1.7657e+00 +1.2562e+00 -1.7164e+00 -2.0357e-01 +2.1932e-01 -5.1473e-01 +5.6773e-02 +3.5079e-01
110 0 +4.773854143e+01 +4.773854143e+01 +5.850854143e+01 +5.850854143e+01 +1.1768e+00 -3.8502e-01 -1.8179e+00 +2.0614e-01 +4.9354e-01 +5.5338e+00 -5.9055e-01 -4.1330e+00 -2.4858e+00 -1.7600e+00 +3.1719e+00 +2.4154e+00 -8.7624e-01 +1.1457e+00 -1.6093e+00 -2.2736e-01 +2.0860e-01 -5.0686e-01 +4.6863e-02 +8.6310e-01
129 0 +4.651568499e+01 +4.651568499e+01 +5.728568499e+01 +5.728568499e+01 +1.0849e+00 -2.9497e-01 -1.2385e+00 +3.7032e-02 +4.2463e-01 +6.3951e+00 -6.3367e-01 -4.5645e+00 -2.5470e+00 -2.0090e+00 +1.7641e+00 +2.7817e+00 -1.7973e+00 +1.0102e+00 -1.7515e+00 -2.0443e-01 +2.4621e-01 -8.4487e-01 +2.5724e-02 +1.4555e+00
189 0 +4.361240736e+01 +4.361240736e+01 +5.438240736e+01 +5.438240736e+01 +1.4912e+00 -8.5791e-01 -1.5102e+00 +2.9423e-01 +1.0488e+00 +5.3671e+00 -8.2431e-01 -3.8039e+00 -3.0060e+00 -1.9307e+00 +1.4771e+00 +1.3908e+00 -1.7669e+00 +2.0725e+00 -2.2013e+00 -2.2914e-01 +3.7847e-01 -2.1411e+00 +7.1707e-02 +4.2321e+00
203 0 +3.847227645e+01 +3.847227645e+01 +4.924227645e+01 +4.924227645e+01 +1.4193e+00 -1.0735e+00 -1.8134e+00 +9.4118e-01 +4.4952e-01 +5.6301e+00 -1.4412e+00 -4.7391e+00 -2.1029e+00 -1.7482e+00 +1.5748e+00 +1.5176e+00 -2.0070e+00 +1.9906e+00 -2.4161e+00 -1.7940e-01 +1.8176e-01 -2.3832e+00 +1.0472e-01 +3.3414e+00
207 0 +3.342563032e+01 +3.342563032e+01 +4.419563032e+01 +4.419563032e+01 +1.5366e+00 -1.4148e+00 -1.1205e+00 +5.9617e-01 +7.6011e-01 +5.8355e+00 -9.5957e-01 -5.2291e+00 -1.5886e+00 -1.9884e+00 +1.1194e+00 +1.3952e+00 -1.0923e+00 +2.1020e+00 -2.1928e+00 -2.1132e-01 +3.0319e-01 -1.6648e+00 +9.5680e-02 +4.0379e+00
243 0 +3.290473488e+01 +3.290473488e+01 +4.367473488e+01 +4.367473488e+01 +5.8475e-01 -5.8093e-01 -1.9841e+00 +1.5596e+00 +7.8286e-01 +5.4419e+00 -1.7774e+00 -3.7633e+00 -1.6376e+00 -2.1275e+00 +2.5577e+00 +1.4232e+00 -8.2079e-01 +2.7144e+00 -2.0522e+00 -2.1957e-01 -1.7065e-01 -1.2978e+00 +1.2534e-01 +2.6281e+00
260 0 +3.170998949e+01 +3.170998949e+01 +4.247998949e+01 +4.247998949e+01 +5.7563e-01 -6.0007e-01 -1.4866e+00 +1.6630e+00 +6.1926e-01 +5.7307e+00 -1.8117e+00 -4.6553e+00 -1.7015e+00 -2.3820e+00 +2.3284e+00 +1.6358e+00 -1.5141e+00 +2.8811e+00 -1.7153e+00 -2.0883e-01 -2.5836e-01 -5.7310e-01 +1.1485e-01 +2.7800e+00
266 0 +3.046989615e+01 +3.046989615e+01 +4.123989615e+01 +4.123989615e+01 +1.5118e-01 -5.4296e-01 -6.6718e-01 +1.6835e-01 +7.6954e-01 +5.3459e+00 -2.0376e+00 -4.2883e+00 -1.5854e+00 -2.0142e+00 +2.6919e+00 +1.3475e+00 -1.8229e+00 +2.6230e+00 -2.1266e+00 -2.6803e-01 -2.8077e-01 -1.8576e+00 +1.3829e-01 +3.8293e+00
272 0 +2.720217180e+01 +2.720217180e+01 +3.797217180e+01 +3.797217180e+01 -5.7451e-02 -1.0739e+00 -4.7433e-01 -1.5873e-01 +6.7032e-01 +4.8630e+00 -1.9516e+00 -3.7829e+00 -1.0214e+00 -1.9692e+00 +2.8015e+00 +1.2644e+00 -1.4343e+00 +2.6770e+00 -2.1782e+00 -2.4059e-01 -2.8362e-01 -1.0976e+00 +1.3130e-01 +2.8614e+00
282 0 +2.611927919e+01 +2.611927919e+01 +3.688927919e+01 +3.688927919e+01 +4.1190e-01 -1.0345e+00 -1.1416e-01 +1.5622e-03 +5.8098e-01 +5.1933e+00 -2.0578e+00 -4.4907e+00 -2.5149e-01 -2.4598e+00 +2.6847e+00 +9.7441e-01 -1.2500e+00 +2.6681e+00 -1.9975e+00 -2.2418e-01 -3.9168e-01 -5.5836e-01 +1.1789e-01 +3.0529e+00
% f evaluations | g evaluations | best noise-free fitness - Fopt | noise-free fitness - Fopt (2.137000000000e+01) | measured fitness | best measured fitness | x1 | x2...
1 0 +8.022315502e+01 +8.022315502e+01 +1.015931550e+02 +1.015931550e+02 +0.0000e+00 +0.0000e+00 +0.0000e+00 +0.0000e+00 +0.0000e+00 +0.0000e+00 +0.0000e+00 +0.0000e+00 +0.0000e+00 +0.0000e+00 +0.0000e+00 +0.0000e+00 +0.0000e+00 +0.0000e+00 +0.0000e+00 +0.0000e+00 +0.0000e+00 +0.0000e+00 +0.0000e+00 +0.0000e+00
3 0 +7.954343111e+01 +7.954343111e+01 +1.009134311e+02 +1.009134311e+02 -9.8553e-01 -8.2263e-01 +8.7407e-01 -1.2631e-01 -3.3109e-01 +5.2382e-02 -5.2745e-02 +4.6665e-01 +1.4801e+00 +1.7203e+00 +1.6129e-02 +1.0312e+00 +8.9345e-01 -5.3480e-01 +4.4657e-02 -2.1680e-01 +1.0193e-01 -3.3973e-01 -3.3298e-01 +2.4203e+00
8 0 +7.913187391e+01 +7.913187391e+01 +1.005018739e+02 +1.005018739e+02 -4.3359e-01 -5.7143e-02 -3.1570e-01 -1.0388e-01 +1.0326e-01 -1.1516e+00 -1.1621e+00 +6.1957e-02 -7.0513e-01 -1.0485e+00 -9.5362e-02 +6.4896e-01 -1.0290e+00 -3.6954e-01 +4.1474e-02 -1.6283e-01 +5.3383e-01 -3.0532e-02 +1.4544e-01 -1.7926e+00
20 0 +7.364665498e+01 +7.364665498e+01 +9.501665498e+01 +9.501665498e+01 -2.0218e+00 -1.7919e+00 +4.5139e-01 +1.2393e-02 -5.9433e-01 -6.6584e-01 +9.5615e-02 +7.1984e-01 -5.3564e-01 +2.8445e-01 +5.0868e-02 +1.1606e+00 -1.5776e+00 -5.9438e-01 +5.5062e-03 -5.3080e-01 +2.7192e-01 -2.2160e-01 +6.0208e-02 +5.8221e-01
52 0 +7.207964327e+01 +7.207964327e+01 +9.344964327e+01 +9.344964327e+01 +5.7267e-01 +1.4771e+00 +1.1489e+00 +2.4458e-01 -5.7951e-02 -2.6868e+00 -1.2445e+00 +6.9848e-01 -1.3845e+00 -1.4190e+00 +6.8643e-02 +1.2867e+00 -1.7210e+00 -4.4209e-01 -2.1083e-02 +9.4857e-01 +9.2112e-01 -5.1431e-01 +6.2468e-02 +2.8553e+00
54 0 +6.885937594e+01 +6.885937594e+01 +9.022937594e+01 +9.022937594e+01 -1.2581e+00 +6.5313e-01 +9.2514e-01 +1.6971e-01 +4.3530e-01 -3.9298e+00 -7.9699e-01 +6.3364e-01 -1.4923e+00 +2.9115e-01 +1.6257e-01 +1.1535e+00 -2.4301e+00 -4.6732e-01 -2.5474e-02 +6.4019e-01 +1.0699e+00 -5.0205e-02 -1.2214e-01 +3.2189e+00
83 0 +6.758028394e+01 +6.758028394e+01 +8.895028394e+01 +8.895028394e+01 -9.8432e-01 +2.2762e-01 +1.1625e+00 +6.5038e-01 -4.6646e-01 -4.0754e+00 -1.1498e+00 +7.1819e-01 -1.3616e+00 -6.4409e-01 +1.4013e-01 +1.0324e+00 -2.6828e+00 -6.4977e-01 -4.5051e-02 +4.8301e-01 +1.1187e+00 -1.7567e-01 -1.4389e-01 +3.3525e+00
112 0 +6.606214464e+01 +6.606214464e+01 +8.743214464e+01 +8.743214464e+01 -1.3947e+00 -1.8443e-01 +1.2183e+00 +8.1307e-01 -6.3009e-01 -3.8174e+00 -4.0094e-01 +6.2380e-01 -1.8310e+00 +8.3402e-01 +1.1582e-01 +1.0725e+00 -1.9940e+00 -5.5693e-01 -5.5313e-02 +4.1167e-01 +9.5218e-01 -7.1331e-02 +5.8306e-03 +3.5198e+00
122 0 +6.402203517e+01 +6.402203517e+01 +8.539203517e+01 +8.539203517e+01 -1.4623e+00 -8.3859e-02 +9.6547e-01 +9.6474e-01 -7.4586e-01 -3.8044e+00 -2.0741e-02 +5.8547e-01 -2.3321e+00 +1.8463e-01 +2.0366e-01 +1.5637e+00 -2.0906e+00 -5.4460e-01 -5.8530e-02 +3.2191e-01 +1.1761e+00 -1.9710e-01 +3.6726e-02 +3.9114e+00
136 0 +6.277397462e+01 +6.277397462e+01 +8.414397462e+01 +8.414397462e+01 -1.5179e+00 -6.4068e-01 +8.4652e-01 +7.7368e-01 -7.6393e-01 -3.5854e+00 -4.2457e-01 +5.5486e-01 -1.6658e+00 +5.4122e-01 +1.9005e-01 +1.5326e+00 -1.5729e+00 -5.0057e-01 -5.1403e-02 +2.8914e-01 +1.2014e+00 -2.1491e-01 +2.6442e-02 +3.8805e+00
153 0 +6.119373736e+01 +6.119373736e+01 +8.256373736e+01 +8.256373736e+01 -1.8750e+00 -7.2806e-01 +8.4141e-01 +8.8437e-01 -1.1432e+00 -3.8294e+00 -3.7276e-01 +5.5897e-01 -1.3788e+00 -3.2188e-01 +1.6769e-01 +1.7551e+00 -1.6537e+00 -4.0436e-01 -5.8348e-02 +5.0785e-01 +1.0222e+00 -2.7799e-01 +7.0763e-02 +3.9936e+00
177 0 +6.020239614e+01 +6.020239614e+01 +8.157239614e+01 +8.157239614e+01 -1.9097e+00 -6.4097e-01 +8.2197e-01 +8.8733e-01 -1.1777e+00 -3.7097e+00 -5.4116e-01 +6.2239e-01 -1.8674e+00 +1.6435e-01 +2.2235e-01 +1.6295e+00 -1.1711e+00 -2.7625e-01 -6.1041e-02 +4.4586e-01 +1.1477e+00 -2.2020e-01 +1.4932e-01 +3.8838e+00
199 0 +5.886598686e+01 +5.886598686e+01 +8.023598686e+01 +8.023598686e+01 -1.1823e+00 -6.3513e-01 +6.6907e-01 +9.7963e-01 -1.3520e+00 -3.7495e+00 -7.9679e-01 +6.1219e-01 -1.7160e+00 +1.7843e-01 +1.9562e-01 +1.6164e+00 -8.9100e-01 -3.4681e-01 -4.3707e-02 +3.4186e-01 +1.0926e+00 -2.9320e-01 +1.6859e-01 +4.1417e+00
220 0 +5.749484425e+01 +5.749484425e+01 +7.886484425e+01 +7.886484425e+01 -1.3761e+00 -7.1290e-01 +5.8858e-01 +1.1233e+00 -1.3802e+00 -3.8507e+00 -7.5519e-01 +6.3334e-01 -2.0973e+00 +4.2482e-01 +1.9260e-01 +1.7755e+00 -1.1409e+00 -3.0149e-01 -5.4209e-02 +4.3479e-01 +9.8341e-01 -4.0090e-01 +1.4707e-01 +3.9230e+00
272 0 +5.594500661e+01 +5.594500661e+01 +7.731500661e+01 +7.731500661e+01 -1.0636e+00 -4.5955e-01 +5.6882e-01 +1.1661e+00 -1.3604e+00 -4.0331e+00 -9.5405e-01 +5.8762e-01 -1.8437e+00 -6.7758e-01 +2.2616e-01 +1.9157e+00 -1.2689e+00 -1.7375e-01 -5.7540e-02 +3.9765e-01 +9.0963e-01 -5.1154e-01 +8.2193e-02 +4.1143e+00
304 0 +5.451094359e+01 +5.451094359e+01 +7.588094359e+01 +7.588094359e+01 -1.6767e+00 -7.5326e-01 +4.3817e-01 +1.3385e+00 -1.4911e+00 -4.1510e+00 -8.6182e-01 +5.8993e-01 -1.6027e+00 +1.9306e-01 +2.4583e-01 +1.8742e+00 -1.0556e+00 -1.8756e-01 -4.9310e-02 +2.9816e-01 +8.9307e-01 -4.8877e-01 +6.1694e-02 +4.2733e+00
321 0 +5.345726045e+01 +5.345726045e+01 +7.482726045e+01 +7.482726045e+01 -1.3482e+00 -5.5500e-01 +4.2162e-01 +1.6585e+00 -1.4976e+00 -3.7047e+00 -8.6064e-01 +5.2387e-01 -1.8803e+00 -5.0456e-01 +2.6152e-01 +2.0152e+00 -1.3960e+00 -1.7342e-02 -5.7361e-02 +2.8198e-01 +8.3146e-01 -4.6831e-01 +1.0762e-01 +4.5589e+00
327 0 +5.154951222e+01 +5.154951222e+01 +7.291951222e+01 +7.291951222e+01 -2.5077e+00 -1.9990e-01 +1.6126e-01 +1.3906e+00 -1.5824e+00 -3.9555e+00 -1.4396e+00 +4.3750e-01 -1.7109e+00 +5.3899e-02 +2.5939e-01 +1.9289e+00 -1.1550e+00 +5.3191e-02 -5.0686e-02 +4.0117e-01 +7.3524e-01 -4.9243e-01 +1.6278e-01 +4.4068e+00
% f evaluations | g evaluations | best noise-free fitness - Fopt | noise-free fitness - Fopt (1.673000000000e+01) | measured fitness | best measured fitness | x1 | x2...
1 0 +8.066457634e+01 +8.066457634e+01 +9.739457634e+01 +9.739457634e+01 +0.0000e+00 +0.0000e+00 +0.0000e+00 +0.0000e+00 +0.0000e+00 +0.0000e+00 +0.0000e+00 +0.0000e+00 +0.0000e+00 +0.0000e+00 +0.0000e+00 +0.0000e+00 +0.0000e+00 +0.0000e+00 +0.0000e+00 +0.0000e+00 +0.0000e+00 +0.0000e+00 +0.0000e+00 +0.0000e+00
4 0 +7.311373088e+01 +7.311373088e+01 +8.984373088e+01 +8.984373088e+01 -1.3137e+00 +4.5877e-02 +7.7754e-01 -1.4498e+00 +4.2131e-01 -3.5415e-01 -1.5722e+00 -1.6895e+00 -7.5465e-01 -1.6261e+00 -5.8381e-02 +2.6372e+00 -4.8569e-01 -6.0573e-01 +9.0794e-02 -4.1881e-01 +3.2745e-01 -1.9020e+00 -8.8649e-02 +1.3009e-01
15 0 +6.929238656e+01 +6.929238656e+01 +8.602238656e+01 +8.602238656e+01 -4.0273e-01 +1.7056e-01 +5.4682e-01 +1.3187e-01 +6.8211e-01 -8.5362e-02 -2.1719e+00 +1.1777e+00 -7.4987e-01 -1.6851e+00 -1.0139e-01 +1.1336e+00 +2.8285e-01 -2.9565e+00 -1.6668e-01 -1.1137e+00 +6.5599e-01 -4.2029e+00 -1.1543e-01 +1.1742e-01
32 0 +6.740679105e+01 +6.740679105e+01 +8.413679105e+01 +8.413679105e+01 -1.8828e+00 -9.5335e-02 -1.4265e+00 +9.5527e-01 +6.4148e-02 +3.4669e-01 -7.0102e-01 -2.7879e-01 -6.7682e-01 -3.0055e+00 +4.3178e-01 +1.1266e+00 +1.0879e+00 -3.6683e+00 -3.3374e-02 +4.0210e-01 +7.6976e-01 -5.3056e+00 +2.1535e-02 -2.8832e-02
87 0 +6.493093171e+01 +6.493093171e+01 +8.166093171e+01 +8.166093171e+01 -2.1577e+00 -3.2947e-01 -8.7292e-01 +1.6916e+00 +7.4661e-01 +5.6324e-01 -1.3317e+00 -1.7991e+00 -7.7353e-01 -2.2728e+00 +1.1319e+00 +3.3165e-01 +9.6656e-01 -5.7441e+00 +8.5595e-02 -1.3818e+00 +4.4701e-01 -4.3607e+00 +8.6187e-02 +1.9424e-01
115 0 +6.444090371e+01 +6.444090371e+01 +8.117090371e+01 +8.117090371e+01 -1.8578e+00 -3.7637e-01 -1.4201e+00 +4.8714e-01 +1.3071e+00 +6.3825e-01 -1.5200e+00 -1.1937e+00 +3.4750e-02 -2.5822e+00 +6.5004e-01 -3.2161e-01 -5.7205e-02 -4.7439e+00 +5.3412e-01 +2.5850e-01 +4.0119e-01 -5.5600e+00 +3.3627e-02 +1.6036e-01
122 0 +6.211981667e+01 +6.211981667e+01 +7.884981667e+01 +7.884981667e+01 -1.5027e+00 -4.1780e-01 -9.5872e-01 +1.4738e-01 +1.2808e+00 +6.8934e-01 -1.9998e+00 -1.6263e+00 +1.2958e+00 -2.4322e+00 +4.2170e-01 +6.4577e-01 -1.0624e-01 -4.6026e+00 -1.7132e-02 -6.1830e-02 +6.2633e-01 -5.1703e+00 +9.4031e-02 -4.2404e-02
147 0 +6.135065091e+01 +6.135065091e+01 +7.808065091e+01 +7.808065091e+01 -1.5440e+00 -3.6471e-01 -1.6590e+00 +7.3196e-01 +1.6770e+00 +7.7100e-01 -2.4637e+00 -3.1386e-01 +9.5074e-02 -2.9921e+00 +2.6678e-01 +4.3779e-01 -1.1177e-01 -5.1298e+00 +2.1827e-02 -6.9401e-01 +7.0634e-01 -4.8044e+00 +1.5338e-01 +1.6637e-02
213 0 +6.006969781e+01 +6.006969781e+01 +7.679969781e+01 +7.679969781e+01 -2.1504e+00 -1.7300e-02 -1.7937e+00 +9.3896e-01 +1.1332e+00 +7.9030e-01 -1.6948e+00 -4.1743e-01 +4.6909e-01 -1.9233e+00 +5.9182e-01 +4.2883e-01 -4.1023e-01 -4.6383e+00 -3.3261e-02 -3.8348e-01 +5.6050e-01 -5.0430e+00 +5.9870e-02 +1.5448e-04
235 0 +5.881246492e+01 +5.881246492e+01 +7.554246492e+01 +7.554246492e+01 -2.3925e+00 +6.5316e-02 -1.9995e+00 +7.1936e-01 +1.5099e+00 +8.2079e-01 -1.5326e+00 -5.3968e-01 +2.0444e-01 -1.9602e+00 +6.3714e-01 +8.3437e-01 -5.0524e-01 -4.7632e+00 +1.1889e-02 -5.3751e-01 +4.9998e-01 -5.2114e+00 +6.8117e-02 -3.1615e-03
265 0 +5.737917811e+01 +5.737917811e+01 +7.410917811e+01 +7.410917811e+01 -2.5570e+00 +6.4067e-02 -1.6574e+00 +4.5614e-01 +1.5566e+00 +7.7318e-01 -1.2672e+00 -1.1060e+00 +3.3906e-01 -2.1666e+00 +7.8682e-01 +6.8825e-01 -3.5241e-01 -5.0959e+00 +2.6933e-02 -5.0053e-01 +3.8330e-01 -5.1736e+00 +9.0834e-02 +5.5381e-02
273 0 +5.573453771e+01 +5.573453771e+01 +7.246453771e+01 +7.246453771e+01 -2.4632e+00 +8.5357e-02 -1.6128e+00 +3.8191e-01 +2.0139e+00 +6.9579e-01 -7.8156e-01 -1.0615e+00 +5.4046e-02 -2.1130e+00 +7.7125e-01 +8.7063e-01 -5.2342e-01 -5.1384e+00 +3.5106e-02 -5.9377e-01 +6.1734e-01 -5.3572e+00 +9.1304e-02 +3.6113e-02
304 0 +5.260247587e+01 +5.260247587e+01 +6.933247587e+01 +6.933247587e+01 -2.6251e+00 +2.5504e-01 -1.4683e+00 +1.0846e+00 +2.6868e+00 +5.9686e-01 -1.3255e+00 -2.7014e-01 +8.0055e-01 -1.8138e+00 +7.2769e-01 +4.0617e-01 -4.2255e-01 -5.6822e+00 -2.8160e-01 -5.9899e-01 +4.1002e-01 -4.7934e+00 +3.6433e-02 +5.6754e-02
342 0 +5.212675038e+01 +5.212675038e+01 +6.885675038e+01 +6.885675038e+01 -2.2553e+00 +1.0300e-02 -1.7786e+00 +9.4730e-02 +2.5573e+00 +7.2671e-01 -1.6183e+00 -6.2393e-01 -5.0349e-02 -1.4058e+00 +9.3536e-01 -2.8992e-01 -1.0635e+00 -5.0179e+00 -5.6042e-01 -1.4001e+00 +9.6023e-02 -4.9621e+00 +3.5925e-02 +4.7318e-02
690 0 +5.125612288e+01 +5.125612288e+01 +6.798612288e+01 +6.798612288e+01 -2.9002e+00 +7.1342e-01 -1.1599e+00 -1.1100e+00 +3.2131e+00 +6.8559e-01 -1.0846e+00 -1.3660e+00 +1.3640e+00 -7.2613e-01 +1.2809e+00 +1.5532e+00 -2.2224e+00 -4.6655e+00 -1.4536e+00 -1.6704e+00 +1.1584e+00 -5.5753e+00 -2.7405e-01 -3.2572e-01
% f evaluations | g evaluations | best noise-free fitness - Fopt | noise-free fitness - Fopt (1.000000000000e+03) | measured fitness | best measured fitness | x1 | x2...
1 0 +7.348553402e+01 +7.348553402e+01 +1.073485534e+03 +1.073485534e+03 +0.0000e+00 +0.0000e+00 +0.0000e+00 +0.0000e+00 +0.0000e+00 +0.0000e+00 +0.0000e+00 +0.0000e+00 +0.0000e+00 +0.0000e+00 +0.0000e+00 +0.0000e+00 +0.0000e+00 +0.0000e+00 +0.0000e+00 +0.0000e+00 +0.0000e+00 +0.0000e+00 +0.0000e+00 +0.0000e+00
3 0 +6.899702861e+01 +6.899702861e+01 +1.068997029e+03 +1.068997029e+03 -8.5935e-02 +1.2215e-01 +3.6676e-02 -8.4218e-01 +1.1119e-02 -3.5035e-01 +3.3752e-01 -2.2030e+00 +2.0057e+00 +3.1188e-01 +3.8073e-01 -3.0810e-02 -4.6715e-03 +5.2240e-02 -4.5923e-02 +6.6107e-01 -8.2660e-02 +1.4907e+00 +7.2102e-01 -1.5596e-01
10 0 +6.600998649e+01 +6.600998649e+01 +1.066009986e+03 +1.066009986e+03 +1.3438e-01 +6.9095e-02 +2.6734e-02 -8.4604e-01 +4.0394e-02 -1.7726e+00 -8.2571e-02 -6.7449e-01 +2.7427e-01 +1.5810e-01 -1.8324e-01 +6.6816e-01 -3.3506e-01 -7.7888e-01 +2.2700e-02 -1.7692e-01 +3.1595e-02 +4.6618e+00 +7.8607e-01 +9.2344e-02
15 0 +6.138572326e+01 +6.138572326e+01 +1.061385723e+03 +1.061385723e+03 +2.0363e-01 +2.0535e-01 +1.0204e-01 -4.2169e-01 -5.3789e-02 +4.9045e-01 +4.6352e-01 -1.8918e+00 +1.1658e+00 +3.9366e-02 -2.6070e-01 +1.2674e+00 -1.1974e+00 -1.9779e+00 -2.7141e-02 -7.8389e-02 -2.1160e-01 +2.7493e+00 +2.5542e+00 -1.5222e-01
34 0 +6.015787053e+01 +6.015787053e+01 +1.060157871e+03 +1.060157871e+03 +3.2588e-01 -2.4036e-02 +1.0034e-01 -1.1643e+00 -7.4669e-02 -5.4966e-02 +2.3289e-01 -1.9018e+00 +1.1600e+00 +6.1543e-01 -4.9934e-01 +1.0287e+00 -7.8696e-01 -4.6241e+00 +9.9464e-02 -1.9102e-02 -3.3721e-02 +5.0094e+00 +2.9408e+00 +3.0243e-01
50 0 +5.819355781e+01 +5.819355781e+01 +1.058193558e+03 +1.058193558e+03 +6.0131e-01 +1.2919e-01 +6.1350e-02 -1.4926e+00 -7.8230e-02 +1.4840e+00 +3.3270e-01 -2.1495e+00 +2.1644e-01 +5.2780e-01 +9.6333e-02 +1.0524e+00 -1.0874e+00 -2.4430e+00 -1.6951e-01 -5.7689e-01 -1.7580e-01 +3.5677e+00 +2.9334e+00 -1.5482e-01
55 0 +5.330925632e+01 +5.330925632e+01 +1.053309256e+03 +1.053309256e+03 +5.3734e-01 +1.2811e-01 +1.0130e-01 -2.0280e+00 -8.9103e-02 +6.7551e-01 +5.0568e-01 -1.0666e+00 -8.8039e-02 +3.3774e-01 -1.5408e-01 +1.1606e+00 -1.2208e+00 -2.7498e+00 -1.8653e-01 -9.4904e-01 -2.2223e-01 +3.8365e+00 +3.0551e+00 +1.9387e-01
119 0 +5.079847668e+01 +5.079847668e+01 +1.050798477e+03 +1.050798477e+03 +1.4454e+00 -1.2196e-01 -8.7157e-02 -2.7231e+00 -1.6921e-01 +5.4948e-01 +9.8194e-01 +8.3021e-01 +1.1194e+00 +9.6598e-02 -9.5787e-01 +8.4991e-01 -1.2702e+00 -4.3836e-01 -3.2742e-01 +1.0174e-01 -6.2396e-01 +3.0526e+00 +2.2287e+00 +3.4997e-01
% f evaluations | g evaluations | best noise-free fitness - Fopt | noise-free fitness - Fopt (-1.079600000000e+02) | measured fitness | best measured fitness | x1 | x2...
1 0 +8.161629082e+01 +8.161629082e+01 -2.634370918e+01 -2.634370918e+01 +0.0000e+00 +0.0000e+00 +0.0000e+00 +0.0000e+00 +0.0000e+00 +0.0000e+00 +0.0000e+00 +0.0000e+00 +0.0000e+00 +0.0000e+00 +0.0000e+00 +0.0000e+00 +0.0000e+00 +0.0000e+00 +0.0000e+00 +0.0000e+00 +0.0000e+00 +0.0000e+00 +0.0000e+00 +0.0000e+00
5 0 +8.084029126e+01 +8.084029126e+01 -2.711970874e+01 -2.711970874e+01 +5.1738e-01 -3.5439e-01 +1.8653e+00 -7.7395e-01 -1.1556e+00 -2.5758e+00 -4.2871e-01 +1.8656e-01 +1.2191e-01 +1.1550e+00 +6.9872e-02 -4.7413e-02 -8.0108e-02 +5.7179e-02 +5.0418e-01 -5.8905e-01 +9.7691e-02 -2.5191e-01 -6.6061e-01 -5.4963e-01
13 0 +7.904967461e+01 +7.904967461e+01 -2.891032539e+01 -2.891032539e+01 -1.7891e-01 -5.6884e-01 +1.2687e-01 +1.2473e+00 -6.1526e-02 -4.0618e+00 +3.7425e-01 +3.5863e-02 +6.8989e-01 +5.6629e-01 +1.3633e-01 -2.9979e-01 +2.1773e-02 +7.9778e-02 +1.1387e+00 -9.9368e-01 +1.7708e-01 -1.7454e+00 -5.7816e-01 -4.5350e-01
18 0 +7.614419249e+01 +7.614419249e+01 -3.181580751e+01 -3.181580751e+01 -1.3231e-01 +4.9044e-01 -3.3476e-01 +4.9613e-01 -1.2329e+00 -2.3013e+00 -1.7548e+00 +3.5253e-02 +1.7328e-01 +2.8223e+00 +8.6271e-02 -1.0702e-01 -8.7432e-02 +4.7129e-02 +2.4236e-01 -3.0232e-01 +1.4087e-01 -8.9293e-01 -9.6158e-01 -1.0042e+00
25 0 +7.544640848e+01 +7.544640848e+01 -3.251359152e+01 -3.251359152e+01 -1.6410e-01 -9.5812e-01 +1.9654e+00 +1.7219e+00 -6.4844e-01 -4.4211e+00 -1.1144e-01 +3.0573e-01 +1.4855e+00 +1.6035e+00 +1.9752e-01 -9.7230e-01 +8.4734e-02 +6.1925e-02 -1.4744e-03 -4.0719e-01 +1.0627e-01 -2.4900e+00 -9.0916e-01 -4.2878e-01
32 0 +7.227567741e+01 +7.227567741e+01 -3.568432259e+01 -3.568432259e+01 -6.6657e-01 -3.3094e-01 +1.1135e+00 +1.4448e+00 +3.3206e-01 -4.9936e+00 -9.0059e-02 +7.3417e-02 +6.8039e-01 +3.2583e+00 +2.8394e-02 -4.5370e-01 -6.3118e-02 +6.5257e-02 -2.2758e-01 +1.7068e-01 -5.3715e-02 +4.7560e-01 -6.9855e-01 -1.2574e+00
51 0 +6.942031240e+01 +6.942031240e+01 -3.853968760e+01 -3.853968760e+01 -3.3706e-01 -2.7368e-01 +1.4210e+00 +2.1344e+00 -5.5578e-02 -4.7854e+00 -9.2616e-01 -5.5399e-02 +1.3544e+00 +2.3448e+00 -7.0617e-02 -6.5775e-01 -3.8335e-02 +5.1808e-02 -1.2232e+00 +3.5943e-01 -3.2457e-02 +4.0921e-01 -5.4082e-01 -1.5705e+00
59 0 +6.846626208e+01 +6.846626208e+01 -3.949373792e+01 -3.949373792e+01 -3.9164e-01 -3.0884e-01 +2.4104e+00 +3.4309e+00 -5.6165e-01 -5.8835e+00 -4.2449e-01 -1.3633e-01 +1.6169e+00 +4.1623e+00 +7.8963e-02 -2.2348e-01 -1.5348e-01 +4.9907e-02 -1.4894e+00 -1.2618e-02 -4.0047e-02 +1.1138e+00 -5.0699e-01 -1.8091e+00
92 0 +6.584432937e+01 +6.584432937e+01 -4.211567063e+01 -4.211567063e+01 -9.2838e-01 -4.7110e-02 +2.0366e+00 +1.8292e+00 -3.2770e-01 -4.0129e+00 -5.8400e-01 -1.4671e-01 +1.4152e+00 +2.7569e+00 +1.9754e-01 -4.2870e-01 -1.8232e-01 +6.6115e-02 -2.0426e+00 -2.8740e-01 -6.3980e-02 -2.0008e-01 -7.9282e-01 -2.4029e+00
131 0 +6.280007828e+01 +6.280007828e+01 -4.515992172e+01 -4.515992172e+01 -1.0123e+00 -7.5219e-02 +2.9657e+00 +1.8429e+00 -5.8511e-01 -5.2447e+00 -5.3960e-01 -4.3901e-01 +1.5572e+00 +2.4621e+00 +2.3341e-01 -5.6507e-01 -2.5894e-01 +6.7652e-02 -3.1659e+00 +6.9259e-01 -1.8795e-02 -5.1558e-01 -5.6395e-01 -2.0497e+00
146 0 +6.094368530e+01 +6.094368530e+01 -4.701631470e+01 -4.701631470e+01 -1.0894e+00 +2.9729e-02 +2.7124e+00 +1.6548e+00 -5.6246e-01 -4.4882e+00 -5.7217e-01 -4.4639e-01 +1.7983e+00 +2.2999e+00 +2.8178e-01 -4.8272e-01 -2.6478e-01 +8.1969e-02 -2.8957e+00 +6.3426e-01 -1.2256e-01 -5.5429e-01 -4.6935e-01 -1.9846e+00
162 0 +5.873854897e+01 +5.873854897e+01 -4.922145103e+01 -4.922145103e+01 -1.3464e+00 +7.0123e-02 +2.2618e+00 +1.7512e+00 -8.6857e-01 -4.1118e+00 +8.7373e-02 -3.1948e-01 +1.6976e+00 +2.9105e+00 +3.5346e-01 -5.9477e-01 -2.3895e-01 +1.0175e-01 -3.0084e+00 +7.6634e-01 -2.5599e-01 +2.2894e-01 -3.2890e-01 -1.8312e+00
% f evaluations | g evaluations | best noise-free fitness - Fopt | noise-free fitness - Fopt (-3.025900000000e+02) | measured fitness | best measured fitness | x1 | x2...
1 0 +8.117874841e+01 +8.117874841e+01 -2.214112516e+02 -2.214112516e+02 +0.0000e+00 +0.0000e+00 +0.0000e+00 +0.0000e+00 +0.0000e+00 +0.0000e+00 +0.0000e+00 +0.0000e+00 +0.0000e+00 +0.0000e+00 +0.0000e+00 +0.0000e+00 +0.0000e+00 +0.0000e+00 +0.0000e+00 +0.0000e+00 +0.0000e+00 +0.0000e+00 +0.0000e+00 +0.0000e+00
2 0 +8.002970819e+01 +8.002970819e+01 -2.225602918e+02 -2.225602918e+02 +3.3990e-01 -2.5296e-01 -1.2186e+00 -4.9194e-01 -9.3268e-01 +3.7907e-02 -4.6064e-01 +3.6234e-03 +1.7101e+00 -1.4624e+00 -6.0215e-01 -3.5678e-01 +2.3861e-01 -2.3548e-02 +3.6684e-01 +6.4915e-02 -4.7660e-01 +1.2094e-02 -5.8760e-01 +2.2745e+00
10 0 +7.687080267e+01 +7.687080267e+01 -2.257191973e+02 -2.257191973e+02 +3.5524e-02 -8.5922e-01 +1.3210e+00 +1.6821e-01 +8.4807e-01 +9.1709e-02 +9.1607e-01 -3.7881e-02 +1.2792e+00 -8.4478e-01 -2.4645e+00 -4.6504e-01 -2.1857e-01 +4.2352e-02 +8.4335e-04 +1.0002e+00 +3.1171e-01 +9.5170e-01 +9.2797e-01 -3.1528e+00
11 0 +7.276892037e+01 +7.276892037e+01 -2.298210796e+02 -2.298210796e+02 +1.0070e-01 +6.3901e-01 -2.0673e+00 -7.9876e-01 -2.9953e-01 +3.0153e-01 +8.2762e-03 +1.8767e-01 -3.1600e+00 -1.2860e-01 -1.9493e+00 +5.0905e-02 -2.5018e-02 +6.8942e-02 -2.8099e-01 +6.6897e-01 +5.5303e-01 +1.2540e+00 -1.7560e+00 -1.2141e+00
14 0 +7.016829837e+01 +7.016829837e+01 -2.324217016e+02 -2.324217016e+02 +2.8084e-01 -9.4553e-02 -7.5227e-01 +3.2683e-01 -2.8421e-01 +9.6366e-02 +9.6237e-01 +2.4020e-01 -3.2745e-01 +2.0309e-01 -3.1823e+00 -2.2474e-01 -8.2526e-02 +3.0605e-02 -1.7693e-01 +1.0467e+00 +9.5141e-01 +1.3856e+00 -2.1770e-02 -2.1748e+00
23 0 +6.826935568e+01 +6.826935568e+01 -2.343206443e+02 -2.343206443e+02 -9.5560e-02 +1.0402e-01 +1.0142e-01 -8.6268e-01 -4.8937e-01 +3.3298e-01 +8.6666e-03 +4.1192e-01 -4.0947e-01 -2.2814e-01 -5.6529e+00 -7.9400e-01 -1.8227e-01 +1.7404e-02 +4.7652e-01 +1.7038e+00 -1.2937e-01 +1.2302e+00 +1.6213e+00 -2.7489e+00
26 0 +6.667042208e+01 +6.667042208e+01 -2.359195779e+02 -2.359195779e+02 -3.9149e-01 -9.0184e-02 +6.8349e-02 -5.3597e-02 +1.0132e+00 +1.0955e+00 +7.1034e-01 +2.2794e-01 -2.6854e+00 -2.4177e-01 -4.2562e+00 -4.1764e-01 -4.8659e-01 +6.8863e-02 -4.3770e-01 +1.2665e+00 +1.0152e+00 +1.2807e+00 -1.8993e-01 -5.7728e+00
32 0 +6.530959590e+01 +6.530959590e+01 -2.372804041e+02 -2.372804041e+02 -7.5131e-02 +3.2278e-01 +1.7736e-01 +3.6301e-01 +2.2876e-01 +3.3511e-01 -2.3054e-01 +1.3027e-01 -3.0395e+00 -7.4473e-01 -4.5755e+00 -4.7302e-01 -6.9080e-01 +6.0770e-02 -9.6606e-01 +9.4448e-01 +5.9278e-01 +1.4110e+00 +6.9946e-01 -3.2142e+00
43 0 +6.241884629e+01 +6.241884629e+01 -2.401711537e+02 -2.401711537e+02 -4.2736e-01 +4.5014e-01 +7.4651e-02 +1.4390e+00 +2.7276e-01 +2.1398e-01 -3.7964e-01 +1.3827e-01 -1.6886e+00 -3.0758e-01 -5.6379e+00 -5.7062e-02 -7.5218e-01 +8.5170e-02 -7.5218e-01 +7.1992e-01 -4.4854e-01 +1.0283e+00 +3.6082e-01 -4.0362e+00
62 0 +6.099354945e+01 +6.099354945e+01 -2.415964506e+02 -2.415964506e+02 +3.2933e-01 +5.3616e-01 +1.0690e+00 +4.3203e-01 +1.6370e-01 +2.1337e-01 +3.5121e-01 +1.8944e-01 -1.3631e+00 -7.5461e-01 -4.7666e+00 -5.6401e-01 -6.8640e-01 +1.1087e-01 -1.2314e+00 +7.4491e-01 -2.4142e-01 +1.8382e+00 +6.1311e-01 -5.9770e+00
75 0 +5.240286004e+01 +5.240286004e+01 -2.501871400e+02 -2.501871400e+02 +3.7750e-01 +8.5605e-01 -7.6775e-01 +6.9720e-01 +1.0848e+00 -1.3305e-01 -4.3558e-01 +3.6255e-01 -2.9383e+00 -7.2740e-01 -4.5637e+00 -5.6419e-01 -6.1501e-01 +7.3241e-02 -1.2309e+00 +6.9940e-01 +7.3865e-01 +1.6438e+00 -1.8953e-02 -5.3643e+00
149 0 +4.898789485e+01 +4.898789485e+01 -2.536021051e+02 -2.536021051e+02 -1.9709e-01 +8.8024e-01 -2.2748e+00 +1.5130e+00 +8.4159e-01 +9.4075e-01 -9.7272e-01 -4.9137e-02 -8.9358e-01 -7.2188e-01 -5.6605e+00 -4.0941e-01 -2.2875e-01 +2.4562e-01 -1.6218e+00 +1.4183e+00 +1.1968e-01 +2.1184e+00 +4.7236e-01 -5.5228e+00
178 0 +4.769720044e+01 +4.769720044e+01 -2.548927996e+02 -2.548927996e+02 -3.5160e-01 +5.9115e-01 -2.4139e+00 +1.7874e+00 +1.1860e+00 +8.8759e-01 -6.5514e-01 -2.4163e-01 -1.3717e+00 +9.5530e-02 -5.7193e+00 -7.2381e-01 -5.1618e-01 +2.2276e-01 -1.3765e+00 +7.6277e-01 +4.0746e-01 +1.6802e+00 -3.0094e-01 -4.6516e+00
204 0 +4.669076872e+01 +4.669076872e+01 -2.558992313e+02 -2.558992313e+02 -2.4909e-01 +8.8093e-01 -2.9364e+00 +1.6437e+00 +9.8382e-01 +8.6256e-01 -4.8358e-01 -1.9773e-01 -1.9342e+00 +1.8481e-02 -5.6750e+00 -3.9992e-01 -2.1273e-01 +2.4662e-01 -1.0252e+00 +1.4956e+00 +7.0651e-01 +1.4659e+00 -3.7693e-01 -4.2235e+00
216 0 +4.545893461e+01 +4.545893461e+01 -2.571310654e+02 -2.571310654e+02 -3.3540e-01 +8.5039e-01 -2.1139e+00 +1.5820e+00 +9.1480e-01 +8.7552e-01 -4.2094e-01 -2.4709e-01 -1.8390e+00 +4.3215e-01 -4.8106e+00 -5.8754e-01 -2.3399e-01 +2.1575e-01 -9.9711e-01 +1.4008e+00 +6.4412e-01 +1.4774e+00 +6.9379e-02 -3.7164e+00
226 0 +4.191075339e+01 +4.191075339e+01 -2.606792466e+02 -2.606792466e+02 -3.3364e-01 +1.1871e+00 -2.2732e+00 +1.7088e+00 +1.1192e+00 +9.2474e-01 -4.6307e-01 -1.8135e-01 -3.5821e+00 +4.0760e-01 -4.6217e+00 -7.0285e-01 -3.6926e-01 +2.0058e-01 -1.3198e+00 +1.2590e+00 +4.6693e-01 +1.6739e+00 +2.8409e-01 -4.1545e+00
234 0 +4.071924194e+01 +4.071924194e+01 -2.618707581e+02 -2.618707581e+02 -1.7986e-01 +9.6757e-01 -3.1883e+00 +1.6165e+00 +1.3234e+00 +8.8464e-01 -6.1221e-01 -2.6963e-01 -3.0181e+00 +8.3090e-01 -5.1612e+00 -6.7959e-01 -2.8725e-01 +2.0107e-01 -1.2015e+00 +1.4239e+00 +6.4397e-01 +1.8305e+00 +3.7642e-01 -4.7261e+00
237 0 +3.930320266e+01 +3.930320266e+01 -2.632867973e+02 -2.632867973e+02 -2.4940e-01 +8.1645e-01 -2.7122e+00 +1.6965e+00 +1.5560e+00 +1.2422e+00 -4.7549e-01 -3.7650e-01 -3.0456e+00 +3.4850e-01 -4.7724e+00 -6.1193e-01 -3.3293e-01 +2.3937e-01 -1.7260e+00 +1.3885e+00 +7.6420e-01 +1.6996e+00 +4.9700e-01 -4.0601e+00
242 0 +3.860400527e+01 +3.860400527e+01 -2.639859947e+02 -2.639859947e+02 -1.9299e-01 +1.1455e+00 -3.1507e+00 +1.9702e+00 +1.6322e+00 +1.0171e+00 -6.9746e-01 -2.3055e-01 -3.6644e+00 +6.3924e-01 -3.9407e+00 -4.7667e-01 -2.9907e-01 +2.0556e-01 -1.8268e+00 +1.8178e+00 +4.8336e-01 +1.8575e+00 +2.5149e-01 -4.7761e+00
249 0 +3.738899312e+01 +3.738899312e+01 -2.652010069e+02 -2.652010069e+02 -1.2144e-01 +9.6055e-01 -2.6032e+00 +1.7242e+00 +1.6065e+00 +8.0415e-01 -6.3413e-01 -2.3693e-01 -2.8038e+00 +8.9854e-01 -5.2776e+00 -7.1272e-01 -4.8068e-01 +2.1152e-01 -1.5247e+00 +1.3977e+00 +7.9283e-01 +1.7574e+00 +1.9207e-01 -4.8612e+00
251 0 +3.643438806e+01 +3.643438806e+01 -2.661556119e+02 -2.661556119e+02 -1.3951e-01 +1.1349e+00 -3.3413e+00 +1.8721e+00 +1.7644e+00 +1.1143e+00 -5.7495e-01 -3.0110e-01 -3.9492e+00 +7.0606e-01 -5.0542e+00 -6.1265e-01 -1.6366e-01 +2.2596e-01 -1.7346e+00 +1.3287e+00 +4.4223e-01 +1.6845e+00 +8.6235e-01 -3.7912e+00
489 0 +3.569311144e+01 +3.569311144e+01 -2.668968886e+02 -2.668968886e+02 -2.4695e-01 +1.1256e+00 -3.5852e+00 +2.0506e+00 +1.6691e+00 +1.7625e+00 -6.0097e-01 -3.4822e-01 -4.2844e+00 +9.8691e-01 -4.1280e+00 -7.6418e-01 -4.0449e-01 +2.1942e-01 -1.6258e+00 +1.6359e+00 +4.7387e-01 +1.2137e+00 +1.0970e-01 -3.6033e+00
512 0 +3.547850712e+01 +3.547850712e+01 -2.671114929e+02 -2.671114929e+02 -2.3946e-01 +1.1363e+00 -3.5359e+00 +2.0667e+00 +1.6095e+00 +1.7631e+00 -7.0386e-01 -3.3506e-01 -4.2115e+00 +9.1031e-01 -4.1283e+00 -7.2062e-01 -4.3061e-01 +2.2126e-01 -1.5883e+00 +1.8014e+00 +4.6356e-01 +1.1777e+00 +3.3027e-01 -3.5801e+00
546 0 +3.467147094e+01 +3.467147094e+01 -2.679185291e+02 -2.679185291e+02 -2.5555e-01 +1.1822e+00 -3.6161e+00 +2.0440e+00 +1.5651e+00 +1.7929e+00 -6.1856e-01 -3.2876e-01 -4.1156e+00 +9.5328e-01 -4.4801e+00 -6.8840e-01 -4.3758e-01 +2.1563e-01 -1.5828e+00 +1.7710e+00 +3.8013e-01 +1.2389e+00 +2.4245e-01 -3.8231e+00
591 0 +3.378786646e+01 +3.378786646e+01 -2.688021335e+02 -2.688021335e+02 -2.4394e-01 +1.2002e+00 -3.5614e+00 +2.0541e+00 +1.6245e+00 +1.7670e+00 -6.1561e-01 -3.2247e-01 -4.0058e+00 +9.6075e-01 -4.5434e+00 -6.7306e-01 -4.1537e-01 +2.1828e-01 -1.6376e+00 +1.7328e+00 +3.2295e-01 +1.2676e+00 +3.8912e-01 -3.8599e+00
620 0 +3.291781849e+01 +3.291781849e+01 -2.696721815e+02 -2.696721815e+02 -2.1606e-01 +1.2214e+00 -3.5617e+00 +2.0077e+00 +1.6124e+00 +1.7769e+00 -6.2358e-01 -3.1389e-01 -3.8942e+00 +9.9126e-01 -4.6448e+00 -6.8808e-01 -4.0930e-01 +2.2165e-01 -1.6570e+00 +1.7567e+00 +3.4142e-01 +1.2410e+00 +3.6934e-01 -3.7406e+00
632 0 +3.216480536e+01 +3.216480536e+01 -2.704251946e+02 -2.704251946e+02 -2.1303e-01 +1.2254e+00 -3.6986e+00 +2.0122e+00 +1.5647e+00 +1.7733e+00 -6.2797e-01 -3.1688e-01 -3.8474e+00 +9.9148e-01 -4.8051e+00 -6.6148e-01 -4.0301e-01 +2.1722e-01 -1.7301e+00 +1.8528e+00 +3.1732e-01 +1.2418e+00 +3.2018e-01 -3.8843e+00
653 0 +3.160713903e+01 +3.160713903e+01 -2.709828610e+02 -2.709828610e+02 -2.1324e-01 +1.2107e+00 -3.5938e+00 +2.0643e+00 +1.5399e+00 +1.7963e+00 -6.1565e-01 -3.1664e-01 -3.6964e+00 +9.9268e-01 -4.9324e+00 -6.7593e-01 -3.8608e-01 +2.2051e-01 -1.7505e+00 +1.8130e+00 +3.0192e-01 +1.2274e+00 +3.8533e-01 -3.8889e+00
696 0 +3.064302392e+01 +3.064302392e+01 -2.719469761e+02 -2.719469761e+02 -1.5686e-01 +1.1980e+00 -3.7348e+00 +2.0519e+00 +1.5723e+00 +1.7534e+00 -6.1062e-01 -3.2986e-01 -3.5186e+00 +9.9481e-01 -5.0866e+00 -6.3687e-01 -3.6040e-01 +2.1696e-01 -1.8301e+00 +1.8122e+00 +2.5210e-01 +1.2106e+00 +6.1349e-01 -3.9613e+00
726 0 +2.932168342e+01 +2.932168342e+01 -2.732683166e+02 -2.732683166e+02 -8.0125e-02 +1.2473e+00 -3.6838e+00 +2.0192e+00 +1.4908e+00 +1.7210e+00 -7.0559e-01 -2.8846e-01 -3.6657e+00 +1.0763e+00 -5.3593e+00 -5.9615e-01 -2.2620e-01 +2.2205e-01 -1.9134e+00 +1.9162e+00 +1.8299e-01 +1.0491e+00 +4.8420e-01 -3.8397e+00
763 0 +2.882052648e+01 +2.882052648e+01 -2.737694735e+02 -2.737694735e+02 -4.0629e-02 +1.2647e+00 -3.4782e+00 +2.2195e+00 +1.7538e+00 +1.6327e+00 -8.1158e-01 -3.2908e-01 -2.9301e+00 +8.8044e-01 -4.6350e+00 -4.9131e-01 -3.2945e-01 +2.1409e-01 -2.3420e+00 +1.8008e+00 +1.6565e-01 +9.0923e-01 +4.2586e-01 -4.2062e+00
768 0 +2.816668381e+01 +2.816668381e+01 -2.744233162e+02 -2.744233162e+02 -3.0191e-02 +1.1945e+00 -3.6805e+00 +2.1695e+00 +1.7677e+00 +1.6908e+00 -7.5558e-01 -3.6300e-01 -2.9296e+00 +8.4015e-01 -5.2979e+00 -6.0934e-01 -2.8815e-01 +2.2783e-01 -2.1650e+00 +1.8575e+00 +1.8848e-01 +8.6122e-01 +5.1694e-01 -3.9537e+00
779 0 +2.740780144e+01 +2.740780144e+01 -2.751821986e+02 -2.751821986e+02 -9.0110e-03 +1.1094e+00 -3.3501e+00 +2.2126e+00 +1.4008e+00 +1.7361e+00 -7.7093e-01 -3.3917e-01 -3.1042e+00 +7.6630e-01 -5.1734e+00 -5.8985e-01 -2.9872e-01 +2.2362e-01 -2.2234e+00 +1.9051e+00 +1.1003e-01 +9.1007e-01 +5.3861e-01 -3.8921e+00
803 0 +2.675985890e+01 +2.675985890e+01 -2.758301411e+02 -2.758301411e+02 +2.7134e-02 +1.1268e+00 -3.8027e+00 +2.0129e+00 +1.8813e+00 +1.5240e+00 -9.0268e-01 -3.1235e-01 -3.0502e+00 +9.5566e-01 -4.9743e+00 -5.6718e-01 -3.5568e-01 +2.1451e-01 -2.2974e+00 +2.3812e+00 -1.8322e-01 +8.9344e-01 +3.5472e-01 -3.5235e+00
901 0 +2.583168173e+01 +2.583168173e+01 -2.767583183e+02 -2.767583183e+02 +2.8456e-02 +1.1098e+00 -4.0721e+00 +2.1933e+00 +1.2681e+00 +1.5166e+00 -8.9150e-01 -2.4490e-01 -3.0992e+00 +8.4258e-01 -5.8847e+00 -5.5202e-01 +5.0619e-03 +1.6565e-01 -2.9526e+00 +2.1898e+00 -2.1064e-01 +1.1293e+00 +4.1609e-01 -3.9470e+00
932 0 +2.565442491e+01 +2.565442491e+01 -2.769355751e+02 -2.769355751e+02 +7.5544e-02 +1.3961e+00 -4.0774e+00 +2.2369e+00 +1.5340e+00 +1.6993e+00 -1.0351e+00 -2.0866e-01 -4.2156e+00 +3.2326e-01 -4.9013e+00 -2.4568e-01 +7.2959e-02 +1.8764e-01 -3.2165e+00 +2.3921e+00 -6.4256e-01 +1.0281e+00 +8.8505e-01 -3.8976e+00
% f evaluations | g evaluations | best noise-free fitness - Fopt | noise-free fitness - Fopt (-3.065500000000e+02) | measured fitness | best measured fitness | x1 | x2...
1 0 +8.278070182e+01 +8.278070182e+01 -2.237692982e+02 -2.237692982e+02 +0.0000e+00 +0.0000e+00 +0.0000e+00 +0.0000e+00 +0.0000e+00 +0.0000e+00 +0.0000e+00 +0.0000e+00 +0.0000e+00 +0.0000e+00 +0.0000e+00 +0.0000e+00 +0.0000e+00 +0.0000e+00 +0.0000e+00 +0.0000e+00 +0.0000e+00 +0.0000e+00 +0.0000e+00 +0.0000e+00
2 0 +7.978549424e+01 +7.978549424e+01 -2.267645058e+02 -2.267645058e+02 -4.4809e-01 -2.2263e+00 -2.9481e-01 -7.9423e-01 +1.6264e-02 -1.0495e-01 -1.6769e-01 -2.5973e+00 -1.4639e-01 +6.9451e-01 -2.3221e-02 -6.5471e-02 -2.5726e-01 +1.4143e+00 -2.6652e-01 -1.7310e-01 +2.1358e-01 +8.5961e-02 -3.7728e-01 -2.0545e-01
22 0 +7.734370580e+01 +7.734370580e+01 -2.292062942e+02 -2.292062942e+02 +8.5811e-02 -4.4550e-02 -7.0801e-01 +7.9537e-01 +8.0770e-03 -1.5212e-02 +3.3501e-02 -4.5808e-01 -7.6174e-01 +9.5044e-02 +2.0296e-01 -1.1829e-01 +3.8157e-01 +5.1289e-01 +2.3227e+00 +1.1477e+00 +1.4782e+00 -1.0323e-01 +2.8289e-02 +6.0231e-01
44 0 +7.549782374e+01 +7.549782374e+01 -2.310521763e+02 -2.310521763e+02 -9.6916e-01 +6.0579e-02 -5.9410e-01 +2.2653e-01 +3.6522e-02 +9.2629e-02 -9.7616e-03 -1.7891e-01 -1.1051e+00 -2.2390e+00 +1.3669e+00 -9.0073e-02 -6.5116e-01 -7.6308e-01 +2.1361e+00 +1.1083e+00 +9.8708e-01 -6.6638e-02 +1.9655e+00 +9.4913e-01
53 0 +7.405494820e+01 +7.405494820e+01 -2.324950518e+02 -2.324950518e+02 -9.3229e-01 +8.2141e-02 -4.7000e-01 +1.3144e+00 +4.1321e-02 -4.2058e-02 -2.2090e-01 +7.7130e-01 -1.0719e+00 -2.2566e+00 +1.3457e+00 -1.1897e-01 -6.6317e-01 -5.6527e-01 +2.0522e+00 +1.0662e+00 +8.2278e-01 -4.7946e-02 +1.5543e+00 +1.2542e+00
92 0 +7.234414080e+01 +7.234414080e+01 -2.342058592e+02 -2.342058592e+02 -1.2455e+00 -1.0065e+00 -3.7941e-01 +1.8912e+00 +6.9923e-02 -6.8139e-02 -2.2333e-01 -1.2522e+00 -1.3386e+00 -1.4125e+00 +1.3790e+00 -1.0647e-01 -6.6208e-01 -4.2796e-01 +1.7964e+00 +6.0132e-01 +1.9837e+00 -7.5790e-02 +1.6117e+00 +1.2885e+00
127 0 +6.992112859e+01 +6.992112859e+01 -2.366288714e+02 -2.366288714e+02 -1.1302e+00 -3.7554e-01 -5.3442e-01 +1.6261e+00 +6.2209e-02 -2.6139e-01 -3.7760e-01 -6.0986e-01 -1.3338e+00 -1.2709e+00 +1.3069e+00 -2.0748e-01 -8.8282e-01 -2.7890e-01 +2.9377e+00 +3.5663e-01 +2.0573e+00 -5.2867e-02 +1.5586e+00 +1.5135e+00
144 0 +6.882003421e+01 +6.882003421e+01 -2.377299658e+02 -2.377299658e+02 -1.4730e+00 +2.0629e-01 -6.8240e-01 +1.8767e+00 +6.6739e-02 -1.9369e-01 -3.4398e-01 +8.9372e-02 -1.4401e+00 -1.5300e+00 +1.4469e+00 -1.9530e-01 -8.1133e-01 -2.9784e-01 +2.3039e+00 +5.2300e-01 +1.4462e+00 -5.0100e-02 +1.4977e+00 +1.9025e+00
166 0 +6.737297462e+01 +6.737297462e+01 -2.391770254e+02 -2.391770254e+02 -1.5403e+00 -3.2840e-01 -7.2113e-01 +1.8566e+00 +6.4869e-02 -1.1160e-01 -3.7265e-01 +1.1642e+00 -1.4343e+00 -2.0908e+00 +1.3705e+00 -1.3155e-01 -7.8728e-01 -2.2816e-01 +2.3537e+00 +3.7176e-01 +1.6538e+00 -7.8587e-02 +1.1995e+00 +2.3823e+00
193 0 +6.566976617e+01 +6.566976617e+01 -2.408802338e+02 -2.408802338e+02 -2.1506e+00 -6.9029e-01 -7.5735e-01 +1.9036e+00 +7.5780e-02 -5.6224e-02 -2.0487e-01 +3.1618e-01 -1.5323e+00 -1.8803e+00 +1.2261e+00 -1.3034e-01 -7.1319e-01 +3.4419e-02 +2.2680e+00 +3.9650e-01 +1.6567e+00 -3.6159e-02 +1.1925e+00 +2.3074e+00
210 0 +6.230581100e+01 +6.230581100e+01 -2.442441890e+02 -2.442441890e+02 -2.4178e+00 -3.3887e-01 -9.9966e-01 +1.8724e+00 +6.4405e-02 -3.9461e-02 -1.4192e-01 +8.9775e-01 -1.5086e+00 -1.2719e+00 +1.0483e+00 -1.1807e-01 -1.0177e+00 -1.3151e-01 +2.1658e+00 +2.1919e-01 +1.5605e+00 -6.9693e-02 +1.5893e+00 +2.3099e+00
248 0 +5.934220900e+01 +5.934220900e+01 -2.472077910e+02 -2.472077910e+02 -2.0630e+00 +2.3667e-01 -1.2618e+00 +1.7210e+00 +6.0817e-02 -2.1806e-01 +6.9560e-02 +2.1039e-01 -1.6357e+00 -2.3356e+00 +8.6829e-01 -1.1723e-01 -1.0524e+00 +3.1225e-01 +2.9457e+00 +1.4711e-01 +1.3587e+00 -6.4573e-02 +1.2229e+00 +3.2963e+00
268 0 +5.482516224e+01 +5.482516224e+01 -2.517248378e+02 -2.517248378e+02 -2.1926e+00 +7.4293e-01 -7.1140e-01 +1.1765e+00 +1.0420e-01 -1.9990e-01 -3.9642e-01 +2.1432e+00 -1.4757e+00 -1.2848e+00 +4.8122e-01 -1.4555e-01 -1.2824e+00 +1.0641e+00 +2.2008e+00 -1.8186e-02 +1.4897e+00 -9.6884e-02 +1.0148e+00 +3.3767e+00
272 0 +5.258114683e+01 +5.258114683e+01 -2.539688532e+02 -2.539688532e+02 -2.3518e+00 +6.3640e-02 -5.1514e-01 +1.2682e+00 +8.5362e-02 -9.5095e-02 -2.1637e-01 +2.3471e+00 -1.5396e+00 -8.5657e-01 +9.0023e-01 -1.1894e-01 -1.0704e+00 +1.0479e+00 +1.7313e+00 -1.5207e-01 +1.5595e+00 -8.7266e-02 +4.4004e-01 +3.7102e+00
279 0 +5.046094985e+01 +5.046094985e+01 -2.560890502e+02 -2.560890502e+02 -2.5548e+00 +2.3048e-01 -7.7420e-01 +1.1381e+00 +1.0342e-01 -2.2701e-01 -1.8447e-01 +1.3761e+00 -1.7009e+00 -1.3251e+00 +9.3012e-01 -1.1301e-01 -1.1421e+00 +9.4316e-01 +1.4652e+00 -1.8544e-01 +1.7521e+00 -5.0518e-02 +8.4740e-01 +3.6396e+00
288 0 +4.761211746e+01 +4.761211746e+01 -2.589378825e+02 -2.589378825e+02 -2.4623e+00 +3.2205e-01 -7.2855e-01 +9.4349e-01 +9.3240e-02 -1.2938e-01 -2.0332e-01 +2.1075e+00 -1.5706e+00 -5.5725e-01 +8.7261e-01 -1.0262e-01 -1.0027e+00 +9.1656e-01 +1.9693e+00 -2.6307e-01 +1.6762e+00 -1.0707e-01 +8.5896e-01 +3.7902e+00
313 0 +4.622543468e+01 +4.622543468e+01 -2.603245653e+02 -2.603245653e+02 -3.1483e+00 +8.8263e-01 -5.8263e-01 +1.4372e+00 +8.0424e-02 -1.9935e-01 -4.5372e-01 +1.2508e+00 -1.6756e+00 -5.7015e-01 +5.5614e-01 -9.5205e-02 -1.0843e+00 +9.7509e-01 +1.7802e+00 -3.3257e-01 +1.2309e+00 -6.1920e-02 +9.2942e-01 +3.7051e+00
592 0 +4.497860081e+01 +4.497860081e+01 -2.615713992e+02 -2.615713992e+02 -3.7222e+00 -1.3645e+00 -3.9956e-01 +1.1687e+00 +2.3289e-01 +5.9575e-01 -5.9416e-01 +2.0210e+00 -5.2240e-01 -2.9078e+00 -5.8665e-01 -1.4583e-01 -2.5296e+00 +1.4965e+00 +2.2503e+00 -1.5866e+00 +1.2496e+00 -2.1447e-01 +3.8623e+00 +4.3919e+00
595 0 +4.083011380e+01 +4.083011380e+01 -2.657198862e+02 -2.657198862e+02 -3.6997e+00 -5.6463e-01 -2.2655e-01 +8.8076e-01 +1.3305e-01 +9.8096e-01 -8.2691e-01 +1.8750e+00 -6.0328e-01 -2.6174e+00 -1.4053e+00 -9.1581e-02 -2.2478e+00 +1.4744e-01 +7.9446e-01 -1.4330e+00 +5.1865e-01 -2.7017e-01 +3.9939e+00 +3.9409e+00
610 0 +3.240809801e+01 +3.240809801e+01 -2.741419020e+02 -2.741419020e+02 -4.5866e+00 -4.9088e-01 -3.0456e-01 +1.1457e+00 +2.6016e-01 +1.2357e+00 -7.2076e-01 +2.5415e+00 -8.2880e-01 -2.3167e+00 -2.1233e+00 -1.4794e-01 -2.7745e+00 -4.6415e-02 +1.5804e+00 -1.4362e+00 +6.1409e-01 -2.3875e-01 +3.6095e+00 +4.5901e+00
