% f evaluations | g evaluations | best noise-free fitness - Fopt | noise-free fitness - Fopt (6.870000000000e+00) | measured fitness | best measured fitness | x1 | x2...
1 0 +1.817093392e+01 +1.817093392e+01 +2.504093392e+01 +2.504093392e+01 +0.0000e+00 +0.0000e+00 +0.0000e+00 +0.0000e+00 +0.0000e+00 +0.0000e+00 +0.0000e+00 +0.0000e+00 +0.0000e+00 +0.0000e+00 +0.0000e+00 +0.0000e+00 +0.0000e+00 +0.0000e+00 +0.0000e+00 +0.0000e+00 +0.0000e+00 +0.0000e+00 +0.0000e+00 +0.0000e+00
2 0 +1.554955428e+01 +1.554955428e+01 +2.241955428e+01 +2.241955428e+01 +7.3726e-02 +2.0872e-02 -1.2189e+00 -6.1170e-01 +2.0728e-02 -2.9155e-01 +9.2890e-01 +1.1085e+00 -4.2930e-01 +6.7621e-01 +5.2093e-01 -9.8949e-02 -1.0982e-02 -7.8305e-01 +9.0194e-01 +2.7999e-01 +5.0099e-02 +1.3715e+00 -1.9798e+00 +1.0608e+00
4 0 +8.536615854e+00 +8.536615854e+00 +1.540661585e+01 +1.540661585e+01 -7.3659e-02 -3.0614e-02 -1.2566e+00 -2.5680e+00 -2.4760e-02 +1.5504e-02 +1.0847e-01 +2.7595e-01 -5.6717e-01 -6.6481e-01 +1.5101e+00 -8.0979e-03 +1.4930e-01 -2.0462e+00 +6.1834e-01 +3.1538e-02 +4.6464e-02 -7.7324e-01 -2.3698e-02 -8.4574e-02
8 0 +7.274748440e+00 +7.274748440e+00 +1.414474844e+01 +1.414474844e+01 +1.4315e-01 -1.5876e-02 -9.7481e-01 -4.9045e-01 -2.0686e-02 +5.2780e-01 -2.1198e-01 +2.9497e-01 -2.0382e-01 -5.4606e-02 -2.9795e-01 +2.5172e-02 -5.4296e-02 +4.6403e-01 -8.7763e-01 +9.1035e-02 -7.4563e-02 +1.8570e-01 +5.1919e-01 -5.8129e-02
20 0 +4.858656279e+00 +4.858656279e+00 +1.172865628e+01 +1.172865628e+01 +6.2578e-01 -3.6432e-02 -2.7349e+00 -1.5423e+00 -3.7305e-02 +5.7961e-01 -1.7858e+00 -1.2766e+00 -1.4443e+00 -1.0003e+00 +8.0480e-01 -1.2214e-01 +1.2578e-02 -2.6663e+00 +5.6900e-02 +1.0848e-01 +4.3466e-02 +9.4188e-02 -1.5668e+00 -7.7994e-01
% f evaluations | g evaluations | best noise-free fitness - Fopt | noise-free fitness - Fopt (1.000000000000e-02) | measured fitness | best measured fitness | x1 | x2...
1 0 +9.774411099e+00 +9.774411099e+00 +9.784411099e+00 +9.784411099e+00 +0.0000e+00 +0.0000e+00 +0.0000e+00 +0.0000e+00 +0.0000e+00 +0.0000e+00 +0.0000e+00 +0.0000e+00 +0.0000e+00 +0.0000e+00 +0.0000e+00 +0.0000e+00 +0.0000e+00 +0.0000e+00 +0.0000e+00 +0.0000e+00 +0.0000e+00 +0.0000e+00 +0.0000e+00 +0.0000e+00
15 0 +8.334039457e+00 +8.334039457e+00 +8.344039457e+00 +8.344039457e+00 -2.9894e-01 +1.0008e+00 +2.5762e-02 -4.8217e-02 +1.4230e-01 -1.4411e+00 -1.1049e+00 -8.8461e-01 -6.1558e-02 +4.2165e-02 +2.4447e-01 +6.5893e-01 -1.1009e+00 +1.2370e+00 +1.6453e-01 -2.8555e-02 -1.7607e-02 +2.2371e-01 +6.1248e-01 +2.3997e-01
16 0 +7.784572925e+00 +7.784572925e+00 +7.794572925e+00 +7.794572925e+00 -7.7532e-01 +8.3097e-01 +2.6286e-02 -6.4766e-01 +4.3028e-02 -4.0765e+00 -6.9543e-01 -1.8593e+00 -1.7000e-02 +4.3171e-02 +1.2811e+00 +1.8196e+00 -9.9720e-01 +3.7065e-01 +4.6288e-02 +1.7996e-01 -1.7514e-03 +4.0706e-01 -8.3157e-01 +2.6048e-02
46 0 +5.686711272e+00 +5.686711272e+00 +5.696711272e+00 +5.696711272e+00 -1.1911e+00 +1.4507e+00 +7.4871e-02 -6.6002e-01 +4.4415e-01 -4.3843e+00 -5.7091e-01 +1.9242e+00 -1.3094e-01 -4.7827e-02 +1.2314e+00 -9.8968e-01 -4.2304e+00 +6.7522e-01 +7.3500e-02 -3.4128e-01 -1.5520e-02 +1.2390e+00 -3.9724e-01 +8.1869e-02
339 0 +4.793223392e+00 +4.793223392e+00 +4.803223392e+00 +4.803223392e+00 -3.2788e+00 +4.8419e+00 +1.5044e-01 -1.9176e+00 -2.8402e+00 -3.4539e+00 -6.9103e-01 +2.7141e+00 -5.4304e-01 +1.3492e-01 -2.0668e+00 +4.4212e+00 +4.5205e+00 -3.4285e+00 +2.6753e-02 +2.8506e-01 +4.5027e-02 -2.4345e+00 -3.5382e+00 -2.3647e+00
485 0 +4.332451997e+00 +4.332451997e+00 +4.342451997e+00 +4.342451997e+00 -4.3960e+00 +4.4976e+00 +2.3383e-01 -3.6681e+00 -1.8601e+00 -2.6060e+00 +3.8587e+00 +5.9442e-01 -3.3807e-01 +1.3431e-01 -7.9921e-01 +3.7261e+00 +1.2284e+00 -4.5643e+00 -2.3805e-02 +7.6424e-02 +1.2083e-02 -1.6666e+00 -4.6492e+00 -2.3918e+00
% f evaluations | g evaluations | best noise-free fitness - Fopt | noise-free fitness - Fopt (-1.306100000000e+02) | measured fitness | best measured fitness | x1 | x2...
1 0 +9.387114786e+00 +9.387114786e+00 -1.212228852e+02 -1.212228852e+02 +0.0000e+00 +0.0000e+00 +0.0000e+00 +0.0000e+00 +0.0000e+00 +0.0000e+00 +0.0000e+00 +0.0000e+00 +0.0000e+00 +0.0000e+00 +0.0000e+00 +0.0000e+00 +0.0000e+00 +0.0000e+00 +0.0000e+00 +0.0000e+00 +0.0000e+00 +0.0000e+00 +0.0000e+00 +0.0000e+00
2 0 +9.280018738e+00 +9.280018738e+00 -1.213299813e+02 -1.213299813e+02 -1.7499e+00 -7.5510e-01 +3.6944e-01 -4.0028e-01 -3.2173e+00 -3.9975e-02 -1.1525e+00 -2.4891e-01 +1.3676e-02 +3.2536e-02 +7.0986e-02 -1.8814e+00 -1.2352e+00 -1.6259e+00 -1.0368e-01 -1.5648e-03 +5.1168e-02 -2.8225e+00 +7.4063e-01 +5.8759e-01
18 0 +7.407488074e+00 +7.407488074e+00 -1.232025119e+02 -1.232025119e+02 +2.2592e+00 -6.7528e-01 -3.4690e-01 +2.1351e+00 +1.1408e+00 -1.3669e-01 +3.0103e-01 -3.5247e-01 -1.0923e-02 -1.7172e-01 +1.6077e-01 +1.8541e+00 -1.3152e+00 -1.2301e+00 +1.3369e-01 +3.3114e-02 -9.5671e-01 -3.2021e+00 -9.4473e-01 +2.4905e+00
53 0 +6.436508273e+00 +6.436508273e+00 -1.241734917e+02 -1.241734917e+02 +4.9289e+00 -2.0483e+00 -1.0300e+00 +5.3343e+00 +3.3441e+00 -6.7969e-02 -6.5952e-01 -9.8843e-02 +4.6145e-01 +1.0668e-01 +2.4969e-02 -2.2538e+00 -2.5482e+00 +3.2920e-01 -2.4411e-01 +1.4419e-01 -1.1253e+00 +3.4937e+00 -2.1919e+00 +2.0600e+00
64 0 +4.879982045e+00 +4.879982045e+00 -1.257300180e+02 -1.257300180e+02 +8.7800e-01 -2.7413e+00 -1.8532e+00 +4.4677e+00 +1.5739e+00 -5.6246e-02 +1.2096e-01 -4.3693e-02 +3.0496e-01 +4.4902e-01 -2.3975e-01 -9.5672e-01 -2.8585e+00 +7.0589e-01 -4.3941e-01 +1.8214e-01 -6.5681e-01 +4.0722e+00 -2.8368e+00 +2.0615e+00
885 0 +3.780521851e+00 +3.780521851e+00 -1.268294781e+02 -1.268294781e+02 +5.2616e+00 -2.5895e+00 +2.3499e+00 -2.3478e+00 -4.5972e+00 +3.5200e-01 +1.2051e+00 +1.0144e+00 +2.9979e+00 +2.8479e+00 +6.3761e-01 +2.1033e+00 -1.5693e-01 -2.6721e+00 -2.2441e+00 +1.1546e+00 -7.0897e-01 +5.2143e+00 +1.0810e+00 +3.3569e+00
% f evaluations | g evaluations | best noise-free fitness - Fopt | noise-free fitness - Fopt (-2.231200000000e+02) | measured fitness | best measured fitness | x1 | x2...
1 0 +2.210043326e+01 +2.210043326e+01 -2.010195667e+02 -2.010195667e+02 +0.0000e+00 +0.0000e+00 +0.0000e+00 +0.0000e+00 +0.0000e+00 +0.0000e+00 +0.0000e+00 +0.0000e+00 +0.0000e+00 +0.0000e+00 +0.0000e+00 +0.0000e+00 +0.0000e+00 +0.0000e+00 +0.0000e+00 +0.0000e+00 +0.0000e+00 +0.0000e+00 +0.0000e+00 +0.0000e+00
2 0 +9.288626897e+00 +9.288626897e+00 -2.138313731e+02 -2.138313731e+02 -6.1817e-01 +2.4938e+00 +2.7480e-01 -1.0363e+00 -4.3738e-01 -6.3828e-03 +1.7268e+00 -2.3014e-01 -4.4686e-01 -6.4410e-03 +5.5942e-02 -1.6891e+00 -1.8590e+00 +8.0673e-01 +8.4343e-01 -6.4295e-01 +8.9468e-01 -1.3814e-01 -1.1512e-01 -3.5612e-02
3 0 +8.948401916e+00 +8.948401916e+00 -2.141715981e+02 -2.141715981e+02 -7.5200e-02 +1.5119e+00 -2.2287e+00 +6.2282e-01 -1.0208e-01 +2.7583e-01 -2.0427e+00 -8.7714e-02 +4.5119e-02 -1.3363e+00 +1.7801e-01 -1.8102e+00 -1.4794e+00 +1.6853e+00 +1.7690e+00 +8.3597e-01 +1.1072e+00 -4.7773e-01 +3.8068e-01 -1.0079e-01
8 0 +7.321325120e+00 +7.321325120e+00 -2.157986749e+02 -2.157986749e+02 -2.6755e-01 -1.1602e+00 +5.1474e-01 +5.4163e-01 -3.3794e-01 -2.0501e-01 -2.7706e-02 -7.5858e-01 -7.3565e-02 -5.1557e-01 +4.7152e-02 -1.8693e+00 +1.0865e+00 -2.2758e-01 -9.9122e-01 +6.7535e-01 +7.1398e-01 +2.6565e+00 -1.9280e-01 -1.5941e-01
31 0 +6.411922466e+00 +6.411922466e+00 -2.167080775e+02 -2.167080775e+02 +4.2387e-01 +1.8191e-01 -3.8017e-01 -8.1785e-02 -3.1501e-02 +1.1494e+00 +8.0132e-01 -6.5240e-01 +2.6159e-01 -2.2335e+00 +1.3586e-01 -7.0417e-01 +2.1628e+00 +8.0049e-01 -1.2477e+00 -1.9053e-01 +9.6184e-01 +3.6461e+00 +3.3165e-01 -1.1246e-01
154 0 +4.746191819e+00 +4.746191819e+00 -2.183738082e+02 -2.183738082e+02 +3.5059e-01 +3.7386e+00 -3.1955e+00 -1.4924e+00 -5.7735e-01 +1.8392e+00 -2.7033e+00 -1.5219e+00 +4.4395e-01 +1.6463e+00 -5.1577e-01 +7.4852e-01 -4.3708e+00 -8.0346e-01 -8.3006e-01 -2.0088e-01 +1.1510e+00 +5.0011e+00 +7.2984e-01 -3.1367e-01
658 0 +4.073321604e+00 +4.073321604e+00 -2.190466784e+02 -2.190466784e+02 +7.7879e-01 +5.3803e+00 -1.1572e+00 -1.2945e+00 -1.2108e+00 +3.2151e+00 -1.6704e-01 -4.4221e-01 +6.0884e-01 +5.7184e-01 +1.2804e-01 -7.9878e-01 +2.3792e-01 -9.2776e-01 +3.2355e+00 +2.4242e+00 -3.5081e+00 +4.1144e+00 -5.8771e-02 +2.0910e-01
% f evaluations | g evaluations | best noise-free fitness - Fopt | noise-free fitness - Fopt (-4.443000000000e+01) | measured fitness | best measured fitness | x1 | x2...
1 0 +1.439186561e+01 +1.439186561e+01 -3.003813439e+01 -3.003813439e+01 +0.0000e+00 +0.0000e+00 +0.0000e+00 +0.0000e+00 +0.0000e+00 +0.0000e+00 +0.0000e+00 +0.0000e+00 +0.0000e+00 +0.0000e+00 +0.0000e+00 +0.0000e+00 +0.0000e+00 +0.0000e+00 +0.0000e+00 +0.0000e+00 +0.0000e+00 +0.0000e+00 +0.0000e+00 +0.0000e+00
2 0 +1.216042823e+01 +1.216042823e+01 -3.226957177e+01 -3.226957177e+01 +3.1830e+00 +1.4015e-01 -1.6170e+00 +1.7980e-01 -2.0243e+00 +1.7828e+00 +5.1470e-01 +5.8098e-01 +1.4868e+00 -9.7642e-02 +1.2867e+00 -9.0615e-01 +5.3934e-01 +2.4164e+00 +5.4344e-01 +1.7213e+00 +4.4581e-01 -3.4451e-01 -6.4818e-01 -6.1121e-01
4 0 +8.432157141e+00 +8.432157141e+00 -3.599784286e+01 -3.599784286e+01 +2.0818e+00 -1.2573e+00 -2.0558e+00 -1.8163e+00 +4.5249e-01 +4.3191e-01 +4.3931e-01 -3.0431e-01 +8.0026e-01 -1.8111e-01 +2.9028e-01 +3.6891e-02 +2.9020e-01 -5.5611e-01 -5.7672e-02 -3.5966e-01 +2.1656e+00 +5.4331e-01 -1.4390e-01 -5.0428e-01
11 0 +7.492869527e+00 +7.492869527e+00 -3.693713047e+01 -3.693713047e+01 +2.2923e+00 +1.9024e-01 -7.5223e-01 +5.3325e-01 -2.8307e+00 -8.1566e-01 +2.3852e-01 -7.5139e-02 -1.7699e+00 +8.8960e-01 -4.3855e-01 +2.6747e-01 +3.1938e-01 -3.6742e-01 +5.9785e-01 -2.1178e+00 -5.9058e-01 -3.8756e-01 +1.2738e-01 +1.7929e+00
33 0 +6.388150055e+00 +6.388150055e+00 -3.804184994e+01 -3.804184994e+01 -1.8034e+00 -8.2965e-01 -1.7132e+00 +2.0170e+00 -2.8667e+00 +5.6304e-01 +6.6810e-01 +1.3695e-02 -1.9516e+00 +5.4599e-01 -3.4357e+00 -1.1895e+00 -3.1278e-01 +9.9301e-01 +8.6096e-01 -3.4499e+00 -3.0341e-01 -1.4751e-01 +6.7940e-01 +2.3698e+00
114 0 +5.158523043e+00 +5.158523043e+00 -3.927147696e+01 -3.927147696e+01 -2.0729e+00 -2.3859e+00 +1.7828e+00 -1.4550e-01 -4.6035e+00 +3.3691e-01 +3.5016e+00 -3.3681e-01 -4.6512e-01 -5.3139e-01 -3.5460e+00 -1.4599e+00 -5.7612e-02 +1.7297e+00 +1.0902e+00 -5.1589e+00 +5.1156e-01 -5.2166e-01 -2.4405e-01 -1.5323e-01
% f evaluations | g evaluations | best noise-free fitness - Fopt | noise-free fitness - Fopt (2.557800000000e+02) | measured fitness | best measured fitness | x1 | x2...
1 0 +2.006376743e+01 +2.006376743e+01 +2.758437674e+02 +2.758437674e+02 +0.0000e+00 +0.0000e+00 +0.0000e+00 +0.0000e+00 +0.0000e+00 +0.0000e+00 +0.0000e+00 +0.0000e+00 +0.0000e+00 +0.0000e+00 +0.0000e+00 +0.0000e+00 +0.0000e+00 +0.0000e+00 +0.0000e+00 +0.0000e+00 +0.0000e+00 +0.0000e+00 +0.0000e+00 +0.0000e+00
2 0 +7.575873347e+00 +7.575873347e+00 +2.633558733e+02 +2.633558733e+02 -1.3234e+00 +1.5584e+00 -1.2072e+00 +4.8856e-01 +3.5244e-01 -4.5784e-01 +3.7517e-01 -9.7789e-02 -4.8409e-01 +1.9838e-01 +6.3407e-02 +1.1406e+00 -5.4136e-01 -2.9568e-01 +2.4136e-01 +3.7873e-01 +2.8029e-01 -4.1574e-02 +3.8700e-02 -1.5916e-01
14 0 +6.196378130e+00 +6.196378130e+00 +2.619763781e+02 +2.619763781e+02 +2.1635e+00 +1.4552e+00 +8.0117e-01 -1.7202e+00 +6.3145e-01 -6.0683e-01 -1.4037e+00 +3.3844e-01 -1.0941e+00 +6.5595e-01 +3.1192e+00 +4.0214e+00 +1.9542e+00 -2.4749e-01 -1.6044e+00 -5.0319e-02 +1.5383e+00 -5.4426e-01 +9.7369e-02 +1.8941e+00
18 0 +5.608348457e+00 +5.608348457e+00 +2.613883485e+02 +2.613883485e+02 +5.3164e-01 +9.0947e-01 +7.8495e-01 -1.9355e+00 -1.8656e-02 -2.8021e-01 +1.8271e-02 -1.2543e-01 -1.5162e-01 -5.0930e-01 -2.0138e-01 -6.8477e-01 -1.3331e-01 +1.3037e+00 -4.7104e-01 +4.8282e-01 +1.9609e+00 -7.3090e-01 -2.5045e-02 -2.3904e+00
97 0 +5.213981816e+00 +5.213981816e+00 +2.609939818e+02 +2.609939818e+02 +2.1162e+00 +3.3326e+00 -3.3691e-01 +2.7815e+00 +1.2767e+00 -3.2601e-01 +4.7706e+00 -5.9304e+00 +2.1387e-01 -1.2869e+00 -2.1786e-01 +5.5642e+00 +2.0443e+00 -8.8054e-02 -1.7054e+00 +1.9311e+00 +3.2029e-01 -1.4299e+00 +5.3161e-01 +4.6314e+00
129 0 +4.648609364e+00 +4.648609364e+00 +2.604286094e+02 +2.604286094e+02 +5.1316e-01 +2.7780e-01 +1.7256e+00 +8.3991e-01 +2.5014e+00 -3.4021e+00 -2.3772e+00 -1.5513e+00 +2.2671e-01 -3.6328e+00 -2.6400e+00 +1.9830e+00 -6.1882e-01 +1.3887e+00 +8.4184e-02 +2.2695e+00 +1.2950e+00 -3.2694e+00 +7.9979e-01 +5.2382e+00
% f evaluations | g evaluations | best noise-free fitness - Fopt | noise-free fitness - Fopt (1.000000000000e+03) | measured fitness | best measured fitness | x1 | x2...
1 0 +1.414947559e+01 +1.414947559e+01 +1.014149476e+03 +1.014149476e+03 +0.0000e+00 +0.0000e+00 +0.0000e+00 +0.0000e+00 +0.0000e+00 +0.0000e+00 +0.0000e+00 +0.0000e+00 +0.0000e+00 +0.0000e+00 +0.0000e+00 +0.0000e+00 +0.0000e+00 +0.0000e+00 +0.0000e+00 +0.0000e+00 +0.0000e+00 +0.0000e+00 +0.0000e+00 +0.0000e+00
2 0 +8.814241391e+00 +8.814241391e+00 +1.008814241e+03 +1.008814241e+03 +1.9122e-01 -3.6726e-01 +2.7929e-01 -2.5139e-03 +2.5222e-01 +7.1208e-02 -3.2613e-01 +9.6770e-03 -2.6918e-01 -3.0192e-01 +3.4098e+00 +1.3721e-01 -1.0476e+00 -1.1575e-01 +2.4519e-01 +2.8636e-01 -4.6185e-02 +4.0770e-01 -6.4087e-01 -4.2195e-01
4 0 +8.530147880e+00 +8.530147880e+00 +1.008530148e+03 +1.008530148e+03 -1.1821e+00 -3.9927e-01 -1.2981e+00 +4.6129e-01 +9.2566e-03 -8.5104e-01 -2.4531e-01 -1.3460e-03 +4.0114e-01 +3.1925e-01 +4.1192e-01 -6.1717e-01 +1.0360e+00 -1.1405e-01 -3.7874e-01 +1.2538e+00 +6.1271e-01 -4.6085e-02 -1.3116e-01 +9.3155e-02
28 0 +6.885124961e+00 +6.885124961e+00 +1.006885125e+03 +1.006885125e+03 -9.2452e-01 -5.6611e-01 +1.2234e-01 +6.7071e-01 -1.0726e-01 -5.6040e-01 -1.9975e-01 +2.0649e-02 +5.7793e-01 +1.1201e-01 +3.6007e+00 -5.7596e-02 +1.9940e+00 +5.3454e-01 +2.5943e-01 +1.7208e+00 -3.8843e-01 +8.9180e-01 -1.0618e+00 +2.4370e-01
% f evaluations | g evaluations | best noise-free fitness - Fopt | noise-free fitness - Fopt (-1.869500000000e+02) | measured fitness | best measured fitness | x1 | x2...
1 0 +1.216814508e+01 +1.216814508e+01 -1.747818549e+02 -1.747818549e+02 +0.0000e+00 +0.0000e+00 +0.0000e+00 +0.0000e+00 +0.0000e+00 +0.0000e+00 +0.0000e+00 +0.0000e+00 +0.0000e+00 +0.0000e+00 +0.0000e+00 +0.0000e+00 +0.0000e+00 +0.0000e+00 +0.0000e+00 +0.0000e+00 +0.0000e+00 +0.0000e+00 +0.0000e+00 +0.0000e+00
2 0 +1.032748943e+01 +1.032748943e+01 -1.766225106e+02 -1.766225106e+02 -1.9764e-02 -3.4891e-01 -1.5082e-01 -4.3399e-01 +3.5845e-01 -2.3620e-01 +4.8630e-01 +2.7274e+00 -2.6724e-01 +4.0066e-03 -1.0409e+00 +3.9891e-01 -1.2299e-01 -2.0132e+00 +5.8454e-01 -1.1973e+00 -1.8943e-01 +5.4910e-01 -1.0291e+00 +5.0281e-01
7 0 +7.551859694e+00 +7.551859694e+00 -1.793981403e+02 -1.793981403e+02 -8.3644e-03 +1.6214e-01 -3.2627e-02 -3.0146e-01 -1.3626e-01 +7.1889e-01 -2.9266e-01 -3.6281e+00 +1.9279e-01 +1.5208e-02 +3.3447e+00 -2.1149e-01 -1.2473e+00 +5.1166e-01 -6.6983e-01 +2.1443e+00 +3.7686e-01 -5.0764e-01 +2.1999e+00 +2.5094e-01
15 0 +7.365404746e+00 +7.365404746e+00 -1.795845953e+02 -1.795845953e+02 -1.7146e-02 +3.4048e-01 -6.7657e-02 -8.9123e-01 -4.0854e-01 +2.0800e-01 +5.6573e-02 -3.6572e+00 +1.6377e-01 +8.7501e-03 +1.8444e+00 -2.5372e-01 -1.0576e+00 -4.4274e-02 +1.6865e-01 +3.3948e-01 -1.4528e+00 -7.6475e-03 -2.7672e-01 -7.1654e-02
73 0 +6.834094737e+00 +6.834094737e+00 -1.801159053e+02 -1.801159053e+02 -3.6016e-02 +6.4588e-01 +2.3617e-01 -6.1115e-01 +1.6342e+00 +7.4686e-01 -6.3101e-01 -5.2631e+00 -3.6834e-02 +2.3020e-02 +2.1954e+00 +2.2357e-01 -1.0409e+00 -5.3263e-01 -1.3794e-01 +1.1207e+00 -7.9441e-01 -1.7092e+00 -1.2578e+00 -3.3348e-01
88 0 +6.166887469e+00 +6.166887469e+00 -1.807831125e+02 -1.807831125e+02 -1.2730e-02 +5.1772e-01 -3.4947e-01 -1.1187e+00 +6.0217e-02 +7.6530e-01 -9.2911e-01 -2.8034e+00 +4.3585e-01 +2.6012e-02 +1.3610e+00 +5.3533e-01 -1.1117e+00 -2.3442e-02 +2.5531e-01 -5.0938e-01 -1.5532e+00 -1.2254e+00 -3.1223e-01 +3.0022e-02
275 0 +5.569897194e+00 +5.569897194e+00 -1.813801028e+02 -1.813801028e+02 -1.2682e-01 +2.0785e+00 -7.8581e-01 +6.5026e-01 -4.0009e+00 +4.0050e+00 +9.0695e-01 -4.2442e+00 +9.9091e-01 +4.4381e-02 -5.3959e+00 -7.2279e-02 -1.3449e+00 +2.3968e+00 -5.5147e-01 -5.6762e+00 -2.6773e+00 -1.8697e-01 +6.2609e+00 +2.2174e+00
454 0 +5.203960825e+00 +5.203960825e+00 -1.817460392e+02 -1.817460392e+02 -1.1787e-01 +1.5659e+00 -4.0959e-01 +9.7312e-01 -4.9961e+00 +4.4381e+00 +3.8926e-01 -5.2720e+00 +1.1142e+00 +6.7864e-02 -4.8023e+00 -5.0612e-02 -9.3945e-01 +1.8221e+00 -8.9785e-01 -4.7091e+00 -2.1244e+00 -4.9769e-01 +3.7589e+00 +1.2627e+00
% f evaluations | g evaluations | best noise-free fitness - Fopt | noise-free fitness - Fopt (5.859500000000e+02) | measured fitness | best measured fitness | x1 | x2...
1 0 +1.502871186e+01 +1.502871186e+01 +6.009787119e+02 +6.009787119e+02 +0.0000e+00 +0.0000e+00 +0.0000e+00 +0.0000e+00 +0.0000e+00 +0.0000e+00 +0.0000e+00 +0.0000e+00 +0.0000e+00 +0.0000e+00 +0.0000e+00 +0.0000e+00 +0.0000e+00 +0.0000e+00 +0.0000e+00 +0.0000e+00 +0.0000e+00 +0.0000e+00 +0.0000e+00 +0.0000e+00
3 0 +8.039236306e+00 +8.039236306e+00 +5.939892363e+02 +5.939892363e+02 -1.3463e+00 -1.8260e-01 -1.3956e-01 -6.8042e-01 -1.4352e-01 +2.8380e-01 +2.1152e+00 +1.1005e+00 -5.1640e-01 -5.0856e-01 -1.5794e+00 +4.5976e-01 -6.7648e-01 +1.0182e-01 -2.4683e-01 +4.7807e-02 -2.6370e+00 -5.4255e-02 +2.3285e-01 +7.9154e-03
15 0 +6.783997459e+00 +6.783997459e+00 +5.927339975e+02 +5.927339975e+02 -1.6621e+00 +4.6197e-01 -7.6801e-01 -2.8749e-01 -1.2868e-01 -5.7273e-01 +3.4841e+00 +2.1683e+00 -2.1825e+00 -2.7787e-01 -3.7544e+00 +6.8748e-01 -1.7124e+00 -2.9507e-01 -8.8983e-01 +2.7869e-01 -4.7832e+00 -7.1480e-01 +1.8017e-01 -1.3203e-02
% f evaluations | g evaluations | best noise-free fitness - Fopt | noise-free fitness - Fopt (2.871600000000e+02) | measured fitness | best measured fitness | x1 | x2...
1 0 +1.082532000e+01 +1.082532000e+01 +2.979853200e+02 +2.979853200e+02 +0.0000e+00 +0.0000e+00 +0.0000e+00 +0.0000e+00 +0.0000e+00 +0.0000e+00 +0.0000e+00 +0.0000e+00 +0.0000e+00 +0.0000e+00 +0.0000e+00 +0.0000e+00 +0.0000e+00 +0.0000e+00 +0.0000e+00 +0.0000e+00 +0.0000e+00 +0.0000e+00 +0.0000e+00 +0.0000e+00
2 0 +8.139965918e+00 +8.139965918e+00 +2.952999659e+02 +2.952999659e+02 +1.3964e-01 -4.3854e-03 -2.3316e-01 +1.4599e-02 +1.1515e-01 +1.6849e+00 +2.3153e-01 -1.8236e-01 +6.2213e-01 -2.7945e-01 -7.8946e-01 -4.9029e-02 +2.4088e-01 +3.7213e-01 -7.5016e-01 +5.7507e-02 +4.3527e+00 -4.9411e-01 +1.1871e+00 +2.1322e-01
13 0 +7.975464881e+00 +7.975464881e+00 +2.951354649e+02 +2.951354649e+02 +3.7691e-01 -2.0392e-01 +9.5217e-02 -1.1441e-01 -1.0692e+00 -3.9036e-01 +2.3780e-01 +3.8140e-01 +4.4241e-01 -2.9261e-01 -1.5191e+00 -5.9786e-02 +6.4662e-01 -2.4091e-01 +1.4275e+00 +2.8763e-01 +3.9471e+00 -8.8713e-02 +1.1826e+00 +5.6100e-01
14 0 +7.457347433e+00 +7.457347433e+00 +2.946173474e+02 +2.946173474e+02 +5.5594e-01 -6.2071e-02 -3.7214e-01 -1.5734e-01 -3.0769e-01 +5.4077e-01 +2.3324e-01 +8.2864e-01 +1.5433e-01 -3.3573e-01 -8.3734e-01 -1.9206e-02 +7.6865e-01 +6.0676e-01 -1.0616e+00 +1.5351e-01 +3.1360e+00 -3.5101e-01 -1.8544e+00 +1.0359e-01
43 0 +6.925147427e+00 +6.925147427e+00 +2.940851474e+02 +2.940851474e+02 +5.9010e-01 -5.6602e-01 +4.9219e-01 -1.2629e-01 -1.3006e+00 +3.3483e+00 +2.0502e-01 -5.4902e-01 +9.3043e-01 -2.9198e-01 -1.1256e+00 -9.0746e-02 +1.3967e+00 +5.8156e-01 +7.5972e-01 -1.1043e-01 +1.7908e+00 +4.1370e-01 -3.4498e-01 +3.8047e-01
107 0 +4.831492233e+00 +4.831492233e+00 +2.919914922e+02 +2.919914922e+02 +4.5491e-01 -1.1075e+00 -3.8736e-01 -3.1696e-02 -1.8001e+00 +3.3212e+00 -2.1320e-01 +1.4428e-01 +7.0592e-01 -2.4199e-01 -1.7177e+00 -3.6534e-03 +1.6887e+00 +9.7707e-01 +2.0090e+00 -2.6009e-01 +4.4758e+00 -6.7210e-01 -1.8633e+00 +9.0082e-01
334 0 +4.719855711e+00 +4.719855711e+00 +2.918798557e+02 +2.918798557e+02 +5.6784e-01 -1.0515e+00 -1.4764e-02 -3.6620e-01 -2.9119e+00 +4.5386e+00 +2.4092e-01 -2.3163e-01 +4.0174e-02 -5.4241e-01 -1.8332e+00 -1.3833e-01 +2.4363e+00 +1.7618e+00 +2.0102e+00 -1.0052e-02 +3.2571e+00 +8.4066e-02 +2.0439e+00 +5.7075e-01
476 0 +4.653883786e+00 +4.653883786e+00 +2.918138838e+02 +2.918138838e+02 +2.8781e-01 -2.0226e+00 -6.5880e-01 -2.8205e-01 -3.1431e+00 +5.7619e+00 +2.8870e-01 -2.8074e-01 +1.8528e-01 -4.8238e-01 +1.1352e+00 +7.6758e-02 +2.1965e+00 +2.0797e+00 +3.0168e+00 +1.6320e-01 +5.9124e+00 -6.3305e-03 -1.3283e+00 -7.2293e-02
% f evaluations | g evaluations | best noise-free fitness - Fopt | noise-free fitness - Fopt (-3.943800000000e+02) | measured fitness | best measured fitness | x1 | x2...
1 0 +2.676139453e+01 +2.676139453e+01 -3.676186055e+02 -3.676186055e+02 +0.0000e+00 +0.0000e+00 +0.0000e+00 +0.0000e+00 +0.0000e+00 +0.0000e+00 +0.0000e+00 +0.0000e+00 +0.0000e+00 +0.0000e+00 +0.0000e+00 +0.0000e+00 +0.0000e+00 +0.0000e+00 +0.0000e+00 +0.0000e+00 +0.0000e+00 +0.0000e+00 +0.0000e+00 +0.0000e+00
2 0 +1.031113950e+01 +1.031113950e+01 -3.840688605e+02 -3.840688605e+02 -1.6147e+00 +4.3111e-01 +1.4186e-01 +2.4703e-01 +2.9253e+00 +1.5971e-01 -2.2455e+00 +1.3442e-02 -5.5498e-01 -2.2172e-01 +1.1290e+00 -1.1743e-01 +1.4960e+00 +9.1575e-01 -1.1486e-02 +3.2817e-01 +4.9626e-02 -1.0716e-01 -8.0547e-01 -5.1553e-01
4 0 +6.729109532e+00 +6.729109532e+00 -3.876508905e+02 -3.876508905e+02 -1.2234e+00 -5.1060e-01 -9.8848e-01 -6.8884e-01 +6.1017e-01 -2.4214e-01 -6.1210e-02 +7.1938e-03 +2.9018e-01 -3.2940e-03 -7.4075e-01 -1.4064e-03 +1.8844e+00 +1.8484e+00 -8.1442e-02 +1.6762e-02 -1.4480e-01 -2.6119e-02 +4.3001e-01 +5.7067e-01
5 0 +5.753036061e+00 +5.753036061e+00 -3.886269639e+02 -3.886269639e+02 -8.9446e-01 +1.6580e+00 -4.5050e-01 +8.6310e-01 -2.2335e+00 -9.2047e-02 -1.7833e+00 +3.6849e-03 -1.7723e-01 +3.9265e-01 -5.8170e-01 -1.3299e-01 +2.0791e-01 -1.1054e+00 -2.4971e-02 +1.3695e-01 -9.1035e-03 -2.9691e-01 +3.0265e-01 +3.6628e-01
104 0 +4.459535101e+00 +4.459535101e+00 -3.899204649e+02 -3.899204649e+02 -1.8348e+00 +4.4695e+00 -1.0689e-01 +1.6623e-01 -5.1244e+00 -3.2063e-01 +2.5574e-01 +1.4849e-02 +6.3665e-01 +7.3906e-01 -3.6000e+00 +9.1184e-02 +3.0688e+00 -2.9038e+00 -7.7196e-02 -2.0434e-01 -1.7350e-01 +4.0964e-01 +1.1466e-01 +6.6774e-01
% f evaluations | g evaluations | best noise-free fitness - Fopt | noise-free fitness - Fopt (5.443000000000e+01) | measured fitness | best measured fitness | x1 | x2...
1 0 +1.773147105e+01 +1.773147105e+01 +7.216147105e+01 +7.216147105e+01 +0.0000e+00 +0.0000e+00 +0.0000e+00 +0.0000e+00 +0.0000e+00 +0.0000e+00 +0.0000e+00 +0.0000e+00 +0.0000e+00 +0.0000e+00 +0.0000e+00 +0.0000e+00 +0.0000e+00 +0.0000e+00 +0.0000e+00 +0.0000e+00 +0.0000e+00 +0.0000e+00 +0.0000e+00 +0.0000e+00
3 0 +1.489019360e+01 +1.489019360e+01 +6.932019360e+01 +6.932019360e+01 +1.2023e+00 +1.0081e-01 +7.3582e-02 +2.7373e-01 +9.0776e-01 -1.8009e+00 +8.8320e-01 +5.6548e-01 +5.3963e-01 -3.1665e-02 +1.7402e+00 -4.1788e-01 -8.3127e-02 -3.7893e-01 +9.5933e-01 -3.4570e-01 -2.4710e-01 +2.7514e-01 -3.2038e-02 +5.9848e-01
5 0 +1.307476366e+01 +1.307476366e+01 +6.750476366e+01 +6.750476366e+01 -2.0350e-01 -5.8288e-01 -1.0180e+00 -5.8055e-03 +4.3201e-01 -1.1770e+00 +3.1215e-01 +8.0218e-01 -5.2694e-01 -4.6846e-02 +6.6377e-02 +5.6019e-03 +2.5081e-01 -1.5724e-01 -1.6586e-01 +1.0474e+00 -6.2444e-01 -2.2760e-02 -2.0104e-01 -5.9994e-01
6 0 +1.274872129e+01 +1.274872129e+01 +6.717872129e+01 +6.717872129e+01 -5.1187e-01 -2.9115e-01 -1.4540e+00 +3.0831e-01 +6.1925e-02 +5.8763e-01 -3.3975e-01 +1.3093e-01 +6.0995e-01 -7.1153e-02 -1.0983e+00 -4.0541e-01 -1.0189e-02 +6.7572e-02 +3.6275e-01 +2.1270e+00 -8.1508e-02 -8.6723e-02 -1.9900e-01 -2.8294e-02
10 0 +8.100726133e+00 +8.100726133e+00 +6.253072613e+01 +6.253072613e+01 -6.5148e-01 +2.6836e-01 -3.1374e+00 +3.3146e-01 +1.8053e-01 +1.0828e+00 -1.4903e+00 +1.2626e+00 +1.0710e-01 +1.6453e-02 +5.4991e-01 -5.2573e-01 +5.9789e-02 +2.7405e-01 +1.7618e-02 +8.9358e-01 -3.0301e-01 -2.1225e-01 +1.5149e-01 -9.6272e-01
28 0 +7.037902149e+00 +7.037902149e+00 +6.146790215e+01 +6.146790215e+01 +2.1632e+00 -6.8312e-01 -5.4110e+00 +4.4694e-01 +1.7143e-01 -1.3379e+00 -2.4350e-01 +1.5584e+00 +6.1411e-01 -5.6466e-02 +1.6760e+00 -1.4839e-01 +2.8865e-01 -9.0217e-01 -1.9894e+00 +2.8362e-01 -7.4246e-02 +4.8628e-01 +5.3959e-01 +1.7811e-01
35 0 +4.991989127e+00 +4.991989127e+00 +5.942198913e+01 +5.942198913e+01 +1.5151e+00 -8.4562e-01 -4.5525e+00 +3.0131e-01 +1.7824e-01 -1.2536e+00 -2.5464e-01 +1.8339e+00 +1.0027e+00 -7.4253e-02 +1.1098e+00 -4.6447e-02 +4.6126e-01 -4.7952e-01 -2.0092e+00 +3.6846e-01 +2.1588e-01 +4.1699e-01 +6.4166e-01 -1.4108e+00
% f evaluations | g evaluations | best noise-free fitness - Fopt | noise-free fitness - Fopt (1.396900000000e+02) | measured fitness | best measured fitness | x1 | x2...
1 0 +1.165243360e+01 +1.165243360e+01 +1.513424336e+02 +1.513424336e+02 +0.0000e+00 +0.0000e+00 +0.0000e+00 +0.0000e+00 +0.0000e+00 +0.0000e+00 +0.0000e+00 +0.0000e+00 +0.0000e+00 +0.0000e+00 +0.0000e+00 +0.0000e+00 +0.0000e+00 +0.0000e+00 +0.0000e+00 +0.0000e+00 +0.0000e+00 +0.0000e+00 +0.0000e+00 +0.0000e+00
2 0 +9.929482170e+00 +9.929482170e+00 +1.496194822e+02 +1.496194822e+02 -5.2256e-01 +1.9274e-01 -1.3955e-01 +1.8227e+00 -1.5418e+00 -3.1562e-01 -7.3329e-01 +1.7083e-01 -4.1198e-01 +4.0055e-01 -9.3117e-02 +6.8834e-01 +2.1198e+00 -9.0124e-01 -1.3120e+00 -2.7513e+00 -3.6084e-01 +4.0376e-01 -4.6933e-01 -1.5433e-01
12 0 +6.646631943e+00 +6.646631943e+00 +1.463366319e+02 +1.463366319e+02 -6.0426e-01 +1.7747e-01 -1.5868e-01 -1.9203e+00 +7.0239e-01 +2.9372e-01 -8.8293e-01 +1.8159e-01 -4.6190e-01 +1.9403e+00 +3.2472e-02 -1.2192e-01 +1.3802e+00 +1.2885e+00 -1.1084e-01 -1.1854e-01 -2.9731e-01 -9.2853e-01 +2.1734e+00 -2.6353e-01
97 0 +6.176066384e+00 +6.176066384e+00 +1.458660664e+02 +1.458660664e+02 -1.8364e+00 -1.5780e+00 +3.1062e-01 +5.9019e-01 -4.0100e+00 +2.7817e+00 +6.4944e-01 +2.3007e-01 -7.4085e-01 -3.0748e-01 -2.3100e-01 +5.0265e-01 -1.6861e-01 +3.4209e+00 -8.1231e-01 +2.6620e+00 -1.2917e+00 +9.1484e-01 -2.7277e-01 +6.3616e-01
123 0 +5.190644632e+00 +5.190644632e+00 +1.448806446e+02 +1.448806446e+02 -2.2970e+00 -5.1453e-01 +1.7939e-01 -1.3039e+00 -3.3205e+00 +1.9209e+00 -1.1308e-01 +9.1668e-01 -8.6841e-01 +9.3296e-01 +2.0126e-02 +5.1000e-01 +2.2950e+00 +1.6475e+00 -7.8815e-01 +2.0117e-01 -9.6194e-01 +1.3358e+00 +1.0052e+00 +2.0761e-01
233 0 +5.114268408e+00 +5.114268408e+00 +1.448042684e+02 +1.448042684e+02 -5.1597e+00 -1.4325e+00 +4.1018e-01 -1.0392e+00 -4.9270e+00 +1.9043e-01 +4.8305e-01 +1.0123e+00 -1.5598e+00 +5.8092e-01 -1.5774e-02 +1.5934e+00 +1.7775e+00 +2.2698e+00 -2.7819e+00 +1.2171e+00 -1.3016e+00 +1.0852e+00 +2.1058e+00 +4.2908e-01
317 0 +4.389168816e+00 +4.389168816e+00 +1.440791688e+02 +1.440791688e+02 -2.4502e+00 +6.7279e-01 +8.4919e-01 -3.3410e-01 -1.4424e+00 +1.9572e+00 +2.0028e+00 +3.5068e-01 -1.2679e+00 -2.7607e-01 -7.6042e-02 +2.1750e+00 +4.0127e+00 +3.1324e+00 -2.2862e-01 +1.8226e+00 -1.4832e+00 -9.3915e-02 -9.8781e-01 -1.9492e-02
325 0 +4.198064651e+00 +4.198064651e+00 +1.438880647e+02 +1.438880647e+02 -2.3949e+00 +1.9899e+00 +7.8749e-01 -1.0544e+00 -8.2782e-01 +2.2228e+00 +2.5381e+00 +1.6621e-01 -1.3621e+00 -1.9131e+00 +4.6988e-02 +1.9105e+00 +1.3215e+00 +2.8003e+00 +1.4979e+00 +3.2435e+00 -1.5899e+00 -1.7967e+00 -1.2867e+00 +1.6817e-01
341 0 +4.033354241e+00 +4.033354241e+00 +1.437233542e+02 +1.437233542e+02 -2.9058e+00 +2.3401e+00 +8.8173e-01 +7.0665e-01 -3.9059e-01 +1.5602e+00 +1.0337e+00 -2.7085e-01 -2.2739e+00 -1.3846e+00 -5.7992e-02 +1.5716e+00 +1.5830e+00 +1.3628e+00 +2.5051e+00 -1.8796e+00 -1.8579e+00 -2.3410e+00 -1.7062e+00 +5.2046e-02
% f evaluations | g evaluations | best noise-free fitness - Fopt | noise-free fitness - Fopt (-5.794000000000e+01) | measured fitness | best measured fitness | x1 | x2...
1 0 +2.824954709e+01 +2.824954709e+01 -2.969045291e+01 -2.969045291e+01 +0.0000e+00 +0.0000e+00 +0.0000e+00 +0.0000e+00 +0.0000e+00 +0.0000e+00 +0.0000e+00 +0.0000e+00 +0.0000e+00 +0.0000e+00 +0.0000e+00 +0.0000e+00 +0.0000e+00 +0.0000e+00 +0.0000e+00 +0.0000e+00 +0.0000e+00 +0.0000e+00 +0.0000e+00 +0.0000e+00
2 0 +1.366957800e+01 +1.366957800e+01 -4.427042200e+01 -4.427042200e+01 +9.7471e-01 -9.1574e-01 -4.7289e-01 +4.9149e-01 -2.3137e-01 -7.9774e-01 +2.7825e-02 +2.3603e-01 -5.1042e-01 +1.2564e-01 +5.6337e-01 -2.4553e-01 -4.0074e-01 +3.5379e+00 +1.0925e-01 +3.6816e-01 +1.1962e-02 -2.3795e+00 -4.4630e-01 -2.0981e+00
6 0 +1.339984051e+01 +1.339984051e+01 -4.454015949e+01 -4.454015949e+01 -2.5157e+00 -7.9348e-01 -7.8777e-01 +2.6021e+00 -3.4994e-01 +8.1451e-02 +6.6182e-02 -7.3034e-01 -7.4739e-01 -7.9083e-03 +1.9187e-01 -1.9572e-01 -3.8412e-01 -1.6549e+00 +6.5654e-03 -3.5412e-01 +4.0995e-02 +5.6632e-01 +1.5063e+00 +1.1495e+00
7 0 +6.667985669e+00 +6.667985669e+00 -5.127201433e+01 -5.127201433e+01 +1.5566e+00 +4.8004e-01 +1.4182e+00 -1.8713e+00 -2.2078e-01 -3.9030e-01 +4.9479e-03 +1.9569e-01 -5.0094e-01 +1.5702e-01 -4.0898e-01 -7.0907e-02 +9.0107e-01 +4.0701e+00 +3.1071e-01 +3.9465e-01 +3.8986e-02 +9.1474e-02 +7.5003e-01 -6.1685e-01
19 0 +4.959449663e+00 +4.959449663e+00 -5.298055034e+01 -5.298055034e+01 +4.1779e+00 -5.4464e-01 -1.9029e+00 +4.8468e-01 -5.3736e-01 +6.9166e-01 +3.5873e-02 -9.5965e-01 -4.6511e-01 -1.7759e-01 +1.7021e-01 +3.5643e-01 +7.5173e-01 +3.3018e+00 -3.5301e-01 +3.6867e-01 -6.1792e-02 +1.1428e+00 +3.1888e-01 -7.6942e-01
% f evaluations | g evaluations | best noise-free fitness - Fopt | noise-free fitness - Fopt (1.253900000000e+02) | measured fitness | best measured fitness | x1 | x2...
1 0 +1.580140502e+01 +1.580140502e+01 +1.411914050e+02 +1.411914050e+02 +0.0000e+00 +0.0000e+00 +0.0000e+00 +0.0000e+00 +0.0000e+00 +0.0000e+00 +0.0000e+00 +0.0000e+00 +0.0000e+00 +0.0000e+00 +0.0000e+00 +0.0000e+00 +0.0000e+00 +0.0000e+00 +0.0000e+00 +0.0000e+00 +0.0000e+00 +0.0000e+00 +0.0000e+00 +0.0000e+00
2 0 +8.560342414e+00 +8.560342414e+00 +1.339503424e+02 +1.339503424e+02 -1.1833e+00 +2.4762e-01 -7.4842e-01 +1.2508e+00 +2.5869e+00 +9.3705e-01 +1.7274e+00 -5.6189e-02 -1.9879e-01 +1.1472e-01 -3.8870e-01 -2.5777e-02 +1.9717e-01 -4.5006e-01 +4.8980e-01 -2.5704e-02 -1.2371e+00 +7.0142e-01 -1.4409e-04 -1.6368e+00
17 0 +7.211882758e+00 +7.211882758e+00 +1.326018828e+02 +1.326018828e+02 -1.1574e+00 +3.6624e-01 -1.0940e+00 +2.5158e+00 +1.5847e+00 +1.4122e-01 +3.1347e+00 -2.5547e+00 -3.4942e-01 +2.2729e-01 -5.2239e+00 -6.5563e-02 -3.2761e-01 +9.5242e-01 +5.8089e-01 -1.8257e-01 -1.0236e+00 +2.1742e+00 -7.5072e-04 -1.5806e+00
35 0 +6.303434191e+00 +6.303434191e+00 +1.316934342e+02 +1.316934342e+02 -1.2230e+00 +3.5672e-01 -2.0905e+00 +9.8941e-01 +1.2908e+00 +1.4246e+00 +1.2788e+00 -9.5359e-01 +4.1013e-01 +6.9981e-01 +5.4676e-01 +7.6433e-02 +5.8788e-01 -2.4845e+00 -5.5276e-01 +1.2576e-01 -5.3089e-01 +1.3169e+00 +5.3186e-04 -1.9865e+00
131 0 +5.867266907e+00 +5.867266907e+00 +1.312572669e+02 +1.312572669e+02 -1.2002e+00 +1.0919e+00 -6.7014e-01 +1.5953e-01 +3.1058e+00 -9.7048e-01 +2.2482e+00 -8.7814e-01 +2.0543e-01 -1.0154e+00 +2.3755e+00 +1.1871e-01 +2.0347e+00 -1.1010e+00 -3.0807e-01 -1.7784e-01 -9.7346e-01 +4.8219e+00 +5.8321e-04 -2.6095e+00
628 0 +3.941435419e+00 +3.941435419e+00 +1.293314354e+02 +1.293314354e+02 -4.9968e+00 +2.2495e+00 -5.1983e+00 -2.7689e+00 +4.3029e+00 +2.1338e+00 -3.5317e+00 +1.2491e+00 +9.5346e-01 -2.4053e+00 -6.8788e-01 +3.0860e-01 +4.2042e+00 -5.1611e+00 -4.4512e+00 -6.1400e-01 +3.0344e+00 +4.0775e+00 -1.3238e-03 -4.6198e+00
