% f evaluations | g evaluations | best noise-free fitness - Fopt | noise-free fitness - Fopt (3.590000000000e+01) | measured fitness | best measured fitness | x1 | x2...
1 0 +8.796120645e+05 +8.796120645e+05 +8.796479645e+05 +8.796479645e+05
3 0 +8.550059618e+05 +8.550059618e+05 +8.550418618e+05 +8.550418618e+05
7 0 +7.132699587e+05 +7.132699587e+05 +7.133058587e+05 +7.133058587e+05
17 0 +6.781165392e+05 +6.781165392e+05 +6.781524392e+05 +6.781524392e+05
29 0 +6.645218391e+05 +6.645218391e+05 +6.645577391e+05 +6.645577391e+05
32 0 +5.894094840e+05 +5.894094840e+05 +5.894453840e+05 +5.894453840e+05
67 0 +5.782612227e+05 +5.782612227e+05 +5.782971227e+05 +5.782971227e+05
83 0 +5.688483455e+05 +5.688483455e+05 +5.688842455e+05 +5.688842455e+05
114 0 +5.589644648e+05 +5.589644648e+05 +5.590003648e+05 +5.590003648e+05
135 0 +5.471908844e+05 +5.471908844e+05 +5.472267844e+05 +5.472267844e+05
142 0 +4.953734728e+05 +4.953734728e+05 +4.954093728e+05 +4.954093728e+05
150 0 +4.687444555e+05 +4.687444555e+05 +4.687803555e+05 +4.687803555e+05
157 0 +4.671276927e+05 +4.671276927e+05 +4.671635927e+05 +4.671635927e+05
158 0 +4.494764486e+05 +4.494764486e+05 +4.495123486e+05 +4.495123486e+05
162 0 +3.873114907e+05 +3.873114907e+05 +3.873473907e+05 +3.873473907e+05
164 0 +3.782157796e+05 +3.782157796e+05 +3.782516796e+05 +3.782516796e+05
176 0 +3.537645910e+05 +3.537645910e+05 +3.538004910e+05 +3.538004910e+05
184 0 +3.350731496e+05 +3.350731496e+05 +3.351090496e+05 +3.351090496e+05
185 0 +3.247268351e+05 +3.247268351e+05 +3.247627351e+05 +3.247627351e+05
225 0 +3.203132330e+05 +3.203132330e+05 +3.203491330e+05 +3.203491330e+05
241 0 +3.122168370e+05 +3.122168370e+05 +3.122527370e+05 +3.122527370e+05
262 0 +2.988842553e+05 +2.988842553e+05 +2.989201553e+05 +2.989201553e+05
272 0 +2.930986486e+05 +2.930986486e+05 +2.931345486e+05 +2.931345486e+05
273 0 +2.852819095e+05 +2.852819095e+05 +2.853178095e+05 +2.853178095e+05
286 0 +2.815809250e+05 +2.815809250e+05 +2.816168250e+05 +2.816168250e+05
293 0 +2.502866949e+05 +2.502866949e+05 +2.503225949e+05 +2.503225949e+05
297 0 +2.309033427e+05 +2.309033427e+05 +2.309392427e+05 +2.309392427e+05
324 0 +1.941338237e+05 +1.941338237e+05 +1.941697237e+05 +1.941697237e+05
439 0 +1.892112848e+05 +1.892112848e+05 +1.892471848e+05 +1.892471848e+05
459 0 +1.818599050e+05 +1.818599050e+05 +1.818958050e+05 +1.818958050e+05
466 0 +1.537386465e+05 +1.537386465e+05 +1.537745465e+05 +1.537745465e+05
496 0 +1.505791243e+05 +1.505791243e+05 +1.506150243e+05 +1.506150243e+05
502 0 +1.390190648e+05 +1.390190648e+05 +1.390549648e+05 +1.390549648e+05
505 0 +1.363069687e+05 +1.363069687e+05 +1.363428687e+05 +1.363428687e+05
508 0 +1.316285286e+05 +1.316285286e+05 +1.316644286e+05 +1.316644286e+05
514 0 +1.264849656e+05 +1.264849656e+05 +1.265208656e+05 +1.265208656e+05
519 0 +1.196382693e+05 +1.196382693e+05 +1.196741693e+05 +1.196741693e+05
535 0 +1.148969374e+05 +1.148969374e+05 +1.149328374e+05 +1.149328374e+05
544 0 +1.143704920e+05 +1.143704920e+05 +1.144063920e+05 +1.144063920e+05
561 0 +1.103460589e+05 +1.103460589e+05 +1.103819589e+05 +1.103819589e+05
574 0 +1.060776173e+05 +1.060776173e+05 +1.061135173e+05 +1.061135173e+05
580 0 +9.931058573e+04 +9.931058573e+04 +9.934648573e+04 +9.934648573e+04
592 0 +9.504638084e+04 +9.504638084e+04 +9.508228084e+04 +9.508228084e+04
597 0 +9.002051730e+04 +9.002051730e+04 +9.005641730e+04 +9.005641730e+04
603 0 +8.852808191e+04 +8.852808191e+04 +8.856398191e+04 +8.856398191e+04
619 0 +7.919081727e+04 +7.919081727e+04 +7.922671727e+04 +7.922671727e+04
660 0 +7.031907416e+04 +7.031907416e+04 +7.035497416e+04 +7.035497416e+04
729 0 +6.831114659e+04 +6.831114659e+04 +6.834704659e+04 +6.834704659e+04
736 0 +6.409571461e+04 +6.409571461e+04 +6.413161461e+04 +6.413161461e+04
% f evaluations | g evaluations | best noise-free fitness - Fopt | noise-free fitness - Fopt (3.137000000000e+01) | measured fitness | best measured fitness | x1 | x2...
1 0 +9.070069087e+05 +9.070069087e+05 +9.070382787e+05 +9.070382787e+05
4 0 +8.513428902e+05 +8.513428902e+05 +8.513742602e+05 +8.513742602e+05
15 0 +7.229671366e+05 +7.229671366e+05 +7.229985066e+05 +7.229985066e+05
22 0 +6.010471723e+05 +6.010471723e+05 +6.010785423e+05 +6.010785423e+05
35 0 +5.802001943e+05 +5.802001943e+05 +5.802315643e+05 +5.802315643e+05
37 0 +5.611475797e+05 +5.611475797e+05 +5.611789497e+05 +5.611789497e+05
62 0 +5.473358364e+05 +5.473358364e+05 +5.473672064e+05 +5.473672064e+05
68 0 +4.535381922e+05 +4.535381922e+05 +4.535695622e+05 +4.535695622e+05
73 0 +4.078511213e+05 +4.078511213e+05 +4.078824913e+05 +4.078824913e+05
76 0 +3.734903498e+05 +3.734903498e+05 +3.735217198e+05 +3.735217198e+05
84 0 +3.635282788e+05 +3.635282788e+05 +3.635596488e+05 +3.635596488e+05
85 0 +3.199525298e+05 +3.199525298e+05 +3.199838998e+05 +3.199838998e+05
108 0 +2.866477259e+05 +2.866477259e+05 +2.866790959e+05 +2.866790959e+05
109 0 +2.778770055e+05 +2.778770055e+05 +2.779083755e+05 +2.779083755e+05
112 0 +2.683950791e+05 +2.683950791e+05 +2.684264491e+05 +2.684264491e+05
124 0 +2.488630976e+05 +2.488630976e+05 +2.488944676e+05 +2.488944676e+05
126 0 +2.271281813e+05 +2.271281813e+05 +2.271595513e+05 +2.271595513e+05
130 0 +2.175641243e+05 +2.175641243e+05 +2.175954943e+05 +2.175954943e+05
136 0 +2.134351777e+05 +2.134351777e+05 +2.134665477e+05 +2.134665477e+05
138 0 +1.947591246e+05 +1.947591246e+05 +1.947904946e+05 +1.947904946e+05
155 0 +1.810325566e+05 +1.810325566e+05 +1.810639266e+05 +1.810639266e+05
157 0 +1.598586075e+05 +1.598586075e+05 +1.598899775e+05 +1.598899775e+05
177 0 +1.419484560e+05 +1.419484560e+05 +1.419798260e+05 +1.419798260e+05
191 0 +1.386490775e+05 +1.386490775e+05 +1.386804475e+05 +1.386804475e+05
204 0 +1.369116594e+05 +1.369116594e+05 +1.369430294e+05 +1.369430294e+05
210 0 +1.329500926e+05 +1.329500926e+05 +1.329814626e+05 +1.329814626e+05
230 0 +1.288732566e+05 +1.288732566e+05 +1.289046266e+05 +1.289046266e+05
235 0 +1.210870357e+05 +1.210870357e+05 +1.211184057e+05 +1.211184057e+05
248 0 +1.191999921e+05 +1.191999921e+05 +1.192313621e+05 +1.192313621e+05
253 0 +1.166530993e+05 +1.166530993e+05 +1.166844693e+05 +1.166844693e+05
256 0 +1.146994345e+05 +1.146994345e+05 +1.147308045e+05 +1.147308045e+05
275 0 +1.104656479e+05 +1.104656479e+05 +1.104970179e+05 +1.104970179e+05
287 0 +1.089880132e+05 +1.089880132e+05 +1.090193832e+05 +1.090193832e+05
289 0 +9.684075854e+04 +9.684075854e+04 +9.687212854e+04 +9.687212854e+04
310 0 +9.535305349e+04 +9.535305349e+04 +9.538442349e+04 +9.538442349e+04
540 0 +9.293024713e+04 +9.293024713e+04 +9.296161713e+04 +9.296161713e+04
571 0 +8.426139148e+04 +8.426139148e+04 +8.429276148e+04 +8.429276148e+04
580 0 +8.186318053e+04 +8.186318053e+04 +8.189455053e+04 +8.189455053e+04
585 0 +7.768836649e+04 +7.768836649e+04 +7.771973649e+04 +7.771973649e+04
606 0 +7.720510960e+04 +7.720510960e+04 +7.723647960e+04 +7.723647960e+04
609 0 +6.993370011e+04 +6.993370011e+04 +6.996507011e+04 +6.996507011e+04
614 0 +6.698781781e+04 +6.698781781e+04 +6.701918781e+04 +6.701918781e+04
615 0 +6.416254463e+04 +6.416254463e+04 +6.419391463e+04 +6.419391463e+04
649 0 +6.240015086e+04 +6.240015086e+04 +6.243152086e+04 +6.243152086e+04
694 0 +5.707679384e+04 +5.707679384e+04 +5.710816384e+04 +5.710816384e+04
709 0 +5.295688106e+04 +5.295688106e+04 +5.298825106e+04 +5.298825106e+04
720 0 +5.189844335e+04 +5.189844335e+04 +5.192981335e+04 +5.192981335e+04
729 0 +5.112204548e+04 +5.112204548e+04 +5.115341548e+04 +5.115341548e+04
730 0 +4.906028268e+04 +4.906028268e+04 +4.909165268e+04 +4.909165268e+04
% f evaluations | g evaluations | best noise-free fitness - Fopt | noise-free fitness - Fopt (-1.000000000000e+03) | measured fitness | best measured fitness | x1 | x2...
1 0 +7.020516639e+05 +7.020516639e+05 +7.010516639e+05 +7.010516639e+05
2 0 +6.306060880e+05 +6.306060880e+05 +6.296060880e+05 +6.296060880e+05
26 0 +5.842061903e+05 +5.842061903e+05 +5.832061903e+05 +5.832061903e+05
53 0 +3.970957345e+05 +3.970957345e+05 +3.960957345e+05 +3.960957345e+05
62 0 +3.156060494e+05 +3.156060494e+05 +3.146060494e+05 +3.146060494e+05
143 0 +3.009845427e+05 +3.009845427e+05 +2.999845427e+05 +2.999845427e+05
187 0 +2.794360520e+05 +2.794360520e+05 +2.784360520e+05 +2.784360520e+05
193 0 +2.414053046e+05 +2.414053046e+05 +2.404053046e+05 +2.404053046e+05
203 0 +2.111098868e+05 +2.111098868e+05 +2.101098868e+05 +2.101098868e+05
213 0 +2.058159824e+05 +2.058159824e+05 +2.048159824e+05 +2.048159824e+05
214 0 +1.853234798e+05 +1.853234798e+05 +1.843234798e+05 +1.843234798e+05
227 0 +1.786759903e+05 +1.786759903e+05 +1.776759903e+05 +1.776759903e+05
237 0 +1.621774224e+05 +1.621774224e+05 +1.611774224e+05 +1.611774224e+05
241 0 +1.483112426e+05 +1.483112426e+05 +1.473112426e+05 +1.473112426e+05
247 0 +1.304588376e+05 +1.304588376e+05 +1.294588376e+05 +1.294588376e+05
253 0 +1.156684515e+05 +1.156684515e+05 +1.146684515e+05 +1.146684515e+05
262 0 +9.985227589e+04 +9.985227589e+04 +9.885227589e+04 +9.885227589e+04
623 0 +9.238412037e+04 +9.238412037e+04 +9.138412037e+04 +9.138412037e+04
653 0 +8.674988082e+04 +8.674988082e+04 +8.574988082e+04 +8.574988082e+04
663 0 +8.188640673e+04 +8.188640673e+04 +8.088640673e+04 +8.088640673e+04
734 0 +8.094471804e+04 +8.094471804e+04 +7.994471804e+04 +7.994471804e+04
% f evaluations | g evaluations | best noise-free fitness - Fopt | noise-free fitness - Fopt (1.319200000000e+02) | measured fitness | best measured fitness | x1 | x2...
1 0 +9.326751654e+05 +9.326751654e+05 +9.328070854e+05 +9.328070854e+05
2 0 +6.454723974e+05 +6.454723974e+05 +6.456043174e+05 +6.456043174e+05
14 0 +6.165703513e+05 +6.165703513e+05 +6.167022713e+05 +6.167022713e+05
17 0 +5.868539029e+05 +5.868539029e+05 +5.869858229e+05 +5.869858229e+05
35 0 +5.668284465e+05 +5.668284465e+05 +5.669603665e+05 +5.669603665e+05
46 0 +5.433940215e+05 +5.433940215e+05 +5.435259415e+05 +5.435259415e+05
72 0 +5.128483178e+05 +5.128483178e+05 +5.129802378e+05 +5.129802378e+05
90 0 +3.786225037e+05 +3.786225037e+05 +3.787544237e+05 +3.787544237e+05
106 0 +3.584675513e+05 +3.584675513e+05 +3.585994713e+05 +3.585994713e+05
107 0 +3.478777767e+05 +3.478777767e+05 +3.480096967e+05 +3.480096967e+05
112 0 +3.381247908e+05 +3.381247908e+05 +3.382567108e+05 +3.382567108e+05
116 0 +3.024976891e+05 +3.024976891e+05 +3.026296091e+05 +3.026296091e+05
127 0 +3.009302558e+05 +3.009302558e+05 +3.010621758e+05 +3.010621758e+05
196 0 +2.929443363e+05 +2.929443363e+05 +2.930762563e+05 +2.930762563e+05
% f evaluations | g evaluations | best noise-free fitness - Fopt | noise-free fitness - Fopt (5.908400000000e+02) | measured fitness | best measured fitness | x1 | x2...
1 0 +1.109177450e+06 +1.109177450e+06 +1.109768290e+06 +1.109768290e+06
5 0 +1.049582776e+06 +1.049582776e+06 +1.050173616e+06 +1.050173616e+06
36 0 +1.003111345e+06 +1.003111345e+06 +1.003702185e+06 +1.003702185e+06
43 0 +9.731541993e+05 +9.731541993e+05 +9.737450393e+05 +9.737450393e+05
46 0 +8.880117361e+05 +8.880117361e+05 +8.886025761e+05 +8.886025761e+05
54 0 +8.660962805e+05 +8.660962805e+05 +8.666871205e+05 +8.666871205e+05
60 0 +8.172548118e+05 +8.172548118e+05 +8.178456518e+05 +8.178456518e+05
63 0 +7.006560537e+05 +7.006560537e+05 +7.012468937e+05 +7.012468937e+05
65 0 +6.466271886e+05 +6.466271886e+05 +6.472180286e+05 +6.472180286e+05
73 0 +6.366086096e+05 +6.366086096e+05 +6.371994496e+05 +6.371994496e+05
80 0 +5.652872628e+05 +5.652872628e+05 +5.658781028e+05 +5.658781028e+05
84 0 +5.615477849e+05 +5.615477849e+05 +5.621386249e+05 +5.621386249e+05
104 0 +5.216179791e+05 +5.216179791e+05 +5.222088191e+05 +5.222088191e+05
128 0 +4.359479463e+05 +4.359479463e+05 +4.365387863e+05 +4.365387863e+05
132 0 +3.615232550e+05 +3.615232550e+05 +3.621140950e+05 +3.621140950e+05
163 0 +3.273186351e+05 +3.273186351e+05 +3.279094751e+05 +3.279094751e+05
193 0 +3.124020069e+05 +3.124020069e+05 +3.129928469e+05 +3.129928469e+05
215 0 +2.831104036e+05 +2.831104036e+05 +2.837012436e+05 +2.837012436e+05
222 0 +2.809520892e+05 +2.809520892e+05 +2.815429292e+05 +2.815429292e+05
231 0 +2.519587924e+05 +2.519587924e+05 +2.525496324e+05 +2.525496324e+05
235 0 +2.499037408e+05 +2.499037408e+05 +2.504945808e+05 +2.504945808e+05
240 0 +2.404177381e+05 +2.404177381e+05 +2.410085781e+05 +2.410085781e+05
242 0 +2.055381938e+05 +2.055381938e+05 +2.061290338e+05 +2.061290338e+05
258 0 +1.957275686e+05 +1.957275686e+05 +1.963184086e+05 +1.963184086e+05
268 0 +1.748683486e+05 +1.748683486e+05 +1.754591886e+05 +1.754591886e+05
279 0 +1.717162885e+05 +1.717162885e+05 +1.723071285e+05 +1.723071285e+05
282 0 +1.674683714e+05 +1.674683714e+05 +1.680592114e+05 +1.680592114e+05
290 0 +1.631234681e+05 +1.631234681e+05 +1.637143081e+05 +1.637143081e+05
291 0 +1.596605452e+05 +1.596605452e+05 +1.602513852e+05 +1.602513852e+05
292 0 +1.539408722e+05 +1.539408722e+05 +1.545317122e+05 +1.545317122e+05
295 0 +1.498654877e+05 +1.498654877e+05 +1.504563277e+05 +1.504563277e+05
297 0 +1.475830571e+05 +1.475830571e+05 +1.481738971e+05 +1.481738971e+05
307 0 +1.375137007e+05 +1.375137007e+05 +1.381045407e+05 +1.381045407e+05
319 0 +1.342142224e+05 +1.342142224e+05 +1.348050624e+05 +1.348050624e+05
332 0 +1.312742685e+05 +1.312742685e+05 +1.318651085e+05 +1.318651085e+05
334 0 +1.228236208e+05 +1.228236208e+05 +1.234144608e+05 +1.234144608e+05
406 0 +1.189495327e+05 +1.189495327e+05 +1.195403727e+05 +1.195403727e+05
413 0 +1.159416582e+05 +1.159416582e+05 +1.165324982e+05 +1.165324982e+05
429 0 +1.110769663e+05 +1.110769663e+05 +1.116678063e+05 +1.116678063e+05
434 0 +1.065897454e+05 +1.065897454e+05 +1.071805854e+05 +1.071805854e+05
445 0 +1.041826092e+05 +1.041826092e+05 +1.047734492e+05 +1.047734492e+05
451 0 +8.456738956e+04 +8.456738956e+04 +8.515822956e+04 +8.515822956e+04
457 0 +8.206891813e+04 +8.206891813e+04 +8.265975813e+04 +8.265975813e+04
472 0 +6.748914054e+04 +6.748914054e+04 +6.807998054e+04 +6.807998054e+04
499 0 +6.320247728e+04 +6.320247728e+04 +6.379331728e+04 +6.379331728e+04
502 0 +6.229414390e+04 +6.229414390e+04 +6.288498390e+04 +6.288498390e+04
537 0 +4.471706278e+04 +4.471706278e+04 +4.530790278e+04 +4.530790278e+04
628 0 +4.466298740e+04 +4.466298740e+04 +4.525382740e+04 +4.525382740e+04
654 0 +4.077140582e+04 +4.077140582e+04 +4.136224582e+04 +4.136224582e+04
669 0 +3.388388637e+04 +3.388388637e+04 +3.447472637e+04 +3.447472637e+04
735 0 +3.307389683e+04 +3.307389683e+04 +3.366473683e+04 +3.366473683e+04
757 0 +2.881725789e+04 +2.881725789e+04 +2.940809789e+04 +2.940809789e+04
765 0 +2.536716025e+04 +2.536716025e+04 +2.595800025e+04 +2.595800025e+04
784 0 +2.450960746e+04 +2.450960746e+04 +2.510044746e+04 +2.510044746e+04
796 0 +2.167581015e+04 +2.167581015e+04 +2.226665015e+04 +2.226665015e+04
802 0 +1.658726730e+04 +1.658726730e+04 +1.717810730e+04 +1.717810730e+04
814 0 +1.064321917e+04 +1.064321917e+04 +1.123405917e+04 +1.123405917e+04
822 0 +7.895599936e+03 +7.895599936e+03 +8.486439936e+03 +8.486439936e+03
828 0 +6.412643417e+03 +6.412643417e+03 +7.003483417e+03 +7.003483417e+03
832 0 +3.991065553e+03 +3.991065553e+03 +4.581905553e+03 +4.581905553e+03
882 0 +3.746162800e+03 +3.746162800e+03 +4.337002800e+03 +4.337002800e+03
888 0 +3.665081915e+03 +3.665081915e+03 +4.255921915e+03 +4.255921915e+03
894 0 +3.594244812e+03 +3.594244812e+03 +4.185084812e+03 +4.185084812e+03
895 0 +2.165201610e+03 +2.165201610e+03 +2.756041610e+03 +2.756041610e+03
901 0 +1.908736179e+03 +1.908736179e+03 +2.499576179e+03 +2.499576179e+03
967 0 +1.480731565e+03 +1.480731565e+03 +2.071571565e+03 +2.071571565e+03
983 0 +1.066016974e+03 +1.066016974e+03 +1.656856974e+03 +1.656856974e+03
987 0 +9.131668990e+02 +9.131668990e+02 +1.504006899e+03 +1.504006899e+03
% f evaluations | g evaluations | best noise-free fitness - Fopt | noise-free fitness - Fopt (6.749000000000e+01) | measured fitness | best measured fitness | x1 | x2...
1 0 +5.086526473e+05 +5.086526473e+05 +5.087201373e+05 +5.087201373e+05
5 0 +4.457017941e+05 +4.457017941e+05 +4.457692841e+05 +4.457692841e+05
21 0 +3.685268425e+05 +3.685268425e+05 +3.685943325e+05 +3.685943325e+05
34 0 +3.512881076e+05 +3.512881076e+05 +3.513555976e+05 +3.513555976e+05
45 0 +3.362308788e+05 +3.362308788e+05 +3.362983688e+05 +3.362983688e+05
50 0 +3.083731769e+05 +3.083731769e+05 +3.084406669e+05 +3.084406669e+05
73 0 +2.879900673e+05 +2.879900673e+05 +2.880575573e+05 +2.880575573e+05
101 0 +2.725761918e+05 +2.725761918e+05 +2.726436818e+05 +2.726436818e+05
% f evaluations | g evaluations | best noise-free fitness - Fopt | noise-free fitness - Fopt (3.085000000000e+01) | measured fitness | best measured fitness | x1 | x2...
1 0 +9.169484226e+05 +9.169484226e+05 +9.169792726e+05 +9.169792726e+05
11 0 +8.976676267e+05 +8.976676267e+05 +8.976984767e+05 +8.976984767e+05
12 0 +7.812019169e+05 +7.812019169e+05 +7.812327669e+05 +7.812327669e+05
24 0 +7.157482516e+05 +7.157482516e+05 +7.157791016e+05 +7.157791016e+05
40 0 +6.453562997e+05 +6.453562997e+05 +6.453871497e+05 +6.453871497e+05
84 0 +6.008776134e+05 +6.008776134e+05 +6.009084634e+05 +6.009084634e+05
93 0 +5.697694229e+05 +5.697694229e+05 +5.698002729e+05 +5.698002729e+05
117 0 +5.577551236e+05 +5.577551236e+05 +5.577859736e+05 +5.577859736e+05
129 0 +4.862353880e+05 +4.862353880e+05 +4.862662380e+05 +4.862662380e+05
132 0 +4.603441383e+05 +4.603441383e+05 +4.603749883e+05 +4.603749883e+05
143 0 +4.243285194e+05 +4.243285194e+05 +4.243593694e+05 +4.243593694e+05
152 0 +3.685383851e+05 +3.685383851e+05 +3.685692351e+05 +3.685692351e+05
158 0 +3.625983340e+05 +3.625983340e+05 +3.626291840e+05 +3.626291840e+05
168 0 +3.395348260e+05 +3.395348260e+05 +3.395656760e+05 +3.395656760e+05
172 0 +3.125287963e+05 +3.125287963e+05 +3.125596463e+05 +3.125596463e+05
185 0 +3.043522771e+05 +3.043522771e+05 +3.043831271e+05 +3.043831271e+05
196 0 +2.858447630e+05 +2.858447630e+05 +2.858756130e+05 +2.858756130e+05
203 0 +2.808671727e+05 +2.808671727e+05 +2.808980227e+05 +2.808980227e+05
204 0 +2.688368888e+05 +2.688368888e+05 +2.688677388e+05 +2.688677388e+05
207 0 +2.337399482e+05 +2.337399482e+05 +2.337707982e+05 +2.337707982e+05
216 0 +2.205677694e+05 +2.205677694e+05 +2.205986194e+05 +2.205986194e+05
248 0 +2.088510977e+05 +2.088510977e+05 +2.088819477e+05 +2.088819477e+05
254 0 +2.041693426e+05 +2.041693426e+05 +2.042001926e+05 +2.042001926e+05
272 0 +1.944564645e+05 +1.944564645e+05 +1.944873145e+05 +1.944873145e+05
292 0 +1.873602482e+05 +1.873602482e+05 +1.873910982e+05 +1.873910982e+05
302 0 +1.851022034e+05 +1.851022034e+05 +1.851330534e+05 +1.851330534e+05
314 0 +1.812985826e+05 +1.812985826e+05 +1.813294326e+05 +1.813294326e+05
329 0 +1.740664732e+05 +1.740664732e+05 +1.740973232e+05 +1.740973232e+05
332 0 +1.727868959e+05 +1.727868959e+05 +1.728177459e+05 +1.728177459e+05
350 0 +1.692453784e+05 +1.692453784e+05 +1.692762284e+05 +1.692762284e+05
355 0 +1.638779826e+05 +1.638779826e+05 +1.639088326e+05 +1.639088326e+05
363 0 +1.616611296e+05 +1.616611296e+05 +1.616919796e+05 +1.616919796e+05
364 0 +1.564647326e+05 +1.564647326e+05 +1.564955826e+05 +1.564955826e+05
372 0 +1.531451813e+05 +1.531451813e+05 +1.531760313e+05 +1.531760313e+05
376 0 +1.503899822e+05 +1.503899822e+05 +1.504208322e+05 +1.504208322e+05
391 0 +1.442865538e+05 +1.442865538e+05 +1.443174038e+05 +1.443174038e+05
412 0 +1.395736939e+05 +1.395736939e+05 +1.396045439e+05 +1.396045439e+05
428 0 +1.280891712e+05 +1.280891712e+05 +1.281200212e+05 +1.281200212e+05
897 0 +1.239385168e+05 +1.239385168e+05 +1.239693668e+05 +1.239693668e+05
903 0 +1.129738248e+05 +1.129738248e+05 +1.130046748e+05 +1.130046748e+05
909 0 +1.009171171e+05 +1.009171171e+05 +1.009479671e+05 +1.009479671e+05
934 0 +8.066083927e+04 +8.066083927e+04 +8.069168927e+04 +8.069168927e+04
942 0 +6.394464884e+04 +6.394464884e+04 +6.397549884e+04 +6.397549884e+04
968 0 +6.262001462e+04 +6.262001462e+04 +6.265086462e+04 +6.265086462e+04
972 0 +6.077307072e+04 +6.077307072e+04 +6.080392072e+04 +6.080392072e+04
983 0 +6.017052978e+04 +6.017052978e+04 +6.020137978e+04 +6.020137978e+04
984 0 +3.765180602e+04 +3.765180602e+04 +3.768265602e+04 +3.768265602e+04
% f evaluations | g evaluations | best noise-free fitness - Fopt | noise-free fitness - Fopt (-1.255000000000e+01) | measured fitness | best measured fitness | x1 | x2...
1 0 +1.169271559e+06 +1.169271559e+06 +1.169259009e+06 +1.169259009e+06
4 0 +1.116748256e+06 +1.116748256e+06 +1.116735706e+06 +1.116735706e+06
12 0 +1.075766733e+06 +1.075766733e+06 +1.075754183e+06 +1.075754183e+06
23 0 +9.997948719e+05 +9.997948719e+05 +9.997823219e+05 +9.997823219e+05
25 0 +9.338790627e+05 +9.338790627e+05 +9.338665127e+05 +9.338665127e+05
27 0 +9.140283546e+05 +9.140283546e+05 +9.140158046e+05 +9.140158046e+05
33 0 +8.692748765e+05 +8.692748765e+05 +8.692623265e+05 +8.692623265e+05
34 0 +6.517564723e+05 +6.517564723e+05 +6.517439223e+05 +6.517439223e+05
45 0 +6.153572130e+05 +6.153572130e+05 +6.153446630e+05 +6.153446630e+05
84 0 +5.820748999e+05 +5.820748999e+05 +5.820623499e+05 +5.820623499e+05
103 0 +5.722529465e+05 +5.722529465e+05 +5.722403965e+05 +5.722403965e+05
397 0 +5.447809057e+05 +5.447809057e+05 +5.447683557e+05 +5.447683557e+05
405 0 +4.641464839e+05 +4.641464839e+05 +4.641339339e+05 +4.641339339e+05
423 0 +3.831938289e+05 +3.831938289e+05 +3.831812789e+05 +3.831812789e+05
459 0 +2.885124631e+05 +2.885124631e+05 +2.884999131e+05 +2.884999131e+05
476 0 +2.863483792e+05 +2.863483792e+05 +2.863358292e+05 +2.863358292e+05
487 0 +2.250183228e+05 +2.250183228e+05 +2.250057728e+05 +2.250057728e+05
503 0 +1.715138933e+05 +1.715138933e+05 +1.715013433e+05 +1.715013433e+05
530 0 +1.578816383e+05 +1.578816383e+05 +1.578690883e+05 +1.578690883e+05
535 0 +1.527925019e+05 +1.527925019e+05 +1.527799519e+05 +1.527799519e+05
539 0 +1.503235394e+05 +1.503235394e+05 +1.503109894e+05 +1.503109894e+05
543 0 +1.376970938e+05 +1.376970938e+05 +1.376845438e+05 +1.376845438e+05
557 0 +1.208260846e+05 +1.208260846e+05 +1.208135346e+05 +1.208135346e+05
568 0 +1.113419869e+05 +1.113419869e+05 +1.113294369e+05 +1.113294369e+05
578 0 +7.128434802e+04 +7.128434802e+04 +7.127179802e+04 +7.127179802e+04
625 0 +6.705278700e+04 +6.705278700e+04 +6.704023700e+04 +6.704023700e+04
763 0 +4.991420133e+04 +4.991420133e+04 +4.990165133e+04 +4.990165133e+04
862 0 +3.390595663e+04 +3.390595663e+04 +3.389340663e+04 +3.389340663e+04
866 0 +3.234152068e+04 +3.234152068e+04 +3.232897068e+04 +3.232897068e+04
886 0 +2.715884212e+04 +2.715884212e+04 +2.714629212e+04 +2.714629212e+04
898 0 +2.064274449e+04 +2.064274449e+04 +2.063019449e+04 +2.063019449e+04
908 0 +1.948037164e+04 +1.948037164e+04 +1.946782164e+04 +1.946782164e+04
913 0 +1.711074738e+04 +1.711074738e+04 +1.709819738e+04 +1.709819738e+04
919 0 +1.247266484e+04 +1.247266484e+04 +1.246011484e+04 +1.246011484e+04
946 0 +9.252478098e+03 +9.252478098e+03 +9.239928098e+03 +9.239928098e+03
978 0 +6.919655358e+03 +6.919655358e+03 +6.907105358e+03 +6.907105358e+03
1002 0 +6.888146457e+03 +6.888146457e+03 +6.875596457e+03 +6.875596457e+03
% f evaluations | g evaluations | best noise-free fitness - Fopt | noise-free fitness - Fopt (5.383900000000e+02) | measured fitness | best measured fitness | x1 | x2...
1 0 +1.071212762e+06 +1.071212762e+06 +1.071751152e+06 +1.071751152e+06
2 0 +1.033574680e+06 +1.033574680e+06 +1.034113070e+06 +1.034113070e+06
8 0 +7.889935940e+05 +7.889935940e+05 +7.895319840e+05 +7.895319840e+05
12 0 +5.801745039e+05 +5.801745039e+05 +5.807128939e+05 +5.807128939e+05
60 0 +5.520463374e+05 +5.520463374e+05 +5.525847274e+05 +5.525847274e+05
142 0 +3.729461509e+05 +3.729461509e+05 +3.734845409e+05 +3.734845409e+05
159 0 +3.628654935e+05 +3.628654935e+05 +3.634038835e+05 +3.634038835e+05
164 0 +3.546138568e+05 +3.546138568e+05 +3.551522468e+05 +3.551522468e+05
171 0 +3.114461317e+05 +3.114461317e+05 +3.119845217e+05 +3.119845217e+05
312 0 +3.039481428e+05 +3.039481428e+05 +3.044865328e+05 +3.044865328e+05
319 0 +2.927397819e+05 +2.927397819e+05 +2.932781719e+05 +2.932781719e+05
357 0 +2.786399121e+05 +2.786399121e+05 +2.791783021e+05 +2.791783021e+05
372 0 +2.334631254e+05 +2.334631254e+05 +2.340015154e+05 +2.340015154e+05
384 0 +2.210780398e+05 +2.210780398e+05 +2.216164298e+05 +2.216164298e+05
392 0 +2.155360139e+05 +2.155360139e+05 +2.160744039e+05 +2.160744039e+05
400 0 +2.025037944e+05 +2.025037944e+05 +2.030421844e+05 +2.030421844e+05
436 0 +1.928649338e+05 +1.928649338e+05 +1.934033238e+05 +1.934033238e+05
445 0 +1.844313816e+05 +1.844313816e+05 +1.849697716e+05 +1.849697716e+05
451 0 +1.816546693e+05 +1.816546693e+05 +1.821930593e+05 +1.821930593e+05
452 0 +1.753039822e+05 +1.753039822e+05 +1.758423722e+05 +1.758423722e+05
457 0 +1.726136005e+05 +1.726136005e+05 +1.731519905e+05 +1.731519905e+05
467 0 +1.697611862e+05 +1.697611862e+05 +1.702995762e+05 +1.702995762e+05
474 0 +1.618292012e+05 +1.618292012e+05 +1.623675912e+05 +1.623675912e+05
485 0 +1.566394943e+05 +1.566394943e+05 +1.571778843e+05 +1.571778843e+05
502 0 +1.519381613e+05 +1.519381613e+05 +1.524765513e+05 +1.524765513e+05
503 0 +1.479773481e+05 +1.479773481e+05 +1.485157381e+05 +1.485157381e+05
508 0 +1.410961365e+05 +1.410961365e+05 +1.416345265e+05 +1.416345265e+05
531 0 +1.371818045e+05 +1.371818045e+05 +1.377201945e+05 +1.377201945e+05
542 0 +1.345600477e+05 +1.345600477e+05 +1.350984377e+05 +1.350984377e+05
737 0 +1.193817782e+05 +1.193817782e+05 +1.199201682e+05 +1.199201682e+05
744 0 +1.167918434e+05 +1.167918434e+05 +1.173302334e+05 +1.173302334e+05
759 0 +1.117969113e+05 +1.117969113e+05 +1.123353013e+05 +1.123353013e+05
762 0 +9.278003936e+04 +9.278003936e+04 +9.331842936e+04 +9.331842936e+04
763 0 +6.015402691e+04 +6.015402691e+04 +6.069241691e+04 +6.069241691e+04
% f evaluations | g evaluations | best noise-free fitness - Fopt | noise-free fitness - Fopt (-1.055600000000e+02) | measured fitness | best measured fitness | x1 | x2...
1 0 +8.239180605e+05 +8.239180605e+05 +8.238125005e+05 +8.238125005e+05
12 0 +6.133574801e+05 +6.133574801e+05 +6.132519201e+05 +6.132519201e+05
29 0 +5.722900503e+05 +5.722900503e+05 +5.721844903e+05 +5.721844903e+05
57 0 +5.129753713e+05 +5.129753713e+05 +5.128698113e+05 +5.128698113e+05
67 0 +4.404569620e+05 +4.404569620e+05 +4.403514020e+05 +4.403514020e+05
68 0 +4.079329530e+05 +4.079329530e+05 +4.078273930e+05 +4.078273930e+05
78 0 +3.280459392e+05 +3.280459392e+05 +3.279403792e+05 +3.279403792e+05
% f evaluations | g evaluations | best noise-free fitness - Fopt | noise-free fitness - Fopt (9.803000000000e+01) | measured fitness | best measured fitness | x1 | x2...
1 0 +1.122604373e+06 +1.122604373e+06 +1.122702403e+06 +1.122702403e+06
2 0 +1.101926263e+06 +1.101926263e+06 +1.102024293e+06 +1.102024293e+06
3 0 +9.866392114e+05 +9.866392114e+05 +9.867372414e+05 +9.867372414e+05
30 0 +9.679750251e+05 +9.679750251e+05 +9.680730551e+05 +9.680730551e+05
32 0 +9.451782391e+05 +9.451782391e+05 +9.452762691e+05 +9.452762691e+05
43 0 +8.960845642e+05 +8.960845642e+05 +8.961825942e+05 +8.961825942e+05
52 0 +8.775513937e+05 +8.775513937e+05 +8.776494237e+05 +8.776494237e+05
53 0 +8.679216906e+05 +8.679216906e+05 +8.680197206e+05 +8.680197206e+05
60 0 +8.104091687e+05 +8.104091687e+05 +8.105071987e+05 +8.105071987e+05
64 0 +7.605165585e+05 +7.605165585e+05 +7.606145885e+05 +7.606145885e+05
74 0 +7.583269970e+05 +7.583269970e+05 +7.584250270e+05 +7.584250270e+05
81 0 +7.349419831e+05 +7.349419831e+05 +7.350400131e+05 +7.350400131e+05
85 0 +6.647497848e+05 +6.647497848e+05 +6.648478148e+05 +6.648478148e+05
92 0 +6.422562596e+05 +6.422562596e+05 +6.423542896e+05 +6.423542896e+05
102 0 +6.220105661e+05 +6.220105661e+05 +6.221085961e+05 +6.221085961e+05
104 0 +6.054865221e+05 +6.054865221e+05 +6.055845521e+05 +6.055845521e+05
132 0 +5.902198631e+05 +5.902198631e+05 +5.903178931e+05 +5.903178931e+05
140 0 +5.835739961e+05 +5.835739961e+05 +5.836720261e+05 +5.836720261e+05
162 0 +5.747119033e+05 +5.747119033e+05 +5.748099333e+05 +5.748099333e+05
179 0 +5.582526274e+05 +5.582526274e+05 +5.583506574e+05 +5.583506574e+05
200 0 +5.167984256e+05 +5.167984256e+05 +5.168964556e+05 +5.168964556e+05
210 0 +5.074590021e+05 +5.074590021e+05 +5.075570321e+05 +5.075570321e+05
211 0 +4.855948662e+05 +4.855948662e+05 +4.856928962e+05 +4.856928962e+05
214 0 +4.772535036e+05 +4.772535036e+05 +4.773515336e+05 +4.773515336e+05
226 0 +4.492830182e+05 +4.492830182e+05 +4.493810482e+05 +4.493810482e+05
232 0 +4.347200704e+05 +4.347200704e+05 +4.348181004e+05 +4.348181004e+05
237 0 +4.167840653e+05 +4.167840653e+05 +4.168820953e+05 +4.168820953e+05
243 0 +3.845138505e+05 +3.845138505e+05 +3.846118805e+05 +3.846118805e+05
253 0 +3.748596743e+05 +3.748596743e+05 +3.749577043e+05 +3.749577043e+05
260 0 +3.702023162e+05 +3.702023162e+05 +3.703003462e+05 +3.703003462e+05
266 0 +3.471933345e+05 +3.471933345e+05 +3.472913645e+05 +3.472913645e+05
280 0 +3.411205813e+05 +3.411205813e+05 +3.412186113e+05 +3.412186113e+05
290 0 +3.345125785e+05 +3.345125785e+05 +3.346106085e+05 +3.346106085e+05
294 0 +3.238568114e+05 +3.238568114e+05 +3.239548414e+05 +3.239548414e+05
304 0 +3.192417923e+05 +3.192417923e+05 +3.193398223e+05 +3.193398223e+05
312 0 +3.153917982e+05 +3.153917982e+05 +3.154898282e+05 +3.154898282e+05
337 0 +3.085625189e+05 +3.085625189e+05 +3.086605489e+05 +3.086605489e+05
347 0 +3.018569390e+05 +3.018569390e+05 +3.019549690e+05 +3.019549690e+05
359 0 +2.928702048e+05 +2.928702048e+05 +2.929682348e+05 +2.929682348e+05
370 0 +2.867338305e+05 +2.867338305e+05 +2.868318605e+05 +2.868318605e+05
386 0 +2.806783111e+05 +2.806783111e+05 +2.807763411e+05 +2.807763411e+05
404 0 +2.606473329e+05 +2.606473329e+05 +2.607453629e+05 +2.607453629e+05
412 0 +2.563521928e+05 +2.563521928e+05 +2.564502228e+05 +2.564502228e+05
415 0 +2.429009636e+05 +2.429009636e+05 +2.429989936e+05 +2.429989936e+05
426 0 +2.304408591e+05 +2.304408591e+05 +2.305388891e+05 +2.305388891e+05
437 0 +2.244579606e+05 +2.244579606e+05 +2.245559906e+05 +2.245559906e+05
465 0 +2.219307997e+05 +2.219307997e+05 +2.220288297e+05 +2.220288297e+05
492 0 +2.155192145e+05 +2.155192145e+05 +2.156172445e+05 +2.156172445e+05
515 0 +2.089761135e+05 +2.089761135e+05 +2.090741435e+05 +2.090741435e+05
524 0 +2.089260671e+05 +2.089260671e+05 +2.090240971e+05 +2.090240971e+05
537 0 +1.952751971e+05 +1.952751971e+05 +1.953732271e+05 +1.953732271e+05
542 0 +1.935141403e+05 +1.935141403e+05 +1.936121703e+05 +1.936121703e+05
555 0 +1.870225404e+05 +1.870225404e+05 +1.871205704e+05 +1.871205704e+05
565 0 +1.852582694e+05 +1.852582694e+05 +1.853562994e+05 +1.853562994e+05
568 0 +1.812570996e+05 +1.812570996e+05 +1.813551296e+05 +1.813551296e+05
576 0 +1.740521979e+05 +1.740521979e+05 +1.741502279e+05 +1.741502279e+05
597 0 +1.734344291e+05 +1.734344291e+05 +1.735324591e+05 +1.735324591e+05
613 0 +1.692253701e+05 +1.692253701e+05 +1.693234001e+05 +1.693234001e+05
646 0 +1.659561555e+05 +1.659561555e+05 +1.660541855e+05 +1.660541855e+05
658 0 +1.613715377e+05 +1.613715377e+05 +1.614695677e+05 +1.614695677e+05
674 0 +1.560669982e+05 +1.560669982e+05 +1.561650282e+05 +1.561650282e+05
684 0 +1.541337740e+05 +1.541337740e+05 +1.542318040e+05 +1.542318040e+05
709 0 +1.511390804e+05 +1.511390804e+05 +1.512371104e+05 +1.512371104e+05
732 0 +1.477259201e+05 +1.477259201e+05 +1.478239501e+05 +1.478239501e+05
742 0 +1.438403929e+05 +1.438403929e+05 +1.439384229e+05 +1.439384229e+05
763 0 +1.405254264e+05 +1.405254264e+05 +1.406234564e+05 +1.406234564e+05
791 0 +1.380289049e+05 +1.380289049e+05 +1.381269349e+05 +1.381269349e+05
805 0 +1.348612609e+05 +1.348612609e+05 +1.349592909e+05 +1.349592909e+05
824 0 +1.317771765e+05 +1.317771765e+05 +1.318752065e+05 +1.318752065e+05
875 0 +1.283612068e+05 +1.283612068e+05 +1.284592368e+05 +1.284592368e+05
902 0 +1.257255025e+05 +1.257255025e+05 +1.258235325e+05 +1.258235325e+05
919 0 +1.227810864e+05 +1.227810864e+05 +1.228791164e+05 +1.228791164e+05
932 0 +1.187805578e+05 +1.187805578e+05 +1.188785878e+05 +1.188785878e+05
942 0 +1.172236341e+05 +1.172236341e+05 +1.173216641e+05 +1.173216641e+05
963 0 +1.140355203e+05 +1.140355203e+05 +1.141335503e+05 +1.141335503e+05
969 0 +1.119440834e+05 +1.119440834e+05 +1.120421134e+05 +1.120421134e+05
973 0 +1.087283324e+05 +1.087283324e+05 +1.088263624e+05 +1.088263624e+05
992 0 +1.029664348e+05 +1.029664348e+05 +1.030644648e+05 +1.030644648e+05
1002 0 +1.009479572e+05 +1.009479572e+05 +1.010459872e+05 +1.010459872e+05
% f evaluations | g evaluations | best noise-free fitness - Fopt | noise-free fitness - Fopt (1.000000000000e+03) | measured fitness | best measured fitness | x1 | x2...
1 0 +6.587247980e+05 +6.587247980e+05 +6.597247980e+05 +6.597247980e+05
5 0 +6.020694890e+05 +6.020694890e+05 +6.030694890e+05 +6.030694890e+05
7 0 +4.879578480e+05 +4.879578480e+05 +4.889578480e+05 +4.889578480e+05
17 0 +4.198412546e+05 +4.198412546e+05 +4.208412546e+05 +4.208412546e+05
33 0 +3.384351685e+05 +3.384351685e+05 +3.394351685e+05 +3.394351685e+05
54 0 +3.055225127e+05 +3.055225127e+05 +3.065225127e+05 +3.065225127e+05
154 0 +2.991732416e+05 +2.991732416e+05 +3.001732416e+05 +3.001732416e+05
189 0 +2.945118437e+05 +2.945118437e+05 +2.955118437e+05 +2.955118437e+05
207 0 +2.622343438e+05 +2.622343438e+05 +2.632343438e+05 +2.632343438e+05
213 0 +2.541713649e+05 +2.541713649e+05 +2.551713649e+05 +2.551713649e+05
215 0 +2.227937496e+05 +2.227937496e+05 +2.237937496e+05 +2.237937496e+05
232 0 +1.982753466e+05 +1.982753466e+05 +1.992753466e+05 +1.992753466e+05
233 0 +1.909405474e+05 +1.909405474e+05 +1.919405474e+05 +1.919405474e+05
234 0 +1.664777140e+05 +1.664777140e+05 +1.674777140e+05 +1.674777140e+05
243 0 +1.552824551e+05 +1.552824551e+05 +1.562824551e+05 +1.562824551e+05
245 0 +1.268752969e+05 +1.268752969e+05 +1.278752969e+05 +1.278752969e+05
281 0 +9.668656582e+04 +9.668656582e+04 +9.768656582e+04 +9.768656582e+04
290 0 +8.384033641e+04 +8.384033641e+04 +8.484033641e+04 +8.484033641e+04
% f evaluations | g evaluations | best noise-free fitness - Fopt | noise-free fitness - Fopt (1.490000000000e+00) | measured fitness | best measured fitness | x1 | x2...
1 0 +6.243605410e+05 +6.243605410e+05 +6.243620310e+05 +6.243620310e+05
8 0 +5.929477893e+05 +5.929477893e+05 +5.929492793e+05 +5.929492793e+05
32 0 +5.857752148e+05 +5.857752148e+05 +5.857767048e+05 +5.857767048e+05
59 0 +5.740098087e+05 +5.740098087e+05 +5.740112987e+05 +5.740112987e+05
92 0 +4.861525833e+05 +4.861525833e+05 +4.861540733e+05 +4.861540733e+05
104 0 +4.402036111e+05 +4.402036111e+05 +4.402051011e+05 +4.402051011e+05
117 0 +3.975178940e+05 +3.975178940e+05 +3.975193840e+05 +3.975193840e+05
122 0 +3.867497812e+05 +3.867497812e+05 +3.867512712e+05 +3.867512712e+05
131 0 +3.734986592e+05 +3.734986592e+05 +3.735001492e+05 +3.735001492e+05
135 0 +3.498012923e+05 +3.498012923e+05 +3.498027823e+05 +3.498027823e+05
293 0 +3.306988183e+05 +3.306988183e+05 +3.307003083e+05 +3.307003083e+05
312 0 +3.156258447e+05 +3.156258447e+05 +3.156273347e+05 +3.156273347e+05
357 0 +3.068827365e+05 +3.068827365e+05 +3.068842265e+05 +3.068842265e+05
368 0 +3.012161666e+05 +3.012161666e+05 +3.012176566e+05 +3.012176566e+05
389 0 +2.871306645e+05 +2.871306645e+05 +2.871321545e+05 +2.871321545e+05
399 0 +2.804355644e+05 +2.804355644e+05 +2.804370544e+05 +2.804370544e+05
442 0 +2.751930539e+05 +2.751930539e+05 +2.751945439e+05 +2.751945439e+05
449 0 +2.641711323e+05 +2.641711323e+05 +2.641726223e+05 +2.641726223e+05
456 0 +2.450984885e+05 +2.450984885e+05 +2.450999785e+05 +2.450999785e+05
511 0 +2.344925476e+05 +2.344925476e+05 +2.344940376e+05 +2.344940376e+05
519 0 +2.251416565e+05 +2.251416565e+05 +2.251431465e+05 +2.251431465e+05
554 0 +1.986070523e+05 +1.986070523e+05 +1.986085423e+05 +1.986085423e+05
632 0 +1.920359103e+05 +1.920359103e+05 +1.920374003e+05 +1.920374003e+05
650 0 +1.868821142e+05 +1.868821142e+05 +1.868836042e+05 +1.868836042e+05
656 0 +1.862051910e+05 +1.862051910e+05 +1.862066810e+05 +1.862066810e+05
679 0 +1.817943314e+05 +1.817943314e+05 +1.817958214e+05 +1.817958214e+05
696 0 +1.587404345e+05 +1.587404345e+05 +1.587419245e+05 +1.587419245e+05
744 0 +1.483209408e+05 +1.483209408e+05 +1.483224308e+05 +1.483224308e+05
766 0 +1.427332726e+05 +1.427332726e+05 +1.427347626e+05 +1.427347626e+05
775 0 +1.398742103e+05 +1.398742103e+05 +1.398757003e+05 +1.398757003e+05
795 0 +1.359455492e+05 +1.359455492e+05 +1.359470392e+05 +1.359470392e+05
804 0 +1.294396237e+05 +1.294396237e+05 +1.294411137e+05 +1.294411137e+05
900 0 +1.284780775e+05 +1.284780775e+05 +1.284795675e+05 +1.284795675e+05
917 0 +1.255910730e+05 +1.255910730e+05 +1.255925630e+05 +1.255925630e+05
927 0 +1.169348108e+05 +1.169348108e+05 +1.169363008e+05 +1.169363008e+05
976 0 +1.105042754e+05 +1.105042754e+05 +1.105057654e+05 +1.105057654e+05
% f evaluations | g evaluations | best noise-free fitness - Fopt | noise-free fitness - Fopt (5.963500000000e+02) | measured fitness | best measured fitness | x1 | x2...
1 0 +1.090599586e+06 +1.090599586e+06 +1.091195936e+06 +1.091195936e+06
3 0 +1.022508393e+06 +1.022508393e+06 +1.023104743e+06 +1.023104743e+06
12 0 +9.350030488e+05 +9.350030488e+05 +9.355993988e+05 +9.355993988e+05
17 0 +8.498820696e+05 +8.498820696e+05 +8.504784196e+05 +8.504784196e+05
21 0 +7.709503081e+05 +7.709503081e+05 +7.715466581e+05 +7.715466581e+05
22 0 +7.202498456e+05 +7.202498456e+05 +7.208461956e+05 +7.208461956e+05
23 0 +6.164133176e+05 +6.164133176e+05 +6.170096676e+05 +6.170096676e+05
44 0 +5.795629336e+05 +5.795629336e+05 +5.801592836e+05 +5.801592836e+05
82 0 +5.665759470e+05 +5.665759470e+05 +5.671722970e+05 +5.671722970e+05
86 0 +5.585340129e+05 +5.585340129e+05 +5.591303629e+05 +5.591303629e+05
93 0 +5.417346166e+05 +5.417346166e+05 +5.423309666e+05 +5.423309666e+05
99 0 +5.306076864e+05 +5.306076864e+05 +5.312040364e+05 +5.312040364e+05
115 0 +5.144978564e+05 +5.144978564e+05 +5.150942064e+05 +5.150942064e+05
116 0 +5.082796174e+05 +5.082796174e+05 +5.088759674e+05 +5.088759674e+05
119 0 +4.968158560e+05 +4.968158560e+05 +4.974122060e+05 +4.974122060e+05
147 0 +4.248753016e+05 +4.248753016e+05 +4.254716516e+05 +4.254716516e+05
153 0 +4.015597695e+05 +4.015597695e+05 +4.021561195e+05 +4.021561195e+05
171 0 +3.814970092e+05 +3.814970092e+05 +3.820933592e+05 +3.820933592e+05
177 0 +3.546010857e+05 +3.546010857e+05 +3.551974357e+05 +3.551974357e+05
187 0 +3.452465859e+05 +3.452465859e+05 +3.458429359e+05 +3.458429359e+05
189 0 +3.341888956e+05 +3.341888956e+05 +3.347852456e+05 +3.347852456e+05
210 0 +3.124612267e+05 +3.124612267e+05 +3.130575767e+05 +3.130575767e+05
217 0 +3.084221294e+05 +3.084221294e+05 +3.090184794e+05 +3.090184794e+05
229 0 +2.988520925e+05 +2.988520925e+05 +2.994484425e+05 +2.994484425e+05
232 0 +2.747371841e+05 +2.747371841e+05 +2.753335341e+05 +2.753335341e+05
261 0 +2.653349898e+05 +2.653349898e+05 +2.659313398e+05 +2.659313398e+05
273 0 +2.509487487e+05 +2.509487487e+05 +2.515450987e+05 +2.515450987e+05
291 0 +2.413482071e+05 +2.413482071e+05 +2.419445571e+05 +2.419445571e+05
293 0 +2.336774644e+05 +2.336774644e+05 +2.342738144e+05 +2.342738144e+05
299 0 +2.278737137e+05 +2.278737137e+05 +2.284700637e+05 +2.284700637e+05
314 0 +2.180936951e+05 +2.180936951e+05 +2.186900451e+05 +2.186900451e+05
322 0 +1.965782972e+05 +1.965782972e+05 +1.971746472e+05 +1.971746472e+05
323 0 +1.938212455e+05 +1.938212455e+05 +1.944175955e+05 +1.944175955e+05
327 0 +1.878307915e+05 +1.878307915e+05 +1.884271415e+05 +1.884271415e+05
333 0 +1.842597569e+05 +1.842597569e+05 +1.848561069e+05 +1.848561069e+05
336 0 +1.814798087e+05 +1.814798087e+05 +1.820761587e+05 +1.820761587e+05
340 0 +1.721829588e+05 +1.721829588e+05 +1.727793088e+05 +1.727793088e+05
458 0 +1.199376336e+05 +1.199376336e+05 +1.205339836e+05 +1.205339836e+05
585 0 +8.184341002e+04 +8.184341002e+04 +8.243976002e+04 +8.243976002e+04
598 0 +5.427834546e+04 +5.427834546e+04 +5.487469546e+04 +5.487469546e+04
603 0 +3.298114525e+04 +3.298114525e+04 +3.357749525e+04 +3.357749525e+04
716 0 +1.483837461e+04 +1.483837461e+04 +1.543472461e+04 +1.543472461e+04
960 0 +1.206260711e+04 +1.206260711e+04 +1.265895711e+04 +1.265895711e+04
% f evaluations | g evaluations | best noise-free fitness - Fopt | noise-free fitness - Fopt (-1.189700000000e+02) | measured fitness | best measured fitness | x1 | x2...
1 0 +5.485691236e+05 +5.485691236e+05 +5.484501536e+05 +5.484501536e+05
2 0 +3.895271083e+05 +3.895271083e+05 +3.894081383e+05 +3.894081383e+05
14 0 +3.168956490e+05 +3.168956490e+05 +3.167766790e+05 +3.167766790e+05
40 0 +2.987854241e+05 +2.987854241e+05 +2.986664541e+05 +2.986664541e+05
42 0 +2.854045576e+05 +2.854045576e+05 +2.852855876e+05 +2.852855876e+05
62 0 +2.802589285e+05 +2.802589285e+05 +2.801399585e+05 +2.801399585e+05
63 0 +2.707032219e+05 +2.707032219e+05 +2.705842519e+05 +2.705842519e+05
71 0 +2.641031594e+05 +2.641031594e+05 +2.639841894e+05 +2.639841894e+05
73 0 +2.621108116e+05 +2.621108116e+05 +2.619918416e+05 +2.619918416e+05
78 0 +2.442210882e+05 +2.442210882e+05 +2.441021182e+05 +2.441021182e+05
132 0 +2.056137990e+05 +2.056137990e+05 +2.054948290e+05 +2.054948290e+05
157 0 +1.859490091e+05 +1.859490091e+05 +1.858300391e+05 +1.858300391e+05
172 0 +1.783697017e+05 +1.783697017e+05 +1.782507317e+05 +1.782507317e+05
187 0 +1.315640303e+05 +1.315640303e+05 +1.314450603e+05 +1.314450603e+05
197 0 +1.169505390e+05 +1.169505390e+05 +1.168315690e+05 +1.168315690e+05
265 0 +1.131340453e+05 +1.131340453e+05 +1.130150753e+05 +1.130150753e+05
267 0 +1.053166081e+05 +1.053166081e+05 +1.051976381e+05 +1.051976381e+05
274 0 +1.036138624e+05 +1.036138624e+05 +1.034948924e+05 +1.034948924e+05
277 0 +9.513621372e+04 +9.513621372e+04 +9.501724372e+04 +9.501724372e+04
285 0 +9.185471050e+04 +9.185471050e+04 +9.173574050e+04 +9.173574050e+04
288 0 +8.987834354e+04 +8.987834354e+04 +8.975937354e+04 +8.975937354e+04
301 0 +8.310920581e+04 +8.310920581e+04 +8.299023581e+04 +8.299023581e+04
329 0 +7.216802945e+04 +7.216802945e+04 +7.204905945e+04 +7.204905945e+04
330 0 +6.960430690e+04 +6.960430690e+04 +6.948533690e+04 +6.948533690e+04
336 0 +6.719622503e+04 +6.719622503e+04 +6.707725503e+04 +6.707725503e+04
344 0 +6.411302764e+04 +6.411302764e+04 +6.399405764e+04 +6.399405764e+04
356 0 +6.228483034e+04 +6.228483034e+04 +6.216586034e+04 +6.216586034e+04
365 0 +5.211468759e+04 +5.211468759e+04 +5.199571759e+04 +5.199571759e+04
378 0 +4.742449985e+04 +4.742449985e+04 +4.730552985e+04 +4.730552985e+04
393 0 +3.753893960e+04 +3.753893960e+04 +3.741996960e+04 +3.741996960e+04
402 0 +3.516967228e+04 +3.516967228e+04 +3.505070228e+04 +3.505070228e+04
410 0 +3.427804415e+04 +3.427804415e+04 +3.415907415e+04 +3.415907415e+04
415 0 +3.384000351e+04 +3.384000351e+04 +3.372103351e+04 +3.372103351e+04
422 0 +3.286570325e+04 +3.286570325e+04 +3.274673325e+04 +3.274673325e+04
432 0 +3.215017261e+04 +3.215017261e+04 +3.203120261e+04 +3.203120261e+04
436 0 +3.098180043e+04 +3.098180043e+04 +3.086283043e+04 +3.086283043e+04
437 0 +2.413504891e+04 +2.413504891e+04 +2.401607891e+04 +2.401607891e+04
445 0 +2.332644309e+04 +2.332644309e+04 +2.320747309e+04 +2.320747309e+04
450 0 +2.278464407e+04 +2.278464407e+04 +2.266567407e+04 +2.266567407e+04
454 0 +2.053551289e+04 +2.053551289e+04 +2.041654289e+04 +2.041654289e+04
466 0 +1.873915647e+04 +1.873915647e+04 +1.862018647e+04 +1.862018647e+04
473 0 +1.812196896e+04 +1.812196896e+04 +1.800299896e+04 +1.800299896e+04
495 0 +1.718051663e+04 +1.718051663e+04 +1.706154663e+04 +1.706154663e+04
506 0 +1.552858890e+04 +1.552858890e+04 +1.540961890e+04 +1.540961890e+04
526 0 +1.352909609e+04 +1.352909609e+04 +1.341012609e+04 +1.341012609e+04
531 0 +8.962584522e+03 +8.962584522e+03 +8.843614522e+03 +8.843614522e+03
570 0 +8.000837637e+03 +8.000837637e+03 +7.881867637e+03 +7.881867637e+03
575 0 +6.963949727e+03 +6.963949727e+03 +6.844979727e+03 +6.844979727e+03
586 0 +4.136135922e+03 +4.136135922e+03 +4.017165922e+03 +4.017165922e+03
614 0 +3.820329453e+03 +3.820329453e+03 +3.701359453e+03 +3.701359453e+03
652 0 +1.957610307e+03 +1.957610307e+03 +1.838640307e+03 +1.838640307e+03
