% f evaluations | g evaluations | best noise-free fitness - Fopt | noise-free fitness - Fopt (3.590000000000e+01) | measured fitness | best measured fitness | x1 | x2...
1 0 +1.143844717e+02 +1.143844717e+02 +1.502844717e+02 +1.502844717e+02 +0.0000e+00 +0.0000e+00 +0.0000e+00
4 0 +2.483856177e+01 +2.483856177e+01 +6.073856177e+01 +6.073856177e+01 -5.6188e-02 +7.8910e-01 +5.3704e-03
10 0 +2.413647724e+01 +2.413647724e+01 +6.003647724e+01 +6.003647724e+01 +1.7981e-01 +8.3247e-01 +2.0897e-02
29 0 +2.360690392e+01 +2.360690392e+01 +5.950690392e+01 +5.950690392e+01 +8.2860e-01 +1.3371e+00 -3.8334e-02
111 0 +2.324070932e+01 +2.324070932e+01 +5.914070932e+01 +5.914070932e+01 +1.2513e+00 +1.8755e+00 +3.4942e-02
246 0 +2.285883688e+01 +2.285883688e+01 +5.875883688e+01 +5.875883688e+01 +6.0883e-01 +1.4141e+00 +7.0500e-02
521 0 +2.207960057e+01 +2.207960057e+01 +5.797960057e+01 +5.797960057e+01 +1.2395e+00 +1.6208e+00 +1.6811e-01
570 0 +2.065213348e+01 +2.065213348e+01 +5.655213348e+01 +5.655213348e+01 +8.4411e-01 +1.4802e+00 +2.0896e-01
746 0 +2.000065316e+01 +2.000065316e+01 +5.590065316e+01 +5.590065316e+01 +9.6430e-01 +1.4539e+00 +2.4939e-01
763 0 +1.986664498e+01 +1.986664498e+01 +5.576664498e+01 +5.576664498e+01 +1.2884e+00 +1.6416e+00 +2.7206e-01
870 0 +1.928148059e+01 +1.928148059e+01 +5.518148059e+01 +5.518148059e+01 +1.1098e+00 +1.5907e+00 +2.7000e-01
977 0 +1.888031613e+01 +1.888031613e+01 +5.478031613e+01 +5.478031613e+01 +9.0979e-01 +1.4790e+00 +2.8217e-01
% f evaluations | g evaluations | best noise-free fitness - Fopt | noise-free fitness - Fopt (3.137000000000e+01) | measured fitness | best measured fitness | x1 | x2...
1 0 +6.057820710e+01 +6.057820710e+01 +9.194820710e+01 +9.194820710e+01 +0.0000e+00 +0.0000e+00 +0.0000e+00
3 0 +5.874801761e+01 +5.874801761e+01 +9.011801761e+01 +9.011801761e+01 -4.7257e-01 -1.3875e-02 +3.5124e-01
4 0 +4.057136280e+01 +4.057136280e+01 +7.194136280e+01 +7.194136280e+01 -6.5718e-02 +2.8684e-01 -8.5670e-01
5 0 +3.182057900e+01 +3.182057900e+01 +6.319057900e+01 +6.319057900e+01 +1.9983e-01 +2.9106e-01 -1.5216e+00
17 0 +2.399281342e+01 +2.399281342e+01 +5.536281342e+01 +5.536281342e+01 -2.6888e-01 +5.6349e-01 -1.3981e+00
21 0 +1.765529858e+01 +1.765529858e+01 +4.902529858e+01 +4.902529858e+01 -8.6331e-01 +3.5375e-01 -1.4471e+00
26 0 +1.355912244e+01 +1.355912244e+01 +4.492912244e+01 +4.492912244e+01 -6.9398e-01 +6.3813e-01 -1.7158e+00
34 0 +1.203823154e+01 +1.203823154e+01 +4.340823154e+01 +4.340823154e+01 -7.4497e-01 +2.0741e-01 -2.1490e+00
48 0 +1.186820864e+01 +1.186820864e+01 +4.323820864e+01 +4.323820864e+01 -7.9188e-01 +3.1658e-01 -2.3085e+00
59 0 +1.132953320e+01 +1.132953320e+01 +4.269953320e+01 +4.269953320e+01 -7.7853e-01 +4.2133e-01 -2.0992e+00
68 0 +1.092990112e+01 +1.092990112e+01 +4.229990112e+01 +4.229990112e+01 -7.4305e-01 +2.5655e-01 -2.2316e+00
81 0 +1.037098253e+01 +1.037098253e+01 +4.174098253e+01 +4.174098253e+01 -7.7526e-01 +2.8360e-01 -2.2280e+00
106 0 +9.289368404e+00 +9.289368404e+00 +4.065936840e+01 +4.065936840e+01 -7.9125e-01 +3.4784e-01 -2.2912e+00
121 0 +9.105508012e+00 +9.105508012e+00 +4.047550801e+01 +4.047550801e+01 -7.7447e-01 +3.8501e-01 -2.2628e+00
122 0 +8.389507036e+00 +8.389507036e+00 +3.975950704e+01 +3.975950704e+01 -7.7308e-01 +3.5900e-01 -2.3266e+00
129 0 +8.282710129e+00 +8.282710129e+00 +3.965271013e+01 +3.965271013e+01 -7.7428e-01 +3.5955e-01 -2.3336e+00
151 0 +7.692007779e+00 +7.692007779e+00 +3.906200778e+01 +3.906200778e+01 -7.6116e-01 +4.4018e-01 -2.3595e+00
152 0 +7.533394124e+00 +7.533394124e+00 +3.890339412e+01 +3.890339412e+01 -7.4592e-01 +4.4952e-01 -2.3857e+00
174 0 +7.366680159e+00 +7.366680159e+00 +3.873668016e+01 +3.873668016e+01 -7.4499e-01 +4.5644e-01 -2.4039e+00
204 0 +7.182444918e+00 +7.182444918e+00 +3.855244492e+01 +3.855244492e+01 -7.4069e-01 +4.5991e-01 -2.4334e+00
263 0 +7.024274081e+00 +7.024274081e+00 +3.839427408e+01 +3.839427408e+01 -7.3252e-01 +4.8099e-01 -2.4599e+00
379 0 +6.907826409e+00 +6.907826409e+00 +3.827782641e+01 +3.827782641e+01 -7.2180e-01 +5.0905e-01 -2.4827e+00
688 0 +6.758917840e+00 +6.758917840e+00 +3.812891784e+01 +3.812891784e+01 -7.1664e-01 +5.3290e-01 -2.5174e+00
% f evaluations | g evaluations | best noise-free fitness - Fopt | noise-free fitness - Fopt (-1.000000000000e+03) | measured fitness | best measured fitness | x1 | x2...
1 0 +6.079703817e+04 +6.079703817e+04 +5.979703817e+04 +5.979703817e+04 +0.0000e+00 +0.0000e+00 +0.0000e+00
2 0 +5.504886892e+04 +5.504886892e+04 +5.404886892e+04 +5.404886892e+04 -3.1407e-01 -5.1181e-03 -2.1377e-01
3 0 +5.367233395e+04 +5.367233395e+04 +5.267233395e+04 +5.267233395e+04 +1.4147e-01 -2.0276e-01 -1.3048e-01
4 0 +4.071298770e+04 +4.071298770e+04 +3.971298770e+04 +3.971298770e+04 -1.4036e+00 +8.9558e-02 -2.1594e-01
17 0 +1.410904245e+04 +1.410904245e+04 +1.310904245e+04 +1.310904245e+04 -4.4533e+00 -7.1010e-02 -4.6684e-01
24 0 +1.221105610e+02 +1.221105610e+02 -8.778894390e+02 -8.778894390e+02 -8.1754e+00 -1.4121e+00 +4.9188e-01
440 0 +9.762942675e+01 +9.762942675e+01 -9.023705732e+02 -9.023705732e+02 -8.0827e+00 -8.3481e+00 +1.0155e+01
634 0 +8.403754278e+01 +8.403754278e+01 -9.159624572e+02 -9.159624572e+02 -5.8697e+00 -9.8716e+00 +7.1572e+00
788 0 +7.989407530e+01 +7.989407530e+01 -9.201059247e+02 -9.201059247e+02 -6.6898e+00 -9.8394e+00 +8.8880e+00
811 0 +7.497455062e+01 +7.497455062e+01 -9.250254494e+02 -9.250254494e+02 -6.2919e+00 -9.4914e+00 +9.8076e+00
816 0 +6.615828729e+01 +6.615828729e+01 -9.338417127e+02 -9.338417127e+02 -5.2908e+00 -9.5484e+00 +8.1543e+00
833 0 +5.931595723e+01 +5.931595723e+01 -9.406840428e+02 -9.406840428e+02 -5.8952e+00 -8.5999e+00 +8.3410e+00
853 0 +5.592366400e+01 +5.592366400e+01 -9.440763360e+02 -9.440763360e+02 -4.8907e+00 -8.9059e+00 +7.5505e+00
883 0 +5.301274921e+01 +5.301274921e+01 -9.469872508e+02 -9.469872508e+02 -5.0330e+00 -8.4295e+00 +6.6419e+00
903 0 +5.212217678e+01 +5.212217678e+01 -9.478778232e+02 -9.478778232e+02 -5.6322e+00 -7.8491e+00 +8.3477e+00
909 0 +5.002917164e+01 +5.002917164e+01 -9.499708284e+02 -9.499708284e+02 -5.2506e+00 -8.1900e+00 +6.8048e+00
916 0 +4.756646090e+01 +4.756646090e+01 -9.524335391e+02 -9.524335391e+02 -5.4488e+00 -7.9223e+00 +7.4763e+00
917 0 +4.059816875e+01 +4.059816875e+01 -9.594018313e+02 -9.594018313e+02 -4.4033e+00 -7.7651e+00 +6.8641e+00
925 0 +3.394221277e+01 +3.394221277e+01 -9.660577872e+02 -9.660577872e+02 -3.4262e+00 -7.5620e+00 +6.1396e+00
% f evaluations | g evaluations | best noise-free fitness - Fopt | noise-free fitness - Fopt (1.319200000000e+02) | measured fitness | best measured fitness | x1 | x2...
1 0 +6.417320313e+04 +6.417320313e+04 +6.430512313e+04 +6.430512313e+04 +0.0000e+00 +0.0000e+00 +0.0000e+00
13 0 +5.384232839e+04 +5.384232839e+04 +5.397424839e+04 +5.397424839e+04 +2.7163e+00 +4.0847e-01 +1.4209e-01
24 0 +4.240068694e+04 +4.240068694e+04 +4.253260694e+04 +4.253260694e+04 +4.4136e+00 +1.3573e+00 +8.0807e-02
37 0 +3.147689824e+04 +3.147689824e+04 +3.160881824e+04 +3.160881824e+04 +6.6202e+00 +1.3642e+00 -8.5217e-02
45 0 +2.212543820e+04 +2.212543820e+04 +2.225735820e+04 +2.225735820e+04 +8.5760e+00 -3.1115e+00 -3.4706e-01
49 0 +5.361431572e+03 +5.361431572e+03 +5.493351572e+03 +5.493351572e+03 +8.3113e+00 -1.6276e+00 -9.5672e-01
62 0 +3.640711278e+03 +3.640711278e+03 +3.772631278e+03 +3.772631278e+03 +1.0835e+01 -3.3377e+00 -1.2152e+00
64 0 +2.297257995e+03 +2.297257995e+03 +2.429177995e+03 +2.429177995e+03 +1.1158e+01 -4.1971e+00 -1.6450e+00
67 0 +1.948499022e+03 +1.948499022e+03 +2.080419022e+03 +2.080419022e+03 +1.4657e+01 -4.9238e+00 -1.1934e+00
72 0 +1.254028827e+03 +1.254028827e+03 +1.385948827e+03 +1.385948827e+03 +1.4289e+01 -3.2239e+00 -1.5745e+00
86 0 +9.792222041e+02 +9.792222041e+02 +1.111142204e+03 +1.111142204e+03 +1.1450e+01 -2.3892e+00 -1.5000e+00
96 0 +6.745835982e+02 +6.745835982e+02 +8.065035982e+02 +8.065035982e+02 +9.6492e+00 -1.0191e-01 -1.9290e+00
144 0 +4.905366326e+02 +4.905366326e+02 +6.224566326e+02 +6.224566326e+02 +8.1920e+00 +1.4087e-02 -3.5053e+00
161 0 +4.622423279e+02 +4.622423279e+02 +5.941623279e+02 +5.941623279e+02 +6.7254e+00 -1.4590e+00 -3.7720e+00
185 0 +2.754164502e+02 +2.754164502e+02 +4.073364502e+02 +4.073364502e+02 +7.6044e+00 +3.7266e+00 -4.9319e+00
189 0 +1.398836800e+02 +1.398836800e+02 +2.718036800e+02 +2.718036800e+02 +2.8357e+00 +1.4168e+00 -4.9221e+00
469 0 +1.197378077e+02 +1.197378077e+02 +2.516578077e+02 +2.516578077e+02 +3.4264e+00 +7.1583e+00 -1.0632e+01
665 0 +1.160960676e+02 +1.160960676e+02 +2.480160676e+02 +2.480160676e+02 -1.9974e+00 -2.8698e+00 -8.3408e+00
673 0 +1.144373265e+02 +1.144373265e+02 +2.463573265e+02 +2.463573265e+02 +1.0391e+00 +6.8206e-01 -8.9712e+00
677 0 +6.851563928e+01 +6.851563928e+01 +2.004356393e+02 +2.004356393e+02 -5.1982e+00 -3.1050e+00 -7.9592e+00
761 0 +5.842038221e+01 +5.842038221e+01 +1.903403822e+02 +1.903403822e+02 +8.3075e-01 +3.6385e+00 -7.9790e+00
794 0 +2.086737017e+01 +2.086737017e+01 +1.527873702e+02 +1.527873702e+02 -2.8693e+00 +1.6115e+00 -6.4569e+00
802 0 +6.788657379e+00 +6.788657379e+00 +1.387086574e+02 +1.387086574e+02 -2.6881e+00 +2.1617e+00 -5.0382e+00
815 0 +6.027839292e+00 +6.027839292e+00 +1.379478393e+02 +1.379478393e+02 -3.1855e+00 +1.5035e+00 -4.7160e+00
% f evaluations | g evaluations | best noise-free fitness - Fopt | noise-free fitness - Fopt (5.908400000000e+02) | measured fitness | best measured fitness | x1 | x2...
1 0 +6.628683860e+04 +6.628683860e+04 +6.687767860e+04 +6.687767860e+04 +0.0000e+00 +0.0000e+00 +0.0000e+00
3 0 +6.228751128e+04 +6.228751128e+04 +6.287835128e+04 +6.287835128e+04 +2.7446e-01 -3.4771e-02 -4.6205e-01
7 0 +4.696408882e+04 +4.696408882e+04 +4.755492882e+04 +4.755492882e+04 +5.5705e-01 -2.5183e-01 -2.5594e-01
16 0 +4.371468232e+04 +4.371468232e+04 +4.430552232e+04 +4.430552232e+04 +4.1682e-01 -6.3050e-01 -4.8623e-01
18 0 +4.270629374e+04 +4.270629374e+04 +4.329713374e+04 +4.329713374e+04 +7.2831e-01 +1.6426e-02 -4.8582e-01
20 0 +3.470954979e+04 +3.470954979e+04 +3.530038979e+04 +3.530038979e+04 +8.3429e-01 -1.7877e-01 -8.5198e-01
25 0 +3.404723505e+04 +3.404723505e+04 +3.463807505e+04 +3.463807505e+04 +9.1937e-01 -2.1902e-01 -4.8811e-01
29 0 +3.355529127e+04 +3.355529127e+04 +3.414613127e+04 +3.414613127e+04 +1.0900e+00 -3.6706e-02 -4.6971e-01
32 0 +3.111943837e+04 +3.111943837e+04 +3.171027837e+04 +3.171027837e+04 +1.2331e+00 -4.2418e-02 -5.5019e-01
38 0 +2.947745069e+04 +2.947745069e+04 +3.006829069e+04 +3.006829069e+04 +1.2322e+00 -2.4597e-01 -1.6142e-01
39 0 +2.339644436e+04 +2.339644436e+04 +2.398728436e+04 +2.398728436e+04 +1.3586e+00 -2.1157e-01 -5.7965e-01
42 0 +2.062044363e+04 +2.062044363e+04 +2.121128363e+04 +2.121128363e+04 +1.4183e+00 -2.9583e-01 -5.2236e-01
43 0 +1.861080069e+04 +1.861080069e+04 +1.920164069e+04 +1.920164069e+04 +1.5522e+00 -2.5427e-01 -5.5136e-01
50 0 +1.800482286e+04 +1.800482286e+04 +1.859566286e+04 +1.859566286e+04 +1.5623e+00 -3.4334e-01 -5.2926e-01
52 0 +1.720880396e+04 +1.720880396e+04 +1.779964396e+04 +1.779964396e+04 +1.6807e+00 -2.0824e-01 -5.0943e-01
53 0 +1.531540332e+04 +1.531540332e+04 +1.590624332e+04 +1.590624332e+04 +1.7565e+00 -2.2033e-01 -6.4731e-01
59 0 +1.317470578e+04 +1.317470578e+04 +1.376554578e+04 +1.376554578e+04 +1.8475e+00 -2.3347e-01 -6.6454e-01
62 0 +9.750658224e+03 +9.750658224e+03 +1.034149822e+04 +1.034149822e+04 +2.0579e+00 -2.7403e-01 -4.1853e-01
71 0 +8.705128925e+03 +8.705128925e+03 +9.295968925e+03 +9.295968925e+03 +2.1106e+00 -1.6754e-01 -8.7434e-01
72 0 +5.399085709e+02 +5.399085709e+02 +1.130748571e+03 +1.130748571e+03 +2.8885e+00 -3.7179e-01 -4.5828e-01
82 0 +2.405366839e+01 +2.405366839e+01 +6.148936684e+02 +6.148936684e+02 +3.4467e+00 -5.7367e-01 -4.5318e-01
87 0 +2.374696863e+01 +2.374696863e+01 +6.145869686e+02 +6.145869686e+02 +3.0887e+00 -9.2458e-01 -2.2834e-01
90 0 +2.300336392e+01 +2.300336392e+01 +6.138433639e+02 +6.138433639e+02 +2.9599e+00 -7.1739e-01 -4.2341e-01
98 0 +1.882421360e+01 +1.882421360e+01 +6.096642136e+02 +6.096642136e+02 +2.9319e+00 -7.4216e-01 -8.4710e-01
144 0 +1.797849690e+01 +1.797849690e+01 +6.088184969e+02 +6.088184969e+02 +3.0179e+00 -6.3880e-01 -1.0913e+00
164 0 +1.744126829e+01 +1.744126829e+01 +6.082812683e+02 +6.082812683e+02 +2.8520e+00 -1.0216e+00 -8.2944e-01
166 0 +1.613559940e+01 +1.613559940e+01 +6.069755994e+02 +6.069755994e+02 +2.9616e+00 -7.0376e-01 -1.1715e+00
173 0 +1.268434908e+01 +1.268434908e+01 +6.035243491e+02 +6.035243491e+02 +2.7144e+00 -1.2268e+00 -1.2390e+00
282 0 +1.164090583e+01 +1.164090583e+01 +6.024809058e+02 +6.024809058e+02 +2.7044e+00 -1.6623e+00 -1.5999e+00
306 0 +9.169397940e+00 +9.169397940e+00 +6.000093979e+02 +6.000093979e+02 +2.4488e+00 -1.9923e+00 -1.6182e+00
318 0 +7.773615625e+00 +7.773615625e+00 +5.986136156e+02 +5.986136156e+02 +2.3964e+00 -2.1509e+00 -1.7280e+00
347 0 +5.592219976e+00 +5.592219976e+00 +5.964322200e+02 +5.964322200e+02 +2.3362e+00 -2.6968e+00 -2.1943e+00
441 0 +4.999226776e+00 +4.999226776e+00 +5.958392268e+02 +5.958392268e+02 +2.3230e+00 -2.9878e+00 -2.3130e+00
473 0 +3.449450357e+00 +3.449450357e+00 +5.942894504e+02 +5.942894504e+02 +2.2364e+00 -2.6648e+00 -2.6328e+00
839 0 +1.593372004e+00 +1.593372004e+00 +5.924333720e+02 +5.924333720e+02 +1.7944e+00 -4.0081e+00 -3.1873e+00
881 0 +1.510654144e+00 +1.510654144e+00 +5.923506541e+02 +5.923506541e+02 +1.7368e+00 -3.6400e+00 -2.9917e+00
892 0 +1.350968520e+00 +1.350968520e+00 +5.921909685e+02 +5.921909685e+02 +1.7281e+00 -3.5318e+00 -3.0218e+00
894 0 +6.375600609e-01 +6.375600609e-01 +5.914775601e+02 +5.914775601e+02 +1.5224e+00 -3.5535e+00 -3.2484e+00
939 0 +4.318063589e-01 +4.318063589e-01 +5.912718064e+02 +5.912718064e+02 +1.7288e+00 -3.5164e+00 -3.3451e+00
955 0 +4.074256886e-01 +4.074256886e-01 +5.912474257e+02 +5.912474257e+02 +1.7160e+00 -3.4370e+00 -3.3076e+00
960 0 +3.980740764e-01 +3.980740764e-01 +5.912380741e+02 +5.912380741e+02 +1.6687e+00 -3.4060e+00 -3.2531e+00
964 0 +1.780013579e-01 +1.780013579e-01 +5.910180014e+02 +5.910180014e+02 +1.6036e+00 -3.3585e+00 -3.3441e+00
965 0 +1.516248974e-01 +1.516248974e-01 +5.909916249e+02 +5.909916249e+02 +1.5629e+00 -3.4356e+00 -3.3766e+00
982 0 +1.162691949e-01 +1.162691949e-01 +5.909562692e+02 +5.909562692e+02 +1.5215e+00 -3.5299e+00 -3.4636e+00
% f evaluations | g evaluations | best noise-free fitness - Fopt | noise-free fitness - Fopt (6.749000000000e+01) | measured fitness | best measured fitness | x1 | x2...
1 0 +1.669014407e+04 +1.669014407e+04 +1.675763407e+04 +1.675763407e+04 +0.0000e+00 +0.0000e+00 +0.0000e+00
2 0 +1.076103110e+04 +1.076103110e+04 +1.082852110e+04 +1.082852110e+04 -1.1337e+00 -1.2698e+00 +1.8349e-01
4 0 +8.186229268e+02 +8.186229268e+02 +8.861129268e+02 +8.861129268e+02 -4.1679e-01 -4.7742e-02 +5.3383e-01
12 0 +8.124750758e+02 +8.124750758e+02 +8.799650758e+02 +8.799650758e+02 +2.6009e-01 +9.1613e-01 +6.1256e-01
13 0 +1.330544951e+01 +1.330544951e+01 +8.079544951e+01 +8.079544951e+01 -7.5018e-01 +1.3087e+00 +1.3353e+00
22 0 +7.124591494e+00 +7.124591494e+00 +7.461459149e+01 +7.461459149e+01 -6.7930e-01 +1.2798e+00 +2.0168e-01
45 0 +6.195238353e+00 +6.195238353e+00 +7.368523835e+01 +7.368523835e+01 -1.7570e-01 +1.2561e+00 +3.9849e-01
54 0 +5.889184142e+00 +5.889184142e+00 +7.337918414e+01 +7.337918414e+01 +7.1330e-02 +1.2596e+00 +5.5606e-01
55 0 +4.014244181e+00 +4.014244181e+00 +7.150424418e+01 +7.150424418e+01 -3.6610e-01 +8.1293e-01 +4.3290e-01
95 0 +1.338430461e+00 +1.338430461e+00 +6.882843046e+01 +6.882843046e+01 -6.6846e-01 -3.9062e-01 +1.0534e+00
108 0 +1.275953755e+00 +1.275953755e+00 +6.876595375e+01 +6.876595375e+01 -8.2405e-01 -3.2410e-01 +9.1012e-01
150 0 +7.662073253e-01 +7.662073253e-01 +6.825620733e+01 +6.825620733e+01 -7.3871e-01 -4.0038e-01 +9.2457e-01
159 0 +2.282451938e-01 +2.282451938e-01 +6.771824519e+01 +6.771824519e+01 -7.2865e-01 -5.6642e-01 +7.9907e-01
171 0 +1.532299162e-01 +1.532299162e-01 +6.764322992e+01 +6.764322992e+01 -8.7102e-01 -6.5997e-01 +7.2162e-01
250 0 +8.328183884e-02 +8.328183884e-02 +6.757328184e+01 +6.757328184e+01 -8.2134e-01 -7.3519e-01 +8.1700e-01
396 0 +8.251937172e-02 +8.251937172e-02 +6.757251937e+01 +6.757251937e+01 -8.1976e-01 -7.7564e-01 +8.4675e-01
406 0 +4.707082175e-02 +4.707082175e-02 +6.753707082e+01 +6.753707082e+01 -8.6074e-01 -7.8989e-01 +8.0418e-01
454 0 +3.189233220e-02 +3.189233220e-02 +6.752189233e+01 +6.752189233e+01 -8.4681e-01 -8.1840e-01 +8.1152e-01
462 0 +2.847977494e-02 +2.847977494e-02 +6.751847977e+01 +6.751847977e+01 -8.9656e-01 -8.2583e-01 +7.7648e-01
473 0 +2.568357164e-02 +2.568357164e-02 +6.751568357e+01 +6.751568357e+01 -8.9091e-01 -8.2229e-01 +7.6490e-01
490 0 +2.189456978e-02 +2.189456978e-02 +6.751189457e+01 +6.751189457e+01 -8.6531e-01 -8.3416e-01 +8.0073e-01
556 0 +1.017271868e-02 +1.017271868e-02 +6.750017272e+01 +6.750017272e+01 -8.7855e-01 -8.5137e-01 +7.8168e-01
% f evaluations | g evaluations | best noise-free fitness - Fopt | noise-free fitness - Fopt (3.085000000000e+01) | measured fitness | best measured fitness | x1 | x2...
1 0 +6.605154071e+01 +6.605154071e+01 +9.690154071e+01 +9.690154071e+01 +0.0000e+00 +0.0000e+00 +0.0000e+00
2 0 +6.580261429e+01 +6.580261429e+01 +9.665261429e+01 +9.665261429e+01 +2.5333e-01 +2.8503e-02 -2.6223e-01
3 0 +4.357021100e+01 +4.357021100e+01 +7.442021100e+01 +7.442021100e+01 +3.6728e-02 -1.6586e+00 +1.0293e-01
15 0 +3.977181657e+01 +3.977181657e+01 +7.062181657e+01 +7.062181657e+01 +1.2763e-01 -2.3286e+00 -1.5983e-01
23 0 +4.577009970e+00 +4.577009970e+00 +3.542700997e+01 +3.542700997e+01 +1.8145e+00 -4.0688e+00 -2.2901e-01
53 0 +1.673231191e+00 +1.673231191e+00 +3.252323119e+01 +3.252323119e+01 +2.2698e+00 -3.7165e+00 -7.1857e-02
54 0 +1.267040180e+00 +1.267040180e+00 +3.211704018e+01 +3.211704018e+01 +2.5620e+00 -3.3738e+00 -1.2389e-01
309 0 +3.672236992e-01 +3.672236992e-01 +3.121722370e+01 +3.121722370e+01 +2.6485e+00 -3.9355e+00 -2.3114e-01
% f evaluations | g evaluations | best noise-free fitness - Fopt | noise-free fitness - Fopt (-1.255000000000e+01) | measured fitness | best measured fitness | x1 | x2...
1 0 +5.437825543e+05 +5.437825543e+05 +5.437700043e+05 +5.437700043e+05 +0.0000e+00 +0.0000e+00 +0.0000e+00
2 0 +1.859052089e+05 +1.859052089e+05 +1.858926589e+05 +1.858926589e+05 +2.7559e+00 +2.1153e-01 +1.0471e+00
13 0 +1.513212353e+01 +1.513212353e+01 +2.582123527e+00 +2.582123527e+00 +4.0907e+00 +3.9261e-01 +4.7037e+00
% f evaluations | g evaluations | best noise-free fitness - Fopt | noise-free fitness - Fopt (5.383900000000e+02) | measured fitness | best measured fitness | x1 | x2...
1 0 +1.168691195e+05 +1.168691195e+05 +1.174075095e+05 +1.174075095e+05 +0.0000e+00 +0.0000e+00 +0.0000e+00
4 0 +1.139947016e+05 +1.139947016e+05 +1.145330916e+05 +1.145330916e+05 -2.7272e+00 +9.5348e-01 -1.9466e-01
6 0 +9.995518558e+04 +9.995518558e+04 +1.004935756e+05 +1.004935756e+05 -3.5737e+00 +1.5065e+00 -2.3964e-01
8 0 +9.252033186e+04 +9.252033186e+04 +9.305872186e+04 +9.305872186e+04 -1.5158e+00 +9.3225e-01 +1.6005e-01
9 0 +4.822553913e+01 +4.822553913e+01 +5.866155391e+02 +5.866155391e+02 +1.3853e+00 +4.3061e+00 -3.3601e-01
17 0 +3.901207546e+01 +3.901207546e+01 +5.774020755e+02 +5.774020755e+02 +3.8736e+00 +6.4278e+00 +1.5192e+00
20 0 +2.960564724e+01 +2.960564724e+01 +5.679956472e+02 +5.679956472e+02 +2.9312e+00 +3.6915e+00 -2.9548e+00
42 0 +2.089824864e+01 +2.089824864e+01 +5.592882486e+02 +5.592882486e+02 +3.1224e+00 +3.8192e+00 -1.7938e+00
70 0 +6.646003244e+00 +6.646003244e+00 +5.450360032e+02 +5.450360032e+02 +2.9927e+00 +3.0074e+00 -6.6493e-01
91 0 +6.382016446e+00 +6.382016446e+00 +5.447720164e+02 +5.447720164e+02 +3.2690e+00 +3.5791e+00 -1.4806e-01
397 0 +6.254243034e+00 +6.254243034e+00 +5.446442430e+02 +5.446442430e+02 +3.2970e+00 +3.0892e+00 -9.9401e-01
496 0 +3.837756510e+00 +3.837756510e+00 +5.422277565e+02 +5.422277565e+02 +3.4152e+00 +3.1374e+00 -6.0352e-01
504 0 +2.992564639e+00 +2.992564639e+00 +5.413825646e+02 +5.413825646e+02 +3.7046e+00 +3.2914e+00 -4.9287e-01
508 0 +2.255623585e+00 +2.255623585e+00 +5.406456236e+02 +5.406456236e+02 +3.6128e+00 +3.0168e+00 -5.2066e-01
521 0 +1.412597769e+00 +1.412597769e+00 +5.398025978e+02 +5.398025978e+02 +3.6485e+00 +2.9947e+00 -3.4175e-01
527 0 +1.381369081e+00 +1.381369081e+00 +5.397713691e+02 +5.397713691e+02 +3.5308e+00 +2.9128e+00 -3.0303e-01
550 0 +1.363252578e+00 +1.363252578e+00 +5.397532526e+02 +5.397532526e+02 +3.5816e+00 +2.9781e+00 -2.3254e-01
564 0 +1.180590826e+00 +1.180590826e+00 +5.395705908e+02 +5.395705908e+02 +3.6411e+00 +2.9481e+00 -2.1713e-01
565 0 +1.170672174e+00 +1.170672174e+00 +5.395606722e+02 +5.395606722e+02 +3.6565e+00 +2.9779e+00 -1.8147e-01
569 0 +8.702935707e-01 +8.702935707e-01 +5.392602936e+02 +5.392602936e+02 +3.6113e+00 +2.9232e+00 -1.4256e-01
617 0 +7.906432926e-01 +7.906432926e-01 +5.391806433e+02 +5.391806433e+02 +3.4434e+00 +2.7918e+00 -9.3471e-02
625 0 +6.298775209e-01 +6.298775209e-01 +5.390198775e+02 +5.390198775e+02 +3.6299e+00 +2.9005e+00 +1.8296e-02
653 0 +4.923195302e-01 +4.923195302e-01 +5.388823195e+02 +5.388823195e+02 +3.3101e+00 +2.7761e+00 +3.1784e-01
661 0 +3.281763121e-01 +3.281763121e-01 +5.387181763e+02 +5.387181763e+02 +3.5069e+00 +2.8954e+00 +3.1026e-01
893 0 +2.416637931e-01 +2.416637931e-01 +5.386316638e+02 +5.386316638e+02 +3.3554e+00 +2.7731e+00 +4.3090e-01
921 0 +1.141852504e-01 +1.141852504e-01 +5.385041853e+02 +5.385041853e+02 +3.4700e+00 +2.7208e+00 +3.2484e-01
% f evaluations | g evaluations | best noise-free fitness - Fopt | noise-free fitness - Fopt (-1.055600000000e+02) | measured fitness | best measured fitness | x1 | x2...
1 0 +3.090667400e+03 +3.090667400e+03 +2.985107400e+03 +2.985107400e+03 +0.0000e+00 +0.0000e+00 +0.0000e+00
2 0 +3.079601246e+02 +3.079601246e+02 +2.024001246e+02 +2.024001246e+02 +4.3353e-01 -1.7907e-02 -6.3614e-02
19 0 +9.981437391e+01 +9.981437391e+01 -5.745626093e+00 -5.745626093e+00 +3.2872e-01 -7.2089e-02 -1.3388e-01
29 0 +3.298856895e+01 +3.298856895e+01 -7.257143105e+01 -7.257143105e+01 +5.1379e-01 -1.8475e-01 -1.8469e-01
162 0 +3.144914545e+01 +3.144914545e+01 -7.411085455e+01 -7.411085455e+01 +4.0197e-01 -7.5911e-02 -1.4320e-01
341 0 +2.981851020e+01 +2.981851020e+01 -7.574148980e+01 -7.574148980e+01 +4.7632e-01 -2.2223e-01 -5.5129e-02
342 0 +2.860491127e+01 +2.860491127e+01 -7.695508873e+01 -7.695508873e+01 +4.4700e-01 -2.0910e-01 -6.3234e-03
434 0 +2.803608907e+01 +2.803608907e+01 -7.752391093e+01 -7.752391093e+01 +4.3408e-01 -2.2595e-01 +2.3350e-02
% f evaluations | g evaluations | best noise-free fitness - Fopt | noise-free fitness - Fopt (9.803000000000e+01) | measured fitness | best measured fitness | x1 | x2...
1 0 +3.671367092e+04 +3.671367092e+04 +3.681170092e+04 +3.681170092e+04 +0.0000e+00 +0.0000e+00 +0.0000e+00
2 0 +3.344790439e+04 +3.344790439e+04 +3.354593439e+04 +3.354593439e+04 +3.1439e+00 +4.6902e-02 +1.2173e-02
5 0 +2.849318418e+04 +2.849318418e+04 +2.859121418e+04 +2.859121418e+04 +1.4463e+00 +2.2349e-01 +2.6938e-01
11 0 +1.997522154e+04 +1.997522154e+04 +2.007325154e+04 +2.007325154e+04 +2.4178e+00 +3.6873e-01 -1.8080e-01
16 0 +1.391500817e+04 +1.391500817e+04 +1.401303817e+04 +1.401303817e+04 +8.0326e-01 +1.7459e+00 -5.3318e-02
23 0 +8.269651590e+02 +8.269651590e+02 +9.249951590e+02 +9.249951590e+02 +4.1285e+00 +2.9195e+00 -1.4078e-01
31 0 +5.842088692e+02 +5.842088692e+02 +6.822388692e+02 +6.822388692e+02 +2.5444e+00 +2.0516e+00 -6.9290e-01
34 0 +1.218899272e+02 +1.218899272e+02 +2.199199272e+02 +2.199199272e+02 +4.3577e+00 +4.9754e+00 -2.6110e-02
48 0 +1.020697335e+02 +1.020697335e+02 +2.000997335e+02 +2.000997335e+02 +3.5050e+00 +4.0040e+00 -6.8956e-01
64 0 +8.402419629e+01 +8.402419629e+01 +1.820541963e+02 +1.820541963e+02 +2.6327e+00 +4.6419e+00 -6.4659e-01
124 0 +7.510783675e+01 +7.510783675e+01 +1.731378367e+02 +1.731378367e+02 +2.2854e+00 +4.6684e+00 -5.2393e-01
133 0 +7.387933164e+01 +7.387933164e+01 +1.719093316e+02 +1.719093316e+02 +2.5529e+00 +4.3487e+00 -3.4570e-01
149 0 +6.189391396e+01 +6.189391396e+01 +1.599239140e+02 +1.599239140e+02 +2.3057e+00 +3.6617e+00 -5.1225e-01
154 0 +5.525216161e+01 +5.525216161e+01 +1.532821616e+02 +1.532821616e+02 +2.5576e+00 +2.7151e+00 -4.0712e-01
162 0 +5.192999585e+01 +5.192999585e+01 +1.499599958e+02 +1.499599958e+02 +1.6484e+00 +2.1604e+00 -6.4530e-01
177 0 +4.931477709e+01 +4.931477709e+01 +1.473447771e+02 +1.473447771e+02 +2.2434e+00 +2.6508e+00 -3.3668e-01
182 0 +4.863664461e+01 +4.863664461e+01 +1.466666446e+02 +1.466666446e+02 +2.2425e+00 +2.7228e+00 -4.5210e-01
222 0 +4.061049220e+01 +4.061049220e+01 +1.386404922e+02 +1.386404922e+02 +1.6117e+00 +2.7224e+00 -4.6485e-01
264 0 +3.962041145e+01 +3.962041145e+01 +1.376504114e+02 +1.376504114e+02 +1.6291e+00 +2.6019e+00 -4.4556e-01
288 0 +3.690360983e+01 +3.690360983e+01 +1.349336098e+02 +1.349336098e+02 +1.5900e+00 +2.4097e+00 -4.4316e-01
415 0 +3.287932236e+01 +3.287932236e+01 +1.309093224e+02 +1.309093224e+02 +1.4509e+00 +2.2774e+00 -5.3833e-01
689 0 +3.234928166e+01 +3.234928166e+01 +1.303792817e+02 +1.303792817e+02 +1.4317e+00 +2.2631e+00 -5.5119e-01
% f evaluations | g evaluations | best noise-free fitness - Fopt | noise-free fitness - Fopt (1.000000000000e+03) | measured fitness | best measured fitness | x1 | x2...
1 0 +5.686149970e+04 +5.686149970e+04 +5.786149970e+04 +5.786149970e+04 +0.0000e+00 +0.0000e+00 +0.0000e+00
3 0 +5.344142920e+04 +5.344142920e+04 +5.444142920e+04 +5.444142920e+04 -1.3342e-02 +2.9861e-02 +6.3823e-02
9 0 +4.620034575e+04 +4.620034575e+04 +4.720034575e+04 +4.720034575e+04 -7.5575e-01 +1.9071e-01 +1.2932e-01
15 0 +3.231716528e+04 +3.231716528e+04 +3.331716528e+04 +3.331716528e+04 -2.1855e+00 +3.0605e+00 +2.2684e-01
16 0 +3.141647726e+04 +3.141647726e+04 +3.241647726e+04 +3.241647726e+04 -1.8036e+00 +1.8793e+00 +3.8162e-01
24 0 +1.746973028e+04 +1.746973028e+04 +1.846973028e+04 +1.846973028e+04 +1.3720e+00 +1.7599e+00 +8.0993e-01
27 0 +1.727906231e+04 +1.727906231e+04 +1.827906231e+04 +1.827906231e+04 -1.9838e+00 +4.6556e+00 +3.4193e-01
37 0 +7.176991706e+02 +7.176991706e+02 +1.717699171e+03 +1.717699171e+03 +9.5831e+00 +1.0321e+01 +2.7973e-01
43 0 +6.737426197e+02 +6.737426197e+02 +1.673742620e+03 +1.673742620e+03 +1.0992e+01 +5.4640e+00 +1.0387e+00
505 0 +5.533164379e+02 +5.533164379e+02 +1.553316438e+03 +1.553316438e+03 +4.5387e+00 +8.9607e+00 -1.6370e-01
546 0 +5.338506678e+02 +5.338506678e+02 +1.533850668e+03 +1.533850668e+03 +1.0326e+01 +8.2422e+00 +1.1115e-01
572 0 +5.243736345e+02 +5.243736345e+02 +1.524373635e+03 +1.524373635e+03 +1.0882e+01 +8.1272e+00 +1.7855e-01
598 0 +5.113739701e+02 +5.113739701e+02 +1.511373970e+03 +1.511373970e+03 +9.1996e+00 +8.2852e+00 +1.8689e-01
604 0 +4.931755548e+02 +4.931755548e+02 +1.493175555e+03 +1.493175555e+03 +8.7817e+00 +8.0230e+00 +1.6080e-01
608 0 +4.444818745e+02 +4.444818745e+02 +1.444481874e+03 +1.444481874e+03 +8.7304e+00 +7.6748e+00 +3.3353e-01
657 0 +4.362212749e+02 +4.362212749e+02 +1.436221275e+03 +1.436221275e+03 +7.5360e+00 +7.6630e+00 +3.0152e-01
692 0 +4.264458778e+02 +4.264458778e+02 +1.426445878e+03 +1.426445878e+03 +7.5906e+00 +7.5464e+00 +3.6405e-01
722 0 +4.165150236e+02 +4.165150236e+02 +1.416515024e+03 +1.416515024e+03 +6.0773e+00 +7.5018e+00 +4.0242e-01
754 0 +4.073348234e+02 +4.073348234e+02 +1.407334823e+03 +1.407334823e+03 +4.4513e+00 +7.3694e+00 +5.6038e-01
764 0 +3.966632663e+02 +3.966632663e+02 +1.396663266e+03 +1.396663266e+03 +3.7696e+00 +7.0045e+00 +5.4130e-01
776 0 +3.854232643e+02 +3.854232643e+02 +1.385423264e+03 +1.385423264e+03 +3.1831e+00 +6.7238e+00 +6.0780e-01
793 0 +3.527260509e+02 +3.527260509e+02 +1.352726051e+03 +1.352726051e+03 +4.0783e+00 +6.3013e+00 +9.2512e-01
835 0 +3.107366138e+02 +3.107366138e+02 +1.310736614e+03 +1.310736614e+03 +1.0750e-02 +6.0163e+00 +9.3468e-01
859 0 +3.079165709e+02 +3.079165709e+02 +1.307916571e+03 +1.307916571e+03 +1.5293e+00 +6.0419e+00 +1.1985e+00
871 0 +2.870172242e+02 +2.870172242e+02 +1.287017224e+03 +1.287017224e+03 +2.8271e+00 +5.7990e+00 +9.6864e-01
880 0 +2.779963406e+02 +2.779963406e+02 +1.277996341e+03 +1.277996341e+03 +3.0662e+00 +5.7417e+00 +1.1107e+00
882 0 +2.712124785e+02 +2.712124785e+02 +1.271212479e+03 +1.271212479e+03 +1.3925e+00 +5.7271e+00 +1.0496e+00
902 0 +2.587220681e+02 +2.587220681e+02 +1.258722068e+03 +1.258722068e+03 +6.9423e-01 +5.6098e+00 +1.0215e+00
931 0 +2.564675815e+02 +2.564675815e+02 +1.256467581e+03 +1.256467581e+03 +1.6486e+00 +5.5868e+00 +1.0437e+00
974 0 +2.508361722e+02 +2.508361722e+02 +1.250836172e+03 +1.250836172e+03 +1.2157e+00 +5.5006e+00 +1.0549e+00
998 0 +2.443961885e+02 +2.443961885e+02 +1.244396188e+03 +1.244396188e+03 +1.0870e+00 +5.4586e+00 +1.0776e+00
% f evaluations | g evaluations | best noise-free fitness - Fopt | noise-free fitness - Fopt (1.490000000000e+00) | measured fitness | best measured fitness | x1 | x2...
1 0 +9.845587163e+04 +9.845587163e+04 +9.845736163e+04 +9.845736163e+04 +0.0000e+00 +0.0000e+00 +0.0000e+00
3 0 +6.618373347e+04 +6.618373347e+04 +6.618522347e+04 +6.618522347e+04 +7.2913e-01 +1.1120e-02 -4.8841e-03
14 0 +5.966510683e+04 +5.966510683e+04 +5.966659683e+04 +5.966659683e+04 +1.6098e+00 -3.9470e-01 -3.9082e-04
22 0 +3.668667962e+04 +3.668667962e+04 +3.668816962e+04 +3.668816962e+04 +2.0146e+00 -7.0428e-02 +4.0053e-02
28 0 +3.582734375e+04 +3.582734375e+04 +3.582883375e+04 +3.582883375e+04 +2.3356e+00 -5.5404e-01 -5.1677e-02
30 0 +3.411196254e+04 +3.411196254e+04 +3.411345254e+04 +3.411345254e+04 +2.1937e+00 -1.0638e-01 -2.1224e-02
33 0 +3.289894651e+04 +3.289894651e+04 +3.290043651e+04 +3.290043651e+04 +2.1968e+00 +2.1233e-01 -4.6133e-03
36 0 +2.034600405e+04 +2.034600405e+04 +2.034749405e+04 +2.034749405e+04 +3.0269e+00 -2.4101e-01 -1.7016e-02
43 0 +9.886890091e+03 +9.886890091e+03 +9.888380091e+03 +9.888380091e+03 +3.6834e+00 -2.6245e-02 +8.2059e-03
46 0 +3.691748459e+03 +3.691748459e+03 +3.693238459e+03 +3.693238459e+03 +3.9262e+00 +4.4502e-01 -4.7844e-02
60 0 +2.603967339e+03 +2.603967339e+03 +2.605457339e+03 +2.605457339e+03 +4.6358e+00 +8.8953e-01 +3.4158e-02
63 0 +1.900092568e+02 +1.900092568e+02 +1.914992568e+02 +1.914992568e+02 +2.9509e+00 +2.5043e+00 -4.2121e-01
90 0 +1.134406239e+02 +1.134406239e+02 +1.149306239e+02 +1.149306239e+02 +3.9643e+00 +5.8383e+00 +7.4865e-02
93 0 +6.936630495e+01 +6.936630495e+01 +7.085630495e+01 +7.085630495e+01 +4.0230e+00 +4.3605e+00 -8.3079e-01
397 0 +3.131764951e+01 +3.131764951e+01 +3.280764951e+01 +3.280764951e+01 +4.1841e+00 +3.8531e+00 -2.7846e+00
529 0 +2.760804291e+01 +2.760804291e+01 +2.909804291e+01 +2.909804291e+01 +4.6810e+00 +4.4016e+00 -4.0212e+00
535 0 +2.362415530e+01 +2.362415530e+01 +2.511415530e+01 +2.511415530e+01 +3.2013e+00 +3.2716e+00 -3.9904e+00
541 0 +2.256588273e+01 +2.256588273e+01 +2.405588273e+01 +2.405588273e+01 +4.3555e+00 +3.4571e+00 -4.2751e+00
651 0 +1.256757992e+01 +1.256757992e+01 +1.405757992e+01 +1.405757992e+01 +3.0347e+00 +1.5085e+00 -5.0350e+00
804 0 +1.016495047e+01 +1.016495047e+01 +1.165495047e+01 +1.165495047e+01 +2.6119e+00 -3.1726e-01 -4.5668e+00
878 0 +6.606786284e+00 +6.606786284e+00 +8.096786284e+00 +8.096786284e+00 +3.2622e+00 +4.4119e-01 -4.4687e+00
895 0 +6.357548047e+00 +6.357548047e+00 +7.847548047e+00 +7.847548047e+00 +3.4584e+00 +5.4519e-01 -4.5208e+00
% f evaluations | g evaluations | best noise-free fitness - Fopt | noise-free fitness - Fopt (5.963500000000e+02) | measured fitness | best measured fitness | x1 | x2...
1 0 +7.483499010e+04 +7.483499010e+04 +7.543134010e+04 +7.543134010e+04 +0.0000e+00 +0.0000e+00 +0.0000e+00
3 0 +3.303392339e+04 +3.303392339e+04 +3.363027339e+04 +3.363027339e+04 -2.2656e+00 -9.9155e-01 +2.0713e+00
5 0 +2.212859995e+04 +2.212859995e+04 +2.272494995e+04 +2.272494995e+04 -1.3630e+00 +9.2308e-02 +2.8328e+00
18 0 +5.834831548e+03 +5.834831548e+03 +6.431181548e+03 +6.431181548e+03 -3.8522e+00 -3.5496e-01 +2.7066e+00
25 0 +9.156989291e+02 +9.156989291e+02 +1.512048929e+03 +1.512048929e+03 -3.9825e+00 -4.5900e-01 +3.7018e+00
27 0 +6.640762662e+02 +6.640762662e+02 +1.260426266e+03 +1.260426266e+03 -4.5389e+00 -3.0303e-01 +3.4311e+00
33 0 +1.435725184e+00 +1.435725184e+00 +5.977857252e+02 +5.977857252e+02 -4.5990e+00 -3.5788e-01 +3.9494e+00
46 0 +7.705529076e-01 +7.705529076e-01 +5.971205529e+02 +5.971205529e+02 -4.4310e+00 -1.6753e-01 +3.8619e+00
103 0 +6.770879045e-01 +6.770879045e-01 +5.970270879e+02 +5.970270879e+02 -4.2231e+00 -1.2414e-01 +3.8617e+00
107 0 +5.111897510e-01 +5.111897510e-01 +5.968611898e+02 +5.968611898e+02 -4.1402e+00 -2.2861e-01 +3.7720e+00
163 0 +4.303537950e-01 +4.303537950e-01 +5.967803538e+02 +5.967803538e+02 -4.2018e+00 -1.4925e-01 +3.7325e+00
167 0 +2.430095620e-01 +2.430095620e-01 +5.965930096e+02 +5.965930096e+02 -4.0697e+00 -1.3434e-01 +3.5814e+00
185 0 +2.347162227e-01 +2.347162227e-01 +5.965847162e+02 +5.965847162e+02 -3.9946e+00 -1.4512e-01 +3.6496e+00
194 0 +2.272423240e-01 +2.272423240e-01 +5.965772423e+02 +5.965772423e+02 -3.9173e+00 -8.3117e-02 +3.6319e+00
282 0 +1.975823757e-01 +1.975823757e-01 +5.965475824e+02 +5.965475824e+02 -3.9437e+00 -1.8257e-01 +3.6213e+00
288 0 +1.809557799e-01 +1.809557799e-01 +5.965309558e+02 +5.965309558e+02 -3.9674e+00 -1.7714e-01 +3.6002e+00
290 0 +1.468591457e-01 +1.468591457e-01 +5.964968591e+02 +5.964968591e+02 -3.9358e+00 -1.4790e-01 +3.5726e+00
304 0 +1.419614403e-01 +1.419614403e-01 +5.964919614e+02 +5.964919614e+02 -3.9396e+00 -1.7659e-01 +3.5432e+00
307 0 +1.220662259e-01 +1.220662259e-01 +5.964720662e+02 +5.964720662e+02 -3.8682e+00 -1.7834e-01 +3.5551e+00
312 0 +9.766877924e-02 +9.766877924e-02 +5.964476688e+02 +5.964476688e+02 -3.8789e+00 -1.8602e-01 +3.5211e+00
319 0 +8.690877638e-02 +8.690877638e-02 +5.964369088e+02 +5.964369088e+02 -3.9049e+00 -1.8044e-01 +3.4842e+00
325 0 +7.102297088e-02 +7.102297088e-02 +5.964210230e+02 +5.964210230e+02 -3.8664e+00 -1.8046e-01 +3.4329e+00
332 0 +5.203223212e-02 +5.203223212e-02 +5.964020322e+02 +5.964020322e+02 -3.8568e+00 -1.6103e-01 +3.4404e+00
346 0 +3.172862629e-02 +3.172862629e-02 +5.963817286e+02 +5.963817286e+02 -3.7993e+00 -1.4053e-01 +3.4316e+00
359 0 +1.083160710e-02 +1.083160710e-02 +5.963608316e+02 +5.963608316e+02 -3.7211e+00 -1.3644e-01 +3.4060e+00
508 0 +5.833151867e-03 +5.833151867e-03 +5.963558332e+02 +5.963558332e+02 -3.6899e+00 -1.4393e-01 +3.4002e+00
779 0 +2.809854680e-03 +2.809854680e-03 +5.963528099e+02 +5.963528099e+02 -3.7120e+00 -1.5131e-01 +3.3765e+00
787 0 +8.293048035e-04 +8.293048035e-04 +5.963508293e+02 +5.963508293e+02 -3.6942e+00 -1.5633e-01 +3.3696e+00
% f evaluations | g evaluations | best noise-free fitness - Fopt | noise-free fitness - Fopt (-1.189700000000e+02) | measured fitness | best measured fitness | x1 | x2...
1 0 +1.328891206e+05 +1.328891206e+05 +1.327701506e+05 +1.327701506e+05 +0.0000e+00 +0.0000e+00 +0.0000e+00
2 0 +1.324924278e+05 +1.324924278e+05 +1.323734578e+05 +1.323734578e+05 +1.2925e-01 +1.3067e-02 +5.4400e-02
3 0 +1.311902509e+05 +1.311902509e+05 +1.310712809e+05 +1.310712809e+05 +3.2773e-02 +1.9819e-02 -1.9545e-02
9 0 +1.271805286e+05 +1.271805286e+05 +1.270615586e+05 +1.270615586e+05 -3.4148e-03 +1.3678e-02 -2.5292e-01
11 0 +1.247412069e+05 +1.247412069e+05 +1.246222369e+05 +1.246222369e+05 -3.1625e-01 +1.2321e-02 -5.0643e-01
14 0 +1.210092292e+05 +1.210092292e+05 +1.208902592e+05 +1.208902592e+05 -2.3525e-01 +4.9390e-02 -6.9040e-01
21 0 +1.191759302e+05 +1.191759302e+05 +1.190569602e+05 +1.190569602e+05 -3.0397e-01 -9.3642e-03 -1.2306e+00
22 0 +1.101754009e+05 +1.101754009e+05 +1.100564309e+05 +1.100564309e+05 -3.6659e-02 +2.4963e-01 -1.5157e+00
34 0 +1.038514053e+05 +1.038514053e+05 +1.037324353e+05 +1.037324353e+05 -2.4675e-01 +3.9505e-01 -1.2603e+00
37 0 +1.020433974e+05 +1.020433974e+05 +1.019244274e+05 +1.019244274e+05 +1.8257e-01 +4.2632e-01 -1.3244e+00
42 0 +8.583984497e+04 +8.583984497e+04 +8.572087497e+04 +8.572087497e+04 -5.3628e-02 +8.0152e-01 -2.7201e+00
57 0 +6.313012222e+04 +6.313012222e+04 +6.301115222e+04 +6.301115222e+04 -1.5971e+00 +1.1720e+00 -1.7318e+00
98 0 +4.279492027e+04 +4.279492027e+04 +4.267595027e+04 +4.267595027e+04 -5.1750e+00 +1.3560e+00 -3.6409e+00
124 0 +3.273460190e+04 +3.273460190e+04 +3.261563190e+04 +3.261563190e+04 -2.5719e-01 +2.2969e+00 -9.5773e-01
134 0 +2.353481416e+04 +2.353481416e+04 +2.341584416e+04 +2.341584416e+04 -3.1967e+00 +2.3371e+00 -4.1780e+00
154 0 +2.146362616e+04 +2.146362616e+04 +2.134465616e+04 +2.134465616e+04 -1.6972e+01 +1.4584e+00 -9.1754e+00
171 0 +4.177842348e+02 +4.177842348e+02 +2.988142348e+02 +2.988142348e+02 -1.3726e+01 +2.9075e+00 -8.7337e+00
196 0 +1.338131577e+02 +1.338131577e+02 +1.484315770e+01 +1.484315770e+01 -1.0603e+01 +4.5794e+00 -8.5858e+00
216 0 +8.766075167e+01 +8.766075167e+01 -3.130924833e+01 -3.130924833e+01 -6.9844e+00 +4.6551e+00 -4.6664e+00
217 0 +4.737530290e+01 +4.737530290e+01 -7.159469710e+01 -7.159469710e+01 -6.8077e+00 +5.3626e+00 -6.4198e+00
222 0 +3.770745178e+00 +3.770745178e+00 -1.151992548e+02 -1.151992548e+02 -2.3702e+00 +4.8856e+00 -3.2712e+00
