% f evaluations | g evaluations | best noise-free fitness - Fopt | noise-free fitness - Fopt (3.590000000000e+01) | measured fitness | best measured fitness | x1 | x2...
1 0 +2.283102266e+05 +2.283102266e+05 +2.283461266e+05 +2.283461266e+05 +0.0000e+00 +0.0000e+00
2 0 +2.134650864e+05 +2.134650864e+05 +2.135009864e+05 +2.135009864e+05 -6.0115e-02 +4.6076e-01
4 0 +1.615634150e+05 +1.615634150e+05 +1.615993150e+05 +1.615993150e+05 +5.9920e-01 -1.3561e-01
7 0 +1.460199962e+05 +1.460199962e+05 +1.460558962e+05 +1.460558962e+05 +4.2176e-01 +7.1676e-01
12 0 +4.235354013e+04 +4.235354013e+04 +4.238944013e+04 +4.238944013e+04 +1.4105e+00 +1.4714e+00
13 0 +6.239379957e+03 +6.239379957e+03 +6.275279957e+03 +6.275279957e+03 +2.7609e+00 +7.8270e-02
22 0 +7.324526133e+01 +7.324526133e+01 +1.091452613e+02 +1.091452613e+02 +6.7933e+00 -7.4392e-02
25 0 +1.089513494e+01 +1.089513494e+01 +4.679513494e+01 +4.679513494e+01 +4.1540e+00 +5.2421e-01
37 0 +7.016625486e+00 +7.016625486e+00 +4.291662549e+01 +4.291662549e+01 +3.8865e+00 +7.9504e-01
39 0 +3.244408293e-01 +3.244408293e-01 +3.622444083e+01 +3.622444083e+01 +3.0040e+00 +9.2251e-01
106 0 +7.970092424e-02 +7.970092424e-02 +3.597970092e+01 +3.597970092e+01 +2.8883e+00 +9.9283e-01
121 0 +7.079535162e-02 +7.079535162e-02 +3.597079535e+01 +3.597079535e+01 +2.8793e+00 +9.8111e-01
122 0 +1.698043926e-02 +1.698043926e-02 +3.591698044e+01 +3.591698044e+01 +2.8274e+00 +1.0594e+00
132 0 +3.311577275e-04 +3.311577275e-04 +3.590033116e+01 +3.590033116e+01 +2.7851e+00 +1.1151e+00
290 0 +2.548279378e-04 +2.548279378e-04 +3.590025483e+01 +3.590025483e+01 +2.7857e+00 +1.1098e+00
614 0 +2.046032558e-04 +2.046032558e-04 +3.590020460e+01 +3.590020460e+01 +2.7850e+00 +1.1057e+00
623 0 +1.610424830e-04 +1.610424830e-04 +3.590016104e+01 +3.590016104e+01 +2.7845e+00 +1.1061e+00
635 0 +1.500488278e-04 +1.500488278e-04 +3.590015005e+01 +3.590015005e+01 +2.7846e+00 +1.1067e+00
645 0 +1.433267018e-04 +1.433267018e-04 +3.590014333e+01 +3.590014333e+01 +2.7844e+00 +1.1070e+00
657 0 +1.362205528e-04 +1.362205528e-04 +3.590013622e+01 +3.590013622e+01 +2.7844e+00 +1.1075e+00
673 0 +1.192474895e-04 +1.192474895e-04 +3.590011925e+01 +3.590011925e+01 +2.7842e+00 +1.1079e+00
677 0 +1.083314320e-04 +1.083314320e-04 +3.590010833e+01 +3.590010833e+01 +2.7843e+00 +1.1086e+00
697 0 +9.498208649e-05 +9.498208649e-05 +3.590009498e+01 +3.590009498e+01 +2.7841e+00 +1.1087e+00
700 0 +7.722213523e-05 +7.722213523e-05 +3.590007722e+01 +3.590007722e+01 +2.7835e+00 +1.1088e+00
722 0 +6.980654972e-05 +6.980654972e-05 +3.590006981e+01 +3.590006981e+01 +2.7834e+00 +1.1090e+00
734 0 +6.385847411e-05 +6.385847411e-05 +3.590006386e+01 +3.590006386e+01 +2.7834e+00 +1.1093e+00
736 0 +5.860873922e-05 +5.860873922e-05 +3.590005861e+01 +3.590005861e+01 +2.7832e+00 +1.1094e+00
770 0 +5.677053669e-05 +5.677053669e-05 +3.590005677e+01 +3.590005677e+01 +2.7833e+00 +1.1096e+00
771 0 +5.161118816e-05 +5.161118816e-05 +3.590005161e+01 +3.590005161e+01 +2.7831e+00 +1.1098e+00
791 0 +3.921648916e-05 +3.921648916e-05 +3.590003922e+01 +3.590003922e+01 +2.7832e+00 +1.1109e+00
793 0 +2.694301519e-05 +2.694301519e-05 +3.590002694e+01 +3.590002694e+01 +2.7828e+00 +1.1115e+00
993 0 +2.476254654e-05 +2.476254654e-05 +3.590002476e+01 +3.590002476e+01 +2.7827e+00 +1.1113e+00
994 0 +2.401423232e-05 +2.401423232e-05 +3.590002401e+01 +3.590002401e+01 +2.7826e+00 +1.1112e+00
995 0 +2.338284060e-05 +2.338284060e-05 +3.590002338e+01 +3.590002338e+01 +2.7827e+00 +1.1113e+00
996 0 +2.187515215e-05 +2.187515215e-05 +3.590002188e+01 +3.590002188e+01 +2.7827e+00 +1.1114e+00
% f evaluations | g evaluations | best noise-free fitness - Fopt | noise-free fitness - Fopt (3.137000000000e+01) | measured fitness | best measured fitness | x1 | x2...
1 0 +1.213706503e+04 +1.213706503e+04 +1.216843503e+04 +1.216843503e+04 +0.0000e+00 +0.0000e+00
4 0 +1.019601375e+04 +1.019601375e+04 +1.022738375e+04 +1.022738375e+04 -9.1526e-02 +2.0746e-01
5 0 +7.932700365e+03 +7.932700365e+03 +7.964070365e+03 +7.964070365e+03 +1.1420e+00 -5.9958e-02
19 0 +5.952433349e+03 +5.952433349e+03 +5.983803349e+03 +5.983803349e+03 +1.0098e+00 +2.6833e-01
22 0 +4.490477007e+03 +4.490477007e+03 +4.521847007e+03 +4.521847007e+03 -2.8944e-01 +8.5961e-01
25 0 +2.254045997e+03 +2.254045997e+03 +2.285415997e+03 +2.285415997e+03 +1.6369e+00 +4.8388e-01
26 0 +1.706247925e+03 +1.706247925e+03 +1.737617925e+03 +1.737617925e+03 +4.9010e+00 -5.1010e-01
28 0 +5.394179915e+02 +5.394179915e+02 +5.707879915e+02 +5.707879915e+02 +4.1971e+00 +1.4701e-02
30 0 +4.253921804e+01 +4.253921804e+01 +7.390921804e+01 +7.390921804e+01 +2.3203e+00 +1.0286e+00
45 0 +2.897741830e+00 +2.897741830e+00 +3.426774183e+01 +3.426774183e+01 +2.8243e-01 +2.1416e+00
104 0 +1.102090919e+00 +1.102090919e+00 +3.247209092e+01 +3.247209092e+01 -8.5094e-02 +2.5663e+00
170 0 +4.667503612e-01 +4.667503612e-01 +3.183675036e+01 +3.183675036e+01 -2.1545e-01 +2.4715e+00
172 0 +2.793239675e-01 +2.793239675e-01 +3.164932397e+01 +3.164932397e+01 -1.1752e-01 +1.9173e+00
223 0 +2.432110177e-01 +2.432110177e-01 +3.161321102e+01 +3.161321102e+01 -2.6270e-01 +2.3229e+00
230 0 +2.311767384e-01 +2.311767384e-01 +3.160117674e+01 +3.160117674e+01 -1.6202e-01 +2.0820e+00
237 0 +8.252913086e-02 +8.252913086e-02 +3.145252913e+01 +3.145252913e+01 -2.8552e-01 +2.1542e+00
288 0 +7.913879666e-02 +7.913879666e-02 +3.144913880e+01 +3.144913880e+01 -2.8152e-01 +2.1312e+00
419 0 +6.533348113e-02 +6.533348113e-02 +3.143533348e+01 +3.143533348e+01 -2.6000e-01 +2.0883e+00
425 0 +4.252304433e-02 +4.252304433e-02 +3.141252304e+01 +3.141252304e+01 -2.2395e-01 +1.9476e+00
481 0 +2.698169406e-02 +2.698169406e-02 +3.139698169e+01 +3.139698169e+01 -2.4595e-01 +1.9828e+00
482 0 +1.402809485e-02 +1.402809485e-02 +3.138402809e+01 +3.138402809e+01 -2.5836e-01 +1.9644e+00
491 0 +1.255911279e-02 +1.255911279e-02 +3.138255911e+01 +3.138255911e+01 -2.6505e-01 +1.9722e+00
529 0 +6.699859650e-03 +6.699859650e-03 +3.137669986e+01 +3.137669986e+01 -2.5228e-01 +1.8935e+00
538 0 +1.392682722e-03 +1.392682722e-03 +3.137139268e+01 +3.137139268e+01 -2.6353e-01 +1.8941e+00
752 0 +2.599499735e-04 +2.599499735e-04 +3.137025995e+01 +3.137025995e+01 -2.6905e-01 +1.8982e+00
% f evaluations | g evaluations | best noise-free fitness - Fopt | noise-free fitness - Fopt (-1.000000000000e+03) | measured fitness | best measured fitness | x1 | x2...
1 0 +6.117604822e+04 +6.117604822e+04 +6.017604822e+04 +6.017604822e+04 +0.0000e+00 +0.0000e+00
2 0 +3.745630560e+04 +3.745630560e+04 +3.645630560e+04 +3.645630560e+04 +2.3135e-01 -7.6626e-02
4 0 +1.972553614e+04 +1.972553614e+04 +1.872553614e+04 +1.872553614e+04 +4.6614e-01 -4.2464e-01
7 0 +1.146769081e+04 +1.146769081e+04 +1.046769081e+04 +1.046769081e+04 +9.6010e-01 -5.6376e-03
10 0 +9.093638223e+02 +9.093638223e+02 -9.063617771e+01 -9.063617771e+01 +1.3513e+00 -2.1577e-01
16 0 +1.994972101e+01 +1.994972101e+01 -9.800502790e+02 -9.800502790e+02 +2.3038e+00 -2.8346e-01
17 0 +1.275375987e+01 +1.275375987e+01 -9.872462401e+02 -9.872462401e+02 +1.8823e+00 -7.8614e-02
24 0 +1.241853622e+01 +1.241853622e+01 -9.875814638e+02 -9.875814638e+02 +1.6778e+00 -4.5085e-02
32 0 +8.470050927e+00 +8.470050927e+00 -9.915299491e+02 -9.915299491e+02 +1.4486e+00 -1.2653e+00
130 0 +6.994034055e+00 +6.994034055e+00 -9.930059659e+02 -9.930059659e+02 +1.3040e+00 -1.2907e+00
149 0 +5.849394199e+00 +5.849394199e+00 -9.941506058e+02 -9.941506058e+02 +6.1767e-01 -3.5502e+00
366 0 +2.779352384e+00 +2.779352384e+00 -9.972206476e+02 -9.972206476e+02 +6.9339e-01 -2.1546e+00
% f evaluations | g evaluations | best noise-free fitness - Fopt | noise-free fitness - Fopt (1.319200000000e+02) | measured fitness | best measured fitness | x1 | x2...
1 0 +1.849514788e+01 +1.849514788e+01 +1.504151479e+02 +1.504151479e+02 +0.0000e+00 +0.0000e+00
2 0 +1.423706683e+01 +1.423706683e+01 +1.461570668e+02 +1.461570668e+02 +2.1688e-01 +3.9162e-01
7 0 +1.341841063e+01 +1.341841063e+01 +1.453384106e+02 +1.453384106e+02 +9.6561e-02 +4.2656e-01
25 0 +9.738718113e+00 +9.738718113e+00 +1.416587181e+02 +1.416587181e+02 -1.0538e+00 +6.0663e-01
93 0 +9.172029981e+00 +9.172029981e+00 +1.410920300e+02 +1.410920300e+02 -8.5098e-01 +7.6114e-01
163 0 +8.055140372e+00 +8.055140372e+00 +1.399751404e+02 +1.399751404e+02 -9.7465e-01 +8.1949e-01
208 0 +7.504932670e+00 +7.504932670e+00 +1.394249327e+02 +1.394249327e+02 -1.0809e+00 +8.4017e-01
228 0 +6.885900747e+00 +6.885900747e+00 +1.388059007e+02 +1.388059007e+02 -1.3249e+00 +8.6040e-01
257 0 +6.662407370e+00 +6.662407370e+00 +1.385824074e+02 +1.385824074e+02 -1.5207e+00 +8.5678e-01
258 0 +6.289525349e+00 +6.289525349e+00 +1.382095253e+02 +1.382095253e+02 -1.6916e+00 +8.9363e-01
263 0 +5.270785625e+00 +5.270785625e+00 +1.371907856e+02 +1.371907856e+02 -1.7180e+00 +1.0608e+00
289 0 +4.951216096e+00 +4.951216096e+00 +1.368712161e+02 +1.368712161e+02 -1.8026e+00 +1.0678e+00
315 0 +4.404689504e+00 +4.404689504e+00 +1.363246895e+02 +1.363246895e+02 -1.8727e+00 +1.1484e+00
338 0 +4.349303224e+00 +4.349303224e+00 +1.362693032e+02 +1.362693032e+02 -1.8742e+00 +1.1648e+00
349 0 +4.258669270e+00 +4.258669270e+00 +1.361786693e+02 +1.361786693e+02 -1.8901e+00 +1.1823e+00
376 0 +4.017218658e+00 +4.017218658e+00 +1.359372187e+02 +1.359372187e+02 -1.9823e+00 +1.1913e+00
382 0 +3.842794094e+00 +3.842794094e+00 +1.357627941e+02 +1.357627941e+02 -2.0898e+00 +1.1738e+00
392 0 +3.748968936e+00 +3.748968936e+00 +1.356689689e+02 +1.356689689e+02 -2.1331e+00 +1.1754e+00
401 0 +3.633550542e+00 +3.633550542e+00 +1.355535505e+02 +1.355535505e+02 -2.1062e+00 +1.2257e+00
407 0 +3.145687045e+00 +3.145687045e+00 +1.350656870e+02 +1.350656870e+02 -2.2172e+00 +1.2859e+00
428 0 +2.660344624e+00 +2.660344624e+00 +1.345803446e+02 +1.345803446e+02 -2.9991e+00 +1.2013e+00
478 0 +1.837050996e+00 +1.837050996e+00 +1.337570510e+02 +1.337570510e+02 -2.8745e+00 +1.3626e+00
481 0 +1.380408220e+00 +1.380408220e+00 +1.333004082e+02 +1.333004082e+02 -2.9829e+00 +1.4509e+00
487 0 +1.020622747e+00 +1.020622747e+00 +1.329406227e+02 +1.329406227e+02 -3.0559e+00 +1.5769e+00
619 0 +9.929659325e-01 +9.929659325e-01 +1.329129659e+02 +1.329129659e+02 -3.0659e+00 +1.5777e+00
638 0 +9.420672412e-01 +9.420672412e-01 +1.328620672e+02 +1.328620672e+02 -3.0982e+00 +1.5703e+00
650 0 +8.714147429e-01 +8.714147429e-01 +1.327914147e+02 +1.327914147e+02 -3.1018e+00 +1.5914e+00
684 0 +8.365975271e-01 +8.365975271e-01 +1.327565975e+02 +1.327565975e+02 -3.1056e+00 +1.6038e+00
766 0 +8.183832051e-01 +8.183832051e-01 +1.327383832e+02 +1.327383832e+02 -3.1152e+00 +1.6048e+00
806 0 +8.069750858e-01 +8.069750858e-01 +1.327269751e+02 +1.327269751e+02 -3.1215e+00 +1.6059e+00
893 0 +7.670760269e-01 +7.670760269e-01 +1.326870760e+02 +1.326870760e+02 -3.1558e+00 +1.6059e+00
935 0 +7.499119715e-01 +7.499119715e-01 +1.326699120e+02 +1.326699120e+02 -3.1615e+00 +1.6202e+00
980 0 +7.318793679e-01 +7.318793679e-01 +1.326518794e+02 +1.326518794e+02 -3.2086e+00 +1.6231e+00
989 0 +7.190525212e-01 +7.190525212e-01 +1.326390525e+02 +1.326390525e+02 -3.2291e+00 +1.6448e+00
% f evaluations | g evaluations | best noise-free fitness - Fopt | noise-free fitness - Fopt (5.908400000000e+02) | measured fitness | best measured fitness | x1 | x2...
1 0 +2.473902553e+04 +2.473902553e+04 +2.532986553e+04 +2.532986553e+04 +0.0000e+00 +0.0000e+00
3 0 +2.756404656e+01 +2.756404656e+01 +6.184040466e+02 +6.184040466e+02 -1.8220e+00 +7.5758e-02
18 0 +2.696183598e+01 +2.696183598e+01 +6.178018360e+02 +6.178018360e+02 -1.8210e+00 +2.5227e-01
44 0 +2.381285937e+01 +2.381285937e+01 +6.146528594e+02 +6.146528594e+02 -1.5566e+00 +3.7161e-02
94 0 +2.329091875e+01 +2.329091875e+01 +6.141309188e+02 +6.141309188e+02 -1.4228e+00 -1.3501e-01
127 0 +1.767283525e+01 +1.767283525e+01 +6.085128353e+02 +6.085128353e+02 -1.0227e+00 -7.0770e-01
196 0 +1.375837123e+01 +1.375837123e+01 +6.045983712e+02 +6.045983712e+02 -8.2665e-01 -9.0054e-01
252 0 +1.254087921e+01 +1.254087921e+01 +6.033808792e+02 +6.033808792e+02 -6.3594e-01 -1.0249e+00
% f evaluations | g evaluations | best noise-free fitness - Fopt | noise-free fitness - Fopt (6.749000000000e+01) | measured fitness | best measured fitness | x1 | x2...
1 0 +6.509366078e+03 +6.509366078e+03 +6.576856078e+03 +6.576856078e+03 +0.0000e+00 +0.0000e+00
4 0 +6.281385663e+03 +6.281385663e+03 +6.348875663e+03 +6.348875663e+03 -3.0512e-01 -3.5040e-02
7 0 +5.710481508e+03 +5.710481508e+03 +5.777971508e+03 +5.777971508e+03 -6.3553e-02 -5.2948e-02
31 0 +3.699014360e+03 +3.699014360e+03 +3.766504360e+03 +3.766504360e+03 -1.5834e-01 -3.0724e-01
37 0 +3.476520097e+03 +3.476520097e+03 +3.544010097e+03 +3.544010097e+03 -4.1218e-01 -2.6857e-01
57 0 +2.750866740e+03 +2.750866740e+03 +2.818356740e+03 +2.818356740e+03 -3.1777e-01 -3.2982e-01
78 0 +1.936796224e+03 +1.936796224e+03 +2.004286224e+03 +2.004286224e+03 -6.3556e-01 -4.6828e-01
256 0 +1.621436897e+03 +1.621436897e+03 +1.688926897e+03 +1.688926897e+03 -6.1542e-01 -4.9318e-01
265 0 +1.571387258e+03 +1.571387258e+03 +1.638877258e+03 +1.638877258e+03 -5.1710e-01 -4.7734e-01
270 0 +1.321308323e+03 +1.321308323e+03 +1.388798323e+03 +1.388798323e+03 -5.5333e-01 -5.0432e-01
274 0 +1.223446687e+03 +1.223446687e+03 +1.290936687e+03 +1.290936687e+03 -4.9899e-01 -5.4132e-01
285 0 +1.153576742e+03 +1.153576742e+03 +1.221066742e+03 +1.221066742e+03 -5.7209e-01 -5.3132e-01
296 0 +8.336320865e+02 +8.336320865e+02 +9.011220865e+02 +9.011220865e+02 -5.7302e-01 -6.2793e-01
338 0 +8.234082693e+02 +8.234082693e+02 +8.908982693e+02 +8.908982693e+02 -6.5292e-01 -6.0366e-01
421 0 +7.778974615e+02 +7.778974615e+02 +8.453874615e+02 +8.453874615e+02 -6.3344e-01 -6.1045e-01
437 0 +6.706802267e+02 +6.706802267e+02 +7.381702267e+02 +7.381702267e+02 -6.1625e-01 -6.5576e-01
461 0 +4.667877377e+02 +4.667877377e+02 +5.342777377e+02 +5.342777377e+02 -6.7643e-01 -6.7935e-01
519 0 +4.214098178e+02 +4.214098178e+02 +4.888998178e+02 +4.888998178e+02 -7.3355e-01 -6.9561e-01
764 0 +4.013245045e+02 +4.013245045e+02 +4.688145045e+02 +4.688145045e+02 -7.1223e-01 -7.0344e-01
% f evaluations | g evaluations | best noise-free fitness - Fopt | noise-free fitness - Fopt (3.085000000000e+01) | measured fitness | best measured fitness | x1 | x2...
1 0 +6.494185296e+01 +6.494185296e+01 +9.579185296e+01 +9.579185296e+01 +0.0000e+00 +0.0000e+00
4 0 +6.025116371e+01 +6.025116371e+01 +9.110116371e+01 +9.110116371e+01 +1.4456e-01 -1.1282e-01
8 0 +5.805879313e+01 +5.805879313e+01 +8.890879313e+01 +8.890879313e+01 +2.2767e-01 -2.0823e-02
10 0 +5.743745748e+01 +5.743745748e+01 +8.828745748e+01 +8.828745748e+01 +2.4540e-01 -2.7760e-02
12 0 +4.714909923e+01 +4.714909923e+01 +7.799909923e+01 +7.799909923e+01 +5.7389e-01 +1.3286e-02
19 0 +4.651020983e+01 +4.651020983e+01 +7.736020983e+01 +7.736020983e+01 +5.9694e-01 +3.6044e-03
20 0 +3.737261908e+01 +3.737261908e+01 +6.822261908e+01 +6.822261908e+01 +1.0080e+00 -5.1336e-02
26 0 +3.229731423e+01 +3.229731423e+01 +6.314731423e+01 +6.314731423e+01 +1.1742e+00 -5.3883e-03
28 0 +2.631680432e+01 +2.631680432e+01 +5.716680432e+01 +5.716680432e+01 +1.3871e+00 +5.0424e-02
32 0 +2.594722195e+01 +2.594722195e+01 +5.679722195e+01 +5.679722195e+01 +1.4080e+00 +6.4520e-02
38 0 +2.501944092e+01 +2.501944092e+01 +5.586944092e+01 +5.586944092e+01 +1.4369e+00 -2.1244e-02
42 0 +2.188072193e+01 +2.188072193e+01 +5.273072193e+01 +5.273072193e+01 +1.7566e+00 -1.8209e-01
49 0 +1.336332499e+01 +1.336332499e+01 +4.421332499e+01 +4.421332499e+01 +2.2413e+00 -1.4825e-02
127 0 +1.253488709e+01 +1.253488709e+01 +4.338488709e+01 +4.338488709e+01 +2.3283e+00 -2.3380e-01
147 0 +1.221182651e+01 +1.221182651e+01 +4.306182651e+01 +4.306182651e+01 +2.3413e+00 -4.5695e-01
% f evaluations | g evaluations | best noise-free fitness - Fopt | noise-free fitness - Fopt (-1.255000000000e+01) | measured fitness | best measured fitness | x1 | x2...
1 0 +8.527795398e+01 +8.527795398e+01 +7.272795398e+01 +7.272795398e+01 +0.0000e+00 +0.0000e+00
2 0 +6.478269367e+01 +6.478269367e+01 +5.223269367e+01 +5.223269367e+01 +2.2921e-01 +1.7248e+00
14 0 +5.768282210e+01 +5.768282210e+01 +4.513282210e+01 +4.513282210e+01 +2.8725e-01 +3.1301e+00
25 0 +4.160248758e+01 +4.160248758e+01 +2.905248758e+01 +2.905248758e+01 +7.9019e-01 +3.5972e+00
26 0 +3.947270269e+01 +3.947270269e+01 +2.692270269e+01 +2.692270269e+01 +9.0742e-01 +3.2451e+00
44 0 +2.585958923e+01 +2.585958923e+01 +1.330958923e+01 +1.330958923e+01 +1.3116e+00 +3.0674e+00
45 0 +2.226157660e+01 +2.226157660e+01 +9.711576601e+00 +9.711576601e+00 +2.1329e+00 +9.7898e-02
49 0 +1.766225226e+01 +1.766225226e+01 +5.112252264e+00 +5.112252264e+00 +1.8378e+00 +2.3688e+00
50 0 +7.081558006e+00 +7.081558006e+00 -5.468441994e+00 -5.468441994e+00 +2.4468e+00 +2.1870e+00
85 0 +1.558789417e+00 +1.558789417e+00 -1.099121058e+01 -1.099121058e+01 +2.9301e+00 +3.1056e+00
137 0 +1.356202576e+00 +1.356202576e+00 -1.119379742e+01 -1.119379742e+01 +3.2465e+00 +1.6441e+00
154 0 +5.786212208e-01 +5.786212208e-01 -1.197137878e+01 -1.197137878e+01 +3.1526e+00 +2.4824e+00
242 0 +3.902657369e-01 +3.902657369e-01 -1.215973426e+01 -1.215973426e+01 +3.1789e+00 +2.6284e+00
267 0 +2.758361060e-01 +2.758361060e-01 -1.227416389e+01 -1.227416389e+01 +3.2109e+00 +2.6993e+00
273 0 +1.304496675e-01 +1.304496675e-01 -1.241955033e+01 -1.241955033e+01 +3.2979e+00 +2.4202e+00
286 0 +7.912135589e-04 +7.912135589e-04 -1.254920879e+01 -1.254920879e+01 +3.3698e+00 +2.5430e+00
780 0 +2.030109896e-04 +2.030109896e-04 -1.254979699e+01 -1.254979699e+01 +3.3736e+00 +2.5374e+00
907 0 +1.372418578e-04 +1.372418578e-04 -1.254986276e+01 -1.254986276e+01 +3.3737e+00 +2.5434e+00
% f evaluations | g evaluations | best noise-free fitness - Fopt | noise-free fitness - Fopt (5.383900000000e+02) | measured fitness | best measured fitness | x1 | x2...
1 0 +1.584721489e+03 +1.584721489e+03 +2.123111489e+03 +2.123111489e+03 +0.0000e+00 +0.0000e+00
4 0 +2.820069648e+01 +2.820069648e+01 +5.665906965e+02 +5.665906965e+02 +1.8276e-01 +2.0490e+00
5 0 +1.963537548e+01 +1.963537548e+01 +5.580253755e+02 +5.580253755e+02 +9.5711e-03 +6.4229e-01
9 0 +1.787007258e+01 +1.787007258e+01 +5.562600726e+02 +5.562600726e+02 -2.8470e-02 +3.3864e-01
10 0 +1.677521453e+01 +1.677521453e+01 +5.551652145e+02 +5.551652145e+02 +9.0611e-02 +5.3585e-01
25 0 +1.569277941e+01 +1.569277941e+01 +5.540827794e+02 +5.540827794e+02 +8.8387e-02 +3.7737e-01
41 0 +1.490928635e+01 +1.490928635e+01 +5.532992863e+02 +5.532992863e+02 +1.4872e-01 +4.3121e-01
186 0 +1.363801441e+01 +1.363801441e+01 +5.520280144e+02 +5.520280144e+02 +2.6891e-01 +5.2614e-01
195 0 +1.334874935e+01 +1.334874935e+01 +5.517387494e+02 +5.517387494e+02 +2.8598e-01 +4.8900e-01
248 0 +1.268560960e+01 +1.268560960e+01 +5.510756096e+02 +5.510756096e+02 +4.3832e-01 +6.1681e-01
398 0 +1.249472463e+01 +1.249472463e+01 +5.508847246e+02 +5.508847246e+02 +5.6815e-01 +6.9701e-01
412 0 +1.182537876e+01 +1.182537876e+01 +5.502153788e+02 +5.502153788e+02 +7.5021e-01 +7.9718e-01
472 0 +1.119078042e+01 +1.119078042e+01 +5.495807804e+02 +5.495807804e+02 +9.6871e-01 +1.2376e+00
486 0 +1.063193328e+01 +1.063193328e+01 +5.490219333e+02 +5.490219333e+02 +1.0510e+00 +1.3390e+00
500 0 +6.670646217e+00 +6.670646217e+00 +5.450606462e+02 +5.450606462e+02 +1.4244e+00 +1.3555e+00
519 0 +6.326053273e+00 +6.326053273e+00 +5.447160533e+02 +5.447160533e+02 +1.5286e+00 +1.4387e+00
521 0 +5.071929297e+00 +5.071929297e+00 +5.434619293e+02 +5.434619293e+02 +1.7823e+00 +1.7094e+00
550 0 +4.891816034e+00 +4.891816034e+00 +5.432818160e+02 +5.432818160e+02 +1.7990e+00 +1.7032e+00
555 0 +4.526319809e+00 +4.526319809e+00 +5.429163198e+02 +5.429163198e+02 +1.8086e+00 +1.6104e+00
595 0 +4.326335243e+00 +4.326335243e+00 +5.427163352e+02 +5.427163352e+02 +1.9176e+00 +1.8106e+00
931 0 +4.108609308e+00 +4.108609308e+00 +5.424986093e+02 +5.424986093e+02 +2.0893e+00 +2.0824e+00
933 0 +3.130495289e+00 +3.130495289e+00 +5.415204953e+02 +5.415204953e+02 +2.1059e+00 +1.8077e+00
945 0 +2.969802942e+00 +2.969802942e+00 +5.413598029e+02 +5.413598029e+02 +2.6028e+00 +2.6276e+00
955 0 +2.516397427e+00 +2.516397427e+00 +5.409063974e+02 +5.409063974e+02 +2.3660e+00 +2.1234e+00
960 0 +1.415680285e+00 +1.415680285e+00 +5.398056803e+02 +5.398056803e+02 +2.6117e+00 +2.2359e+00
964 0 +1.402449272e+00 +1.402449272e+00 +5.397924493e+02 +5.397924493e+02 +2.6290e+00 +2.2593e+00
985 0 +1.375694387e+00 +1.375694387e+00 +5.397656944e+02 +5.397656944e+02 +2.5936e+00 +2.1222e+00
% f evaluations | g evaluations | best noise-free fitness - Fopt | noise-free fitness - Fopt (-1.055600000000e+02) | measured fitness | best measured fitness | x1 | x2...
1 0 +4.801746869e+04 +4.801746869e+04 +4.791190869e+04 +4.791190869e+04 +0.0000e+00 +0.0000e+00
4 0 +3.699861727e+04 +3.699861727e+04 +3.689305727e+04 +3.689305727e+04 -1.4113e-01 -4.5768e-01
5 0 +1.806093122e+04 +1.806093122e+04 +1.795537122e+04 +1.795537122e+04 -1.5961e-01 -1.9349e+00
19 0 +9.250164777e+02 +9.250164777e+02 +8.194564777e+02 +8.194564777e+02 +1.2137e+00 -3.2750e+00
32 0 +4.383961182e+00 +4.383961182e+00 -1.011760388e+02 -1.011760388e+02 +7.8523e-01 -4.2307e+00
49 0 +3.594766467e+00 +3.594766467e+00 -1.019652335e+02 -1.019652335e+02 +8.0421e-01 -4.0521e+00
63 0 +2.485091040e+00 +2.485091040e+00 -1.030749090e+02 -1.030749090e+02 +1.4743e+00 -5.0229e+00
71 0 +2.357181515e+00 +2.357181515e+00 -1.032028185e+02 -1.032028185e+02 +1.5835e+00 -5.0814e+00
78 0 +2.598469255e-01 +2.598469255e-01 -1.053001531e+02 -1.053001531e+02 +1.4392e+00 -4.1211e+00
90 0 +1.450703246e-01 +1.450703246e-01 -1.054149297e+02 -1.054149297e+02 +1.2989e+00 -3.8255e+00
116 0 +1.424515789e-01 +1.424515789e-01 -1.054175484e+02 -1.054175484e+02 +1.4327e+00 -4.0008e+00
117 0 +1.298876025e-01 +1.298876025e-01 -1.054301124e+02 -1.054301124e+02 +1.4473e+00 -3.9887e+00
142 0 +7.275795634e-02 +7.275795634e-02 -1.054872420e+02 -1.054872420e+02 +1.3548e+00 -3.8455e+00
148 0 +5.220360279e-02 +5.220360279e-02 -1.055077964e+02 -1.055077964e+02 +1.3980e+00 -3.8759e+00
216 0 +2.873100815e-02 +2.873100815e-02 -1.055312690e+02 -1.055312690e+02 +1.3748e+00 -3.8123e+00
229 0 +2.510077350e-03 +2.510077350e-03 -1.055574899e+02 -1.055574899e+02 +1.3667e+00 -3.7255e+00
256 0 +1.167191480e-03 +1.167191480e-03 -1.055588328e+02 -1.055588328e+02 +1.3610e+00 -3.7103e+00
298 0 +4.016950466e-04 +4.016950466e-04 -1.055595983e+02 -1.055595983e+02 +1.3620e+00 -3.7034e+00
306 0 +1.473794431e-04 +1.473794431e-04 -1.055598526e+02 -1.055598526e+02 +1.3623e+00 -3.6992e+00
444 0 +9.498288603e-05 +9.498288603e-05 -1.055599050e+02 -1.055599050e+02 +1.3618e+00 -3.6976e+00
456 0 +2.902802009e-05 +2.902802009e-05 -1.055599710e+02 -1.055599710e+02 +1.3600e+00 -3.6942e+00
466 0 +4.936202956e-06 +4.936202956e-06 -1.055599951e+02 -1.055599951e+02 +1.3603e+00 -3.6931e+00
482 0 +4.154711505e-06 +4.154711505e-06 -1.055599958e+02 -1.055599958e+02 +1.3598e+00 -3.6924e+00
491 0 +2.950954041e-07 +2.950954041e-07 -1.055599997e+02 -1.055599997e+02 +1.3601e+00 -3.6922e+00
810 0 +1.257913453e-07 +1.257913453e-07 -1.055599999e+02 -1.055599999e+02 +1.3600e+00 -3.6921e+00
815 0 +9.904439935e-08 +9.904439935e-08 -1.055599999e+02 -1.055599999e+02 +1.3600e+00 -3.6921e+00
883 0 +3.419570760e-08 +3.419570760e-08 -1.055600000e+02 -1.055600000e+02 +1.3600e+00 -3.6921e+00
890 0 +1.119093440e-08 +1.119093440e-08 -1.055600000e+02 -1.055600000e+02 +1.3600e+00 -3.6920e+00
895 0 +2.026411039e-09 +2.026411039e-09 -1.055600000e+02 -1.055600000e+02 +1.3600e+00 -3.6920e+00
% f evaluations | g evaluations | best noise-free fitness - Fopt | noise-free fitness - Fopt (9.803000000000e+01) | measured fitness | best measured fitness | x1 | x2...
1 0 +9.078776958e+03 +9.078776958e+03 +9.176806958e+03 +9.176806958e+03 +0.0000e+00 +0.0000e+00
2 0 +1.998974189e+03 +1.998974189e+03 +2.097004189e+03 +2.097004189e+03 -1.1163e+00 -1.0593e-01
9 0 +1.840160155e+03 +1.840160155e+03 +1.938190155e+03 +1.938190155e+03 -4.9629e-01 -8.7929e-01
14 0 +1.368812932e+00 +1.368812932e+00 +9.939881293e+01 +9.939881293e+01 -1.7910e+00 -1.8017e+00
334 0 +1.001703042e+00 +1.001703042e+00 +9.903170304e+01 +9.903170304e+01 -1.6820e+00 -1.7831e+00
351 0 +4.621637068e-02 +4.621637068e-02 +9.807621637e+01 +9.807621637e+01 -1.0335e+00 -1.3287e+00
398 0 +4.191606018e-02 +4.191606018e-02 +9.807191606e+01 +9.807191606e+01 -1.0221e+00 -1.3262e+00
420 0 +1.756855369e-02 +1.756855369e-02 +9.804756855e+01 +9.804756855e+01 -1.0079e+00 -1.3439e+00
784 0 +1.638510507e-02 +1.638510507e-02 +9.804638511e+01 +9.804638511e+01 -1.0090e+00 -1.3484e+00
796 0 +1.096088513e-02 +1.096088513e-02 +9.804096089e+01 +9.804096089e+01 -1.0052e+00 -1.3771e+00
802 0 +3.146210962e-03 +3.146210962e-03 +9.803314621e+01 +9.803314621e+01 -9.7484e-01 -1.3415e+00
838 0 +2.495461780e-03 +2.495461780e-03 +9.803249546e+01 +9.803249546e+01 -9.7161e-01 -1.3431e+00
860 0 +9.248424361e-04 +9.248424361e-04 +9.803092484e+01 +9.803092484e+01 -9.5947e-01 -1.3348e+00
865 0 +8.901996873e-04 +8.901996873e-04 +9.803089020e+01 +9.803089020e+01 -9.5917e-01 -1.3336e+00
% f evaluations | g evaluations | best noise-free fitness - Fopt | noise-free fitness - Fopt (1.000000000000e+03) | measured fitness | best measured fitness | x1 | x2...
1 0 +1.028164801e+01 +1.028164801e+01 +1.010281648e+03 +1.010281648e+03 +0.0000e+00 +0.0000e+00
2 0 +6.698315284e+00 +6.698315284e+00 +1.006698315e+03 +1.006698315e+03 -4.8806e-01 -2.7897e-01
16 0 +5.930667655e+00 +5.930667655e+00 +1.005930668e+03 +1.005930668e+03 -5.4453e-01 -4.4998e-01
23 0 +3.459926789e+00 +3.459926789e+00 +1.003459927e+03 +1.003459927e+03 -1.0047e+00 -7.8776e-01
33 0 +2.851723747e+00 +2.851723747e+00 +1.002851724e+03 +1.002851724e+03 -1.7711e+00 -6.4610e-01
43 0 +2.459906814e+00 +2.459906814e+00 +1.002459907e+03 +1.002459907e+03 -1.3852e+00 -8.7299e-01
57 0 +1.593506861e+00 +1.593506861e+00 +1.001593507e+03 +1.001593507e+03 -1.6094e+00 -1.0746e+00
61 0 +1.100530346e+00 +1.100530346e+00 +1.001100530e+03 +1.001100530e+03 -1.9426e+00 -1.0608e+00
81 0 +9.187742312e-01 +9.187742312e-01 +1.000918774e+03 +1.000918774e+03 -1.9933e+00 -1.0792e+00
91 0 +5.234535670e-01 +5.234535670e-01 +1.000523454e+03 +1.000523454e+03 -2.2241e+00 -1.2371e+00
191 0 +2.525239851e-01 +2.525239851e-01 +1.000252524e+03 +1.000252524e+03 -2.4527e+00 -1.2727e+00
289 0 +1.512431883e-01 +1.512431883e-01 +1.000151243e+03 +1.000151243e+03 -2.5634e+00 -1.3009e+00
348 0 +1.104531707e-01 +1.104531707e-01 +1.000110453e+03 +1.000110453e+03 -2.6424e+00 -1.3002e+00
355 0 +3.190556898e-02 +3.190556898e-02 +1.000031906e+03 +1.000031906e+03 -2.7660e+00 -1.3578e+00
380 0 +2.854011560e-02 +2.854011560e-02 +1.000028540e+03 +1.000028540e+03 -2.7655e+00 -1.3880e+00
393 0 +2.693501022e-02 +2.693501022e-02 +1.000026935e+03 +1.000026935e+03 -2.7675e+00 -1.3866e+00
411 0 +2.669545199e-02 +2.669545199e-02 +1.000026695e+03 +1.000026695e+03 -2.7674e+00 -1.3855e+00
415 0 +1.741374843e-02 +1.741374843e-02 +1.000017414e+03 +1.000017414e+03 -2.7948e+00 -1.3842e+00
433 0 +1.633214384e-02 +1.633214384e-02 +1.000016332e+03 +1.000016332e+03 -2.8095e+00 -1.3728e+00
440 0 +1.247529321e-02 +1.247529321e-02 +1.000012475e+03 +1.000012475e+03 -2.8127e+00 -1.3869e+00
446 0 +4.668650436e-03 +4.668650436e-03 +1.000004669e+03 +1.000004669e+03 -2.8527e+00 -1.3920e+00
469 0 +2.042531944e-03 +2.042531944e-03 +1.000002043e+03 +1.000002043e+03 -2.8691e+00 -1.3999e+00
857 0 +1.458357656e-04 +1.458357656e-04 +1.000000146e+03 +1.000000146e+03 -2.8895e+00 -1.4113e+00
% f evaluations | g evaluations | best noise-free fitness - Fopt | noise-free fitness - Fopt (1.490000000000e+00) | measured fitness | best measured fitness | x1 | x2...
1 0 +9.115953832e+04 +9.115953832e+04 +9.116102832e+04 +9.116102832e+04 +0.0000e+00 +0.0000e+00
3 0 +3.536848638e+04 +3.536848638e+04 +3.536997638e+04 +3.536997638e+04 +1.5890e+00 -5.6209e-01
5 0 +2.360987138e+04 +2.360987138e+04 +2.361136138e+04 +2.361136138e+04 +8.1629e-02 -3.1919e+00
8 0 +5.060419393e+03 +5.060419393e+03 +5.061909393e+03 +5.061909393e+03 +8.6658e-01 -4.0603e+00
12 0 +8.920602060e+01 +8.920602060e+01 +9.069602060e+01 +9.069602060e+01 +7.4552e-01 -6.6100e+00
13 0 +7.149046109e+00 +7.149046109e+00 +8.639046109e+00 +8.639046109e+00 +3.2164e+00 -3.4463e+00
14 0 +2.925262024e+00 +2.925262024e+00 +4.415262024e+00 +4.415262024e+00 +3.5166e+00 -2.8010e+00
57 0 +1.784995805e+00 +1.784995805e+00 +3.274995805e+00 +3.274995805e+00 +3.6989e+00 -2.8102e+00
66 0 +1.565732952e+00 +1.565732952e+00 +3.055732952e+00 +3.055732952e+00 +3.5903e+00 -2.3119e+00
74 0 +4.848200570e-01 +4.848200570e-01 +1.974820057e+00 +1.974820057e+00 +3.7681e+00 -2.0729e+00
187 0 +2.777377581e-01 +2.777377581e-01 +1.767737758e+00 +1.767737758e+00 +3.8629e+00 -2.1651e+00
198 0 +1.429629168e-01 +1.429629168e-01 +1.632962917e+00 +1.632962917e+00 +3.9676e+00 -2.1504e+00
219 0 +8.539429994e-02 +8.539429994e-02 +1.575394300e+00 +1.575394300e+00 +3.8973e+00 -1.9860e+00
257 0 +8.057141292e-02 +8.057141292e-02 +1.570571413e+00 +1.570571413e+00 +3.9590e+00 -2.0716e+00
315 0 +4.846586000e-02 +4.846586000e-02 +1.538465860e+00 +1.538465860e+00 +3.9400e+00 -1.9991e+00
331 0 +4.370676420e-02 +4.370676420e-02 +1.533706764e+00 +1.533706764e+00 +3.9110e+00 -1.9182e+00
346 0 +4.213177724e-02 +4.213177724e-02 +1.532131777e+00 +1.532131777e+00 +3.9746e+00 -1.9881e+00
349 0 +9.522757651e-03 +9.522757651e-03 +1.499522758e+00 +1.499522758e+00 +3.9443e+00 -1.8858e+00
357 0 +9.299242834e-03 +9.299242834e-03 +1.499299243e+00 +1.499299243e+00 +3.9362e+00 -1.8622e+00
363 0 +8.812180816e-03 +8.812180816e-03 +1.498812181e+00 +1.498812181e+00 +3.9652e+00 -1.8908e+00
375 0 +6.032721231e-03 +6.032721231e-03 +1.496032721e+00 +1.496032721e+00 +3.9408e+00 -1.8551e+00
380 0 +2.570829122e-03 +2.570829122e-03 +1.492570829e+00 +1.492570829e+00 +3.9519e+00 -1.8564e+00
382 0 +9.457866950e-04 +9.457866950e-04 +1.490945787e+00 +1.490945787e+00 +3.9575e+00 -1.8415e+00
426 0 +7.683762049e-04 +7.683762049e-04 +1.490768376e+00 +1.490768376e+00 +3.9547e+00 -1.8398e+00
457 0 +5.252842727e-04 +5.252842727e-04 +1.490525284e+00 +1.490525284e+00 +3.9504e+00 -1.8285e+00
493 0 +3.241979446e-04 +3.241979446e-04 +1.490324198e+00 +1.490324198e+00 +3.9536e+00 -1.8326e+00
502 0 +2.048188514e-04 +2.048188514e-04 +1.490204819e+00 +1.490204819e+00 +3.9551e+00 -1.8304e+00
582 0 +7.515999909e-05 +7.515999909e-05 +1.490075160e+00 +1.490075160e+00 +3.9539e+00 -1.8261e+00
592 0 +3.089883336e-05 +3.089883336e-05 +1.490030899e+00 +1.490030899e+00 +3.9539e+00 -1.8242e+00
653 0 +2.975548504e-05 +2.975548504e-05 +1.490029755e+00 +1.490029755e+00 +3.9535e+00 -1.8227e+00
654 0 +2.880591483e-05 +2.880591483e-05 +1.490028806e+00 +1.490028806e+00 +3.9538e+00 -1.8235e+00
659 0 +1.579360902e-05 +1.579360902e-05 +1.490015794e+00 +1.490015794e+00 +3.9540e+00 -1.8232e+00
663 0 +5.369622203e-06 +5.369622203e-06 +1.490005370e+00 +1.490005370e+00 +3.9542e+00 -1.8225e+00
685 0 +4.770763760e-06 +4.770763760e-06 +1.490004771e+00 +1.490004771e+00 +3.9542e+00 -1.8225e+00
686 0 +4.273984855e-06 +4.273984855e-06 +1.490004274e+00 +1.490004274e+00 +3.9543e+00 -1.8225e+00
695 0 +9.627670394e-08 +9.627670394e-08 +1.490000096e+00 +1.490000096e+00 +3.9544e+00 -1.8217e+00
902 0 +6.839606548e-08 +6.839606548e-08 +1.490000068e+00 +1.490000068e+00 +3.9544e+00 -1.8217e+00
943 0 +3.416290983e-08 +3.416290983e-08 +1.490000034e+00 +1.490000034e+00 +3.9544e+00 -1.8217e+00
% f evaluations | g evaluations | best noise-free fitness - Fopt | noise-free fitness - Fopt (5.963500000000e+02) | measured fitness | best measured fitness | x1 | x2...
1 0 +3.469732688e+04 +3.469732688e+04 +3.529367688e+04 +3.529367688e+04 +0.0000e+00 +0.0000e+00
2 0 +3.348393704e+04 +3.348393704e+04 +3.408028704e+04 +3.408028704e+04 -9.8876e-02 -8.0024e-02
7 0 +2.836411124e+04 +2.836411124e+04 +2.896046124e+04 +2.896046124e+04 -1.2722e-01 -2.3924e-01
10 0 +1.977675414e+04 +1.977675414e+04 +2.037310414e+04 +2.037310414e+04 +9.3048e-02 -5.3426e-01
14 0 +6.238966437e+03 +6.238966437e+03 +6.835316437e+03 +6.835316437e+03 -7.7745e-02 -1.1112e+00
24 0 +1.327671459e+03 +1.327671459e+03 +1.924021459e+03 +1.924021459e+03 +1.2338e+00 -2.0462e+00
25 0 +2.922026174e+01 +2.922026174e+01 +6.255702617e+02 +6.255702617e+02 -7.6908e-01 -2.1534e+00
33 0 +4.343595141e+00 +4.343595141e+00 +6.006935951e+02 +6.006935951e+02 -3.5862e+00 -8.7737e-01
48 0 +8.434193942e-02 +8.434193942e-02 +5.964343419e+02 +5.964343419e+02 -3.8064e+00 -2.2285e-01
970 0 +8.081747292e-02 +8.081747292e-02 +5.964308175e+02 +5.964308175e+02 -3.5428e+00 -2.2736e-01
% f evaluations | g evaluations | best noise-free fitness - Fopt | noise-free fitness - Fopt (-1.189700000000e+02) | measured fitness | best measured fitness | x1 | x2...
1 0 +1.024396826e+02 +1.024396826e+02 -1.653031738e+01 -1.653031738e+01 +0.0000e+00 +0.0000e+00
2 0 +4.187835741e+01 +4.187835741e+01 -7.709164259e+01 -7.709164259e+01 -1.4299e+00 +1.2630e+00
4 0 +2.411343661e+01 +2.411343661e+01 -9.485656339e+01 -9.485656339e+01 -1.1061e+00 +1.9264e+00
16 0 +1.280043199e+01 +1.280043199e+01 -1.061695680e+02 -1.061695680e+02 -2.5163e-01 +2.6933e+00
23 0 +3.075994492e+00 +3.075994492e+00 -1.158940055e+02 -1.158940055e+02 -1.1017e+00 +3.2612e+00
35 0 +1.052273873e-01 +1.052273873e-01 -1.188647726e+02 -1.188647726e+02 -1.3557e+00 +3.7417e+00
156 0 +4.136744484e-02 +4.136744484e-02 -1.189286326e+02 -1.189286326e+02 -1.3332e+00 +3.7942e+00
235 0 +3.219343381e-02 +3.219343381e-02 -1.189378066e+02 -1.189378066e+02 -1.3057e+00 +3.7979e+00
243 0 +3.210278070e-03 +3.210278070e-03 -1.189667897e+02 -1.189667897e+02 -1.2336e+00 +3.8375e+00
