% f evaluations | g evaluations | best noise-free fitness - Fopt | noise-free fitness - Fopt (3.590000000000e+01) | measured fitness | best measured fitness | x1 | x2...
1 0 +3.170744060e+05 +3.170744060e+05 +3.171103060e+05 +3.171103060e+05 +0.0000e+00 +0.0000e+00 +0.0000e+00 +0.0000e+00 +0.0000e+00 +0.0000e+00 +0.0000e+00 +0.0000e+00 +0.0000e+00 +0.0000e+00
7 0 +2.774333696e+05 +2.774333696e+05 +2.774692696e+05 +2.774692696e+05 +3.3827e+00 -9.3967e-01 -3.3806e-02 +3.3533e-02 +7.1130e-01 -5.9250e-02 -2.5294e-01 -8.2988e-01 +8.5505e-02 +2.3436e-01
10 0 +1.723561569e+05 +1.723561569e+05 +1.723920569e+05 +1.723920569e+05 +6.8818e-01 +5.6762e-01 +1.3935e+00 -7.2537e-01 +2.3031e-01 -2.9978e-01 -8.9814e-01 -5.2118e-01 +3.6903e-01 -2.6410e-01
12 0 +1.509440373e+05 +1.509440373e+05 +1.509799373e+05 +1.509799373e+05 +4.5400e+00 +5.2739e-02 +7.1922e-01 -7.4856e-01 -9.7823e-01 -6.9052e-01 -1.8513e+00 -1.9759e-01 +3.0584e-01 -2.6326e-01
21 0 +1.468155153e+05 +1.468155153e+05 +1.468514153e+05 +1.468514153e+05 +4.2534e+00 -5.2315e-01 +1.1401e+00 -3.5028e-01 -2.9325e-01 -8.4427e-01 -1.7014e+00 -7.8830e-01 +6.2112e-01 -2.4697e-01
22 0 +1.190245365e+05 +1.190245365e+05 +1.190604365e+05 +1.190604365e+05 +3.8565e+00 -7.5553e-01 +1.9209e+00 -1.2252e+00 -5.6861e-01 -1.1007e+00 -2.1675e+00 -1.0983e+00 +6.2822e-01 -3.1267e-01
36 0 +1.107048924e+05 +1.107048924e+05 +1.107407924e+05 +1.107407924e+05 +2.2465e+00 -4.2399e-02 +1.2257e+00 -7.9509e-01 -2.7535e+00 -3.6299e-01 -3.2395e+00 -9.7425e-01 +5.6115e-01 -1.7475e-01
41 0 +9.856048467e+04 +9.856048467e+04 +9.859638467e+04 +9.859638467e+04 +1.9150e+00 +3.4484e-02 +2.0470e+00 -5.3004e-02 -2.1985e+00 -8.9501e-01 -1.2486e+00 -1.3577e+00 +8.8200e-01 -1.4138e-01
65 0 +6.998394561e+04 +6.998394561e+04 +7.001984561e+04 +7.001984561e+04 -2.4667e-01 -6.6722e-02 +3.1089e+00 -3.5513e-01 -2.6975e+00 -9.2061e-01 -9.9032e-01 -9.6036e-01 +6.9340e-01 -4.7346e-02
83 0 +5.647201256e+04 +5.647201256e+04 +5.650791256e+04 +5.650791256e+04 +1.8547e+00 +3.2732e-01 +1.5807e+00 +4.5984e-03 -2.7806e+00 -1.3561e+00 -3.4228e+00 -1.4463e+00 +2.7164e-01 -1.4779e-01
86 0 +5.054946118e+04 +5.054946118e+04 +5.058536118e+04 +5.058536118e+04 +1.5007e+00 -1.5388e-01 +2.2831e+00 -1.3061e-01 -2.3132e+00 -1.3552e+00 -3.6936e+00 -1.6797e+00 +5.0336e-01 -9.7404e-02
95 0 +3.597873773e+04 +3.597873773e+04 +3.601463773e+04 +3.601463773e+04 +1.4006e+00 +3.7410e-02 +2.1598e+00 -4.7710e-01 -2.2572e+00 -1.3104e+00 -3.4615e+00 -1.6570e+00 +2.0739e-01 -8.0365e-02
98 0 +3.273350343e+04 +3.273350343e+04 +3.276940343e+04 +3.276940343e+04 +4.8870e-01 +1.2636e-01 +2.3864e+00 -7.6046e-01 -2.7427e+00 -1.1040e+00 -3.5486e+00 -1.5614e+00 +3.1249e-01 -1.6063e-02
117 0 +2.500265076e+04 +2.500265076e+04 +2.503855076e+04 +2.503855076e+04 +3.3356e-01 +1.4433e-01 +2.5462e+00 -1.9183e-01 -2.7016e+00 -1.1299e+00 -4.0006e+00 -1.6473e+00 +9.1710e-02 -9.2955e-02
120 0 +2.348010515e+04 +2.348010515e+04 +2.351600515e+04 +2.351600515e+04 -4.2454e-01 +2.1172e-01 +2.4259e+00 -6.1500e-01 -2.4843e+00 -1.0862e+00 -4.2743e+00 -1.4618e+00 +1.2038e-01 +2.8927e-02
123 0 +2.284675665e+04 +2.284675665e+04 +2.288265665e+04 +2.288265665e+04 +1.3165e-01 +1.3808e-01 +2.6269e+00 +8.7165e-02 -2.9777e+00 -1.2255e+00 -4.3110e+00 -1.4839e+00 +1.9037e-01 -1.1388e-02
124 0 +1.839576365e+04 +1.839576365e+04 +1.843166365e+04 +1.843166365e+04 +3.5278e-01 +2.9301e-01 +2.5730e+00 -2.4128e-02 -2.2829e+00 -1.1145e+00 -4.7569e+00 -1.5445e+00 -8.1245e-02 -1.4108e-02
138 0 +1.439038125e+04 +1.439038125e+04 +1.442628125e+04 +1.442628125e+04 +5.8421e-01 +4.7922e-01 +2.5586e+00 -3.8832e-01 -2.4784e+00 -1.3515e+00 -4.9778e+00 -1.5028e+00 -6.9170e-02 +1.8143e-02
152 0 +1.342911033e+04 +1.342911033e+04 +1.346501033e+04 +1.346501033e+04 -1.4614e-01 +2.0571e-01 +3.0286e+00 -3.2329e-01 -2.6598e+00 -1.2520e+00 -4.4656e+00 -1.7094e+00 -4.6278e-01 -2.8924e-02
155 0 +1.219418154e+04 +1.219418154e+04 +1.223008154e+04 +1.223008154e+04 +8.7499e-01 +1.8655e-01 +3.1103e+00 -6.9128e-03 -1.3635e+00 -1.6833e+00 -5.3965e+00 -1.5102e+00 -3.2590e-01 -1.8587e-02
169 0 +1.160488238e+04 +1.160488238e+04 +1.164078238e+04 +1.164078238e+04 +3.6110e-02 +1.2137e-01 +3.3725e+00 +2.5414e-01 -1.6085e+00 -1.6469e+00 -4.2857e+00 -1.6137e+00 -3.1381e-01 -7.7497e-03
176 0 +6.423913446e+03 +6.423913446e+03 +6.459813446e+03 +6.459813446e+03 +9.5439e-01 +1.3660e-01 +3.8184e+00 -2.2603e-01 -1.4002e+00 -1.9638e+00 -4.7179e+00 -1.5500e+00 -2.1697e-01 +1.8050e-02
188 0 +3.961121445e+03 +3.961121445e+03 +3.997021445e+03 +3.997021445e+03 +1.0320e+00 +3.2188e-01 +3.4005e+00 +2.6915e-03 -1.0204e+00 -2.2588e+00 -4.4597e+00 -1.7552e+00 -6.1662e-01 +3.8584e-02
205 0 +3.617079367e+03 +3.617079367e+03 +3.652979367e+03 +3.652979367e+03 +1.0466e+00 +3.4131e-01 +3.7291e+00 +1.4791e-01 -8.4696e-01 -2.2873e+00 -4.4447e+00 -1.4403e+00 -4.8125e-01 -2.8916e-02
221 0 +2.693895184e+03 +2.693895184e+03 +2.729795184e+03 +2.729795184e+03 +1.5509e+00 +2.9561e-01 +3.8505e+00 +1.7167e-01 -1.2032e+00 -2.4348e+00 -4.3387e+00 -1.3871e+00 -6.6243e-01 -1.4710e-02
225 0 +1.974075019e+03 +1.974075019e+03 +2.009975019e+03 +2.009975019e+03 +1.3492e+00 +2.6138e-01 +4.2371e+00 +1.3667e-01 -1.7029e+00 -2.3855e+00 -4.5820e+00 -1.1875e+00 -5.7756e-01 -6.6441e-02
230 0 +1.169543279e+03 +1.169543279e+03 +1.205443279e+03 +1.205443279e+03 +1.9391e+00 +3.7388e-01 +3.6631e+00 +3.9099e-01 -3.9682e-01 -2.5201e+00 -4.5601e+00 -1.4172e+00 -7.1940e-01 -3.4227e-02
242 0 +1.096531709e+03 +1.096531709e+03 +1.132431709e+03 +1.132431709e+03 +1.8653e+00 +4.8759e-01 +4.3315e+00 +9.0790e-02 -1.7899e+00 -2.3651e+00 -4.7695e+00 -1.4249e+00 -4.9811e-01 -3.5636e-03
247 0 +7.317353033e+02 +7.317353033e+02 +7.676353033e+02 +7.676353033e+02 +1.0951e+00 +4.1990e-01 +4.2656e+00 -1.6498e-01 -1.8960e+00 -2.3136e+00 -4.8469e+00 -1.2446e+00 -5.7500e-01 -2.1708e-02
313 0 +5.729371323e+02 +5.729371323e+02 +6.088371323e+02 +6.088371323e+02 +1.2918e+00 +4.1422e-01 +4.2871e+00 -2.2025e-01 -2.1092e+00 -2.1841e+00 -4.8326e+00 -1.2047e+00 -5.3512e-01 -3.2506e-02
321 0 +5.262015794e+02 +5.262015794e+02 +5.621015794e+02 +5.621015794e+02 +1.6482e+00 +3.6034e-01 +4.4366e+00 -8.4756e-02 -2.2325e+00 -2.1025e+00 -4.7653e+00 -1.1530e+00 -4.7866e-01 -3.5995e-02
327 0 +2.199018776e+02 +2.199018776e+02 +2.558018776e+02 +2.558018776e+02 +1.6608e+00 +3.8683e-01 +4.3860e+00 -1.1061e-01 -2.2046e+00 -2.1870e+00 -5.0070e+00 -9.7471e-01 -5.0313e-01 -2.9767e-02
391 0 +2.018049314e+02 +2.018049314e+02 +2.377049314e+02 +2.377049314e+02 +1.0006e+00 +5.4621e-01 +4.7725e+00 -1.9453e-01 -2.6336e+00 -2.2211e+00 -4.9091e+00 -9.1280e-01 -4.3767e-01 -3.6223e-02
392 0 +1.267100161e+02 +1.267100161e+02 +1.626100161e+02 +1.626100161e+02 +1.3888e+00 +5.2865e-01 +4.7029e+00 -3.4647e-02 -2.4833e+00 -2.1160e+00 -5.0770e+00 -9.1618e-01 -3.8958e-01 -5.2639e-02
410 0 +1.153711286e+02 +1.153711286e+02 +1.512711286e+02 +1.512711286e+02 +1.2738e+00 +5.9743e-01 +4.5503e+00 -5.5255e-02 -2.8543e+00 -2.1170e+00 -5.0914e+00 -7.8896e-01 -4.1953e-01 -8.4043e-02
413 0 +1.120334519e+02 +1.120334519e+02 +1.479334519e+02 +1.479334519e+02 +1.2698e+00 +6.4840e-01 +4.5910e+00 -7.2630e-02 -2.6083e+00 -2.1225e+00 -5.0783e+00 -8.9186e-01 -3.8046e-01 -7.7242e-02
437 0 +1.089888958e+02 +1.089888958e+02 +1.448888958e+02 +1.448888958e+02 +1.2533e+00 +6.4486e-01 +4.5683e+00 -7.8153e-02 -2.2477e+00 -2.1291e+00 -4.9072e+00 -8.6417e-01 -4.1031e-01 -9.9860e-02
444 0 +1.060969103e+02 +1.060969103e+02 +1.419969103e+02 +1.419969103e+02 +1.3719e+00 +6.0270e-01 +4.4245e+00 -9.2727e-06 -2.2721e+00 -2.1197e+00 -4.9816e+00 -8.5902e-01 -4.7265e-01 -1.0607e-01
460 0 +1.042102041e+02 +1.042102041e+02 +1.401102041e+02 +1.401102041e+02 +1.2168e+00 +6.9538e-01 +4.2423e+00 +4.1492e-02 -2.4589e+00 -2.0162e+00 -5.0534e+00 -7.8980e-01 -4.8505e-01 -1.3075e-01
511 0 +1.006306393e+02 +1.006306393e+02 +1.365306393e+02 +1.365306393e+02 +1.6547e+00 +6.9230e-01 +4.3397e+00 +9.7951e-02 -2.1038e+00 -1.9782e+00 -5.0198e+00 -4.1515e-01 -7.4987e-01 -1.5102e-01
520 0 +9.832322108e+01 +9.832322108e+01 +1.342232211e+02 +1.342232211e+02 +1.3521e+00 +7.4759e-01 +4.2880e+00 +9.8240e-02 -2.1914e+00 -1.9409e+00 -4.9967e+00 -4.1617e-01 -8.7053e-01 -1.4783e-01
638 0 +8.949394565e+01 +8.949394565e+01 +1.253939456e+02 +1.253939456e+02 +1.8741e+00 +5.6335e-01 +4.5011e+00 +7.1084e-01 -1.7084e+00 -2.2001e+00 -4.9065e+00 -3.1352e-01 -1.1170e+00 -6.6078e-02
648 0 +7.475400298e+01 +7.475400298e+01 +1.106540030e+02 +1.106540030e+02 +1.7564e+00 +8.3975e-01 +3.9842e+00 +5.8624e-01 -9.6318e-01 -1.9142e+00 -4.6713e+00 -3.2464e-01 -1.0614e+00 -6.7313e-02
% f evaluations | g evaluations | best noise-free fitness - Fopt | noise-free fitness - Fopt (3.137000000000e+01) | measured fitness | best measured fitness | x1 | x2...
1 0 +1.676612833e+05 +1.676612833e+05 +1.676926533e+05 +1.676926533e+05 +0.0000e+00 +0.0000e+00 +0.0000e+00 +0.0000e+00 +0.0000e+00 +0.0000e+00 +0.0000e+00 +0.0000e+00 +0.0000e+00 +0.0000e+00
3 0 +1.459605943e+05 +1.459605943e+05 +1.459919643e+05 +1.459919643e+05 -7.1436e-01 +7.3367e-03 -1.0868e-02 +1.2433e+00 +5.1267e-01 -4.2997e-01 -2.3111e-01 +9.4638e-01 -3.1558e-01 -1.3142e-01
4 0 +1.314654819e+05 +1.314654819e+05 +1.314968519e+05 +1.314968519e+05 -2.1448e+00 +5.8278e-02 -3.2546e-03 +1.3706e-01 +3.1524e-01 -8.1738e-01 -1.0679e+00 +1.2822e+00 +1.6700e-01 +3.6895e-02
6 0 +1.202224356e+05 +1.202224356e+05 +1.202538056e+05 +1.202538056e+05 -7.6240e-01 +3.2648e-02 +2.7685e-03 +1.0022e-01 -1.0041e+00 +3.8147e-02 +4.9600e-01 +8.0653e-01 -1.4308e-01 +3.5271e-01
13 0 +1.039293074e+05 +1.039293074e+05 +1.039606774e+05 +1.039606774e+05 -1.2969e+00 +1.0675e-02 +5.0618e-03 +3.3455e-01 -6.1036e-01 -1.0096e+00 -4.8108e-01 +1.3102e+00 +3.9761e-02 +6.4730e-01
22 0 +9.464132359e+04 +9.464132359e+04 +9.467269359e+04 +9.467269359e+04 -1.4994e+00 -1.8130e-02 -1.6875e-02 -2.0803e-01 -4.0411e+00 -8.4267e-01 -9.3526e-02 +1.1006e+00 +2.1802e-01 +1.7844e-01
25 0 +7.081661511e+04 +7.081661511e+04 +7.084798511e+04 +7.084798511e+04 -9.5254e-01 -1.0406e-03 -5.8469e-04 -9.7230e-01 -1.5777e+00 -6.3893e-02 +3.7880e-01 +1.1274e+00 +6.0216e-01 +3.4147e-01
34 0 +3.350174110e+04 +3.350174110e+04 +3.353311110e+04 +3.353311110e+04 +5.0087e-01 -4.2030e-03 -1.1272e-02 -9.6400e-01 -5.7309e-01 -9.5306e-01 +1.2748e+00 +3.0693e+00 +8.4788e-01 +6.2040e-01
43 0 +2.870022748e+04 +2.870022748e+04 +2.873159748e+04 +2.873159748e+04 -2.4176e-01 +8.3279e-03 -1.7256e-02 -5.7811e-01 -1.8032e+00 -8.7924e-01 +1.1189e+00 +2.4670e+00 +9.5667e-01 +1.2095e-02
46 0 +1.783657014e+04 +1.783657014e+04 +1.786794014e+04 +1.786794014e+04 +1.2404e+00 +7.3831e-02 -1.1023e-02 -7.1412e-01 -3.1732e+00 -1.0633e+00 -6.8239e-01 +2.2426e+00 +1.3007e+00 +5.1984e-01
63 0 +1.751321634e+04 +1.751321634e+04 +1.754458634e+04 +1.754458634e+04 +1.3233e+00 +4.4699e-02 -3.8483e-03 -1.5596e+00 -3.8172e+00 -5.8430e-01 -6.9961e-01 +1.7896e+00 +1.8928e+00 +3.2134e-01
64 0 +1.604175086e+04 +1.604175086e+04 +1.607312086e+04 +1.607312086e+04 +6.9692e-01 +4.4147e-02 -1.6618e-02 -1.7201e+00 -2.3299e+00 -9.2425e-01 -9.0025e-01 +2.8013e+00 +1.6295e+00 +4.1402e-01
65 0 +9.032046833e+03 +9.032046833e+03 +9.063416833e+03 +9.063416833e+03 +5.9155e-01 +4.6403e-03 -3.8627e-03 -1.3057e+00 -2.4149e+00 -6.6949e-01 -6.6888e-01 +3.2059e+00 +1.8838e+00 +1.2044e+00
87 0 +7.541955730e+03 +7.541955730e+03 +7.573325730e+03 +7.573325730e+03 +1.2451e+00 +2.6511e-03 +3.2578e-02 +1.8274e-01 -3.1289e+00 -1.7325e+00 +1.9722e+00 +2.7597e+00 +3.0203e+00 -8.2528e-01
116 0 +2.822169213e+03 +2.822169213e+03 +2.853539213e+03 +2.853539213e+03 +6.2117e-01 +2.4259e-01 -4.9077e-02 -4.6332e-01 -1.8874e+00 -3.6376e+00 -6.6063e-01 +4.5821e+00 +2.8903e+00 +2.2018e+00
132 0 +1.734729201e+03 +1.734729201e+03 +1.766099201e+03 +1.766099201e+03 +4.1305e+00 +1.3581e-01 -3.1854e-02 -2.3912e+00 -4.3027e+00 -3.8694e+00 +4.1996e+00 +1.7159e+00 +3.2225e+00 +4.0108e+00
137 0 +2.700149506e+02 +2.700149506e+02 +3.013849506e+02 +3.013849506e+02 +1.6088e+00 +1.0258e-01 -3.0579e-02 -3.6630e+00 -7.9466e+00 -3.2418e+00 +8.3979e-01 +1.0379e+00 +4.4474e+00 +1.3718e+00
% f evaluations | g evaluations | best noise-free fitness - Fopt | noise-free fitness - Fopt (-1.000000000000e+03) | measured fitness | best measured fitness | x1 | x2...
1 0 +3.033745582e+05 +3.033745582e+05 +3.023745582e+05 +3.023745582e+05 +0.0000e+00 +0.0000e+00 +0.0000e+00 +0.0000e+00 +0.0000e+00 +0.0000e+00 +0.0000e+00 +0.0000e+00 +0.0000e+00 +0.0000e+00
4 0 +3.005522080e+05 +3.005522080e+05 +2.995522080e+05 +2.995522080e+05 -4.2703e-01 +9.1008e-02 -2.2434e-01 +2.2003e-01 -3.2389e+00 +3.9648e-01 -3.1705e-01 +1.2476e+00 -6.7539e-02 -5.4320e-02
6 0 +2.208735377e+05 +2.208735377e+05 +2.198735377e+05 +2.198735377e+05 +1.8480e-01 -8.8655e-02 +3.7604e-02 -1.1230e-01 -2.8047e-01 -2.4534e-01 +6.6374e-01 -2.5516e+00 +5.5585e-01 -3.8292e-02
10 0 +1.986160461e+05 +1.986160461e+05 +1.976160461e+05 +1.976160461e+05 +5.1739e-01 -3.8805e-02 -6.5445e-02 -2.0374e-02 -1.0708e+00 +9.1197e-02 +1.0002e+00 -1.4978e+00 -1.2122e+00 +1.0140e-02
14 0 +1.859675393e+05 +1.859675393e+05 +1.849675393e+05 +1.849675393e+05 +5.7756e-01 -2.2409e-01 +2.2165e-01 -2.5380e-01 -1.0182e+00 -7.0502e-02 +5.4904e-01 -1.7830e+00 -1.2139e+00 +1.0691e-02
17 0 +1.529862106e+05 +1.529862106e+05 +1.519862106e+05 +1.519862106e+05 +5.3979e-01 -1.7465e-01 -1.3032e-01 -1.8124e-01 -2.0696e+00 -1.0228e+00 +2.4566e-01 -2.1389e+00 -1.4476e+00 +2.1391e-02
333 0 +1.329546992e+05 +1.329546992e+05 +1.319546992e+05 +1.319546992e+05 -2.6666e+01 +5.9065e+00 -1.7378e+01 +1.7775e+00 -2.4406e+01 -1.3127e+01 +2.6805e+01 -1.5217e+01 -8.8273e+00 +1.7816e+00
426 0 +1.280318453e+05 +1.280318453e+05 +1.270318453e+05 +1.270318453e+05 -3.7200e+01 +6.8473e+00 -1.6858e+01 +2.5488e+00 -3.0711e+01 -1.0845e+01 +3.3802e+01 -1.9005e+01 -9.8519e+00 +1.4829e+00
437 0 +1.034705810e+05 +1.034705810e+05 +1.024705810e+05 +1.024705810e+05 -3.9228e+01 +6.7367e+00 -1.6891e+01 +2.2257e+00 -3.2653e+01 -5.8379e+00 +3.4843e+01 -2.2085e+01 -6.6397e+00 +1.8970e+00
451 0 +1.020194479e+05 +1.020194479e+05 +1.010194479e+05 +1.010194479e+05 -3.5694e+01 +6.5268e+00 -1.5939e+01 +2.7188e+00 -3.1964e+01 -6.9350e+00 +3.3094e+01 -2.3666e+01 -5.9430e+00 +1.8193e+00
533 0 +9.068548563e+04 +9.068548563e+04 +8.968548563e+04 +8.968548563e+04 -3.4993e+01 +6.6727e+00 -1.4704e+01 +2.8066e+00 -3.0437e+01 -8.7842e+00 +2.9379e+01 -1.8140e+01 -9.1687e+00 +1.5986e+00
599 0 +8.466576551e+04 +8.466576551e+04 +8.366576551e+04 +8.366576551e+04 -3.3202e+01 +6.5368e+00 -1.4716e+01 +2.5630e+00 -2.9855e+01 -9.2063e+00 +2.9793e+01 -1.7308e+01 -9.4566e+00 +1.5666e+00
611 0 +8.184290137e+04 +8.184290137e+04 +8.084290137e+04 +8.084290137e+04 -3.2979e+01 +6.6089e+00 -1.4695e+01 +2.5689e+00 -2.9040e+01 -8.6200e+00 +2.9190e+01 -1.7742e+01 -9.2170e+00 +1.6128e+00
612 0 +8.097151060e+04 +8.097151060e+04 +7.997151060e+04 +7.997151060e+04 -3.3485e+01 +6.5460e+00 -1.4762e+01 +2.5647e+00 -2.9828e+01 -8.5105e+00 +2.8839e+01 -1.7856e+01 -1.0020e+01 +1.6552e+00
613 0 +7.886981655e+04 +7.886981655e+04 +7.786981655e+04 +7.786981655e+04 -3.2623e+01 +6.5688e+00 -1.4677e+01 +2.6536e+00 -2.9418e+01 -8.7661e+00 +2.8836e+01 -1.7881e+01 -9.3057e+00 +1.6253e+00
622 0 +7.615838129e+04 +7.615838129e+04 +7.515838129e+04 +7.515838129e+04 -3.3128e+01 +6.5341e+00 -1.4708e+01 +2.6033e+00 -2.9456e+01 -8.4854e+00 +2.8946e+01 -1.7661e+01 -9.3045e+00 +1.6288e+00
644 0 +7.584823169e+04 +7.584823169e+04 +7.484823169e+04 +7.484823169e+04 -3.3374e+01 +6.5570e+00 -1.4738e+01 +2.6432e+00 -2.9997e+01 -8.5355e+00 +2.9218e+01 -1.7473e+01 -9.4101e+00 +1.6691e+00
659 0 +7.147937010e+04 +7.147937010e+04 +7.047937010e+04 +7.047937010e+04 -3.3185e+01 +6.5514e+00 -1.4747e+01 +2.6626e+00 -2.9579e+01 -8.5186e+00 +2.9297e+01 -1.8053e+01 -9.2000e+00 +1.6828e+00
666 0 +7.077956207e+04 +7.077956207e+04 +6.977956207e+04 +6.977956207e+04 -3.3329e+01 +6.5637e+00 -1.4774e+01 +2.6689e+00 -2.9909e+01 -8.6716e+00 +2.9458e+01 -1.8411e+01 -8.9085e+00 +1.6629e+00
687 0 +6.772380011e+04 +6.772380011e+04 +6.672380011e+04 +6.672380011e+04 -3.3251e+01 +6.5343e+00 -1.4819e+01 +2.6950e+00 -2.9505e+01 -8.4187e+00 +2.9665e+01 -1.8484e+01 -8.7052e+00 +1.6874e+00
692 0 +6.681472802e+04 +6.681472802e+04 +6.581472802e+04 +6.581472802e+04 -3.3143e+01 +6.5078e+00 -1.4831e+01 +2.6854e+00 -2.9583e+01 -8.4849e+00 +2.9622e+01 -1.8604e+01 -8.6602e+00 +1.6880e+00
722 0 +6.582941247e+04 +6.582941247e+04 +6.482941247e+04 +6.482941247e+04 -3.3332e+01 +6.4961e+00 -1.4847e+01 +2.6793e+00 -2.9456e+01 -8.5522e+00 +2.9757e+01 -1.8188e+01 -8.3999e+00 +1.6846e+00
774 0 +6.440728359e+04 +6.440728359e+04 +6.340728359e+04 +6.340728359e+04 -3.3164e+01 +6.4990e+00 -1.4870e+01 +2.6775e+00 -2.9461e+01 -8.6996e+00 +3.0287e+01 -1.8637e+01 -8.4539e+00 +1.7079e+00
970 0 +6.304668807e+04 +6.304668807e+04 +6.204668807e+04 +6.204668807e+04 -3.3117e+01 +6.4092e+00 -1.4886e+01 +2.7098e+00 -2.9685e+01 -8.6919e+00 +3.0644e+01 -1.9134e+01 -7.7730e+00 +1.7175e+00
% f evaluations | g evaluations | best noise-free fitness - Fopt | noise-free fitness - Fopt (1.319200000000e+02) | measured fitness | best measured fitness | x1 | x2...
1 0 +5.701986007e+05 +5.701986007e+05 +5.703305207e+05 +5.703305207e+05 +0.0000e+00 +0.0000e+00 +0.0000e+00 +0.0000e+00 +0.0000e+00 +0.0000e+00 +0.0000e+00 +0.0000e+00 +0.0000e+00 +0.0000e+00
2 0 +4.274138921e+05 +4.274138921e+05 +4.275458121e+05 +4.275458121e+05 -6.5557e-02 -9.3348e-03 -9.7537e-01 +3.9372e-01 +7.2947e-02 +3.1741e-01 +6.9158e-02 +6.2195e-01 +6.6870e-01 -5.5424e-02
10 0 +3.503368457e+05 +3.503368457e+05 +3.504687657e+05 +3.504687657e+05 +2.8742e-01 -3.3371e-03 -1.5360e+00 -3.8905e-02 -1.0070e+00 +5.0893e-01 -9.1767e-03 -1.1789e-01 -4.0417e-01 -5.8066e-03
19 0 +3.418724795e+05 +3.418724795e+05 +3.420043995e+05 +3.420043995e+05 -9.4053e-02 -2.0540e-02 -1.5999e+00 +3.2533e-01 -2.5382e-01 +8.9824e-01 +7.9741e-03 +4.2218e-01 -2.0014e-01 +3.8597e-02
22 0 +3.243367021e+05 +3.243367021e+05 +3.244686221e+05 +3.244686221e+05 -2.3538e-01 -1.9818e-02 -2.2486e+00 +1.8629e-01 -4.4094e-01 +1.1080e+00 -8.1185e-03 +8.3176e-02 -2.4184e-01 +2.3401e-01
25 0 +3.150150348e+05 +3.150150348e+05 +3.151469548e+05 +3.151469548e+05 -4.9477e-01 -2.7438e-02 -1.8820e+00 +5.2068e-01 -4.9867e-01 +7.1553e-01 -2.0275e-03 +4.8920e-01 -7.9231e-01 +2.1742e-01
35 0 +2.539101821e+05 +2.539101821e+05 +2.540421021e+05 +2.540421021e+05 -2.2598e-02 -1.5504e-02 -2.0121e+00 -5.9073e-02 -8.6472e-01 +1.1877e+00 -1.0427e-02 +1.4557e+00 -6.5406e-01 -1.3443e-01
40 0 +1.850714618e+05 +1.850714618e+05 +1.852033818e+05 +1.852033818e+05 -3.9476e-01 -1.3753e-02 -2.6673e+00 -2.5798e-02 -1.0341e+00 +1.6661e+00 +5.6165e-02 +2.2546e+00 +6.0149e-02 -3.0200e-02
54 0 +1.805181316e+05 +1.805181316e+05 +1.806500516e+05 +1.806500516e+05 -2.3371e-01 -3.7400e-02 -3.3208e+00 +1.9361e-01 -1.2327e+00 +2.7796e+00 +7.0877e-02 +2.9282e+00 -9.7671e-01 -6.5506e-02
61 0 +1.486226491e+05 +1.486226491e+05 +1.487545691e+05 +1.487545691e+05 -2.8042e-01 -1.1612e-02 -3.7689e+00 +1.0364e-01 -8.5686e-01 +8.1669e-01 -2.3026e-02 +3.0854e+00 -9.3509e-01 -8.1651e-02
65 0 +1.289034577e+05 +1.289034577e+05 +1.290353777e+05 +1.290353777e+05 +5.9115e-02 -1.5650e-02 -3.6393e+00 +1.7225e-01 -1.4319e+00 -1.3895e-01 -2.9909e-02 +3.5429e+00 -5.5387e-01 -1.6365e-01
80 0 +1.278122036e+05 +1.278122036e+05 +1.279441236e+05 +1.279441236e+05 -1.9378e-01 -3.8067e-02 -3.4988e+00 +2.5437e-01 -8.5905e-01 +6.9819e-02 -3.3143e-02 +4.2648e+00 -7.6413e-01 -1.1759e-01
85 0 +1.203018505e+05 +1.203018505e+05 +1.204337705e+05 +1.204337705e+05 -3.6175e-01 -4.3090e-02 -4.3487e+00 +2.5299e-01 -1.1665e+00 -5.2322e-01 -3.6917e-02 +4.4026e+00 -8.6221e-01 -1.3783e-01
88 0 +1.194620267e+05 +1.194620267e+05 +1.195939467e+05 +1.195939467e+05 -3.6543e-01 -3.0216e-02 -3.3836e+00 +7.5884e-02 -1.1943e+00 -1.9185e-02 -4.2684e-02 +4.4023e+00 -9.3264e-01 -6.8783e-02
94 0 +1.086977632e+05 +1.086977632e+05 +1.088296832e+05 +1.088296832e+05 -1.9642e-01 -2.2957e-02 -3.1184e+00 -3.2272e-02 -1.5163e+00 -8.6793e-01 -1.1420e-01 +5.1107e+00 +9.0835e-02 -5.8766e-02
131 0 +1.009172021e+05 +1.009172021e+05 +1.010491221e+05 +1.010491221e+05 -6.0466e-01 -4.9876e-02 -3.3688e+00 +3.7962e-01 -1.5449e+00 -5.8101e-01 -4.8161e-02 +4.4808e+00 -3.4501e-01 -1.4639e-01
133 0 +9.683617340e+04 +9.683617340e+04 +9.696809340e+04 +9.696809340e+04 -6.9439e-01 -4.5131e-02 -3.5203e+00 +2.9980e-01 -1.4048e+00 -1.1204e+00 -3.7184e-02 +4.7776e+00 -1.3807e-01 -1.1041e-01
142 0 +8.905024947e+04 +8.905024947e+04 +8.918216947e+04 +8.918216947e+04 -7.7982e-01 -7.6872e-02 -3.6645e+00 +4.0013e-01 -1.5359e+00 -1.4327e+00 -3.3675e-02 +4.2697e+00 +5.9054e-01 -1.1822e-01
153 0 +8.632057233e+04 +8.632057233e+04 +8.645249233e+04 +8.645249233e+04 -7.5272e-01 -8.3879e-02 -3.7574e+00 +4.1912e-01 -2.0520e+00 -1.9110e+00 -1.8593e-02 +4.1356e+00 -4.0302e-02 -2.3576e-01
166 0 +6.196909145e+04 +6.196909145e+04 +6.210101145e+04 +6.210101145e+04 -1.3612e+00 -6.1489e-02 -3.0427e+00 -1.1415e-01 -2.7093e+00 -2.5126e+00 -7.2633e-02 +4.7762e+00 +5.8858e-01 -3.3512e-01
192 0 +5.053589924e+04 +5.053589924e+04 +5.066781924e+04 +5.066781924e+04 -3.4194e+00 -9.6534e-02 -2.6937e+00 +3.2363e+00 -2.3383e+00 -2.6051e+00 -1.5068e-02 +5.9764e+00 -5.9809e-01 +3.1912e-02
253 0 +2.000236991e+04 +2.000236991e+04 +2.013428991e+04 +2.013428991e+04 -4.3527e+00 +1.2029e-02 -2.7154e+00 +4.6414e+00 -4.2423e+00 -2.9407e+00 +4.3233e-01 +5.9501e+00 +2.7831e+00 -1.2486e+00
371 0 +1.544174143e+04 +1.544174143e+04 +1.557366143e+04 +1.557366143e+04 -4.7796e+00 -4.3415e-02 -2.6823e+00 +3.1429e+00 -7.9978e+00 -1.0685e+01 +3.8703e-01 +9.2623e+00 +4.0422e+00 -1.6329e+00
394 0 +1.061425296e+04 +1.061425296e+04 +1.074617296e+04 +1.074617296e+04 -4.6664e+00 -5.8077e-03 -2.6498e+00 +3.9068e+00 -6.7583e+00 -7.6124e+00 +3.0650e-01 +5.3853e+00 +4.4169e+00 -2.3023e+00
417 0 +9.546366140e+03 +9.546366140e+03 +9.678286140e+03 +9.678286140e+03 -3.4491e+00 -1.8147e-01 -4.4196e+00 +4.5088e+00 -9.0667e+00 -1.1563e+01 +5.1126e-01 +7.0312e+00 +2.8673e+00 -2.0317e+00
435 0 +7.775510863e+03 +7.775510863e+03 +7.907430863e+03 +7.907430863e+03 -3.5011e+00 -1.1043e-01 -4.5346e+00 +5.5173e+00 -8.9426e+00 -1.0634e+01 +4.8304e-01 +7.9601e+00 +2.1270e+00 -2.1009e+00
455 0 +4.633410559e+03 +4.633410559e+03 +4.765330559e+03 +4.765330559e+03 -4.7147e+00 -7.7360e-02 -3.7233e+00 +6.8636e+00 -9.0575e+00 -8.8725e+00 +3.7853e-01 +9.2761e+00 +1.3868e+00 -1.9581e+00
469 0 +3.453975067e+03 +3.453975067e+03 +3.585895067e+03 +3.585895067e+03 -4.8487e+00 -1.5498e-01 -3.2697e+00 +5.4067e+00 -9.8571e+00 -1.1279e+01 +1.6434e-01 +9.5146e+00 +2.2051e+00 -2.1709e+00
533 0 +1.633415740e+03 +1.633415740e+03 +1.765335740e+03 +1.765335740e+03 -4.6206e+00 +7.1026e-03 -4.1213e+00 +3.8503e+00 -9.9952e+00 -1.2116e+01 +2.4200e-01 +7.7064e+00 +2.5284e+00 -1.8114e+00
585 0 +9.572660753e+02 +9.572660753e+02 +1.089186075e+03 +1.089186075e+03 -4.8986e+00 -4.1740e-02 -3.1061e+00 +4.4164e+00 -1.1875e+01 -1.3645e+01 +3.7824e-01 +7.3069e+00 +2.7350e+00 -2.0668e+00
595 0 +5.132440377e+02 +5.132440377e+02 +6.451640377e+02 +6.451640377e+02 -5.0499e+00 -8.2770e-02 -5.2148e+00 +4.4714e+00 -1.0543e+01 -1.2472e+01 +3.5948e-01 +7.1377e+00 +2.1148e+00 -2.0748e+00
% f evaluations | g evaluations | best noise-free fitness - Fopt | noise-free fitness - Fopt (5.908400000000e+02) | measured fitness | best measured fitness | x1 | x2...
1 0 +2.380975383e+04 +2.380975383e+04 +2.440059383e+04 +2.440059383e+04 +0.0000e+00 +0.0000e+00 +0.0000e+00 +0.0000e+00 +0.0000e+00 +0.0000e+00 +0.0000e+00 +0.0000e+00 +0.0000e+00 +0.0000e+00
5 0 +1.049436300e+04 +1.049436300e+04 +1.108520300e+04 +1.108520300e+04 -9.1310e-01 +8.5561e-01 -1.1947e-01 +4.9771e-01 -1.7301e-01 -1.1417e+00 +8.2327e-02 +2.1211e-01 -1.4157e-01 +6.9489e-01
9 0 +1.583397931e+03 +1.583397931e+03 +2.174237931e+03 +2.174237931e+03 -4.4528e-01 +1.0176e+00 +2.2494e-01 -6.4370e-01 +1.4239e-01 -3.7654e-01 +7.4453e-01 +1.2529e+00 +1.2270e-01 +1.3694e+00
13 0 +1.257125367e+03 +1.257125367e+03 +1.847965367e+03 +1.847965367e+03 -1.5334e+00 +1.2101e+00 -1.2134e+00 -3.6689e-01 -7.7931e-01 -1.9626e-01 +1.8053e-01 +3.1746e-01 +8.3045e-02 +2.9022e+00
16 0 +1.080556670e+02 +1.080556670e+02 +6.988956670e+02 +6.988956670e+02 -1.3301e+00 +1.9253e-01 -1.1483e+00 +1.3792e+00 -2.4453e-01 -3.6518e-01 +1.5939e+00 +9.1035e-01 -4.7744e-02 -6.9465e-01
178 0 +1.038130111e+02 +1.038130111e+02 +6.946530111e+02 +6.946530111e+02 -6.8505e-01 -2.3542e-01 -2.2389e+00 +1.0724e+00 -9.0772e-01 -1.8001e+00 +2.3531e+00 +1.5014e+00 +1.2217e+00 -2.3058e+00
191 0 +9.560604407e+01 +9.560604407e+01 +6.864460441e+02 +6.864460441e+02 -1.8840e-01 +1.3856e-01 -3.8156e+00 +4.8846e-01 -9.1077e-01 -1.7377e+00 +2.4415e+00 +1.3884e+00 +1.1390e+00 -1.4127e+00
206 0 +6.970225957e+01 +6.970225957e+01 +6.605422596e+02 +6.605422596e+02 +4.8381e-01 +1.6480e-01 -3.3341e+00 +9.6764e-01 -8.9937e-01 -1.9169e+00 +1.9099e+00 +9.6381e-01 +1.1479e+00 -2.6584e+00
% f evaluations | g evaluations | best noise-free fitness - Fopt | noise-free fitness - Fopt (6.749000000000e+01) | measured fitness | best measured fitness | x1 | x2...
1 0 +2.112821415e+05 +2.112821415e+05 +2.113496315e+05 +2.113496315e+05 +0.0000e+00 +0.0000e+00 +0.0000e+00 +0.0000e+00 +0.0000e+00 +0.0000e+00 +0.0000e+00 +0.0000e+00 +0.0000e+00 +0.0000e+00
3 0 +1.879992805e+05 +1.879992805e+05 +1.880667705e+05 +1.880667705e+05 +8.5329e-01 +7.7141e-01 -1.7210e-01 +3.8655e-01 +9.8317e-01 +1.2269e-01 +4.0191e-01 +2.2431e-01 +2.8727e-02 +9.7925e-01
6 0 +1.358497277e+05 +1.358497277e+05 +1.359172177e+05 +1.359172177e+05 -3.9649e-01 -6.9603e-01 -2.4422e-02 +5.3434e-01 -6.1716e-01 -1.6486e+00 +2.0283e-01 -6.4833e-02 +2.2589e-01 -4.4412e-02
12 0 +1.069161114e+05 +1.069161114e+05 +1.069836014e+05 +1.069836014e+05 +3.4667e-01 -7.3415e-01 -3.5127e-01 +3.2241e+00 +5.7616e-01 -1.9233e+00 +2.2385e-01 -9.1464e-02 +1.9962e-01 +5.2436e-01
16 0 +7.095107925e+04 +7.095107925e+04 +7.101856925e+04 +7.101856925e+04 -9.3644e-01 -1.1683e+00 -7.3433e-01 +1.3720e+00 -9.6104e-01 -6.8736e-01 +6.6748e-01 -1.0685e+00 +5.2709e-02 +8.4015e-01
27 0 +6.785087345e+04 +6.785087345e+04 +6.791836345e+04 +6.791836345e+04 -2.6354e+00 -1.5990e+00 -1.7749e+00 +3.0520e+00 -2.0076e-01 -1.7061e+00 +5.3759e-01 -3.5429e-01 +1.7836e-01 -6.3145e-03
33 0 +6.440423039e+04 +6.440423039e+04 +6.447172039e+04 +6.447172039e+04 -8.4151e-01 -1.1706e+00 -2.5442e+00 +4.3424e+00 +4.5017e-01 -1.6649e+00 +5.4072e-01 -1.8807e+00 -1.2666e-01 +3.0874e-01
40 0 +6.279412758e+04 +6.279412758e+04 +6.286161758e+04 +6.286161758e+04 -3.4614e+00 -2.3047e+00 -1.7158e+00 +4.0633e+00 +4.1652e-01 -2.5256e+00 +9.7777e-01 -1.5205e+00 -1.2399e-01 -1.0701e+00
44 0 +3.403108304e+04 +3.403108304e+04 +3.409857304e+04 +3.409857304e+04 -1.8256e+00 -2.1363e+00 -1.5014e+00 +4.8684e+00 +2.9766e-02 -3.1413e+00 +1.0865e+00 -2.2413e+00 +1.2807e-01 -2.1882e-01
56 0 +3.271553227e+04 +3.271553227e+04 +3.278302227e+04 +3.278302227e+04 -2.2575e+00 -1.7745e+00 -1.2547e+00 +5.1283e+00 +3.5525e-01 -1.5116e+00 +1.3235e+00 -2.2116e+00 -1.7773e-01 -1.3215e-02
62 0 +2.768550369e+04 +2.768550369e+04 +2.775299369e+04 +2.775299369e+04 -7.2006e-01 -3.5100e+00 -1.6524e+00 +8.4752e+00 +1.1736e-01 -2.0308e+00 +1.2260e+00 -1.5145e+00 -8.2451e-02 -1.0720e+00
101 0 +2.244417007e+04 +2.244417007e+04 +2.251166007e+04 +2.251166007e+04 -1.0377e+00 -3.5440e+00 -1.0979e+00 +3.1497e+00 +8.7080e-01 -2.2124e+00 +1.5878e+00 -2.7344e+00 -5.4144e-02 +1.8136e-01
119 0 +2.211090845e+04 +2.211090845e+04 +2.217839845e+04 +2.217839845e+04 +5.6208e-01 -4.0105e+00 -5.0202e-01 +4.4933e+00 +1.6102e+00 -2.4034e+00 +1.5482e+00 -1.5592e+00 -1.2288e-01 +2.2430e-01
126 0 +1.676517073e+04 +1.676517073e+04 +1.683266073e+04 +1.683266073e+04 +5.0929e-01 -4.9571e+00 +1.6027e-01 +1.6584e+00 -8.2410e-01 -2.6961e+00 +1.3493e+00 -1.3306e+00 -1.6109e-01 +1.8454e+00
133 0 +1.447090197e+04 +1.447090197e+04 +1.453839197e+04 +1.453839197e+04 +7.2417e-01 -5.1433e+00 +2.9966e-01 +4.6182e-01 -1.3931e+00 -2.9846e+00 +1.3310e+00 -1.0304e+00 -4.1543e-02 +2.3084e+00
134 0 +7.308275554e+03 +7.308275554e+03 +7.375765554e+03 +7.375765554e+03 +9.5225e-01 -4.5973e+00 -4.4493e-02 +1.3679e+00 -1.1086e+00 -2.6765e+00 +1.5196e+00 -1.7276e+00 -1.4595e-01 +2.3751e+00
146 0 +6.709969328e+03 +6.709969328e+03 +6.777459328e+03 +6.777459328e+03 +1.3919e+00 -4.4494e+00 -3.5864e-01 +2.1123e+00 -1.6618e+00 -1.6821e+00 +1.7273e+00 -1.5551e+00 -4.3030e-01 +2.8307e+00
156 0 +3.801616578e+03 +3.801616578e+03 +3.869106578e+03 +3.869106578e+03 +1.8982e+00 -5.2417e+00 -2.3308e-01 +1.0005e+00 -1.6863e+00 -2.7016e+00 +1.8561e+00 -1.4402e+00 -4.7117e-01 +2.9304e+00
176 0 +3.511723887e+03 +3.511723887e+03 +3.579213887e+03 +3.579213887e+03 +2.2714e+00 -4.8886e+00 +1.7679e-01 +4.3975e+00 -2.4670e+00 -3.4677e+00 +1.5161e+00 -2.4874e+00 -4.0048e-01 +3.3064e+00
182 0 +1.169917214e+03 +1.169917214e+03 +1.237407214e+03 +1.237407214e+03 +3.6735e+00 -5.9989e+00 +4.0871e-02 +2.7797e+00 -2.4072e+00 -4.3091e+00 +1.6901e+00 -2.5318e+00 -1.6705e-01 +2.2616e+00
203 0 +4.350149360e+02 +4.350149360e+02 +5.025049360e+02 +5.025049360e+02 +4.4041e+00 -5.8013e+00 +8.6716e-01 +1.8213e+00 -4.2248e+00 -4.9877e+00 +1.3068e+00 -3.2564e+00 -3.7650e-01 +3.5785e+00
219 0 +4.179802107e+02 +4.179802107e+02 +4.854702107e+02 +4.854702107e+02 +4.3281e+00 -5.5744e+00 +6.9902e-01 +3.5038e+00 -5.2215e+00 -4.3348e+00 +1.0729e+00 -4.8102e+00 -7.6983e-01 +3.3739e+00
237 0 +3.514054913e+02 +3.514054913e+02 +4.188954913e+02 +4.188954913e+02 +4.1448e+00 -5.4736e+00 -6.3484e-01 +8.0654e+00 -4.2328e+00 -3.1219e+00 +1.0898e+00 -2.9501e+00 -3.9918e-01 +4.4835e+00
242 0 +2.561298958e+02 +2.561298958e+02 +3.236198958e+02 +3.236198958e+02 +2.9220e+00 -5.6940e+00 -1.2673e+00 +5.9713e+00 -3.1736e+00 -3.6576e+00 +1.5259e+00 -3.6574e+00 -9.5736e-01 +4.1179e+00
342 0 +2.355312916e+02 +2.355312916e+02 +3.030212916e+02 +3.030212916e+02 +3.8680e+00 -4.8538e+00 -3.2555e-01 +6.1589e+00 -3.3449e+00 -3.3955e+00 +2.1813e+00 -3.3135e+00 -1.1233e+00 +4.7253e+00
353 0 +2.175614267e+02 +2.175614267e+02 +2.850514267e+02 +2.850514267e+02 +4.2704e+00 -4.2111e+00 -4.9221e-01 +4.9229e+00 -2.9188e+00 -3.6002e+00 +2.0890e+00 -3.2743e+00 -9.3610e-01 +5.0494e+00
409 0 +2.135397542e+02 +2.135397542e+02 +2.810297542e+02 +2.810297542e+02 +2.8573e+00 -3.9923e+00 -9.3344e-01 +4.4041e+00 -3.7862e+00 -3.1206e+00 +1.9410e+00 -2.9400e+00 -9.2749e-01 +4.1905e+00
452 0 +2.067465528e+02 +2.067465528e+02 +2.742365528e+02 +2.742365528e+02 +2.7591e+00 -4.0206e+00 -9.1691e-01 +3.9835e+00 -3.4365e+00 -2.8378e+00 +1.8935e+00 -2.9817e+00 -9.7764e-01 +4.0769e+00
525 0 +2.035255031e+02 +2.035255031e+02 +2.710155031e+02 +2.710155031e+02 +2.6539e+00 -3.8408e+00 -8.8532e-01 +4.3098e+00 -3.2193e+00 -2.9291e+00 +1.8717e+00 -3.0687e+00 -9.2819e-01 +3.8178e+00
543 0 +1.851820766e+02 +1.851820766e+02 +2.526720766e+02 +2.526720766e+02 +2.4539e+00 -3.5199e+00 -7.7061e-01 +3.4164e+00 -2.9044e+00 -2.7140e+00 +1.9463e+00 -3.2518e+00 -9.7118e-01 +4.1961e+00
% f evaluations | g evaluations | best noise-free fitness - Fopt | noise-free fitness - Fopt (3.085000000000e+01) | measured fitness | best measured fitness | x1 | x2...
1 0 +2.040592315e+05 +2.040592315e+05 +2.040900815e+05 +2.040900815e+05 +0.0000e+00 +0.0000e+00 +0.0000e+00 +0.0000e+00 +0.0000e+00 +0.0000e+00 +0.0000e+00 +0.0000e+00 +0.0000e+00 +0.0000e+00
9 0 +1.383545895e+05 +1.383545895e+05 +1.383854395e+05 +1.383854395e+05 -1.0124e-01 -4.9022e-01 +9.9561e-02 -2.5121e+00 +1.4517e+00 -5.3923e-02 +1.8798e-01 -3.4154e-02 -2.4099e+00 +1.5325e-01
32 0 +1.113131004e+05 +1.113131004e+05 +1.113439504e+05 +1.113439504e+05 -5.2608e-01 +1.1510e-01 -1.5614e+00 -3.6742e+00 -1.0449e-01 +9.3552e-02 -3.8983e-01 -3.7491e-02 -2.8391e+00 -6.5281e-01
61 0 +1.080768259e+05 +1.080768259e+05 +1.081076759e+05 +1.081076759e+05 +6.3269e-01 +3.2339e-01 -1.7764e-01 -4.1240e+00 +3.0939e-01 +1.9833e-01 -1.0776e+00 -1.4502e-02 -2.2998e+00 -7.0636e-01
62 0 +8.199175734e+04 +8.199175734e+04 +8.202260734e+04 +8.202260734e+04 -1.5332e-01 -1.6308e+00 -1.6457e+00 -1.1410e+00 +6.2325e-01 +3.5374e-01 -6.5731e-01 +3.1770e-02 -1.6858e+00 -9.0538e-01
77 0 +8.104117473e+04 +8.104117473e+04 +8.107202473e+04 +8.107202473e+04 -3.1651e-01 -9.6159e-01 -2.8202e+00 -2.0987e+00 +9.4576e-01 +1.1680e-01 -1.1016e+00 -1.4153e-02 -2.1973e+00 -5.5902e-01
86 0 +7.654966218e+04 +7.654966218e+04 +7.658051218e+04 +7.658051218e+04 +9.4210e-02 -1.0332e+00 -3.4000e+00 -2.6180e+00 +1.2282e+00 +3.2048e-02 -1.7072e+00 -4.2951e-02 -2.1439e+00 -4.7447e-01
89 0 +6.572247075e+04 +6.572247075e+04 +6.575332075e+04 +6.575332075e+04 -2.4551e-01 -1.0563e+00 -2.0503e+00 -1.5074e+00 +1.2342e+00 +8.6282e-03 -1.2925e+00 -4.1606e-02 -3.3210e+00 -7.6056e-01
153 0 +6.430609323e+04 +6.430609323e+04 +6.433694323e+04 +6.433694323e+04 +9.6234e-01 -7.2624e-01 -9.2143e-01 -4.4014e+00 -1.4877e+00 +8.6043e-01 -2.1620e+00 +1.6917e-01 -2.2513e+00 -2.8176e+00
196 0 +3.729217552e+04 +3.729217552e+04 +3.732302552e+04 +3.732302552e+04 -3.0542e-01 -1.0400e+00 -3.0508e+00 -2.2725e+00 +1.7896e+00 +1.6831e+00 -4.6853e+00 +7.4044e-02 -2.0835e+00 -2.6886e+00
212 0 +2.663509750e+04 +2.663509750e+04 +2.666594750e+04 +2.666594750e+04 -7.7623e-02 +1.1849e-05 -2.0911e+00 -9.5337e-01 +3.1309e+00 +2.2442e+00 -4.2732e+00 +8.1950e-02 -2.3624e+00 -4.3268e+00
235 0 +1.204707739e+04 +1.204707739e+04 +1.207792739e+04 +1.207792739e+04 +3.5487e-01 -2.4304e+00 -2.2231e+00 -4.1589e+00 +3.2067e+00 +1.6395e+00 -6.4042e+00 +1.2497e-01 -2.8848e+00 -3.6835e+00
396 0 +8.244799901e+03 +8.244799901e+03 +8.275649901e+03 +8.275649901e+03 +4.9098e-01 -8.0674e+00 -6.0347e+00 -5.2952e+00 +6.2356e+00 -1.4516e+00 -9.3056e+00 +6.4419e-01 -5.3031e+00 -4.8832e+00
427 0 +6.961753083e+03 +6.961753083e+03 +6.992603083e+03 +6.992603083e+03 -7.9705e-01 -4.4311e+00 -6.0219e+00 -1.2457e+00 +9.1425e+00 -4.0943e-01 -9.9153e+00 +9.3030e-01 -3.3162e+00 -5.5049e+00
437 0 +3.657117664e+03 +3.657117664e+03 +3.687967664e+03 +3.687967664e+03 -1.4030e+00 -1.0895e+00 -1.1163e+01 -4.4314e-01 +9.6668e+00 -1.7808e+00 -1.1675e+01 +7.9047e-01 -2.2721e+00 -6.1295e+00
451 0 +1.176691415e+03 +1.176691415e+03 +1.207541415e+03 +1.207541415e+03 -1.1053e+00 -4.1867e+00 -1.4910e+00 -4.8257e+00 +9.1281e+00 -2.0854e+00 -1.1207e+01 +8.8508e-01 -2.6307e+00 -6.0685e+00
455 0 +7.451675709e+02 +7.451675709e+02 +7.760175709e+02 +7.760175709e+02 +4.4310e-02 -5.4877e+00 -1.3867e+01 -7.1560e-01 +1.1406e+01 -1.5964e+00 -1.1179e+01 +8.0991e-01 -2.4932e+00 -6.3618e+00
472 0 +5.801292893e+02 +5.801292893e+02 +6.109792893e+02 +6.109792893e+02 +4.6752e-01 -3.4661e+00 -1.0673e+01 -3.8595e+00 +1.3814e+01 -8.6543e-01 -1.1568e+01 +5.3911e-01 -4.9531e+00 -5.4473e+00
483 0 +5.683051699e+02 +5.683051699e+02 +5.991551699e+02 +5.991551699e+02 -1.4470e+00 -2.5984e+00 -5.0087e+00 -3.0787e-01 +1.0294e+01 -1.4892e+00 -1.2610e+01 +5.6301e-01 -5.5713e+00 -5.6941e+00
487 0 +5.430148271e+02 +5.430148271e+02 +5.738648271e+02 +5.738648271e+02 -2.2649e+00 -2.7426e+00 -3.7407e+00 -2.9476e+00 +1.3812e+01 -1.5440e+00 -1.0455e+01 +7.0904e-01 -7.7910e+00 -6.4162e+00
492 0 +4.428611363e+02 +4.428611363e+02 +4.737111363e+02 +4.737111363e+02 -2.3035e+00 -4.2953e+00 -5.2752e+00 -4.6389e+00 +1.2792e+01 -1.8646e+00 -9.6777e+00 +6.5225e-01 -7.4168e+00 -6.1708e+00
% f evaluations | g evaluations | best noise-free fitness - Fopt | noise-free fitness - Fopt (-1.255000000000e+01) | measured fitness | best measured fitness | x1 | x2...
1 0 +5.746087348e+05 +5.746087348e+05 +5.745961848e+05 +5.745961848e+05 +0.0000e+00 +0.0000e+00 +0.0000e+00 +0.0000e+00 +0.0000e+00 +0.0000e+00 +0.0000e+00 +0.0000e+00 +0.0000e+00 +0.0000e+00
4 0 +5.124687109e+05 +5.124687109e+05 +5.124561609e+05 +5.124561609e+05 +4.1057e-01 +3.2403e+00 +1.1813e-01 +3.8596e-01 -1.7197e-02 +5.9418e-01 +1.7382e+00 -1.0493e+00 -1.0434e-01 -1.6411e+00
16 0 +4.751923028e+05 +4.751923028e+05 +4.751797528e+05 +4.751797528e+05 -4.0590e-01 -1.8063e+00 +1.0139e-01 +1.1212e+00 -3.2617e-01 -2.0189e-01 -1.7794e+00 -1.1684e+00 +1.5664e-01 -4.7179e-01
18 0 +4.091181605e+05 +4.091181605e+05 +4.091056105e+05 +4.091056105e+05 -3.5042e-01 +2.9513e-01 -9.9350e-02 +1.5724e+00 -4.4102e-01 -1.1713e-01 -1.4343e-01 -3.4705e-01 -1.0137e-01 -1.6585e+00
19 0 +4.006868679e+05 +4.006868679e+05 +4.006743179e+05 +4.006743179e+05 -5.0758e-01 -6.7688e-01 +1.7858e-01 +1.9021e+00 -1.6966e-01 +1.6372e-02 +7.3918e-01 -4.3366e-01 +1.8861e-01 -2.1238e+00
23 0 +3.555483219e+05 +3.555483219e+05 +3.555357719e+05 +3.555357719e+05 -2.6455e-01 +1.2015e+00 +2.1984e-02 +1.8239e+00 -6.7715e-01 -1.8950e-01 -1.1434e+00 -4.4117e-01 -4.5700e-01 -2.3316e+00
24 0 +3.449049031e+05 +3.449049031e+05 +3.448923531e+05 +3.448923531e+05 -1.6651e-01 +1.8794e+00 +1.5458e-01 +2.1486e+00 -3.0559e-01 -6.3990e-02 +8.8036e-01 +2.5617e-01 +1.0209e-01 +2.5272e-01
28 0 +2.931877907e+05 +2.931877907e+05 +2.931752407e+05 +2.931752407e+05 -3.7865e-01 +1.9249e+00 -3.9322e-02 +2.5258e+00 -1.8562e-01 -1.0397e+00 +1.0824e-01 -7.7291e-01 -2.3009e-01 -2.1491e+00
33 0 +2.277965285e+05 +2.277965285e+05 +2.277839785e+05 +2.277839785e+05 -2.0658e-01 +5.5619e+00 -4.8690e-01 +2.6905e+00 +4.9985e-01 -2.0451e-01 -2.7375e+00 +1.1056e+00 +7.6051e-01 -7.1676e-01
39 0 +1.858338099e+05 +1.858338099e+05 +1.858212599e+05 +1.858212599e+05 -4.8884e-02 +5.6442e+00 +6.5422e-01 +3.4152e+00 +5.7561e-01 +1.0118e+00 -8.1013e-01 +1.4733e+00 +1.0298e+00 +3.7794e+00
% f evaluations | g evaluations | best noise-free fitness - Fopt | noise-free fitness - Fopt (5.383900000000e+02) | measured fitness | best measured fitness | x1 | x2...
1 0 +3.058243703e+05 +3.058243703e+05 +3.063627603e+05 +3.063627603e+05 +0.0000e+00 +0.0000e+00 +0.0000e+00 +0.0000e+00 +0.0000e+00 +0.0000e+00 +0.0000e+00 +0.0000e+00 +0.0000e+00 +0.0000e+00
2 0 +2.008524498e+05 +2.008524498e+05 +2.013908398e+05 +2.013908398e+05 +1.0683e+00 -1.8747e+00 +3.3031e-03 -7.2307e-01 -4.7874e-01 +9.1619e-01 -6.6364e-02 -5.4122e-01 -1.1998e-01 +4.4579e-01
13 0 +1.787802516e+05 +1.787802516e+05 +1.793186416e+05 +1.793186416e+05 +1.3731e-01 -5.3201e-01 -4.2003e-01 +2.1873e-01 -1.0390e+00 -5.2036e-01 -8.7823e-01 +3.5928e-01 -1.2710e+00 -1.0853e+00
15 0 +3.576122839e+04 +3.576122839e+04 +3.629961839e+04 +3.629961839e+04 +1.5435e+00 -1.0198e+00 -3.4141e-01 -4.7316e-01 -2.8664e+00 +6.2654e-01 -1.3685e+00 +6.2748e-01 -6.6499e-01 -1.1325e+00
32 0 +3.375549487e+04 +3.375549487e+04 +3.429388487e+04 +3.429388487e+04 +1.9213e+00 +2.5833e-01 -2.1035e-01 -1.7017e+00 -2.8924e+00 +1.3609e+00 +3.5086e-01 +1.3093e+00 -1.3897e+00 -1.2400e+00
34 0 +4.884044428e+03 +4.884044428e+03 +5.422434428e+03 +5.422434428e+03 +1.5344e+00 +1.4385e-01 -6.4853e-01 -2.5046e+00 -5.3850e+00 +1.0708e+00 +5.4340e-01 +3.6772e-01 -1.0115e+00 -7.1949e-01
51 0 +2.138667864e+03 +2.138667864e+03 +2.677057864e+03 +2.677057864e+03 +1.5414e+00 +2.2504e+00 +6.6769e-01 -2.5368e+00 -4.9037e+00 +9.3121e-01 +1.4086e+00 +4.1978e-01 -5.4965e-02 -1.1945e+00
52 0 +1.395980440e+02 +1.395980440e+02 +6.779880440e+02 +6.779880440e+02 +1.5544e+00 +1.5841e+00 +4.0161e-01 -1.1872e+00 -8.2050e+00 +5.9769e-01 +8.9211e-01 +6.8169e-01 +1.6997e-01 -1.0649e+00
69 0 +1.340979579e+02 +1.340979579e+02 +6.724879579e+02 +6.724879579e+02 +2.1336e+00 -8.0118e-01 +1.4142e-01 -6.9772e-01 -7.2343e+00 +2.6890e-01 +9.8167e-01 +7.6998e-01 +1.6128e-01 -9.2191e-01
86 0 +1.152613032e+02 +1.152613032e+02 +6.536513032e+02 +6.536513032e+02 +2.2643e+00 -1.1320e+00 -1.1151e-01 -9.3373e-01 -5.6562e+00 -4.9433e-01 -3.0522e-01 -6.5743e-01 -2.7998e-01 -1.3144e+00
98 0 +6.092893696e+01 +6.092893696e+01 +5.993189370e+02 +5.993189370e+02 +3.4263e+00 +3.3791e-01 +5.1582e-01 +2.0837e-01 -5.2613e+00 +3.1660e-02 -9.9363e-01 +3.2403e-01 +1.0913e-01 -9.4207e-01
120 0 +5.553627965e+01 +5.553627965e+01 +5.939262797e+02 +5.939262797e+02 +3.7638e+00 +1.1542e+00 +9.9506e-01 +2.5585e-02 -4.7891e+00 -6.3217e-01 -7.6077e-01 +6.0036e-02 -1.1563e-01 -1.4884e+00
125 0 +4.753402073e+01 +4.753402073e+01 +5.859240207e+02 +5.859240207e+02 +3.4922e+00 +1.2452e+00 +1.0140e+00 +5.6063e-01 -5.0650e+00 -1.7397e+00 -2.1710e+00 +8.2778e-01 -1.8365e+00 -9.7742e-01
229 0 +4.610419362e+01 +4.610419362e+01 +5.844941936e+02 +5.844941936e+02 +4.3723e+00 +9.9809e-02 +4.9327e-01 +1.1690e+00 -4.5434e+00 -1.0103e+00 -8.8979e-01 +1.0461e+00 -5.0944e-01 -1.9462e+00
233 0 +4.329815115e+01 +4.329815115e+01 +5.816881511e+02 +5.816881511e+02 +4.2951e+00 +2.3384e-01 +4.3380e-01 +1.3222e+00 -4.6815e+00 -8.6512e-01 -1.1222e+00 +9.8964e-01 -3.1375e-01 -1.9801e+00
239 0 +4.112151507e+01 +4.112151507e+01 +5.795115151e+02 +5.795115151e+02 +4.5798e+00 +2.0078e-01 +4.8912e-01 +1.5350e+00 -4.0888e+00 -1.1390e+00 -9.0200e-01 +1.0020e+00 -8.9591e-01 -2.3225e+00
243 0 +3.982230516e+01 +3.982230516e+01 +5.782123052e+02 +5.782123052e+02 +4.4607e+00 +3.3690e-01 +5.3502e-01 +1.5324e+00 -4.3001e+00 -1.2630e+00 -9.2109e-01 +1.0825e+00 -6.9264e-01 -1.9276e+00
245 0 +3.853182123e+01 +3.853182123e+01 +5.769218212e+02 +5.769218212e+02 +4.4074e+00 +5.0413e-01 +5.0671e-01 +1.1324e+00 -4.0321e+00 -1.2755e+00 -1.4517e+00 +1.0885e+00 -7.2914e-01 -1.9235e+00
254 0 +3.274001193e+01 +3.274001193e+01 +5.711300119e+02 +5.711300119e+02 +4.4321e+00 +6.3790e-01 +5.8941e-01 +1.4719e+00 -4.0870e+00 -1.2909e+00 -1.3447e+00 +1.0998e+00 -6.3769e-01 -2.1527e+00
272 0 +2.968434466e+01 +2.968434466e+01 +5.680743447e+02 +5.680743447e+02 +4.4652e+00 +7.8656e-01 +4.2106e-01 +1.5088e+00 -4.2738e+00 -1.4146e+00 -1.9193e+00 +8.3940e-01 -1.0832e+00 -1.5302e+00
282 0 +2.434799250e+01 +2.434799250e+01 +5.627379925e+02 +5.627379925e+02 +4.5401e+00 +1.4789e+00 +4.3385e-01 +1.6817e+00 -4.6096e+00 -1.6120e+00 -2.0323e+00 +1.0270e+00 -1.0174e+00 -1.6829e+00
296 0 +2.367192505e+01 +2.367192505e+01 +5.620619250e+02 +5.620619250e+02 +4.5989e+00 +1.3884e+00 +4.3878e-01 +1.7534e+00 -4.0469e+00 -1.6761e+00 -2.2629e+00 +9.0877e-01 -1.4192e+00 -1.5453e+00
309 0 +1.804895076e+01 +1.804895076e+01 +5.564389508e+02 +5.564389508e+02 +4.3844e+00 +1.5113e+00 +3.4038e-01 +1.7965e+00 -3.4866e+00 -1.6021e+00 -2.4640e+00 +1.4083e+00 -1.3700e+00 -1.6525e+00
359 0 +1.771404272e+01 +1.771404272e+01 +5.561040427e+02 +5.561040427e+02 +3.9452e+00 +2.0494e+00 +3.6732e-01 +2.6153e+00 -4.9691e+00 -1.5538e+00 -1.6110e+00 +1.2918e+00 -1.4792e+00 -3.2916e+00
% f evaluations | g evaluations | best noise-free fitness - Fopt | noise-free fitness - Fopt (-1.055600000000e+02) | measured fitness | best measured fitness | x1 | x2...
1 0 +4.334394929e+05 +4.334394929e+05 +4.333339329e+05 +4.333339329e+05 +0.0000e+00 +0.0000e+00 +0.0000e+00 +0.0000e+00 +0.0000e+00 +0.0000e+00 +0.0000e+00 +0.0000e+00 +0.0000e+00 +0.0000e+00
2 0 +3.659022512e+05 +3.659022512e+05 +3.657966912e+05 +3.657966912e+05 +2.8430e-02 -1.1895e+00 -9.5235e-03 +6.0131e-01 -4.1193e-01 +4.0130e-02 -5.6702e-02 +4.5184e-02 +2.7857e-01 -7.2144e-01
4 0 +3.276023670e+05 +3.276023670e+05 +3.274968070e+05 +3.274968070e+05 -5.3947e-02 -2.9055e-01 +4.3802e-03 -9.3909e-02 -2.5480e-01 +4.4589e-03 -8.4329e-02 -1.8465e+00 +1.0953e-01 +4.9323e-01
5 0 +2.774583851e+05 +2.774583851e+05 +2.773528251e+05 +2.773528251e+05 -1.3504e-01 -1.1675e+00 +9.3240e-03 -1.0147e+00 +4.9406e-01 +2.3348e-01 +2.4054e-01 -3.0578e+00 +3.8849e-01 +1.1588e+00
13 0 +2.348217229e+05 +2.348217229e+05 +2.347161629e+05 +2.347161629e+05 -1.1347e-01 -1.1097e+00 +2.6798e-02 -6.2261e-01 +1.0991e-01 -1.7091e-01 -8.7530e-02 -4.3247e+00 -2.0936e-01 +5.6004e-01
15 0 +1.925101772e+05 +1.925101772e+05 +1.924046172e+05 +1.924046172e+05 -2.0639e-01 -4.3381e+00 +1.5972e-02 -7.9143e-01 +5.4655e-01 +2.1669e-01 +1.8611e-01 -2.7364e+00 +8.6699e-03 +5.6236e-01
25 0 +1.244550715e+05 +1.244550715e+05 +1.243495115e+05 +1.243495115e+05 -2.2533e-01 -6.4531e+00 +2.3046e-02 -2.1646e+00 +9.0129e-01 +2.6074e-01 -2.0217e-01 +7.1663e-01 -2.2229e-01 -4.1780e-01
31 0 +1.152831273e+05 +1.152831273e+05 +1.151775673e+05 +1.151775673e+05 -1.1332e-01 -6.4849e+00 +1.7695e-02 -2.6428e+00 -7.0642e-01 +9.2338e-03 +2.9351e-01 +9.7300e-01 -4.7310e-03 -8.1267e-01
37 0 +6.278739819e+04 +6.278739819e+04 +6.268183819e+04 +6.268183819e+04 -1.9932e-01 -6.8232e+00 +2.3848e-02 -3.4639e+00 -7.6177e-01 +1.8145e-01 +1.1725e-01 -2.4073e+00 -6.5732e-02 -1.1469e+00
44 0 +8.668961238e+03 +8.668961238e+03 +8.563401238e+03 +8.563401238e+03 -1.4279e-01 -1.0393e+01 -2.3125e-04 -5.7053e+00 -8.1547e-01 -2.2683e-01 +8.4468e-02 -3.9090e+00 -5.5039e-01 -1.9426e+00
% f evaluations | g evaluations | best noise-free fitness - Fopt | noise-free fitness - Fopt (9.803000000000e+01) | measured fitness | best measured fitness | x1 | x2...
1 0 +2.231144033e+05 +2.231144033e+05 +2.232124333e+05 +2.232124333e+05 +0.0000e+00 +0.0000e+00 +0.0000e+00 +0.0000e+00 +0.0000e+00 +0.0000e+00 +0.0000e+00 +0.0000e+00 +0.0000e+00 +0.0000e+00
4 0 +1.919123638e+05 +1.919123638e+05 +1.920103938e+05 +1.920103938e+05 +1.5571e-01 +8.1933e-01 -2.4617e-02 +1.0620e-01 -1.0284e-01 +1.6891e+00 +1.0581e+00 +3.2374e-03 -4.6808e+00 +1.5683e-01
10 0 +1.586456679e+05 +1.586456679e+05 +1.587436979e+05 +1.587436979e+05 -5.7624e-01 -4.8249e-01 -3.8817e-01 -4.1863e-01 -7.9043e-01 +1.2071e+00 -2.6708e-01 -2.1903e-03 -8.1643e-01 -2.0917e+00
17 0 +1.378564863e+05 +1.378564863e+05 +1.379545163e+05 +1.379545163e+05 -1.9580e+00 -6.0561e-02 -1.3370e-03 +1.6204e-01 -9.3221e-01 +2.4100e+00 +1.1472e+00 -7.1689e-03 -4.4039e+00 -2.6639e+00
22 0 +9.053339204e+04 +9.053339204e+04 +9.063142204e+04 +9.063142204e+04 -2.3589e+00 +8.4865e-01 +6.8435e-02 +2.7950e-01 -2.6622e+00 +8.1075e-02 +2.3224e+00 -1.8656e-02 -4.2478e+00 -2.0795e+00
29 0 +7.167974348e+04 +7.167974348e+04 +7.177777348e+04 +7.177777348e+04 -1.7114e+00 -6.7767e-01 -1.3425e+00 +2.7126e-01 -8.2799e-01 +2.2276e+00 +2.0588e+00 -1.5640e-02 -3.5789e+00 +4.1501e+00
35 0 +3.110669189e+04 +3.110669189e+04 +3.120472189e+04 +3.120472189e+04 -1.7135e+00 -1.4662e+00 -1.2269e+00 +5.8500e-01 -2.1637e+00 +8.0729e-02 +2.4750e+00 +7.2433e-03 -2.6642e+00 +5.6314e+00
56 0 +1.679725841e+04 +1.679725841e+04 +1.689528841e+04 +1.689528841e+04 +7.6929e-01 -8.7756e-01 -1.7404e+00 +8.8150e-01 -3.5917e+00 +1.6815e+00 +6.7797e+00 +2.1039e-02 +3.7579e+00 +7.4371e+00
113 0 +1.998596438e+03 +1.998596438e+03 +2.096626438e+03 +2.096626438e+03 +1.1978e+00 +1.4799e+00 -5.6399e+00 +2.1756e+00 -7.7794e-01 +5.0934e+00 +9.9989e+00 +4.5005e-02 +3.3750e+00 +1.2548e+01
134 0 +1.214948405e+03 +1.214948405e+03 +1.312978405e+03 +1.312978405e+03 +1.9445e+00 -9.8246e-01 -6.2059e+00 +2.3450e+00 -2.0675e+00 +1.6188e-01 +1.2835e+01 +2.0315e-02 +4.7558e+00 +1.7416e+01
137 0 +1.042185099e+03 +1.042185099e+03 +1.140215099e+03 +1.140215099e+03 -3.2682e-02 -3.8552e-01 -5.8849e+00 +1.2698e+00 -4.0261e+00 +3.6533e+00 +1.3793e+01 +2.6999e-02 +5.5638e+00 +1.4262e+01
157 0 +9.982631215e+02 +9.982631215e+02 +1.096293121e+03 +1.096293121e+03 +3.6420e+00 +2.6683e-02 -7.4809e+00 +1.4087e+00 -4.9461e+00 +8.5344e+00 +1.6553e+01 -4.5286e-02 +5.4785e+00 +9.8192e+00
284 0 +9.401626572e+02 +9.401626572e+02 +1.038192657e+03 +1.038192657e+03 +1.5495e+00 +2.7608e+00 -5.2507e+00 +8.7592e-01 -4.1986e+00 +1.0751e+01 +1.9080e+01 -1.9535e-01 +7.3468e+00 +3.9243e+00
298 0 +8.866673722e+02 +8.866673722e+02 +9.846973722e+02 +9.846973722e+02 +8.0653e-02 +2.7475e+00 -5.8473e+00 +5.7647e-01 -4.3292e+00 +1.0025e+01 +1.8959e+01 -1.7021e-01 +5.7926e+00 +2.7517e+00
304 0 +8.016775292e+02 +8.016775292e+02 +8.997075292e+02 +8.997075292e+02 +1.9945e-01 +1.7113e+00 -4.8610e+00 +8.8364e-02 -5.3349e+00 +9.8899e+00 +1.8038e+01 -1.7977e-01 +7.9380e+00 +2.7090e+00
317 0 +7.202248582e+02 +7.202248582e+02 +8.182548582e+02 +8.182548582e+02 +6.9813e-01 +3.4873e+00 -4.4179e+00 +1.7680e-01 -6.3860e+00 +1.3536e+01 +1.6494e+01 -1.5982e-01 +6.9293e+00 +2.6178e-01
321 0 +7.030025745e+02 +7.030025745e+02 +8.010325745e+02 +8.010325745e+02 +3.8890e+00 +2.4944e+00 -4.9991e+00 +9.4177e-01 -6.1766e+00 +1.1619e+01 +1.5595e+01 -1.2869e-01 +7.4812e+00 +1.2730e+00
325 0 +6.653939779e+02 +6.653939779e+02 +7.634239779e+02 +7.634239779e+02 +4.1228e+00 +2.8408e+00 -4.9067e+00 +5.4475e-01 -7.0061e+00 +1.0936e+01 +1.4001e+01 -9.6456e-02 +7.9850e+00 +2.2032e+00
368 0 +6.154666903e+02 +6.154666903e+02 +7.134966903e+02 +7.134966903e+02 +3.6656e+00 +9.4591e-01 -6.2120e+00 -1.0379e-01 -9.1214e+00 +1.2501e+01 +1.4622e+01 -2.2919e-01 +9.3241e+00 -1.8402e+00
% f evaluations | g evaluations | best noise-free fitness - Fopt | noise-free fitness - Fopt (1.000000000000e+03) | measured fitness | best measured fitness | x1 | x2...
1 0 +1.675808634e+05 +1.675808634e+05 +1.685808634e+05 +1.685808634e+05 +0.0000e+00 +0.0000e+00 +0.0000e+00 +0.0000e+00 +0.0000e+00 +0.0000e+00 +0.0000e+00 +0.0000e+00 +0.0000e+00 +0.0000e+00
8 0 +1.571061351e+05 +1.571061351e+05 +1.581061351e+05 +1.581061351e+05 -1.1015e+00 +7.3528e-02 +1.8082e+00 +1.1848e-03 -2.7458e-01 -3.8949e-02 -8.2706e-02 -5.2224e-01 +3.5003e-02 +6.9334e-01
9 0 +1.382843493e+05 +1.382843493e+05 +1.392843493e+05 +1.392843493e+05 -5.8657e-01 +5.5847e-01 +1.1951e+00 -5.4051e-03 -6.9733e-01 -2.7243e-02 -9.7315e-02 -5.8278e-02 +9.3643e-03 -9.0076e-01
20 0 +1.197728331e+05 +1.197728331e+05 +1.207728331e+05 +1.207728331e+05 -8.5255e-01 +3.9325e-01 -1.3849e-01 -4.8893e-03 -9.7991e-01 -7.1612e-02 -5.3338e-01 -5.3184e-01 -3.0982e-02 +1.6717e-01
28 0 +1.096224214e+05 +1.096224214e+05 +1.106224214e+05 +1.106224214e+05 -1.2259e+00 +6.8520e-02 -4.0403e+00 -1.8108e-02 -7.2743e-01 +5.0310e-02 +1.1968e-01 -3.8987e-01 +3.8168e-02 +3.3875e-02
36 0 +6.432241925e+04 +6.432241925e+04 +6.532241925e+04 +6.532241925e+04 -4.3914e+00 +7.3056e-01 -3.5013e+00 -2.4616e-02 -9.3660e-01 +2.1557e-01 -2.3020e+00 -1.4996e-01 +3.8451e-01 -1.8934e+00
42 0 +3.245733301e+04 +3.245733301e+04 +3.345733301e+04 +3.345733301e+04 -2.7568e+00 -1.0728e+00 -9.0741e+00 -2.2977e-02 -1.1907e+00 -4.6566e-01 +8.6744e-01 -4.3797e-01 -1.3426e-01 -1.3092e+00
52 0 +1.069939440e+03 +1.069939440e+03 +2.069939440e+03 +2.069939440e+03 -9.3575e+00 +1.3966e+00 -1.2947e+01 -2.5907e-02 -3.2091e+00 -2.4552e-01 -9.5219e-01 -3.4969e+00 -5.5764e-01 -1.2388e+00
61 0 +7.845796585e+02 +7.845796585e+02 +1.784579658e+03 +1.784579658e+03 -8.4036e+00 -1.1281e+00 -1.2786e+01 -1.3997e-02 -3.2737e+00 -2.9854e-01 +1.9546e+00 -3.0933e+00 -5.9448e-02 -3.7890e+00
% f evaluations | g evaluations | best noise-free fitness - Fopt | noise-free fitness - Fopt (1.490000000000e+00) | measured fitness | best measured fitness | x1 | x2...
1 0 +3.275280627e+05 +3.275280627e+05 +3.275295527e+05 +3.275295527e+05 +0.0000e+00 +0.0000e+00 +0.0000e+00 +0.0000e+00 +0.0000e+00 +0.0000e+00 +0.0000e+00 +0.0000e+00 +0.0000e+00 +0.0000e+00
3 0 +3.137437708e+05 +3.137437708e+05 +3.137452608e+05 +3.137452608e+05 +4.6988e-02 +9.6688e-02 -8.9690e-01 +1.4692e-02 +1.2584e+00 -1.0009e+00 +7.1729e-01 +1.7321e+00 +6.1022e-01 -9.3983e-01
4 0 +2.586439421e+05 +2.586439421e+05 +2.586454321e+05 +2.586454321e+05 -5.6881e-01 +8.4238e-02 -5.4182e-01 +9.5025e-04 -9.9409e-01 +2.0299e+00 +7.5610e-01 +6.9531e-01 +1.8635e-01 +6.8763e-01
10 0 +2.383209088e+05 +2.383209088e+05 +2.383223988e+05 +2.383223988e+05 +2.7489e+00 -3.8686e-01 -3.0645e-01 -2.9463e-04 -3.0674e-01 -1.0420e+00 -5.1282e-01 +8.2763e-02 +9.0833e-01 +8.3019e-01
16 0 +7.781251972e+04 +7.781251972e+04 +7.781400972e+04 +7.781400972e+04 +3.7666e+00 -7.6317e-02 -4.0963e+00 +2.8193e-03 -2.8436e-01 -1.1724e+00 -5.9088e-01 -8.7882e-01 +9.4682e-01 +2.3312e+00
22 0 +6.386352298e+04 +6.386352298e+04 +6.386501298e+04 +6.386501298e+04 +6.1104e+00 -4.1002e-02 -3.5449e+00 +2.9560e-03 -6.8997e-01 -3.4426e-01 -6.8157e-01 -1.0647e+00 +1.1635e+00 +2.8299e+00
23 0 +5.590300718e+04 +5.590300718e+04 +5.590449718e+04 +5.590449718e+04 +4.7287e+00 -5.5441e-01 -5.7518e+00 -4.2417e-03 -4.4254e-01 -9.7322e-01 -1.0127e+00 -1.2935e+00 +1.2032e+00 +2.0908e+00
31 0 +3.584637359e+04 +3.584637359e+04 +3.584786359e+04 +3.584786359e+04 +6.4051e+00 -9.8960e-02 -5.1057e+00 -7.2143e-03 +3.2257e-01 -6.8160e-01 -7.2386e-01 -1.0221e+00 +7.9010e-01 +2.7251e+00
32 0 +3.386090495e+04 +3.386090495e+04 +3.386239495e+04 +3.386239495e+04 +4.9889e+00 -6.8579e-01 -5.6156e+00 -2.4643e-03 -8.7935e-01 -2.2339e-01 -9.5121e-01 -8.5779e-01 +1.0490e+00 +2.7950e+00
35 0 +3.053879023e+04 +3.053879023e+04 +3.054028023e+04 +3.054028023e+04 +5.2405e+00 -7.1618e-01 -5.5860e+00 -6.5074e-03 -1.1400e+00 -7.8098e-01 -3.9729e-01 +4.1270e-02 +6.5649e-01 +3.0649e+00
39 0 +1.751053331e+04 +1.751053331e+04 +1.751202331e+04 +1.751202331e+04 +3.8430e+00 -5.4481e-01 -8.1430e+00 +1.7468e-03 +7.5997e-01 -2.7498e-01 -6.5472e-01 -1.6499e+00 +8.9401e-01 +3.0434e+00
46 0 +1.551113100e+04 +1.551113100e+04 +1.551262100e+04 +1.551262100e+04 +5.2263e+00 -2.9317e-01 -7.1334e+00 -2.0922e-03 +6.6806e-01 -3.0699e-01 -1.7200e-01 -1.9802e-01 +5.5299e-01 +3.2376e+00
50 0 +1.524891097e+04 +1.524891097e+04 +1.525040097e+04 +1.525040097e+04 +3.9549e+00 -6.2614e-01 -5.6870e+00 -7.3343e-03 -4.1535e-01 -5.5668e-02 -9.7605e-03 +2.7534e-01 +5.4527e-01 +3.3243e+00
56 0 +1.409668712e+04 +1.409668712e+04 +1.409817712e+04 +1.409817712e+04 +3.2462e+00 -4.6214e-01 -5.7908e+00 -6.9951e-03 +3.9176e-01 -6.9968e-01 +1.0983e-01 +5.1666e-01 +6.5702e-01 +3.2919e+00
63 0 +1.307004701e+04 +1.307004701e+04 +1.307153701e+04 +1.307153701e+04 +7.0792e+00 -4.9261e-01 -5.2024e+00 -5.6120e-03 +1.9803e-01 -6.2431e-01 +2.3639e-01 +6.4113e-02 +6.2914e-01 +2.9927e+00
65 0 +1.053374429e+04 +1.053374429e+04 +1.053523429e+04 +1.053523429e+04 +4.1084e+00 -6.2461e-01 -7.1136e+00 -1.3227e-02 +8.5053e-01 -2.3495e+00 -4.3420e-01 +6.3916e-01 +1.0125e+00 +3.5846e+00
68 0 +1.034127872e+04 +1.034127872e+04 +1.034276872e+04 +1.034276872e+04 +4.0720e+00 -8.4789e-01 -6.8274e+00 -1.0089e-02 -2.6901e-01 -2.0017e+00 +2.1112e-01 -4.0703e-01 +6.0292e-01 +3.4712e+00
75 0 +3.189174802e+03 +3.189174802e+03 +3.190664802e+03 +3.190664802e+03 +4.0939e+00 -1.2798e+00 -7.0432e+00 -1.1521e-02 -6.2943e-01 -2.7702e+00 +5.0251e-01 -7.6554e-02 +2.0258e-01 +4.3615e+00
76 0 +1.035299104e+03 +1.035299104e+03 +1.036789104e+03 +1.036789104e+03 +2.4944e+00 -7.9369e-01 -7.4682e+00 -1.5650e-02 +1.2675e+00 -2.6681e-01 -5.4615e-03 -6.4515e-01 +6.2133e-01 +4.0164e+00
83 0 +4.276425068e+02 +4.276425068e+02 +4.291325068e+02 +4.291325068e+02 +4.7353e+00 -1.2459e+00 -7.0055e+00 -2.2289e-02 +1.3791e+00 -4.2273e-01 +1.4648e-01 -5.4621e-01 +8.8336e-02 +5.1193e+00
97 0 +1.172970320e+02 +1.172970320e+02 +1.187870320e+02 +1.187870320e+02 +4.5968e+00 -2.3548e+00 -8.9558e+00 -1.6839e-02 +6.6741e-01 -9.8473e-01 +5.6527e-02 -1.8316e+00 +9.3036e-01 +4.1365e+00
280 0 +1.130524797e+02 +1.130524797e+02 +1.145424797e+02 +1.145424797e+02 +2.9148e+00 -2.6881e+00 -4.7700e+00 +5.1364e-02 -1.3246e-01 +7.2728e-01 +1.9437e-01 -2.5302e+00 -4.8532e-01 +6.0741e+00
281 0 +1.090117707e+02 +1.090117707e+02 +1.105017707e+02 +1.105017707e+02 +3.3824e+00 -3.2675e+00 -4.1378e+00 +5.8894e-02 +3.3342e-01 +1.9000e+00 -1.9583e-01 -1.5942e+00 -7.0151e-01 +6.4623e+00
431 0 +1.038326982e+02 +1.038326982e+02 +1.053226982e+02 +1.053226982e+02 +3.3477e+00 -3.1322e+00 -7.7186e+00 +3.0416e-02 +8.8037e-01 +1.1636e+00 +8.2536e-01 -4.0525e+00 -2.0539e+00 +5.3408e+00
451 0 +1.021406853e+02 +1.021406853e+02 +1.036306853e+02 +1.036306853e+02 +3.5820e+00 -3.0830e+00 -8.1083e+00 +2.9271e-02 +8.0274e-01 +1.3287e+00 +8.1889e-01 -3.8007e+00 -2.1063e+00 +5.2075e+00
454 0 +9.345377326e+01 +9.345377326e+01 +9.494377326e+01 +9.494377326e+01 +4.2513e+00 -2.9541e+00 -7.6480e+00 +2.8483e-02 +7.6824e-01 +1.3609e+00 +6.3267e-01 -3.5110e+00 -2.0644e+00 +5.1444e+00
494 0 +9.190441297e+01 +9.190441297e+01 +9.339441297e+01 +9.339441297e+01 +4.2879e+00 -3.2085e+00 -7.8398e+00 +2.6278e-02 +5.9556e-01 +1.2868e+00 +7.7883e-01 -3.1938e+00 -2.0519e+00 +4.5647e+00
512 0 +8.985681089e+01 +8.985681089e+01 +9.134681089e+01 +9.134681089e+01 +4.2466e+00 -3.1987e+00 -7.0997e+00 +2.8391e-02 +3.9924e-01 +1.3517e+00 +8.3084e-01 -3.2206e+00 -2.0416e+00 +4.6597e+00
569 0 +8.779846372e+01 +8.779846372e+01 +8.928846372e+01 +8.928846372e+01 +4.2937e+00 -3.1773e+00 -7.2115e+00 +2.9026e-02 +4.5283e-01 +1.6000e+00 +9.0517e-01 -3.0755e+00 -2.2361e+00 +4.6530e+00
573 0 +8.171592781e+01 +8.171592781e+01 +8.320592781e+01 +8.320592781e+01 +4.3870e+00 -3.0237e+00 -6.7915e+00 +2.8953e-02 +2.2745e-01 +1.4999e+00 +7.6904e-01 -2.9409e+00 -2.2141e+00 +4.5368e+00
602 0 +7.848853400e+01 +7.848853400e+01 +7.997853400e+01 +7.997853400e+01 +4.4328e+00 -3.3098e+00 -6.8420e+00 +2.9890e-02 +4.5376e-01 +1.8280e+00 +6.9754e-01 -2.5319e+00 -2.2374e+00 +4.4310e+00
612 0 +7.420288379e+01 +7.420288379e+01 +7.569288379e+01 +7.569288379e+01 +3.9184e+00 -3.2421e+00 -6.7163e+00 +3.0849e-02 +2.5727e-01 +2.3654e+00 +6.6214e-01 -2.6009e+00 -2.4260e+00 +4.2871e+00
625 0 +7.314505882e+01 +7.314505882e+01 +7.463505882e+01 +7.463505882e+01 +4.1704e+00 -3.1992e+00 -7.0353e+00 +3.0288e-02 +7.4767e-01 +2.1682e+00 +7.3624e-01 -2.2540e+00 -2.1051e+00 +4.5336e+00
626 0 +6.817322595e+01 +6.817322595e+01 +6.966322595e+01 +6.966322595e+01 +3.4712e+00 -3.0396e+00 -6.7172e+00 +3.2080e-02 +4.3954e-01 +2.3189e+00 +5.9706e-01 -2.1418e+00 -2.1941e+00 +4.2028e+00
644 0 +6.364065371e+01 +6.364065371e+01 +6.513065371e+01 +6.513065371e+01 +3.8981e+00 -3.1014e+00 -5.7273e+00 +2.6721e-02 +7.4516e-01 +2.2726e+00 +6.7734e-01 -1.6769e+00 -2.0026e+00 +4.4366e+00
728 0 +6.120592925e+01 +6.120592925e+01 +6.269592925e+01 +6.269592925e+01 +3.7097e+00 -3.5264e+00 -6.7219e+00 +2.0402e-02 +1.9949e+00 +2.3058e+00 +1.8541e-01 -1.9714e+00 -1.9427e+00 +4.6487e+00
732 0 +5.995071295e+01 +5.995071295e+01 +6.144071295e+01 +6.144071295e+01 +3.9639e+00 -3.3695e+00 -6.5826e+00 +1.7369e-02 +1.5971e+00 +2.3554e+00 +6.1095e-02 -2.0536e+00 -1.8611e+00 +4.5950e+00
733 0 +5.822261004e+01 +5.822261004e+01 +5.971261004e+01 +5.971261004e+01 +4.1793e+00 -3.5517e+00 -7.0478e+00 +1.7667e-02 +1.9552e+00 +2.1289e+00 +1.4600e-02 -1.8835e+00 -1.9102e+00 +4.2188e+00
743 0 +5.728031692e+01 +5.728031692e+01 +5.877031692e+01 +5.877031692e+01 +3.8572e+00 -3.5564e+00 -6.9899e+00 +1.8050e-02 +2.1783e+00 +1.9033e+00 +6.0985e-02 -1.4707e+00 -1.9785e+00 +4.2019e+00
754 0 +5.352158301e+01 +5.352158301e+01 +5.501158301e+01 +5.501158301e+01 +4.0893e+00 -3.4606e+00 -6.5269e+00 +2.0681e-02 +2.1242e+00 +2.2211e+00 +1.5613e-01 -1.5784e+00 -1.9441e+00 +4.2500e+00
761 0 +5.141082665e+01 +5.141082665e+01 +5.290082665e+01 +5.290082665e+01 +4.3807e+00 -3.4669e+00 -6.5266e+00 +1.5125e-02 +2.3310e+00 +2.5314e+00 +1.0560e-01 -1.2773e+00 -1.7909e+00 +4.2567e+00
766 0 +5.083461263e+01 +5.083461263e+01 +5.232461263e+01 +5.232461263e+01 +4.0803e+00 -3.5478e+00 -6.4785e+00 +1.9653e-02 +2.3265e+00 +3.0013e+00 +8.6051e-02 -1.4505e+00 -1.5773e+00 +4.2996e+00
767 0 +4.875520313e+01 +4.875520313e+01 +5.024520313e+01 +5.024520313e+01 +4.4560e+00 -3.4942e+00 -6.2064e+00 +1.8773e-02 +2.8530e+00 +2.7766e+00 +5.7497e-03 -1.0084e+00 -1.6507e+00 +4.3763e+00
% f evaluations | g evaluations | best noise-free fitness - Fopt | noise-free fitness - Fopt (5.963500000000e+02) | measured fitness | best measured fitness | x1 | x2...
1 0 +5.416791210e+05 +5.416791210e+05 +5.422754710e+05 +5.422754710e+05 +0.0000e+00 +0.0000e+00 +0.0000e+00 +0.0000e+00 +0.0000e+00 +0.0000e+00 +0.0000e+00 +0.0000e+00 +0.0000e+00 +0.0000e+00
17 0 +5.090301401e+05 +5.090301401e+05 +5.096264901e+05 +5.096264901e+05 +1.2164e+00 -2.0130e-01 +1.0615e+00 +2.9991e+00 -1.2657e+00 +1.2470e+00 +7.7873e-01 -2.0106e-01 -3.0294e-01 -8.0202e-01
19 0 +4.899274192e+05 +4.899274192e+05 +4.905237692e+05 +4.905237692e+05 +1.0037e+00 +2.9493e-02 -3.6209e+00 +4.0822e-01 -1.8871e+00 +1.2469e+00 +5.0673e-01 +5.4554e-01 +8.9211e-02 +5.7215e-01
22 0 +2.970102408e+05 +2.970102408e+05 +2.976065908e+05 +2.976065908e+05 +1.8648e+00 +4.3238e-02 +8.6438e-01 +3.7650e+00 -1.3934e-01 +2.6472e-01 +1.1902e+00 +8.7400e-01 +8.0352e-02 -6.2678e-01
31 0 +1.478022228e+05 +1.478022228e+05 +1.483985728e+05 +1.483985728e+05 +1.1886e+00 +2.4457e-01 -1.1228e+00 +6.0354e+00 -1.3714e+00 +2.7386e+00 -1.4987e-01 +1.2595e+00 -3.7617e-01 +2.9200e-01
32 0 +1.223144238e+04 +1.223144238e+04 +1.282779238e+04 +1.282779238e+04 +8.6034e-01 -3.0242e-01 +7.1301e-01 +4.7372e+00 +9.3351e-01 +9.7100e-01 +2.5051e+00 +3.3068e+00 +3.1117e-02 +1.2137e+00
104 0 +1.825066941e+03 +1.825066941e+03 +2.421416941e+03 +2.421416941e+03 +6.3777e+00 -3.6999e+00 +7.2118e-01 +5.4477e+00 +1.6268e+00 -6.8615e+00 +1.4018e+01 +1.6612e+01 -3.2894e+00 +1.4579e+01
105 0 +1.598749155e+03 +1.598749155e+03 +2.195099155e+03 +2.195099155e+03 +6.2727e+00 +3.7533e+00 -1.5769e+01 +2.3504e+00 -2.2737e+00 +3.3749e+00 +1.1652e+01 +1.4780e+01 -2.6769e+00 +1.2709e+01
113 0 +1.557966213e+03 +1.557966213e+03 +2.154316213e+03 +2.154316213e+03 +6.1488e+00 -1.3330e+00 -1.0498e+01 +5.8101e+00 +4.9336e-01 +5.3257e+00 +1.0462e+01 +1.5694e+01 -3.5450e+00 +1.5002e+01
123 0 +1.195077773e+03 +1.195077773e+03 +1.791427773e+03 +1.791427773e+03 +8.0830e+00 -3.0362e+00 +7.9416e-02 +8.2277e-01 +2.8249e+00 +1.2781e+01 +9.1904e+00 +1.4581e+01 -4.6637e+00 +1.3705e+01
124 0 +9.351794022e+02 +9.351794022e+02 +1.531529402e+03 +1.531529402e+03 +3.5061e+00 -2.5713e+00 +5.5463e+00 +4.2936e+00 +2.4394e+00 +2.3392e+00 +8.9745e+00 +1.1698e+01 -3.2533e+00 +1.4577e+01
159 0 +8.920216276e+02 +8.920216276e+02 +1.488371628e+03 +1.488371628e+03 +7.3611e+00 -4.3319e+00 +2.6415e+00 +2.3982e+00 +6.5440e+00 +3.7784e+00 +8.7078e+00 +1.1148e+01 -2.5201e+00 +1.1525e+01
169 0 +7.930186538e+02 +7.930186538e+02 +1.389368654e+03 +1.389368654e+03 +6.8275e+00 -2.9687e+00 -5.4933e-01 +3.3960e+00 +5.8054e+00 +2.5846e+00 +8.3853e+00 +1.1471e+01 -1.5967e+00 +8.8374e+00
179 0 +7.732067952e+02 +7.732067952e+02 +1.369556795e+03 +1.369556795e+03 +5.7457e+00 -2.2753e+00 +1.4483e+00 +2.0177e+00 +3.9779e+00 +1.9888e+00 +9.4922e+00 +9.5519e+00 -2.1091e+00 +1.1730e+01
183 0 +7.344352036e+02 +7.344352036e+02 +1.330785204e+03 +1.330785204e+03 +6.2551e+00 -2.1447e+00 +2.5588e+00 +1.8486e+00 +5.0574e+00 +5.9829e+00 +1.0846e+01 +6.7575e+00 -3.0359e+00 +8.9801e+00
210 0 +6.188497879e+02 +6.188497879e+02 +1.215199788e+03 +1.215199788e+03 +7.6994e+00 -5.0621e-01 -1.5472e+00 +6.3258e-01 +5.5745e+00 +7.0973e+00 +7.0053e+00 +7.3613e+00 -5.8333e+00 +8.4415e+00
612 0 +5.915851388e+02 +5.915851388e+02 +1.187935139e+03 +1.187935139e+03 -5.9042e+00 -5.3596e+00 -3.5363e+00 +4.0726e-01 +2.1313e+00 -4.2828e-01 +1.0922e+01 -5.2120e-01 -4.4672e+00 +1.3966e+01
616 0 +5.526550991e+02 +5.526550991e+02 +1.149005099e+03 +1.149005099e+03 -6.8792e+00 -4.8599e+00 -1.8808e+00 +2.0458e+00 +2.8479e+00 +1.3090e+00 +1.0117e+01 -8.2680e-01 -4.2766e+00 +1.3625e+01
624 0 +5.432796648e+02 +5.432796648e+02 +1.139629665e+03 +1.139629665e+03 -6.3692e+00 -5.6764e+00 +2.5862e+00 +1.7031e-01 +2.1731e+00 +3.4834e+00 +9.9713e+00 +3.1090e-01 -4.1278e+00 +1.3222e+01
632 0 +5.342882836e+02 +5.342882836e+02 +1.130638284e+03 +1.130638284e+03 -6.1399e+00 -5.6681e+00 +2.5205e+00 +7.0247e-01 +2.5956e+00 +2.1498e+00 +1.0477e+01 -7.8921e-01 -4.1470e+00 +1.3178e+01
637 0 +4.927826135e+02 +4.927826135e+02 +1.089132613e+03 +1.089132613e+03 -5.8403e+00 -5.8483e+00 +5.2289e-01 -2.0105e+00 +1.6247e+00 +2.1346e+00 +9.9058e+00 +1.5866e+00 -4.1011e+00 +1.2467e+01
659 0 +4.272029244e+02 +4.272029244e+02 +1.023552924e+03 +1.023552924e+03 -4.5837e+00 -4.2339e+00 -2.4168e+00 +2.7088e+00 +1.7927e+00 +2.6315e+00 +8.0433e+00 +1.2507e+00 -3.9201e+00 +1.2299e+01
676 0 +4.027170744e+02 +4.027170744e+02 +9.990670744e+02 +9.990670744e+02 -4.5121e+00 -5.2554e+00 -2.4007e+00 -4.0946e-01 +3.0317e+00 -2.9347e+00 +7.8811e+00 +1.2108e+00 -3.8256e+00 +1.4035e+01
691 0 +3.822927828e+02 +3.822927828e+02 +9.786427828e+02 +9.786427828e+02 -3.7861e+00 -5.0954e+00 -4.1121e+00 -1.0622e+00 +2.6059e+00 -2.4488e+00 +6.7988e+00 +2.9705e+00 -3.1709e+00 +1.2460e+01
692 0 +3.752605492e+02 +3.752605492e+02 +9.716105492e+02 +9.716105492e+02 -3.9713e+00 -5.1593e+00 +2.5822e-01 -4.9895e-01 +2.7108e+00 +5.5417e-01 +7.8150e+00 +2.5059e+00 -4.0147e+00 +1.1336e+01
% f evaluations | g evaluations | best noise-free fitness - Fopt | noise-free fitness - Fopt (-1.189700000000e+02) | measured fitness | best measured fitness | x1 | x2...
1 0 +3.622297723e+05 +3.622297723e+05 +3.621108023e+05 +3.621108023e+05 +0.0000e+00 +0.0000e+00 +0.0000e+00 +0.0000e+00 +0.0000e+00 +0.0000e+00 +0.0000e+00 +0.0000e+00 +0.0000e+00 +0.0000e+00
7 0 +3.400565515e+05 +3.400565515e+05 +3.399375815e+05 +3.399375815e+05 -8.0441e-01 +9.4741e-02 -8.9335e-02 -2.2516e+00 +4.3705e-02 -3.5341e-02 -6.4053e-01 -1.0449e+00 -1.6522e-01 -6.2648e-01
9 0 +3.335097779e+05 +3.335097779e+05 +3.333908079e+05 +3.333908079e+05 -8.7553e-02 +2.6249e-01 -5.3974e-01 -1.6196e-02 -5.2330e-01 +2.4996e-01 +1.5195e-01 +1.2197e+00 -3.8135e-01 -1.2022e+00
11 0 +3.243613287e+05 +3.243613287e+05 +3.242423587e+05 +3.242423587e+05 +3.2042e-01 -1.3694e-02 -1.2433e+00 +1.6496e+00 +9.7955e-01 -5.3032e-01 -2.0691e-01 +4.0582e-01 -5.7775e-01 -6.4360e-01
12 0 +3.142801961e+05 +3.142801961e+05 +3.141612261e+05 +3.141612261e+05 -8.9991e-01 -4.2870e-02 -1.5883e+00 +5.1031e+00 +1.0771e+00 +4.0750e-01 +2.7367e-01 +2.5073e+00 -3.6600e-01 -2.0017e-01
14 0 +2.833398650e+05 +2.833398650e+05 +2.832208950e+05 +2.832208950e+05 -6.8846e-02 +5.9067e-02 -1.0330e+00 +3.7129e+00 +3.4138e-01 -2.0962e-01 +8.1518e-03 +2.9650e+00 -1.7266e+00 -1.0267e+00
26 0 +2.787093158e+05 +2.787093158e+05 +2.785903458e+05 +2.785903458e+05 +9.2186e-01 +4.1871e-01 -7.5648e-01 +2.8004e+00 -1.0336e+00 +1.7886e-03 +4.0547e-01 +4.8828e-01 -1.6209e+00 -2.6462e+00
30 0 +2.482992176e+05 +2.482992176e+05 +2.481802476e+05 +2.481802476e+05 -2.4542e-01 +2.4770e-02 -1.5857e+00 +2.6921e+00 -1.2808e-01 -3.6887e-01 +8.7348e-02 +6.6406e-01 -5.0824e-01 -4.8180e-01
31 0 +2.302314854e+05 +2.302314854e+05 +2.301125154e+05 +2.301125154e+05 +4.3201e-01 +3.5742e-01 +1.0679e+00 +6.2991e+00 +2.6874e-01 -4.7683e-01 +2.9642e-02 +1.7356e+00 -2.1553e+00 -1.1651e+00
43 0 +2.192388295e+05 +2.192388295e+05 +2.191198595e+05 +2.191198595e+05 -4.2074e-01 +8.2526e-01 +1.2329e+00 +5.0514e+00 -8.5501e-01 -1.6487e-01 +1.5718e-01 -1.3781e+00 -7.8816e-01 -2.9127e-01
47 0 +1.829225413e+05 +1.829225413e+05 +1.828035713e+05 +1.828035713e+05 -5.1475e-01 +3.9176e-01 +1.0724e+00 +5.1442e+00 -4.3332e-01 -9.8424e-01 -7.0031e-02 +3.7656e-01 -1.0018e+00 +5.2742e-01
58 0 +1.774298941e+05 +1.774298941e+05 +1.773109241e+05 +1.773109241e+05 -8.7445e-01 +7.4310e-01 +2.0527e+00 +5.3053e+00 -2.4251e+00 -6.8922e-01 +5.0195e-02 -3.0739e-01 -5.1449e-01 +2.8947e-01
62 0 +1.558675146e+05 +1.558675146e+05 +1.557485446e+05 +1.557485446e+05 -1.4256e+00 +4.0803e-01 +1.7436e+00 +6.5767e+00 -8.0850e-01 -3.0344e-01 -5.3943e-01 -5.8990e-01 -1.5596e+00 -2.2927e-01
67 0 +1.266583937e+05 +1.266583937e+05 +1.265394237e+05 +1.265394237e+05 -1.0927e+00 +8.8047e-01 +9.1755e-01 +7.0004e+00 -2.6867e+00 +8.1924e-02 -7.5430e-01 -5.7214e-02 -2.5430e+00 -6.5662e-01
77 0 +8.405565855e+04 +8.405565855e+04 +8.393668855e+04 +8.393668855e+04 -2.3405e+00 +4.2094e-01 +1.1541e+00 +9.2243e+00 -1.5419e+00 -4.5425e-01 -4.9922e-01 +4.7997e-01 -3.0518e+00 -9.4901e-01
87 0 +2.127547814e+04 +2.127547814e+04 +2.115650814e+04 +2.115650814e+04 -4.0790e+00 -3.8903e-01 -1.2062e+00 +1.9117e+00 -5.4090e+00 -2.8001e+00 +1.1749e-01 -1.6810e+00 -2.8355e+00 -4.7226e+00
