% f evaluations | g evaluations | best noise-free fitness - Fopt | noise-free fitness - Fopt (7.135000000000e+01) | measured fitness | best measured fitness | x1 | x2...
1 0 +7.357246449e+01 +7.357246449e+01 +1.449224645e+02 +1.449224645e+02 +0.0000e+00 +0.0000e+00 +0.0000e+00 +0.0000e+00 +0.0000e+00 +0.0000e+00 +0.0000e+00 +0.0000e+00 +0.0000e+00 +0.0000e+00 +0.0000e+00 +0.0000e+00 +0.0000e+00 +0.0000e+00 +0.0000e+00 +0.0000e+00 +0.0000e+00 +0.0000e+00 +0.0000e+00 +0.0000e+00
2 0 +7.232402982e+01 +7.232402982e+01 +1.436740298e+02 +1.436740298e+02 +1.0243e-01 +1.0217e-01 +5.7007e-01 +1.0030e+00 -5.9660e-01 -1.0953e-01 +4.3060e-01 -6.9809e-01 +1.8640e+00 +2.4235e-01 -7.0320e+00 -1.1855e-01 -1.3048e-01 -3.7982e-01 +3.0153e-01 -4.2161e-01 -4.1894e-02 -4.9930e-01 +5.1217e-02 -4.2422e-02
3 0 +6.854893511e+01 +6.854893511e+01 +1.398989351e+02 +1.398989351e+02 -6.6469e-02 +2.1324e-01 +1.4356e-01 +1.5821e-01 +8.2870e-01 -1.0528e-01 -6.7453e-01 +3.5480e-01 +8.8628e-02 +2.1335e-01 -2.0252e+00 +4.0016e-01 +1.5599e-01 +1.3483e+00 +1.8262e+00 +5.0197e-01 +1.2948e+00 -8.2726e-01 +3.4944e-03 +5.9065e-02
7 0 +6.439952778e+01 +6.439952778e+01 +1.357495278e+02 +1.357495278e+02 -4.4236e-03 -3.1543e-02 +4.2912e-01 -2.7588e-01 +5.6584e-01 +1.6093e-01 +5.0513e-01 -7.6981e-02 +1.7151e+00 +3.1306e-01 -3.9978e+00 -4.5323e-01 +8.1521e-01 -6.1344e-01 +3.6430e+00 -3.0886e-01 +4.0188e-01 -8.8165e-01 +4.5052e-02 +1.5210e-01
9 0 +6.282583902e+01 +6.282583902e+01 +1.341758390e+02 +1.341758390e+02 -2.6637e-01 +6.1149e-02 +1.0857e-01 +7.2900e-01 +2.5312e-01 -3.3824e-02 -3.0075e-01 -5.7209e-01 -3.6008e-01 +2.9423e-01 -2.7539e+00 -9.0553e-01 -2.1951e-01 +1.8162e-01 -6.5228e-01 -1.7090e-01 -2.0853e+00 +1.1174e+00 -3.0220e-02 -1.8501e-02
10 0 +5.780488551e+01 +5.780488551e+01 +1.291548855e+02 +1.291548855e+02 +2.2483e-01 -1.1431e-01 +2.4696e-01 +7.8229e-01 +1.1493e-01 +3.3219e-02 -3.7451e-01 +1.6133e-01 -9.8978e-01 -3.9587e-01 +6.0598e-01 -1.1754e+00 -1.0957e+00 +7.9893e-01 -4.2394e-01 -7.0828e-02 +1.0063e+00 +1.6315e-02 -3.9429e-02 -9.6890e-02
15 0 +4.684922393e+01 +4.684922393e+01 +1.181992239e+02 +1.181992239e+02 -2.6122e-02 +9.5552e-02 -4.3841e-01 +2.9861e-01 -7.8024e-01 +3.3484e-01 +6.5425e-01 +3.4621e-01 -1.7844e+00 -7.0632e-01 -1.3800e-01 -1.4330e+00 -2.8168e-01 -1.4164e-02 +9.1864e-01 -7.4890e-01 +5.1531e-01 +8.0495e-01 -4.6148e-02 -4.0769e-02
72 0 +4.069451479e+01 +4.069451479e+01 +1.120445148e+02 +1.120445148e+02 -5.1728e-01 -4.2081e-01 -5.5080e-01 -9.2542e-01 +8.1464e-02 +3.2295e-01 -4.7551e-02 -2.1091e-01 -5.1424e+00 -1.0164e+00 +4.4688e+00 +2.8618e-01 +4.8619e-01 +1.2238e+00 -1.2537e+00 +1.0558e+00 +5.2270e+00 -9.5316e-01 +1.0844e-01 +8.7303e-02
% f evaluations | g evaluations | best noise-free fitness - Fopt | noise-free fitness - Fopt (-3.552200000000e+02) | measured fitness | best measured fitness | x1 | x2...
1 0 +6.508868155e+01 +6.508868155e+01 -2.901313185e+02 -2.901313185e+02 +0.0000e+00 +0.0000e+00 +0.0000e+00 +0.0000e+00 +0.0000e+00 +0.0000e+00 +0.0000e+00 +0.0000e+00 +0.0000e+00 +0.0000e+00 +0.0000e+00 +0.0000e+00 +0.0000e+00 +0.0000e+00 +0.0000e+00 +0.0000e+00 +0.0000e+00 +0.0000e+00 +0.0000e+00 +0.0000e+00
3 0 +5.739941597e+01 +5.739941597e+01 -2.978205840e+02 -2.978205840e+02 +1.8211e-01 +2.4609e+00 -4.3486e-02 -4.2253e-01 -4.7718e-02 -6.9696e-03 -3.9303e-02 +2.5999e-02 -6.7785e-02 -1.1674e-01 +8.1784e-01 -1.0105e+00 +8.5807e-01 -2.8465e-01 -4.8849e-01 -6.2159e-01 -8.6545e-02 +1.3696e-01 +8.8718e-02 -4.0790e+00
15 0 +5.404392201e+01 +5.404392201e+01 -3.011760780e+02 -3.011760780e+02 -1.6867e-02 -1.4888e+00 -5.2517e-01 +1.5689e+00 +5.5793e-01 -1.8134e-01 +2.5074e-02 -1.6139e-01 -3.4039e-02 -2.9078e-01 -2.8950e+00 -1.7222e+00 +1.7373e-01 -8.8181e-01 +3.0712e+00 +6.9342e-02 +8.5329e-02 -3.8570e-01 -7.5464e-01 -5.2699e+00
37 0 +4.609972330e+01 +4.609972330e+01 -3.091202767e+02 -3.091202767e+02 +2.3177e-02 -2.1346e+00 +4.2405e+00 -4.2841e+00 +8.5795e-02 +1.0766e-01 +1.2799e-01 -7.0792e-01 -1.7041e+00 -5.0585e-01 -4.6562e+00 -5.8446e+00 -1.9803e+00 -1.8015e+00 +3.1785e+00 +9.1987e-02 +9.1048e-02 -4.2165e-01 -6.7289e-01 +8.5740e-01
% f evaluations | g evaluations | best noise-free fitness - Fopt | noise-free fitness - Fopt (9.917000000000e+01) | measured fitness | best measured fitness | x1 | x2...
1 0 +6.985921835e+01 +6.985921835e+01 +1.690292183e+02 +1.690292183e+02 +0.0000e+00 +0.0000e+00 +0.0000e+00 +0.0000e+00 +0.0000e+00 +0.0000e+00 +0.0000e+00 +0.0000e+00 +0.0000e+00 +0.0000e+00 +0.0000e+00 +0.0000e+00 +0.0000e+00 +0.0000e+00 +0.0000e+00 +0.0000e+00 +0.0000e+00 +0.0000e+00 +0.0000e+00 +0.0000e+00
5 0 +5.543662721e+01 +5.543662721e+01 +1.546066272e+02 +1.546066272e+02 -4.2351e-01 -1.4708e-01 -4.6402e-01 +2.0264e-01 +1.8110e+00 +4.6186e-01 -2.5952e-02 -2.0345e+00 +1.5130e+00 +8.9496e-03 -3.1269e-01 +1.5981e-01 +5.4848e-01 +4.2805e-03 -1.5661e-02 -2.5064e-01 +3.3210e-01 +3.1224e-01 +3.1075e-01 +1.2378e-02
16 0 +5.072556659e+01 +5.072556659e+01 +1.498955666e+02 +1.498955666e+02 +7.6392e-02 -1.2971e+00 -5.1531e-01 -5.3377e-01 -1.8622e+00 +7.2643e-01 -6.6394e-01 -3.6743e-01 -1.4247e+00 +4.6389e-02 -4.2624e-01 +1.0899e-01 +6.5161e-01 +3.7853e-01 +4.1553e-02 +7.7331e-01 +1.5636e-01 +3.7037e-01 +2.2454e-01 -1.0053e-02
67 0 +4.990589816e+01 +4.990589816e+01 +1.490758982e+02 +1.490758982e+02 -5.4825e-01 -1.8479e+00 -1.6366e+00 +6.5032e-01 -9.3216e-01 +1.3591e-01 -5.3676e-01 -3.4313e+00 -2.3245e+00 +7.5175e-03 -1.1195e-01 +2.6695e+00 +1.1860e+00 +5.5108e-01 -2.4557e-01 +2.4062e-01 +1.3690e+00 +5.9770e-01 -1.7599e-01 +2.5866e-02
87 0 +3.430122426e+01 +3.430122426e+01 +1.334712243e+02 +1.334712243e+02 +2.3504e-01 +1.5438e+00 -6.6305e-01 +2.2529e-01 +4.8785e+00 -1.5940e+00 +3.7613e-01 -2.3696e+00 -2.1386e+00 +6.9289e-02 -3.1507e+00 +2.8238e+00 +2.2247e+00 -1.4637e+00 -4.3455e-01 +4.9261e-01 -4.5593e-01 +3.5879e-01 +2.7415e-01 +9.5729e-02
% f evaluations | g evaluations | best noise-free fitness - Fopt | noise-free fitness - Fopt (-5.179100000000e+02) | measured fitness | best measured fitness | x1 | x2...
1 0 +6.469127597e+01 +6.469127597e+01 -4.532187240e+02 -4.532187240e+02 +0.0000e+00 +0.0000e+00 +0.0000e+00 +0.0000e+00 +0.0000e+00 +0.0000e+00 +0.0000e+00 +0.0000e+00 +0.0000e+00 +0.0000e+00 +0.0000e+00 +0.0000e+00 +0.0000e+00 +0.0000e+00 +0.0000e+00 +0.0000e+00 +0.0000e+00 +0.0000e+00 +0.0000e+00 +0.0000e+00
12 0 +4.682611949e+01 +4.682611949e+01 -4.710838805e+02 -4.710838805e+02 -3.3861e-01 -2.7261e+00 -2.3795e-02 +1.7485e+00 +1.0091e+00 -2.0779e-02 +5.5580e-02 +1.1467e+00 -1.7273e+00 -9.5144e-01 -9.1504e-01 +6.2636e-01 -1.0083e-02 +2.1706e+00 +1.6815e+00 -7.1848e-01 -6.8078e-01 -1.3469e+00 +2.2539e+00 +1.0440e-01
39 0 +3.846644764e+01 +3.846644764e+01 -4.794435524e+02 -4.794435524e+02 +7.6475e-02 -2.7990e+00 +2.3085e-02 +4.3419e-01 +4.5504e-01 -2.8208e-01 +1.1049e-01 -1.5484e+00 +2.3105e+00 +3.0138e+00 +5.3943e-01 +1.6627e+00 +2.5086e-01 +4.2822e+00 -9.8566e-01 -7.9658e-01 +2.5230e+00 +1.2955e+00 +1.8720e+00 -3.8519e-01
111 0 +3.532841704e+01 +3.532841704e+01 -4.825815830e+02 -4.825815830e+02 +1.2694e+00 -2.1327e+00 -1.2115e-02 +7.8944e-01 +1.0897e+00 -1.4988e+00 -3.2206e-02 +1.8186e+00 +2.2783e+00 -7.1713e-02 +3.5139e+00 -1.3394e+00 +3.0251e-02 +5.8138e+00 -6.8670e-01 -1.3932e-02 +1.3523e+00 +2.1093e+00 +3.2724e+00 +9.8614e-02
117 0 +3.137453526e+01 +3.137453526e+01 -4.865354647e+02 -4.865354647e+02 +7.3847e-01 -2.9866e+00 +3.2906e-02 +1.0163e+00 +9.9069e-01 -1.5312e+00 -3.8768e-02 +1.6283e+00 +3.6588e+00 +4.1670e-01 +3.6035e+00 -2.1344e+00 -2.2288e-01 +5.6815e+00 -6.9224e-01 -3.0081e-01 +3.2819e+00 +2.6463e+00 +2.3892e+00 +2.4375e-01
208 0 +2.894121876e+01 +2.894121876e+01 -4.889687812e+02 -4.889687812e+02 +4.3053e-01 -2.0480e+00 -2.5591e-02 -4.4811e-02 +6.4013e-01 -1.2854e+00 -2.3805e-02 +1.0202e+00 +2.6506e+00 +6.7213e-02 +3.8744e+00 -2.0800e+00 -3.9189e-01 +6.1951e+00 -1.0540e+00 -8.9401e-01 +1.0121e+00 +2.4152e+00 +3.3662e+00 +2.2827e-01
215 0 +2.760742480e+01 +2.760742480e+01 -4.903025752e+02 -4.903025752e+02 +3.6201e-01 -1.8768e+00 -3.5285e-02 +8.1879e-02 +6.6326e-01 -1.2295e+00 -6.6000e-02 +1.4108e+00 +2.8988e+00 +4.1670e-01 +3.8285e+00 -2.1661e+00 -3.5473e-01 +6.5133e+00 -1.3212e+00 -8.5331e-01 +1.3371e+00 +2.2049e+00 +3.0513e+00 +1.4102e-01
239 0 +2.675820164e+01 +2.675820164e+01 -4.911517984e+02 -4.911517984e+02 +2.8897e-01 -1.4685e+00 -4.4078e-02 -1.6251e-01 +5.5271e-01 -1.2157e+00 -1.1181e-01 +1.4971e+00 +2.0985e+00 +4.7118e-01 +4.0595e+00 -1.5546e+00 -4.8148e-01 +6.5066e+00 -9.3572e-01 -1.0768e+00 +7.1232e-01 +1.9932e+00 +2.6107e+00 +1.7406e-01
% f evaluations | g evaluations | best noise-free fitness - Fopt | noise-free fitness - Fopt (-5.721000000000e+01) | measured fitness | best measured fitness | x1 | x2...
1 0 +8.082507635e+01 +8.082507635e+01 +2.361507635e+01 +2.361507635e+01 +0.0000e+00 +0.0000e+00 +0.0000e+00 +0.0000e+00 +0.0000e+00 +0.0000e+00 +0.0000e+00 +0.0000e+00 +0.0000e+00 +0.0000e+00 +0.0000e+00 +0.0000e+00 +0.0000e+00 +0.0000e+00 +0.0000e+00 +0.0000e+00 +0.0000e+00 +0.0000e+00 +0.0000e+00 +0.0000e+00
2 0 +7.875819153e+01 +7.875819153e+01 +2.154819153e+01 +2.154819153e+01 +7.3302e-02 +9.1142e-03 +1.2275e-01 +1.4033e-01 +3.1596e-01 -7.9224e-01 +3.1233e-01 -1.3427e+00 +1.9988e-02 -4.3647e-03 -2.6479e-01 -4.3367e-02 +5.0513e-01 -1.6969e-01 -3.9853e-02 -6.4255e-01 -4.0748e-01 +2.7095e-01 -3.0281e-01 -7.1406e-01
3 0 +5.968149526e+01 +5.968149526e+01 +2.471495257e+00 +2.471495257e+00 +2.8246e-02 -1.0257e-01 -2.8650e-02 +6.7909e-01 -1.7393e-01 -1.0894e+00 +2.9926e-02 +5.1007e-01 +7.2628e-01 -4.8332e-02 -9.5061e-02 +1.3538e-01 +6.1311e-01 -5.8391e-02 +1.0978e+00 +3.0920e-01 +5.0530e-01 +3.0063e-01 +3.5020e-01 +1.8122e-01
5 0 +5.476850666e+01 +5.476850666e+01 -2.441493337e+00 -2.441493337e+00 -1.3786e-01 -8.3479e-02 -1.8002e-02 -3.7445e-01 -8.0334e-01 -1.5952e+00 -4.4031e-01 +1.0009e+00 -1.4245e-01 -2.0260e-02 +3.3154e-01 -3.4844e-01 +3.8061e-01 -9.3969e-01 +1.9476e+00 -2.3098e-01 -1.5830e+00 -1.1450e-01 -1.2770e+00 +1.4540e+00
9 0 +5.081424760e+01 +5.081424760e+01 -6.395752399e+00 -6.395752399e+00 +1.0929e-01 -1.8848e-02 -8.5572e-03 -1.6509e-01 +3.9413e-01 +2.6503e-03 -4.0206e-02 -4.1625e-01 +7.4554e-02 +3.9835e-03 -9.9044e-01 +2.0659e-01 -2.4612e-01 +1.1091e+00 +1.3751e-01 +4.5857e-01 -2.0808e-01 +8.9486e-02 -1.4061e+00 +3.6272e-01
21 0 +4.269497756e+01 +4.269497756e+01 -1.451502244e+01 -1.451502244e+01 -9.5363e-02 +9.4500e-02 -2.0810e-01 -5.9594e-01 -5.9274e-01 -4.4785e-01 -7.8106e-01 -3.0999e-01 -7.0687e-01 -5.0079e-02 -7.4975e-01 +2.4173e-01 +1.0996e-04 -1.4753e+00 +1.0358e+00 +1.8857e+00 -5.7099e-01 +3.2661e-01 -3.0642e+00 +2.8633e+00
37 0 +3.859992097e+01 +3.859992097e+01 -1.861007903e+01 -1.861007903e+01 +2.1532e-01 -1.2571e-01 -1.5679e-01 -9.7133e-01 +5.6802e-01 +1.8219e+00 -1.0973e+00 -1.4086e-01 -2.1612e-01 +2.2625e-02 -1.0893e+00 +7.0234e-01 +1.1974e-01 -3.4694e+00 +1.9681e+00 +2.9699e+00 -2.4228e-01 +1.0591e+00 -3.0687e+00 +3.2185e+00
152 0 +3.454789112e+01 +3.454789112e+01 -2.266210888e+01 -2.266210888e+01 +7.6094e-01 +3.7222e-01 +4.3318e-01 -2.6034e-01 -1.2020e-02 -3.6261e+00 -2.9659e+00 -2.5511e+00 -1.3241e+00 -1.7429e-01 +3.7855e+00 +7.1914e-01 +3.9862e-01 -5.3049e-01 -2.0753e+00 +7.4102e+00 +1.5200e+00 +1.0841e+00 -4.6308e+00 -9.0491e-01
165 0 +3.237433152e+01 +3.237433152e+01 -2.483566848e+01 -2.483566848e+01 +8.2393e-01 +2.8603e-01 +4.7774e-01 -1.9889e-01 +1.9807e-01 -4.3907e+00 -2.6373e+00 -2.1575e+00 -1.4653e+00 -2.4443e-01 +4.1174e+00 +3.7268e-01 -7.5475e-02 -8.7216e-01 -2.1257e+00 +7.0951e+00 +8.7936e-01 +9.4232e-01 -4.0272e+00 -1.3290e+00
214 0 +2.986971909e+01 +2.986971909e+01 -2.734028091e+01 -2.734028091e+01 +9.2608e-01 +6.5007e-02 +4.0977e-01 -5.9666e-01 +5.5059e-01 -3.8382e+00 -2.2671e+00 -2.3658e+00 -1.5523e+00 -1.1064e-01 +3.8652e+00 +4.0607e-01 +3.3161e-01 -2.3675e+00 -2.4030e+00 +7.0344e+00 +1.4778e+00 +1.1257e+00 -4.7789e+00 +4.3971e-01
216 0 +2.939533468e+01 +2.939533468e+01 -2.781466532e+01 -2.781466532e+01 +9.1796e-01 +1.4771e-01 +3.8515e-01 -5.6777e-01 +4.1737e-01 -4.5815e+00 -2.4868e+00 -1.8170e+00 -1.7810e+00 -1.0144e-01 +3.9531e+00 +3.3561e-01 +7.3440e-02 -1.9487e+00 -3.0658e+00 +7.1448e+00 +9.3645e-01 +1.1908e+00 -4.1441e+00 -1.8889e-01
% f evaluations | g evaluations | best noise-free fitness - Fopt | noise-free fitness - Fopt (6.626000000000e+01) | measured fitness | best measured fitness | x1 | x2...
1 0 +8.426409085e+01 +8.426409085e+01 +1.505240909e+02 +1.505240909e+02 +0.0000e+00 +0.0000e+00 +0.0000e+00 +0.0000e+00 +0.0000e+00 +0.0000e+00 +0.0000e+00 +0.0000e+00 +0.0000e+00 +0.0000e+00 +0.0000e+00 +0.0000e+00 +0.0000e+00 +0.0000e+00 +0.0000e+00 +0.0000e+00 +0.0000e+00 +0.0000e+00 +0.0000e+00 +0.0000e+00
2 0 +7.220954080e+01 +7.220954080e+01 +1.384695408e+02 +1.384695408e+02 +7.7840e-01 +1.2489e-01 -1.6513e-01 +1.3418e+00 +5.9923e-02 +1.1151e+00 +1.5926e+00 -8.4992e-01 -1.1467e+00 +1.8760e-01 +2.7795e-02 +9.4313e-01 +8.3707e-01 -1.0876e+00 -8.7806e-01 -1.4126e-01 +7.2403e-02 -4.1375e-01 -1.1024e-01 +1.6973e-01
3 0 +6.525217351e+01 +6.525217351e+01 +1.315121735e+02 +1.315121735e+02 +4.6898e-01 -1.3571e+00 +1.7187e+00 -1.5894e-01 +1.1608e+00 +1.4128e+00 +4.9725e-01 -1.3430e+00 -6.1825e-01 -2.6417e-01 -3.1450e-01 +1.9564e+00 -5.8508e-02 -2.2532e+00 +1.0598e+00 +5.9116e-01 +2.2310e-02 +1.1669e-01 -7.5531e-02 +1.1451e-01
5 0 +6.042167203e+01 +6.042167203e+01 +1.266816720e+02 +1.266816720e+02 +6.8236e-01 -3.7856e-01 -1.2223e-01 -6.2339e-01 -3.2668e-01 -1.0420e-01 -1.5017e+00 +9.7553e-01 +1.3746e-02 +8.5023e-02 -2.4337e-01 +1.8919e+00 +2.5459e-01 -4.6305e-01 -5.5231e-01 -1.9337e-01 -1.5424e-02 +8.3413e-01 +1.8728e-01 -8.8233e-02
12 0 +4.888018509e+01 +4.888018509e+01 +1.151401851e+02 +1.151401851e+02 +1.2651e+00 -2.0523e-01 -8.4713e-01 +1.2565e-01 +3.1756e-01 -6.7472e-01 -1.1073e+00 +2.9588e+00 +3.2140e-01 +4.4591e-01 -1.2086e-02 +2.3882e+00 -2.6364e-01 -3.2433e+00 -2.7158e-01 -3.9947e-01 +3.8157e-03 +5.4950e-01 +2.3339e-01 +6.1939e-01
18 0 +3.945365005e+01 +3.945365005e+01 +1.057136500e+02 +1.057136500e+02 -3.7956e-01 -4.8474e-02 +5.3693e-01 -1.0372e+00 +2.9760e+00 -1.1232e+00 -4.0898e+00 +3.4459e+00 +1.3364e+00 +9.2027e-01 +1.2341e-01 +2.1419e-01 -6.7523e-01 -2.6494e+00 +4.9370e-01 -8.8446e-01 -7.6753e-03 +2.3011e+00 +6.8735e-03 +4.6862e-02
672 0 +3.584547048e+01 +3.584547048e+01 +1.021054705e+02 +1.021054705e+02 -5.6505e+00 -1.0268e+00 +6.6940e+00 -1.3849e+00 -3.4855e-01 -2.2808e+00 +2.1340e+00 +4.9786e-01 +2.1632e+00 -4.3681e+00 +1.2436e+00 -2.7732e-03 +4.6947e+00 +5.6265e+00 +4.4520e+00 -2.2636e+00 +1.8336e-01 -4.3733e+00 +6.3383e+00 -1.4299e+00
813 0 +3.478338341e+01 +3.478338341e+01 +1.010433834e+02 +1.010433834e+02 -4.8424e+00 -1.3262e+00 +6.3967e+00 -2.9863e+00 +5.4031e-01 -2.8463e+00 +2.0601e+00 +5.4719e-02 +1.1941e+00 -3.9900e+00 +1.4261e+00 -2.3269e+00 +4.2585e+00 +6.5361e+00 +5.3190e+00 -1.8143e+00 +9.3538e-02 -5.4460e+00 +6.6938e+00 -2.9783e+00
823 0 +3.351896946e+01 +3.351896946e+01 +9.977896946e+01 +9.977896946e+01 -4.8593e+00 -1.3721e+00 +6.3940e+00 -3.2921e+00 +9.0263e-01 -2.7057e+00 +1.7225e+00 +1.1255e-01 +1.4018e+00 -3.6407e+00 +1.4111e+00 -2.7055e+00 +4.2228e+00 +5.5778e+00 +5.7888e+00 -1.7200e+00 +6.8239e-02 -5.6139e+00 +6.7527e+00 -2.8170e+00
847 0 +2.956785925e+01 +2.956785925e+01 +9.582785925e+01 +9.582785925e+01 -4.8665e+00 -8.2876e-01 +6.6442e+00 -2.7206e+00 +9.2974e-01 -2.9178e+00 +2.1077e+00 +2.1486e-01 +1.3338e+00 -3.9998e+00 +1.3829e+00 -1.8966e+00 +4.6015e+00 +4.9043e+00 +5.5126e+00 -1.9325e+00 +9.9486e-02 -5.2345e+00 +6.5690e+00 -3.1918e+00
% f evaluations | g evaluations | best noise-free fitness - Fopt | noise-free fitness - Fopt (-1.386200000000e+02) | measured fitness | best measured fitness | x1 | x2...
1 0 +1.214025725e+02 +1.214025725e+02 -1.721742746e+01 -1.721742746e+01 +0.0000e+00 +0.0000e+00 +0.0000e+00 +0.0000e+00 +0.0000e+00 +0.0000e+00 +0.0000e+00 +0.0000e+00 +0.0000e+00 +0.0000e+00 +0.0000e+00 +0.0000e+00 +0.0000e+00 +0.0000e+00 +0.0000e+00 +0.0000e+00 +0.0000e+00 +0.0000e+00 +0.0000e+00 +0.0000e+00
2 0 +7.366889384e+01 +7.366889384e+01 -6.495110616e+01 -6.495110616e+01 +2.9683e-01 -1.3654e-02 -1.5838e+00 +9.4317e-01 +1.0257e+00 -1.3484e+00 -1.5750e+00 +8.8575e-01 -3.5691e-01 +1.4071e-01 -5.2016e-01 -7.4000e-01 -1.2740e+00 +8.9623e-01 -1.2952e+00 +1.5926e-02 +3.1448e-01 +8.2547e-01 +6.9492e-01 +2.0273e+00
4 0 +5.949945890e+01 +5.949945890e+01 -7.912054110e+01 -7.912054110e+01 -4.0347e-01 -2.5333e-01 -2.0846e+00 +1.7559e+00 -1.3842e+00 +7.7034e-01 +5.8592e+00 +3.0548e-01 -3.3011e+00 -3.1596e-02 +1.8692e+00 -4.0025e-01 +2.2720e-01 -4.3979e-01 +1.4887e+00 -3.9738e-02 +3.7109e-01 +1.6360e+00 -3.3634e-01 +1.7654e+00
15 0 +5.447149187e+01 +5.447149187e+01 -8.414850813e+01 -8.414850813e+01 -8.3293e-01 -1.0673e-01 -2.9241e+00 +1.7486e+00 -1.2412e+00 +1.0102e+00 +3.6873e+00 +1.1454e+00 -8.4069e-01 +5.4578e-03 +1.3874e+00 -2.0100e-01 -4.7240e-01 -4.5745e-01 +2.0372e+00 -1.2697e+00 +2.7963e-01 +2.6594e+00 -4.0760e-01 -7.1792e-01
16 0 +4.890766571e+01 +4.890766571e+01 -8.971233429e+01 -8.971233429e+01 +7.3587e-01 -5.3680e-01 -1.4583e+00 -2.5428e-01 -1.6642e+00 +1.2623e+00 +3.1705e+00 -1.0985e-01 -1.9584e+00 -5.8441e-02 +1.8375e+00 -1.9734e-01 +9.4632e-01 -1.0691e-01 +3.4567e+00 +2.1193e-01 -2.7097e-01 +7.1992e-01 -3.6587e-01 -6.1459e-01
19 0 +3.534797690e+01 +3.534797690e+01 -1.032720231e+02 -1.032720231e+02 -7.9569e-01 -4.7011e-01 -4.1743e+00 +1.6580e+00 -1.5938e+00 +3.4717e-01 +6.0411e+00 +3.4430e-01 -3.9873e+00 -4.6639e-02 +2.2572e+00 -2.0378e-01 -1.4469e+00 +1.3569e-01 +7.0365e-02 -9.9933e-01 +2.9517e-01 +1.1593e+00 -5.9335e-01 +1.7868e+00
% f evaluations | g evaluations | best noise-free fitness - Fopt | noise-free fitness - Fopt (7.313900000000e+02) | measured fitness | best measured fitness | x1 | x2...
1 0 +7.230115064e+01 +7.230115064e+01 +8.036911506e+02 +8.036911506e+02 +0.0000e+00 +0.0000e+00 +0.0000e+00 +0.0000e+00 +0.0000e+00 +0.0000e+00 +0.0000e+00 +0.0000e+00 +0.0000e+00 +0.0000e+00 +0.0000e+00 +0.0000e+00 +0.0000e+00 +0.0000e+00 +0.0000e+00 +0.0000e+00 +0.0000e+00 +0.0000e+00 +0.0000e+00 +0.0000e+00
3 0 +5.707063279e+01 +5.707063279e+01 +7.884606328e+02 +7.884606328e+02 -4.5574e-02 -2.4094e-01 +4.2724e-01 -1.5696e+00 -2.7265e-01 +1.3298e-01 -1.9494e-01 +1.1629e-01 +2.3271e+00 -5.0462e-02 +3.9623e-01 -1.7616e+00 +8.9020e-01 +9.2324e-01 +3.3152e-02 -1.6002e-01 +2.6816e-01 -1.5504e+00 +1.4549e-01 -3.0734e-02
28 0 +4.982014234e+01 +4.982014234e+01 +7.812101423e+02 +7.812101423e+02 +5.7961e-01 +1.5320e-01 -3.6584e-01 -1.1835e+00 +1.2081e+00 -1.9152e+00 -4.4652e-02 +3.1441e-02 +2.8308e+00 +3.5239e-01 +9.4612e-01 -5.4661e+00 +3.1956e+00 +2.8194e-01 +7.2388e-02 -4.6200e-01 +7.2917e-01 +1.3441e+00 -3.8983e+00 +2.6719e-02
109 0 +3.384407353e+01 +3.384407353e+01 +7.652340735e+02 +7.652340735e+02 -5.7428e-01 +1.1843e+00 -5.2605e-01 -6.8170e+00 -1.6871e+00 -2.7583e+00 +2.7318e+00 +1.4182e+00 -1.2299e+00 +1.7877e-01 -1.6900e+00 +1.0884e+00 -5.2293e-01 -3.2971e+00 +1.8064e-01 -1.9928e+00 -1.6361e+00 -7.2916e+00 -3.3136e+00 +4.2218e-02
627 0 +3.030048089e+01 +3.030048089e+01 +7.616904809e+02 +7.616904809e+02 +6.2801e+00 +1.1191e+00 +4.8749e-01 -1.1418e+00 -7.0801e+00 +5.0595e+00 +8.5199e+00 -2.1907e-01 -1.0213e+00 +7.8000e-01 -1.9940e+00 -4.8124e+00 +4.4746e+00 +7.7211e-01 +4.1904e-01 -3.1258e+00 -1.7777e+00 +1.1510e+00 -7.2462e+00 +4.4023e-01
632 0 +2.974273121e+01 +2.974273121e+01 +7.611327312e+02 +7.611327312e+02 +6.2083e+00 +1.1076e+00 +5.2676e-01 -1.1944e+00 -7.1135e+00 +4.8257e+00 +8.5348e+00 -2.3285e-01 -1.0210e+00 +7.9888e-01 -1.9850e+00 -4.8106e+00 +4.4619e+00 +8.0680e-01 +4.1865e-01 -3.1179e+00 -1.8557e+00 +1.0706e+00 -7.1163e+00 +4.3018e-01
657 0 +2.758448399e+01 +2.758448399e+01 +7.589744840e+02 +7.589744840e+02 +6.0114e+00 +1.1510e+00 +5.4047e-01 -1.3764e+00 -7.0131e+00 +4.9810e+00 +8.3998e+00 -2.5059e-01 -1.2685e+00 +7.8283e-01 -1.9731e+00 -4.8031e+00 +4.4421e+00 +6.8668e-01 +4.2078e-01 -3.1182e+00 -1.7909e+00 +1.1213e+00 -7.4622e+00 +4.3604e-01
788 0 +2.747673684e+01 +2.747673684e+01 +7.588667368e+02 +7.588667368e+02 +6.3790e+00 +1.1295e+00 +5.0390e-01 -1.3808e+00 -7.1082e+00 +4.6400e+00 +8.4625e+00 -2.6030e-01 -1.1269e+00 +8.0874e-01 -1.8967e+00 -4.8973e+00 +4.4996e+00 +6.5922e-01 +4.1802e-01 -3.0678e+00 -1.7785e+00 +1.1223e+00 -7.2677e+00 +4.1500e-01
819 0 +2.612103055e+01 +2.612103055e+01 +7.575110306e+02 +7.575110306e+02 +6.3052e+00 +1.1433e+00 +4.9462e-01 -1.3191e+00 -7.1063e+00 +4.8027e+00 +8.4293e+00 -2.5412e-01 -1.0643e+00 +8.1531e-01 -1.9238e+00 -4.8666e+00 +4.4944e+00 +6.1899e-01 +4.1645e-01 -3.0736e+00 -1.8147e+00 +1.0955e+00 -7.2853e+00 +4.1480e-01
858 0 +2.561778102e+01 +2.561778102e+01 +7.570077810e+02 +7.570077810e+02 +6.3028e+00 +1.1318e+00 +4.8951e-01 -1.3586e+00 -7.1409e+00 +4.6862e+00 +8.3792e+00 -2.6789e-01 -1.0672e+00 +8.1387e-01 -1.9595e+00 -4.9047e+00 +4.4298e+00 +6.4747e-01 +4.2004e-01 -3.0657e+00 -1.7902e+00 +1.0362e+00 -7.2341e+00 +4.0409e-01
% f evaluations | g evaluations | best noise-free fitness - Fopt | noise-free fitness - Fopt (7.526000000000e+01) | measured fitness | best measured fitness | x1 | x2...
1 0 +5.694724158e+01 +5.694724158e+01 +1.322072416e+02 +1.322072416e+02 +0.0000e+00 +0.0000e+00 +0.0000e+00 +0.0000e+00 +0.0000e+00 +0.0000e+00 +0.0000e+00 +0.0000e+00 +0.0000e+00 +0.0000e+00 +0.0000e+00 +0.0000e+00 +0.0000e+00 +0.0000e+00 +0.0000e+00 +0.0000e+00 +0.0000e+00 +0.0000e+00 +0.0000e+00 +0.0000e+00
3 0 +5.026861821e+01 +5.026861821e+01 +1.255286182e+02 +1.255286182e+02 -2.1371e+00 +1.3558e+00 -8.1966e-02 +8.1938e-01 +1.3637e-01 +4.0686e-01 +3.8916e+00 +7.6760e-01 +4.5995e-01 -5.1891e+00 -8.6087e-01 -8.3404e-03 +5.3626e-01 +5.3288e-03 -2.4150e+00 +5.5477e-01 +1.6845e-01 -5.0992e-01 -1.4687e-02 -3.7361e-01
10 0 +3.969282182e+01 +3.969282182e+01 +1.149528218e+02 +1.149528218e+02 -2.4330e+00 -6.9633e-01 +5.6481e-01 -4.9799e-01 -7.3928e-02 -2.9865e-01 -2.0518e+00 +2.8149e-01 +5.3926e-01 +4.5565e+00 -1.2535e+00 +1.0919e-01 -2.4397e-01 +2.3848e-01 -8.0199e-01 +1.5622e+00 -1.7283e-02 +5.7320e-01 -9.6221e-01 -2.6288e-01
175 0 +3.492894870e+01 +3.492894870e+01 +1.101889487e+02 +1.101889487e+02 +5.0708e+00 +4.2542e+00 +5.5664e-02 +1.9352e+00 -7.2684e-01 -3.7017e+00 +5.4875e+00 -1.4442e+00 +1.6745e+00 +1.7065e-01 -6.0852e-01 +1.0808e+00 +2.4653e+00 -6.3461e-01 +6.4641e+00 +3.3315e+00 +3.5714e-01 -1.6324e+00 -2.0570e-02 -1.8522e+00
611 0 +3.422375687e+01 +3.422375687e+01 +1.094837569e+02 +1.094837569e+02 +4.5066e+00 -2.6267e-01 +1.3185e+00 +1.6758e+00 -8.7346e-01 -3.7711e+00 +1.8569e-01 -2.0710e+00 +1.8927e+00 +3.2938e+00 +1.8606e+00 +1.7600e+00 +6.4328e-01 +2.2498e-01 +9.5381e+00 -3.7895e+00 -4.6822e-01 -5.8803e-01 -6.0481e-01 -2.4210e+00
759 0 +3.044003517e+01 +3.044003517e+01 +1.057000352e+02 +1.057000352e+02 +5.6425e+00 -2.5797e+00 +1.6087e+00 -1.2536e+00 -1.2419e+00 -4.4320e+00 +6.2382e+00 -1.2388e+00 +2.2759e+00 +1.2401e+00 +5.9059e-01 +2.0452e+00 +2.8258e-01 +1.0291e+00 +6.1997e+00 -4.2106e+00 -3.8266e-01 -1.2361e+00 -9.6094e-01 -1.9325e+00
764 0 +2.939055110e+01 +2.939055110e+01 +1.046505511e+02 +1.046505511e+02 +5.4398e+00 -2.9490e+00 +1.5169e+00 -1.3434e+00 -1.2348e+00 -4.3999e+00 +5.8774e+00 -1.2447e+00 +2.1993e+00 +1.3290e+00 +4.4230e-01 +2.2561e+00 +2.2966e-01 +9.8599e-01 +6.1695e+00 -4.1806e+00 -2.1066e-01 -1.2168e+00 -1.1938e+00 -1.9856e+00
779 0 +2.400321285e+01 +2.400321285e+01 +9.926321285e+01 +9.926321285e+01 +5.8006e+00 -2.0736e+00 +1.2577e+00 -1.0687e+00 -1.1713e+00 -4.2866e+00 +6.1405e+00 -1.5398e+00 +2.2259e+00 +1.5324e+00 +5.8175e-01 +2.2587e+00 +1.9767e-01 +7.2603e-01 +5.8176e+00 -4.2375e+00 -2.4254e-01 -1.0953e+00 -8.0619e-01 -1.9675e+00
% f evaluations | g evaluations | best noise-free fitness - Fopt | noise-free fitness - Fopt (-4.913000000000e+01) | measured fitness | best measured fitness | x1 | x2...
1 0 +6.084313915e+01 +6.084313915e+01 +1.171313915e+01 +1.171313915e+01 +0.0000e+00 +0.0000e+00 +0.0000e+00 +0.0000e+00 +0.0000e+00 +0.0000e+00 +0.0000e+00 +0.0000e+00 +0.0000e+00 +0.0000e+00 +0.0000e+00 +0.0000e+00 +0.0000e+00 +0.0000e+00 +0.0000e+00 +0.0000e+00 +0.0000e+00 +0.0000e+00 +0.0000e+00 +0.0000e+00
6 0 +4.757061692e+01 +4.757061692e+01 -1.559383080e+00 -1.559383080e+00 -6.1269e-01 -1.2399e+00 -7.0974e-02 +2.6273e-01 -1.4461e-01 +3.4160e-01 +2.4315e-01 +1.6059e+00 +9.4538e-01 +1.8795e-01 +3.3090e-03 -1.7114e+00 -1.1154e-01 -9.7214e-01 +3.3343e-01 -3.3182e-01 +4.4603e-01 -5.4230e-01 -8.5624e-02 +4.1659e-01
24 0 +4.439167714e+01 +4.439167714e+01 -4.738322856e+00 -4.738322856e+00 +2.5694e-01 -2.0618e+00 +2.7960e-01 +8.0209e-01 -1.9977e-01 -3.6388e-01 -6.3417e-02 -1.5068e+00 +2.7146e-01 -1.1643e-01 -2.3941e-03 -1.9675e+00 -1.7151e-01 -8.5530e-01 +4.0005e-01 -3.2517e+00 +9.4137e-01 +7.7891e-01 +1.5708e-01 +6.7459e-01
25 0 +2.690200909e+01 +2.690200909e+01 -2.222799091e+01 -2.222799091e+01 +2.7244e-01 -1.5366e+00 +4.3104e-02 -5.6681e-01 +1.8040e-01 +8.3289e-02 -3.5946e-01 -1.4086e+00 +1.5632e+00 -1.0773e-01 -4.5500e-03 -2.0815e+00 -2.9319e-01 -1.5988e+00 +3.1890e-01 -4.1324e+00 +7.7274e-01 +4.0155e-01 -5.0657e-02 +7.8039e-01
632 0 +2.621231360e+01 +2.621231360e+01 -2.291768640e+01 -2.291768640e+01 -8.6893e-01 -8.5038e-01 +4.6210e-01 +7.8601e-01 -3.1069e-01 -3.5456e+00 -5.7178e-01 +1.3925e+00 -3.6260e+00 -1.1144e+00 -2.4245e-02 +8.6635e+00 +5.8156e-01 -6.0470e-01 -1.3199e+00 -4.7910e+00 +1.2863e+00 +3.7673e+00 +7.8375e-01 +1.1814e+00
637 0 +2.481958213e+01 +2.481958213e+01 -2.431041787e+01 -2.431041787e+01 -8.5144e-01 -8.2077e-01 +4.4620e-01 +7.3811e-01 -3.0689e-01 -3.4962e+00 -5.8224e-01 +1.4397e+00 -3.6398e+00 -1.1134e+00 -2.4132e-02 +8.6718e+00 +5.8168e-01 -6.3008e-01 -1.3085e+00 -4.7075e+00 +1.2929e+00 +3.7362e+00 +7.8628e-01 +1.1310e+00
% f evaluations | g evaluations | best noise-free fitness - Fopt | noise-free fitness - Fopt (-1.418900000000e+02) | measured fitness | best measured fitness | x1 | x2...
1 0 +4.494312855e+01 +4.494312855e+01 -9.694687145e+01 -9.694687145e+01 +0.0000e+00 +0.0000e+00 +0.0000e+00 +0.0000e+00 +0.0000e+00 +0.0000e+00 +0.0000e+00 +0.0000e+00 +0.0000e+00 +0.0000e+00 +0.0000e+00 +0.0000e+00 +0.0000e+00 +0.0000e+00 +0.0000e+00 +0.0000e+00 +0.0000e+00 +0.0000e+00 +0.0000e+00 +0.0000e+00
17 0 +3.636986377e+01 +3.636986377e+01 -1.055201362e+02 -1.055201362e+02 -1.5871e-02 +6.3555e-01 -3.5766e-01 +2.1643e-01 -9.8007e-02 +3.3463e+00 -4.0850e-01 -4.6264e-01 +2.9124e-02 +2.5344e-02 +1.2121e+00 -5.2970e-01 -4.7265e-01 -6.0829e-02 -2.8404e-02 +4.6505e-01 -2.1548e+00 +9.6994e-01 -8.5872e-02 +4.3918e-01
156 0 +3.063298778e+01 +3.063298778e+01 -1.112570122e+02 -1.112570122e+02 +3.7311e-01 +2.2857e+00 -1.0820e+00 -2.4296e+00 -1.0004e+00 -5.8682e-01 +8.0354e-01 -3.7773e-01 -3.3421e-02 +4.5650e-02 +2.0024e+00 -3.9018e+00 +4.3211e-01 -1.1343e+00 +8.2441e-02 +1.4781e+00 -2.6804e+00 +4.3083e-01 +1.1278e+00 +4.5617e-01
162 0 +2.272577026e+01 +2.272577026e+01 -1.191642297e+02 -1.191642297e+02 +1.0643e+00 +1.9510e+00 -1.3529e+00 -2.4854e+00 -1.2428e+00 +8.2308e-02 +2.2670e+00 -3.7733e-01 +7.3321e-02 -1.6227e-02 +1.9936e+00 -4.0032e+00 +6.0391e-01 -9.4360e-01 +9.2796e-02 +1.8302e+00 -3.4910e+00 +6.4418e-01 +1.0297e+00 +4.7464e-01
% f evaluations | g evaluations | best noise-free fitness - Fopt | noise-free fitness - Fopt (1.095700000000e+02) | measured fitness | best measured fitness | x1 | x2...
1 0 +1.099459860e+02 +1.099459860e+02 +2.195159860e+02 +2.195159860e+02 +0.0000e+00 +0.0000e+00 +0.0000e+00 +0.0000e+00 +0.0000e+00 +0.0000e+00 +0.0000e+00 +0.0000e+00 +0.0000e+00 +0.0000e+00 +0.0000e+00 +0.0000e+00 +0.0000e+00 +0.0000e+00 +0.0000e+00 +0.0000e+00 +0.0000e+00 +0.0000e+00 +0.0000e+00 +0.0000e+00
2 0 +1.043514529e+02 +1.043514529e+02 +2.139214529e+02 +2.139214529e+02 -9.1873e-03 -5.9868e-01 -1.0160e+00 +4.5615e-02 -7.0271e-01 +7.4868e-01 +5.4056e-01 -4.4958e-01 -7.2198e-01 +7.8473e-02 +2.6173e-02 -3.8170e-01 +3.2938e-01 +3.4949e-01 +2.1738e-02 +5.8180e-01 +4.7862e-01 +7.3743e-01 +5.4995e-01 -1.2327e+00
3 0 +8.939733532e+01 +8.939733532e+01 +1.989673353e+02 +1.989673353e+02 -2.9356e-02 -6.2431e-02 -1.7593e+00 +9.7033e-02 +4.9091e-01 -4.0479e+00 +5.0139e-01 -4.5207e-02 +5.0257e-01 -2.5189e-03 +3.9899e-02 +4.9734e-01 +8.4011e-02 +3.6910e+00 -4.2168e-01 +1.0423e+00 -2.3060e-01 -9.6265e-01 +4.9139e-01 +1.3499e+00
5 0 +8.400346912e+01 +8.400346912e+01 +1.935734691e+02 +1.935734691e+02 +1.5401e-02 -1.3085e-01 +1.0226e+00 +3.2423e-02 -8.1447e-01 -4.9619e+00 +3.1606e-01 +3.4593e-01 -1.5287e+00 -2.2738e-01 -5.5086e-02 +6.1603e-01 -1.1181e+00 +1.0664e+00 -2.1170e-02 -6.0111e-01 +3.2383e-01 -3.8351e-02 -1.4907e+00 -1.0494e+00
7 0 +5.293403452e+01 +5.293403452e+01 +1.625040345e+02 +1.625040345e+02 -8.1006e-02 +1.9760e-01 -3.0677e+00 -3.6617e-02 -1.4857e-01 +1.6803e+00 +2.0588e-01 +4.0748e-01 +1.3133e-01 +1.0098e-01 +6.3305e-03 +1.0839e+00 -1.3078e-01 +3.3966e-01 -7.9207e-01 +1.8889e-01 +9.0665e-01 +3.8854e-01 +1.3302e+00 +1.9526e+00
15 0 +4.048483444e+01 +4.048483444e+01 +1.500548344e+02 +1.500548344e+02 -5.1741e-03 +3.6085e-01 -8.4945e-01 +3.3129e-02 -2.1711e-01 +5.7078e+00 -4.2690e-01 -7.9751e-02 -1.2949e+00 -1.9953e-01 +1.3034e-03 +1.0462e+00 +5.4480e-01 -1.4971e-01 -5.2608e-01 -6.7833e-01 +1.5820e-01 -3.3292e-01 +1.1000e+00 -2.1199e+00
90 0 +3.943824517e+01 +3.943824517e+01 +1.490082452e+02 +1.490082452e+02 +1.8090e-02 -4.4270e-01 +1.4335e+00 +1.4170e-01 +2.6680e-01 +5.1248e+00 -1.0458e+00 -5.4671e-01 -5.0610e-03 -5.2162e-01 +9.5308e-02 +1.0684e+00 -3.8299e-01 +1.1294e+00 -1.8967e-01 +1.1378e+00 -9.4487e-01 -5.8893e-01 +7.9241e-01 -4.5180e+00
102 0 +3.201209719e+01 +3.201209719e+01 +1.415820972e+02 +1.415820972e+02 -2.9789e-02 -6.2710e-01 +1.6646e+00 +1.5702e-01 +6.3634e-01 +5.8697e+00 -1.1434e+00 -6.1514e-01 -1.9703e-01 -4.5978e-01 -1.7016e-02 +1.3534e+00 -3.5157e-01 +1.2920e+00 +1.6544e-02 +1.5975e+00 -9.3351e-01 -2.7224e-01 -1.4859e-01 -3.8041e+00
118 0 +2.662905998e+01 +2.662905998e+01 +1.361990600e+02 +1.361990600e+02 -3.9196e-03 -6.6703e-01 +1.9005e+00 +2.1309e-01 +5.1032e-01 +5.3356e+00 -1.3467e+00 -5.7344e-01 -5.8154e-01 -5.7721e-01 +5.9349e-03 +1.3593e+00 -1.3930e-01 +1.1493e+00 +1.4519e-01 +1.5161e+00 -9.0204e-01 -8.2283e-02 +3.0536e-02 -3.6969e+00
289 0 +2.605145921e+01 +2.605145921e+01 +1.356214592e+02 +1.356214592e+02 +2.9148e-03 -2.4974e-01 +2.8470e+00 +1.0619e-01 +1.3671e+00 +5.0636e+00 -1.9031e+00 -1.8642e-01 -8.9866e-01 -6.4525e-01 +6.8916e-02 +1.0677e+00 -1.3361e+00 +2.7210e+00 +5.1720e-01 +1.5500e+00 -1.5563e+00 +2.9925e-01 -7.8776e-01 -5.3656e+00
307 0 +2.383848469e+01 +2.383848469e+01 +1.334084847e+02 +1.334084847e+02 +2.1431e-02 -2.3109e-01 +4.2046e+00 +8.2904e-02 +8.7656e-01 +4.5651e+00 -1.9823e+00 -3.9935e-01 -9.5080e-01 -7.2391e-01 +5.8831e-02 +1.0012e+00 -1.3166e+00 +2.2890e+00 +7.8421e-01 +1.7855e+00 -1.2475e+00 +3.0036e-01 -7.8837e-01 -5.2789e+00
327 0 +2.312222164e+01 +2.312222164e+01 +1.326922216e+02 +1.326922216e+02 +1.5007e-02 -2.9485e-01 +3.9376e+00 +1.2501e-01 +1.0750e+00 +4.7680e+00 -2.2593e+00 -2.6516e-01 -1.0079e+00 -7.3197e-01 +9.4871e-02 +6.9818e-01 -1.3078e+00 +2.7138e+00 +5.1878e-01 +1.7249e+00 -9.5568e-01 +5.9667e-01 -8.2338e-01 -5.1467e+00
359 0 +2.118673701e+01 +2.118673701e+01 +1.307567370e+02 +1.307567370e+02 -3.7774e-02 -2.2215e-01 +3.8401e+00 +6.1151e-02 +6.4207e-01 +4.9735e+00 -2.0811e+00 -2.2949e-01 -1.1113e+00 -7.3919e-01 +2.0991e-02 +7.4320e-01 -1.2464e+00 +2.8403e+00 +6.9016e-01 +1.4664e+00 -1.3201e+00 +3.3454e-01 -7.1902e-01 -4.9208e+00
363 0 +1.931411893e+01 +1.931411893e+01 +1.288841189e+02 +1.288841189e+02 -4.1143e-02 -1.1704e-01 +3.8357e+00 +5.6839e-02 +6.2298e-01 +4.6977e+00 -2.1450e+00 -3.1415e-01 -1.1317e+00 -7.1534e-01 +3.1609e-02 +6.8427e-01 -1.3969e+00 +3.2968e+00 +6.1466e-01 +1.3304e+00 -1.2023e+00 +3.8373e-01 -9.5880e-01 -5.0845e+00
371 0 +1.841822872e+01 +1.841822872e+01 +1.279882287e+02 +1.279882287e+02 -6.1960e-02 -2.3003e-01 +3.8409e+00 +6.3213e-02 +5.4948e-01 +5.1966e+00 -2.0360e+00 -2.8824e-01 -1.0553e+00 -7.5974e-01 +3.0209e-02 +6.9896e-01 -1.3639e+00 +2.7406e+00 +5.8239e-01 +1.3422e+00 -1.2238e+00 +5.3281e-01 -1.0368e+00 -4.8665e+00
991 0 +1.603545519e+01 +1.603545519e+01 +1.256054552e+02 +1.256054552e+02 -4.4794e-02 -2.4004e-01 +4.2495e+00 +2.2505e-02 +1.0135e+00 +4.1244e+00 -8.2756e-01 -2.5333e-01 -2.1512e+00 -6.4184e-01 -1.0538e-02 +1.4001e+00 -1.0892e+00 +5.9895e+00 +6.0596e-01 +3.0475e-01 -2.6702e+00 -1.7165e+00 -8.5785e-01 -5.1323e+00
% f evaluations | g evaluations | best noise-free fitness - Fopt | noise-free fitness - Fopt (7.836000000000e+01) | measured fitness | best measured fitness | x1 | x2...
1 0 +3.972104146e+01 +3.972104146e+01 +1.180810415e+02 +1.180810415e+02 +0.0000e+00 +0.0000e+00 +0.0000e+00 +0.0000e+00 +0.0000e+00 +0.0000e+00 +0.0000e+00 +0.0000e+00 +0.0000e+00 +0.0000e+00 +0.0000e+00 +0.0000e+00 +0.0000e+00 +0.0000e+00 +0.0000e+00 +0.0000e+00 +0.0000e+00 +0.0000e+00 +0.0000e+00 +0.0000e+00
69 0 +3.741228340e+01 +3.741228340e+01 +1.157722834e+02 +1.157722834e+02 +2.5860e+00 +1.0595e+00 +7.6656e-02 +2.3170e-01 +3.7469e+00 +2.2730e+00 -8.9622e-02 -7.1759e-01 -5.2284e-01 +2.2543e+00 +9.0415e-02 -2.3336e+00 -2.9193e+00 +1.2147e+00 +4.4033e+00 -4.5597e-01 -1.0316e-02 +1.9973e+00 +4.7936e-01 -3.5553e-02
144 0 +3.107544843e+01 +3.107544843e+01 +1.094354484e+02 +1.094354484e+02 +1.0048e+00 +2.8860e+00 -1.8324e-01 +1.3167e-01 +5.7458e+00 +3.3936e+00 -3.3230e-01 -6.8091e-01 -8.2191e-01 +6.2157e+00 +2.8291e-01 -4.5968e+00 -2.4005e+00 +1.2484e+00 +7.0762e+00 -7.3739e-01 +6.1124e-01 +3.0559e+00 +3.8909e-01 -2.3810e-02
179 0 +2.725918006e+01 +2.725918006e+01 +1.056191801e+02 +1.056191801e+02 +8.2835e-01 +2.9324e+00 -3.1235e-01 +9.1208e-02 +6.1451e+00 +3.1892e+00 -3.9123e-01 -7.2415e-01 -1.0052e+00 +6.0336e+00 +2.3333e-01 -4.8979e+00 -2.4162e+00 -2.4660e-01 +6.3718e+00 -6.4600e-01 +7.1107e-01 +2.5290e+00 +6.1010e-02 -9.0160e-03
255 0 +2.517964536e+01 +2.517964536e+01 +1.035396454e+02 +1.035396454e+02 +9.4465e-01 +2.2659e+00 -2.4905e-01 +5.0544e-02 +6.0823e+00 +3.8705e+00 -3.0770e-01 -9.4099e-01 -9.4332e-01 +6.0915e+00 +2.1787e-01 -4.6814e+00 -2.3525e+00 -1.7480e-01 +6.3146e+00 -6.2531e-01 +5.4430e-01 +3.0425e+00 +2.2822e-01 -1.2614e-02
285 0 +2.291671791e+01 +2.291671791e+01 +1.012767179e+02 +1.012767179e+02 +7.7876e-01 +2.0961e+00 -2.2093e-01 +3.5398e-02 +6.2845e+00 +4.2440e+00 -1.7280e-01 -9.2259e-01 -8.6583e-01 +5.9016e+00 +1.5096e-01 -4.5981e+00 -3.1079e+00 -2.6349e-02 +6.1928e+00 -5.9586e-01 +5.6055e-01 +3.1198e+00 +1.7694e-01 -8.3979e-03
308 0 +2.245152041e+01 +2.245152041e+01 +1.008115204e+02 +1.008115204e+02 +8.5522e-01 +2.2238e+00 -3.3749e-01 +3.7647e-02 +6.2634e+00 +4.3164e+00 -2.1596e-01 -1.0298e+00 -9.2913e-01 +5.7198e+00 +1.7762e-01 -4.7076e+00 -2.9178e+00 -6.5225e-02 +6.6626e+00 -6.0223e-01 +5.7012e-01 +2.8513e+00 +1.8430e-01 -7.7981e-03
314 0 +2.002748086e+01 +2.002748086e+01 +9.838748086e+01 +9.838748086e+01 +8.4542e-01 +2.0624e+00 -4.2786e-01 +4.0278e-02 +6.2701e+00 +4.4352e+00 -2.3054e-01 -1.0540e+00 -9.4406e-01 +5.6046e+00 +1.4706e-01 -4.5836e+00 -2.8419e+00 -5.7943e-02 +6.4293e+00 -6.0749e-01 +5.3348e-01 +2.7979e+00 +1.8432e-01 -1.0221e-02
335 0 +1.741460246e+01 +1.741460246e+01 +9.577460246e+01 +9.577460246e+01 +8.7079e-01 +1.9619e+00 -3.8803e-01 +4.2504e-02 +6.5355e+00 +4.4323e+00 -2.0453e-01 -9.4618e-01 -9.0276e-01 +5.8204e+00 +1.2628e-01 -4.4468e+00 -2.4342e+00 +3.6250e-02 +6.2644e+00 -6.8616e-01 +5.9208e-01 +2.6784e+00 +8.8913e-02 -7.1728e-03
371 0 +1.659076960e+01 +1.659076960e+01 +9.495076960e+01 +9.495076960e+01 +6.5358e-01 +2.0332e+00 -3.6885e-01 +4.5091e-02 +6.6446e+00 +4.6463e+00 -1.9603e-01 -9.4073e-01 -8.4924e-01 +5.7363e+00 +9.1693e-02 -4.3080e+00 -2.7981e+00 -2.4668e-01 +6.1720e+00 -7.1497e-01 +6.3670e-01 +2.9536e+00 +7.6882e-02 -1.0589e-02
410 0 +1.530803488e+01 +1.530803488e+01 +9.366803488e+01 +9.366803488e+01 +6.5236e-01 +1.9456e+00 -3.9307e-01 +5.5953e-02 +6.7570e+00 +4.1572e+00 -7.8834e-02 -9.0348e-01 -8.6835e-01 +5.7752e+00 +1.0575e-01 -4.5121e+00 -2.4848e+00 -1.4314e-01 +6.2638e+00 -7.0519e-01 +6.8978e-01 +2.9210e+00 +1.7372e-01 -1.3355e-02
435 0 +1.452034138e+01 +1.452034138e+01 +9.288034138e+01 +9.288034138e+01 +6.4151e-01 +1.8340e+00 -3.6717e-01 +5.1155e-02 +6.6687e+00 +4.4802e+00 -1.0894e-01 -8.9389e-01 -8.5948e-01 +5.5924e+00 +1.3095e-01 -4.6249e+00 -2.4112e+00 -1.1737e-01 +6.0746e+00 -6.8238e-01 +6.2188e-01 +2.8744e+00 +1.8093e-01 -1.4810e-02
452 0 +1.422985506e+01 +1.422985506e+01 +9.258985506e+01 +9.258985506e+01 +7.1004e-01 +1.9558e+00 -3.3360e-01 +4.9528e-02 +6.6808e+00 +4.2371e+00 -1.1051e-01 -8.7655e-01 -8.5658e-01 +5.7858e+00 +1.2226e-01 -4.4341e+00 -2.4221e+00 -1.7371e-01 +6.2172e+00 -6.3721e-01 +5.8042e-01 +2.7550e+00 +1.7863e-01 -1.2391e-02
578 0 +1.241891845e+01 +1.241891845e+01 +9.077891845e+01 +9.077891845e+01 +4.8914e-01 +1.8421e+00 -6.8673e-02 +2.2589e-02 +6.4869e+00 +4.8627e+00 -2.7783e-01 -1.1504e+00 -8.4714e-01 +5.6835e+00 +9.6857e-02 -4.4856e+00 -2.6984e+00 -3.8100e-02 +6.0609e+00 -6.2690e-01 +6.2487e-01 +2.9165e+00 +1.2731e-01 -8.2742e-03
617 0 +1.071976832e+01 +1.071976832e+01 +8.907976832e+01 +8.907976832e+01 +5.0298e-01 +1.8762e+00 -6.0601e-03 +1.6788e-02 +6.4157e+00 +4.4963e+00 -2.7940e-01 -1.2080e+00 -8.6798e-01 +5.7454e+00 +3.2461e-02 -4.4331e+00 -2.4910e+00 -1.1557e-01 +5.9755e+00 -6.2126e-01 +5.5317e-01 +2.6391e+00 +5.7140e-02 -8.1760e-03
% f evaluations | g evaluations | best noise-free fitness - Fopt | noise-free fitness - Fopt (1.140900000000e+02) | measured fitness | best measured fitness | x1 | x2...
1 0 +6.229416661e+01 +6.229416661e+01 +1.763841666e+02 +1.763841666e+02 +0.0000e+00 +0.0000e+00 +0.0000e+00 +0.0000e+00 +0.0000e+00 +0.0000e+00 +0.0000e+00 +0.0000e+00 +0.0000e+00 +0.0000e+00 +0.0000e+00 +0.0000e+00 +0.0000e+00 +0.0000e+00 +0.0000e+00 +0.0000e+00 +0.0000e+00 +0.0000e+00 +0.0000e+00 +0.0000e+00
13 0 +4.811771037e+01 +4.811771037e+01 +1.622077104e+02 +1.622077104e+02 +2.6872e-02 -3.2354e-01 +3.0255e-02 +1.4253e+00 -1.0532e+00 -4.8254e-01 +1.5592e-01 -8.0856e-01 +4.8834e-02 -8.1870e-01 +3.8155e-02 +6.5970e-02 +4.3528e-02 +1.3019e-01 +1.0962e+00 -8.1101e-01 +8.1677e-01 +2.7665e-01 +1.3575e-02 +1.2214e+00
17 0 +4.344800695e+01 +4.344800695e+01 +1.575380070e+02 +1.575380070e+02 -1.2290e-01 -1.6121e+00 -1.9622e+00 +2.5872e-01 -1.6309e+00 +1.4249e-01 -6.0568e-02 +5.3262e-01 -2.1764e-01 -5.6611e-01 -1.7799e-01 +7.8392e-03 -5.6628e-01 +5.6295e-02 +9.6020e-01 -1.3593e+00 +8.3626e-01 +3.1472e-01 +3.3200e-02 +3.3004e-01
195 0 +3.363590661e+01 +3.363590661e+01 +1.477259066e+02 +1.477259066e+02 -3.7573e+00 +5.5448e+00 +1.2493e-01 -1.2662e+00 -5.4355e+00 -4.0937e-01 -5.9130e-01 +1.7364e+00 -1.1131e+00 -2.6206e+00 -5.7714e-01 -1.1235e-01 -1.8010e+00 +6.1243e-01 +7.4347e+00 -2.1924e+00 +6.8265e-01 -9.2565e-01 +4.3470e-02 -7.7678e-01
276 0 +3.060541174e+01 +3.060541174e+01 +1.446954117e+02 +1.446954117e+02 -3.3799e+00 +4.0769e+00 +6.6753e-01 -2.2496e+00 -5.8396e+00 -1.6815e-01 -2.4184e-01 +6.0058e-01 -1.0116e+00 -1.9167e+00 -6.6048e-01 -1.1868e-01 -1.4061e+00 +3.1698e-01 +5.2858e+00 -5.0744e+00 -6.5863e-02 +5.6279e-02 +3.1287e-02 -1.1403e+00
420 0 +2.825190233e+01 +2.825190233e+01 +1.423419023e+02 +1.423419023e+02 -2.2719e+00 +4.4492e+00 +1.6924e+00 -2.7523e+00 -3.8059e+00 -7.7686e-01 -8.2843e-01 +2.0778e-01 -1.0409e+00 -4.5779e+00 -6.1723e-01 -1.4245e-01 -1.3631e+00 +3.6318e-01 +6.1752e+00 -4.9843e+00 +9.9882e-01 +6.6702e-01 +6.3504e-03 -9.2298e-01
422 0 +2.804799656e+01 +2.804799656e+01 +1.421379966e+02 +1.421379966e+02 -2.1667e+00 +4.2511e+00 +1.7554e+00 -2.5885e+00 -3.5999e+00 -8.0600e-01 -6.5014e-01 -4.4657e-02 -1.0216e+00 -4.4960e+00 -6.2689e-01 -1.4410e-01 -1.3513e+00 +3.9042e-01 +6.1419e+00 -5.1559e+00 +8.4469e-01 +5.4499e-01 +7.6573e-03 -1.1146e+00
426 0 +2.505203806e+01 +2.505203806e+01 +1.391420381e+02 +1.391420381e+02 -2.3882e+00 +4.0660e+00 +1.6376e+00 -2.3924e+00 -3.8483e+00 -7.9451e-01 -6.8308e-01 +6.3382e-02 -9.9997e-01 -4.4978e+00 -5.9532e-01 -1.4557e-01 -1.3754e+00 +3.9237e-01 +6.2379e+00 -5.0566e+00 +1.1182e+00 +4.8931e-01 +9.5154e-03 -1.0104e+00
436 0 +2.410019885e+01 +2.410019885e+01 +1.381901988e+02 +1.381901988e+02 -2.4478e+00 +4.5693e+00 +1.8720e+00 -2.5387e+00 -4.0604e+00 -6.4140e-01 -8.1398e-01 +1.7696e-02 -9.4736e-01 -4.3373e+00 -6.4706e-01 -1.5040e-01 -1.3961e+00 +3.8176e-01 +6.2721e+00 -5.2580e+00 +9.3118e-01 +4.8936e-01 +1.1529e-02 -9.2168e-01
442 0 +2.324880149e+01 +2.324880149e+01 +1.373388015e+02 +1.373388015e+02 -2.2996e+00 +4.6371e+00 +1.9546e+00 -2.3688e+00 -3.9296e+00 -6.2900e-01 -7.8806e-01 +6.3135e-02 -9.2334e-01 -4.3940e+00 -6.0714e-01 -1.4475e-01 -1.3778e+00 +3.8850e-01 +6.1535e+00 -5.1913e+00 +1.2293e+00 +4.4943e-01 +9.5154e-03 -1.0992e+00
485 0 +2.198346547e+01 +2.198346547e+01 +1.360734655e+02 +1.360734655e+02 -2.6444e+00 +4.7630e+00 +1.8184e+00 -2.3545e+00 -4.2689e+00 -6.8436e-01 -7.9944e-01 +2.0313e-01 -9.3631e-01 -4.4577e+00 -5.8680e-01 -1.4757e-01 -1.4156e+00 +4.1640e-01 +6.0421e+00 -5.1556e+00 +1.3289e+00 +4.3183e-01 +1.2133e-02 -1.0971e+00
487 0 +2.185259011e+01 +2.185259011e+01 +1.359425901e+02 +1.359425901e+02 -2.5662e+00 +4.9367e+00 +1.8236e+00 -2.4082e+00 -4.1434e+00 -7.9641e-01 -7.8453e-01 +1.0936e-01 -9.4798e-01 -4.3523e+00 -5.9371e-01 -1.4489e-01 -1.3995e+00 +4.0012e-01 +6.1272e+00 -5.1486e+00 +1.2038e+00 +3.2475e-01 +1.2514e-02 -1.1304e+00
490 0 +1.987286697e+01 +1.987286697e+01 +1.339628670e+02 +1.339628670e+02 -2.3748e+00 +4.8039e+00 +1.8601e+00 -2.5202e+00 -4.1229e+00 -7.3857e-01 -8.1628e-01 +3.5464e-02 -9.2528e-01 -4.4180e+00 -5.8827e-01 -1.4555e-01 -1.4188e+00 +4.0172e-01 +6.0753e+00 -4.9498e+00 +1.2640e+00 +3.1464e-01 +1.1550e-02 -1.1599e+00
497 0 +1.862693382e+01 +1.862693382e+01 +1.327169338e+02 +1.327169338e+02 -2.3685e+00 +4.8764e+00 +1.8516e+00 -2.4933e+00 -4.1383e+00 -8.1382e-01 -8.1182e-01 +1.1731e-01 -9.3140e-01 -4.3581e+00 -5.8419e-01 -1.4712e-01 -1.4272e+00 +4.0180e-01 +6.0968e+00 -4.9530e+00 +1.2572e+00 +3.7224e-01 +1.0755e-02 -1.1319e+00
501 0 +1.816472261e+01 +1.816472261e+01 +1.322547226e+02 +1.322547226e+02 -2.4602e+00 +4.9471e+00 +1.8787e+00 -2.5606e+00 -4.2023e+00 -7.2197e-01 -7.7900e-01 +9.1661e-02 -9.3661e-01 -4.3976e+00 -5.7566e-01 -1.4399e-01 -1.4371e+00 +3.8803e-01 +6.0756e+00 -4.9364e+00 +1.2276e+00 +3.4305e-01 +1.1864e-02 -1.2326e+00
502 0 +1.659196214e+01 +1.659196214e+01 +1.306819621e+02 +1.306819621e+02 -2.2918e+00 +4.8729e+00 +1.8728e+00 -2.5371e+00 -4.1604e+00 -8.1031e-01 -8.1734e-01 +1.0441e-01 -9.2210e-01 -4.3897e+00 -5.6637e-01 -1.4326e-01 -1.4265e+00 +3.8301e-01 +6.0891e+00 -4.9374e+00 +1.2131e+00 +3.9233e-01 +1.0852e-02 -1.1861e+00
520 0 +1.617660641e+01 +1.617660641e+01 +1.302666064e+02 +1.302666064e+02 -2.3762e+00 +4.8561e+00 +1.8866e+00 -2.5017e+00 -4.1200e+00 -8.0684e-01 -8.2726e-01 +9.4082e-02 -9.2336e-01 -4.4129e+00 -5.7659e-01 -1.4281e-01 -1.4297e+00 +4.0115e-01 +6.0342e+00 -4.9368e+00 +1.2530e+00 +3.1779e-01 +1.1881e-02 -1.2567e+00
635 0 +1.469833227e+01 +1.469833227e+01 +1.287883323e+02 +1.287883323e+02 -2.3839e+00 +5.1673e+00 +1.8394e+00 -2.6825e+00 -4.0855e+00 -7.2027e-01 -9.4223e-01 +2.3738e-01 -9.2675e-01 -4.4215e+00 -5.6463e-01 -1.4467e-01 -1.4102e+00 +3.7974e-01 +6.0418e+00 -4.9412e+00 +1.3740e+00 +2.4577e-01 +1.6683e-02 -1.2862e+00
638 0 +1.426873176e+01 +1.426873176e+01 +1.283587318e+02 +1.283587318e+02 -2.3707e+00 +5.1784e+00 +1.8168e+00 -2.6956e+00 -4.1665e+00 -7.3012e-01 -9.1971e-01 +1.6799e-01 -9.1790e-01 -4.4084e+00 -5.6867e-01 -1.4592e-01 -1.4050e+00 +3.7209e-01 +6.0492e+00 -4.9107e+00 +1.3493e+00 +2.4166e-01 +1.6192e-02 -1.3209e+00
662 0 +1.408957138e+01 +1.408957138e+01 +1.281795714e+02 +1.281795714e+02 -2.4173e+00 +5.1448e+00 +1.8597e+00 -2.7319e+00 -4.0410e+00 -7.4594e-01 -9.5122e-01 +2.0181e-01 -9.3311e-01 -4.3792e+00 -5.6345e-01 -1.4656e-01 -1.3958e+00 +3.7801e-01 +6.0379e+00 -4.9298e+00 +1.3513e+00 +2.9587e-01 +1.6479e-02 -1.3204e+00
680 0 +1.363335291e+01 +1.363335291e+01 +1.277233529e+02 +1.277233529e+02 -2.4381e+00 +5.1291e+00 +1.8395e+00 -2.6714e+00 -4.0800e+00 -7.6277e-01 -9.6624e-01 +2.1451e-01 -9.3068e-01 -4.4145e+00 -5.6244e-01 -1.4534e-01 -1.4013e+00 +3.7741e-01 +6.0333e+00 -4.9056e+00 +1.3736e+00 +3.0487e-01 +1.6721e-02 -1.3344e+00
693 0 +1.339519944e+01 +1.339519944e+01 +1.274851994e+02 +1.274851994e+02 -2.4587e+00 +5.1241e+00 +1.8458e+00 -2.6849e+00 -4.1380e+00 -7.6925e-01 -9.8086e-01 +1.8303e-01 -9.2806e-01 -4.4133e+00 -5.6673e-01 -1.4539e-01 -1.3920e+00 +3.7571e-01 +6.0594e+00 -4.8927e+00 +1.3911e+00 +3.5298e-01 +1.6515e-02 -1.3134e+00
700 0 +1.190797588e+01 +1.190797588e+01 +1.259979759e+02 +1.259979759e+02 -2.4025e+00 +5.1707e+00 +1.8681e+00 -2.7137e+00 -4.1537e+00 -7.6472e-01 -9.7609e-01 +1.8807e-01 -9.2848e-01 -4.4203e+00 -5.6258e-01 -1.4596e-01 -1.3978e+00 +3.7579e-01 +5.9963e+00 -4.9288e+00 +1.3727e+00 +4.2427e-01 +1.5945e-02 -1.3416e+00
744 0 +1.156244395e+01 +1.156244395e+01 +1.256524440e+02 +1.256524440e+02 -2.4702e+00 +5.1842e+00 +1.8284e+00 -2.7279e+00 -4.1512e+00 -7.4403e-01 -9.8432e-01 +2.7635e-01 -9.2585e-01 -4.4288e+00 -5.6521e-01 -1.4407e-01 -1.3942e+00 +3.7071e-01 +6.0669e+00 -4.8557e+00 +1.2583e+00 +3.6158e-01 +1.5476e-02 -1.3530e+00
819 0 +1.116419749e+01 +1.116419749e+01 +1.252541975e+02 +1.252541975e+02 -2.5240e+00 +5.1531e+00 +1.8887e+00 -2.7911e+00 -4.1705e+00 -7.7461e-01 -9.5224e-01 +1.8079e-01 -9.3341e-01 -4.5207e+00 -5.7702e-01 -1.4792e-01 -1.3919e+00 +3.9979e-01 +6.0892e+00 -4.9197e+00 +1.2203e+00 +3.7775e-01 +1.5923e-02 -1.3248e+00
864 0 +1.083293504e+01 +1.083293504e+01 +1.249229350e+02 +1.249229350e+02 -2.4907e+00 +5.1399e+00 +1.8391e+00 -2.8137e+00 -4.1650e+00 -7.9921e-01 -9.5054e-01 +1.9535e-01 -9.3929e-01 -4.5098e+00 -5.7073e-01 -1.4820e-01 -1.4073e+00 +4.0151e-01 +6.0784e+00 -4.9061e+00 +1.2334e+00 +4.0630e-01 +1.6269e-02 -1.2785e+00
884 0 +1.062578506e+01 +1.062578506e+01 +1.247157851e+02 +1.247157851e+02 -2.4781e+00 +5.1589e+00 +1.8394e+00 -2.7812e+00 -4.1938e+00 -7.9789e-01 -9.5223e-01 +2.0614e-01 -9.4194e-01 -4.5055e+00 -5.7424e-01 -1.4746e-01 -1.4043e+00 +4.0218e-01 +6.0771e+00 -4.9211e+00 +1.2251e+00 +3.9119e-01 +1.6050e-02 -1.2744e+00
894 0 +1.033872946e+01 +1.033872946e+01 +1.244287295e+02 +1.244287295e+02 -2.4886e+00 +5.1541e+00 +1.8388e+00 -2.7916e+00 -4.1914e+00 -8.0737e-01 -9.5514e-01 +2.1269e-01 -9.4168e-01 -4.4955e+00 -5.7329e-01 -1.4750e-01 -1.4033e+00 +4.0132e-01 +6.0775e+00 -4.9140e+00 +1.2244e+00 +4.0279e-01 +1.6070e-02 -1.2728e+00
918 0 +9.889739449e+00 +9.889739449e+00 +1.239797394e+02 +1.239797394e+02 -2.4971e+00 +5.1556e+00 +1.8603e+00 -2.7897e+00 -4.2076e+00 -7.9801e-01 -9.5543e-01 +2.0715e-01 -9.4465e-01 -4.5089e+00 -5.7360e-01 -1.4708e-01 -1.3994e+00 +3.9853e-01 +6.0654e+00 -4.8788e+00 +1.2225e+00 +3.9390e-01 +1.6329e-02 -1.2731e+00
946 0 +9.738307500e+00 +9.738307500e+00 +1.238283075e+02 +1.238283075e+02 -2.5163e+00 +5.1321e+00 +1.8442e+00 -2.7849e+00 -4.1554e+00 -8.0585e-01 -9.4865e-01 +1.8333e-01 -9.4200e-01 -4.5020e+00 -5.7262e-01 -1.4700e-01 -1.3999e+00 +3.9631e-01 +6.1053e+00 -4.8650e+00 +1.2292e+00 +3.9022e-01 +1.6434e-02 -1.2781e+00
987 0 +9.394852745e+00 +9.394852745e+00 +1.234848527e+02 +1.234848527e+02 -2.4991e+00 +5.1232e+00 +1.8441e+00 -2.7845e+00 -4.1407e+00 -8.1260e-01 -9.4432e-01 +1.8819e-01 -9.4315e-01 -4.4946e+00 -5.7161e-01 -1.4739e-01 -1.3981e+00 +3.9707e-01 +6.1115e+00 -4.8732e+00 +1.2144e+00 +3.9809e-01 +1.6342e-02 -1.2790e+00
995 0 +9.024863172e+00 +9.024863172e+00 +1.231148632e+02 +1.231148632e+02 -2.5028e+00 +5.1216e+00 +1.8391e+00 -2.7892e+00 -4.1386e+00 -8.0940e-01 -9.4241e-01 +1.8403e-01 -9.4402e-01 -4.4970e+00 -5.7128e-01 -1.4739e-01 -1.3977e+00 +3.9694e-01 +6.1164e+00 -4.8703e+00 +1.2206e+00 +3.9698e-01 +1.6267e-02 -1.2779e+00
% f evaluations | g evaluations | best noise-free fitness - Fopt | noise-free fitness - Fopt (-5.445900000000e+02) | measured fitness | best measured fitness | x1 | x2...
1 0 +9.322658084e+01 +9.322658084e+01 -4.513634192e+02 -4.513634192e+02 +0.0000e+00 +0.0000e+00 +0.0000e+00 +0.0000e+00 +0.0000e+00 +0.0000e+00 +0.0000e+00 +0.0000e+00 +0.0000e+00 +0.0000e+00 +0.0000e+00 +0.0000e+00 +0.0000e+00 +0.0000e+00 +0.0000e+00 +0.0000e+00 +0.0000e+00 +0.0000e+00 +0.0000e+00 +0.0000e+00
3 0 +6.203967553e+01 +6.203967553e+01 -4.825503245e+02 -4.825503245e+02 +1.0883e-01 +5.1680e-01 -5.9447e-01 -1.5776e-01 -1.5953e-01 +2.3202e+00 +1.2064e+00 +2.4757e-01 -1.2054e-02 +4.3452e-01 -1.3307e+00 -9.5705e-02 +3.0015e-01 -6.3317e-02 +1.5050e-01 +7.1134e-02 +1.9354e-01 -3.6192e-02 -2.9116e-01 +6.0902e-01
6 0 +5.496818095e+01 +5.496818095e+01 -4.896218191e+02 -4.896218191e+02 -2.0543e-02 +2.3851e-01 +3.7056e-01 +6.1451e-01 -4.6397e-01 +3.4615e+00 -1.6305e+00 +3.7156e-01 -2.5609e-01 -7.7090e-01 +1.0815e+00 +3.3059e-01 +4.1707e-01 +2.2321e-01 +7.4472e-02 +2.3381e-01 -1.5187e+00 -8.4809e-02 +9.5924e-01 -4.7076e-01
28 0 +4.543439779e+01 +4.543439779e+01 -4.991556022e+02 -4.991556022e+02 -6.2793e-01 +2.1232e+00 +5.0660e-01 +3.7471e+00 +4.9757e-01 -3.5543e-01 +5.4129e-02 -1.4487e+00 +6.9517e-01 +7.8281e-01 +1.5197e+00 +3.1238e-02 -4.2078e-01 +1.3542e-01 +1.8625e-01 +7.5264e-03 +1.0911e+00 +1.9373e-01 -2.7366e-01 -3.0762e+00
52 0 +3.430249508e+01 +3.430249508e+01 -5.102875049e+02 -5.102875049e+02 -7.0997e-01 +1.1090e-02 +1.1733e-01 +3.6619e+00 +3.5215e-01 -9.9524e-01 -7.7915e-01 -8.3218e-01 +8.9684e-01 +1.1372e-02 +3.8512e-01 +1.5188e-01 -1.1740e+00 +1.6170e-01 +5.9763e-01 +2.0195e-01 -7.2258e-01 +9.6313e-02 -1.8785e+00 -2.1576e+00
128 0 +3.220588679e+01 +3.220588679e+01 -5.123841132e+02 -5.123841132e+02 +1.0210e+00 -7.4978e-01 +2.3961e-01 +5.1311e+00 -1.1851e+00 -2.0629e+00 +1.0288e+00 -1.6574e+00 +9.6659e-01 +1.1765e+00 +3.6951e+00 +3.0547e-01 -9.9953e-01 +5.8228e-01 +6.0231e-01 +2.7189e-01 -2.7028e+00 -4.9947e-01 -1.3844e+00 -2.5148e-01
