% f evaluations | g evaluations | best noise-free fitness - Fopt | noise-free fitness - Fopt (4.078000000000e+01) | measured fitness | best measured fitness | x1 | x2...
1 0 +6.694655269e+01 +6.694655269e+01 +1.077265527e+02 +1.077265527e+02 +0.0000e+00 +0.0000e+00 +0.0000e+00 +0.0000e+00 +0.0000e+00 +0.0000e+00 +0.0000e+00 +0.0000e+00 +0.0000e+00 +0.0000e+00
6 0 +6.680275637e+01 +6.680275637e+01 +1.075827564e+02 +1.075827564e+02 -4.3716e-01 -9.2558e-03 -3.9482e-01 +4.3316e-01 -7.7069e-01 +1.7499e+00 +7.0289e-02 -5.1307e-01 +1.0599e-01 +3.4261e-01
8 0 +6.539638639e+01 +6.539638639e+01 +1.061763864e+02 +1.061763864e+02 -9.5677e-01 +1.4234e-01 +1.2760e+00 +1.6709e-01 +2.2326e-01 +8.2953e-01 -5.3970e-02 -4.5054e-01 +2.1473e-02 +2.0917e-01
25 0 +6.286932811e+01 +6.286932811e+01 +1.036493281e+02 +1.036493281e+02 +1.0037e+00 +6.1202e-01 +1.0940e+00 +5.8348e-01 -3.3041e+00 +1.7483e+00 -2.3341e-01 -6.6001e-01 -1.8132e-02 +1.8669e-01
39 0 +6.044754363e+01 +6.044754363e+01 +1.012275436e+02 +1.012275436e+02 +1.2869e-01 +4.0594e-03 +6.4315e-01 +1.0549e+00 -2.2975e+00 +9.4692e-01 -1.8841e-01 -6.0762e-01 -7.0222e-02 +1.1604e+00
133 0 +5.812708850e+01 +5.812708850e+01 +9.890708850e+01 +9.890708850e+01 -2.9061e+00 -3.8565e+00 +2.5009e+00 +2.6160e+00 -4.4956e+00 +2.3109e+00 +1.7216e+00 -1.2330e+00 -8.3483e-01 +2.0760e+00
152 0 +5.666178581e+01 +5.666178581e+01 +9.744178581e+01 +9.744178581e+01 -4.1515e+00 -4.3010e+00 +2.9497e+00 +2.2664e+00 -4.6012e+00 +9.5199e-01 +1.5734e+00 -6.8467e-01 -1.0991e+00 +2.3205e+00
275 0 +5.517293388e+01 +5.517293388e+01 +9.595293388e+01 +9.595293388e+01 -3.9766e+00 -3.4167e+00 +2.0391e+00 +1.7811e+00 -3.2976e+00 -3.2848e-01 +7.7616e-01 -7.4449e-01 -9.8713e-01 +1.5286e+00
% f evaluations | g evaluations | best noise-free fitness - Fopt | noise-free fitness - Fopt (-1.600000000000e+00) | measured fitness | best measured fitness | x1 | x2...
1 0 +7.884153396e+01 +7.884153396e+01 +7.724153396e+01 +7.724153396e+01 +0.0000e+00 +0.0000e+00 +0.0000e+00 +0.0000e+00 +0.0000e+00 +0.0000e+00 +0.0000e+00 +0.0000e+00 +0.0000e+00 +0.0000e+00
2 0 +7.100013563e+01 +7.100013563e+01 +6.940013563e+01 +6.940013563e+01 +7.7469e-01 +1.1241e-01 +2.7046e-01 -7.9889e-01 -2.7487e-01 +3.0828e-01 +9.3678e-02 -9.6230e-03 -4.7559e-02 -1.1035e-02
3 0 +6.363209702e+01 +6.363209702e+01 +6.203209702e+01 +6.203209702e+01 +1.3186e+00 +2.4022e-01 +5.8454e-02 -2.6027e-01 +3.8889e-02 -5.9418e-01 -4.0876e-01 -6.2524e-02 -2.6475e-01 +3.4290e-02
15 0 +5.997256235e+01 +5.997256235e+01 +5.837256235e+01 +5.837256235e+01 +1.0151e+00 +1.2403e-01 +3.4537e-01 -1.0916e+00 -3.2647e-01 +1.1532e-01 -2.5160e-01 -1.1132e-01 -1.4456e-01 +1.0207e-01
25 0 +4.929197845e+01 +4.929197845e+01 +4.769197845e+01 +4.769197845e+01 +1.0037e+00 +1.1206e+00 +7.1847e-01 -2.2285e+00 -1.9882e-01 -2.8776e-01 -1.9222e-01 +3.2755e-01 -3.2175e-02 +7.0265e-02
26 0 +2.948056481e+01 +2.948056481e+01 +2.788056481e+01 +2.788056481e+01 +1.4526e+00 -2.3425e-01 -8.4481e-02 -2.1928e+00 -8.6298e-02 -4.0044e-01 -1.5383e-01 +3.3761e-01 -5.1872e-01 +7.2035e-02
39 0 +2.834057646e+01 +2.834057646e+01 +2.674057646e+01 +2.674057646e+01 +1.5374e+00 -2.2989e-01 -1.0468e-01 -2.3540e+00 -2.7873e-01 -4.5334e-01 -1.1663e-01 +1.3714e-01 -5.8613e-01 +6.6438e-02
44 0 +2.677679087e+01 +2.677679087e+01 +2.517679087e+01 +2.517679087e+01 +1.3208e+00 -2.1001e-01 +1.8703e-01 -2.6378e+00 -4.3981e-01 +8.6921e-02 -1.5725e-01 -2.4987e-01 -5.7878e-01 +7.1039e-03
56 0 +2.406775313e+01 +2.406775313e+01 +2.246775313e+01 +2.246775313e+01 +1.5615e+00 +1.9708e-01 +5.4988e-01 -2.4220e+00 -3.7878e-01 +2.6791e-01 -2.9407e-01 -4.3465e-02 -4.4104e-01 +1.3192e-02
61 0 +2.380104851e+01 +2.380104851e+01 +2.220104851e+01 +2.220104851e+01 +1.5172e+00 +2.5422e-01 +2.9053e-01 -2.6460e+00 -4.5452e-01 +8.7410e-02 -3.2056e-01 +1.7206e-01 -6.3032e-01 +3.2521e-02
65 0 +2.258697018e+01 +2.258697018e+01 +2.098697018e+01 +2.098697018e+01 +2.2705e+00 +4.7442e-01 +1.8632e-01 -1.8860e+00 -3.0252e-01 -5.9111e-01 -2.2320e-01 -3.8479e-01 -4.4010e-01 +5.2366e-02
66 0 +1.935025650e+01 +1.935025650e+01 +1.775025650e+01 +1.775025650e+01 +2.2560e+00 +2.5676e-01 +6.1330e-01 -2.0740e+00 -4.3645e-01 +3.5891e-01 -3.3291e-01 +3.8413e-01 -4.3324e-01 +4.2933e-02
95 0 +1.789530595e+01 +1.789530595e+01 +1.629530595e+01 +1.629530595e+01 +2.1916e+00 +1.6451e-01 +3.6406e-01 -1.9100e+00 -5.6413e-01 -3.2695e-01 -4.9517e-01 -1.8530e-01 -6.5023e-01 -3.7037e-03
112 0 +1.697184327e+01 +1.697184327e+01 +1.537184327e+01 +1.537184327e+01 +2.4554e+00 +8.2290e-01 +2.6291e-01 -1.7630e+00 -7.3823e-01 -9.2282e-02 -1.9262e-01 -1.0511e-01 -1.1528e+00 +4.5770e-03
141 0 +1.596624467e+01 +1.596624467e+01 +1.436624467e+01 +1.436624467e+01 +2.5666e+00 +3.0808e-01 +6.5420e-01 -2.1535e+00 -6.3712e-01 +4.3769e-01 -2.6172e-01 +1.2063e-01 -6.2344e-01 -9.2831e-02
144 0 +1.429680536e+01 +1.429680536e+01 +1.269680536e+01 +1.269680536e+01 +3.1299e+00 +4.8046e-01 +4.8854e-02 -1.4997e+00 -5.5805e-01 +7.4208e-01 -1.1027e-01 -3.7651e-01 -5.6597e-01 +3.0498e-02
968 0 +1.410984643e+01 +1.410984643e+01 +1.250984643e+01 +1.250984643e+01 +2.7687e+00 +4.2297e-01 +1.8607e-01 -1.9821e+00 -6.1001e-01 +5.7448e-01 -3.2281e-01 -4.5304e-01 -1.0242e+00 -2.2217e-01
% f evaluations | g evaluations | best noise-free fitness - Fopt | noise-free fitness - Fopt (-3.708400000000e+02) | measured fitness | best measured fitness | x1 | x2...
1 0 +6.478493794e+01 +6.478493794e+01 -3.060550621e+02 -3.060550621e+02 +0.0000e+00 +0.0000e+00 +0.0000e+00 +0.0000e+00 +0.0000e+00 +0.0000e+00 +0.0000e+00 +0.0000e+00 +0.0000e+00 +0.0000e+00
7 0 +6.454182722e+01 +6.454182722e+01 -3.062981728e+02 -3.062981728e+02 -3.0303e-01 +8.5273e-02 +6.6565e-02 +1.3226e+00 +4.7574e-01 -6.7268e-01 -5.2845e-01 -2.7166e-02 +1.8651e-01 -1.2709e+00
9 0 +5.713991447e+01 +5.713991447e+01 -3.137000855e+02 -3.137000855e+02 +7.0224e-03 -1.2107e-01 +4.6374e-02 +7.1741e-01 +3.2752e-01 +3.4211e-02 -3.3249e-01 +1.9332e-01 +1.3348e-01 +6.5629e-01
19 0 +5.336128344e+01 +5.336128344e+01 -3.174787166e+02 -3.174787166e+02 +1.0963e+00 -2.1049e-01 +6.4946e-01 +3.9416e-01 +1.6199e-01 -5.6270e-01 -5.7223e-01 +5.8854e-02 -2.0086e-02 +8.6571e-01
22 0 +4.370753998e+01 +4.370753998e+01 -3.271324600e+02 -3.271324600e+02 +1.1041e+00 -4.6941e-01 -4.9018e-01 +1.0739e+00 -1.3218e-01 -8.9301e-01 -2.9486e-01 -3.2523e-02 +1.1164e-01 +2.7785e-01
27 0 +3.786606339e+01 +3.786606339e+01 -3.329739366e+02 -3.329739366e+02 +2.9055e+00 -8.9231e-01 -5.0091e-01 +2.6173e-01 +1.9457e-01 -1.7759e-01 -1.0885e+00 +1.8551e-01 -6.5072e-02 +5.5313e-01
32 0 +3.054768016e+01 +3.054768016e+01 -3.402923198e+02 -3.402923198e+02 +1.5141e+00 +1.4757e-01 -6.8431e-01 +1.2165e+00 -2.4756e-01 -5.1282e-01 -7.7285e-01 +2.0624e-01 -9.1196e-02 -3.8505e-02
254 0 +2.835491831e+01 +2.835491831e+01 -3.424850817e+02 -3.424850817e+02 -2.3980e+00 -2.0361e+00 -2.8182e-01 -5.6063e+00 -2.2777e+00 -2.9155e+00 -3.5225e+00 +1.9288e+00 +8.5775e-01 +7.1108e-01
303 0 +2.799325609e+01 +2.799325609e+01 -3.428467439e+02 -3.428467439e+02 -2.3861e+00 -1.7840e+00 -7.5848e-01 -5.7738e+00 -2.4698e+00 -2.6635e+00 -3.3133e+00 +1.5670e+00 +6.4565e-01 +4.0466e-01
307 0 +2.749945177e+01 +2.749945177e+01 -3.433405482e+02 -3.433405482e+02 -1.5143e+00 -1.8154e+00 -8.9093e-01 -5.1705e+00 -2.2238e+00 -2.3717e+00 -3.5139e+00 +1.6730e+00 +6.6372e-01 +6.9995e-01
597 0 +2.681043321e+01 +2.681043321e+01 -3.440295668e+02 -3.440295668e+02 -1.4378e+00 -2.6822e+00 -3.2016e-01 -4.8997e+00 -1.8906e+00 -3.0816e+00 -3.4640e+00 +1.9146e+00 +6.7990e-01 -7.9208e-01
775 0 +2.576890221e+01 +2.576890221e+01 -3.450710978e+02 -3.450710978e+02 +5.4965e+00 +1.6229e+00 -3.6891e-01 -4.3477e+00 -3.4456e+00 -3.8710e+00 -1.7110e+00 +1.5751e+00 -3.2626e-01 -2.0540e-01
788 0 +2.476344138e+01 +2.476344138e+01 -3.460765586e+02 -3.460765586e+02 +5.7317e+00 +1.3763e+00 -1.1351e-01 -3.5236e+00 -4.0886e+00 -4.8163e+00 -1.3888e+00 +1.3987e+00 -1.8616e-01 -3.4134e-01
796 0 +1.788039145e+01 +1.788039145e+01 -3.529596085e+02 -3.529596085e+02 +5.1626e+00 +1.1046e+00 -7.4555e-02 -4.1268e+00 -3.1806e+00 -5.0214e+00 -1.1441e+00 +1.3225e+00 -2.7393e-01 -1.7924e-01
807 0 +1.574028134e+01 +1.574028134e+01 -3.550997187e+02 -3.550997187e+02 +5.4602e+00 +7.1776e-01 +5.0766e-01 -3.6701e+00 -3.2390e+00 -5.0836e+00 -7.8226e-01 +1.1766e+00 -3.7021e-01 +4.0089e-01
814 0 +1.506093978e+01 +1.506093978e+01 -3.557790602e+02 -3.557790602e+02 +5.0237e+00 +6.3877e-01 +4.2440e-01 -3.8546e+00 -3.3478e+00 -5.4813e+00 -5.5166e-01 +9.6378e-01 -4.9708e-01 +5.9620e-01
898 0 +1.404232920e+01 +1.404232920e+01 -3.567976708e+02 -3.567976708e+02 +5.5142e+00 +1.0066e+00 +1.6218e+00 -3.9354e+00 -3.2164e+00 -4.7005e+00 +3.1460e-01 +4.5032e-01 -6.4770e-01 +3.2464e-01
940 0 +1.376724399e+01 +1.376724399e+01 -3.570727560e+02 -3.570727560e+02 +5.5189e+00 +1.0057e+00 +1.4401e+00 -3.5578e+00 -3.3291e+00 -5.1063e+00 +2.0660e-01 +3.6862e-01 -7.5256e-01 +2.0313e-01
988 0 +1.318881652e+01 +1.318881652e+01 -3.576511835e+02 -3.576511835e+02 +5.4877e+00 +4.4932e-03 +1.4023e+00 -3.7726e+00 -2.8459e+00 -4.8209e+00 +5.6530e-01 +1.7917e-01 -9.2279e-01 +5.1935e-01
% f evaluations | g evaluations | best noise-free fitness - Fopt | noise-free fitness - Fopt (-3.256000000000e+01) | measured fitness | best measured fitness | x1 | x2...
1 0 +7.687366610e+01 +7.687366610e+01 +4.431366610e+01 +4.431366610e+01 +0.0000e+00 +0.0000e+00 +0.0000e+00 +0.0000e+00 +0.0000e+00 +0.0000e+00 +0.0000e+00 +0.0000e+00 +0.0000e+00 +0.0000e+00
2 0 +7.655189350e+01 +7.655189350e+01 +4.399189350e+01 +4.399189350e+01 -1.3196e+00 +5.2650e-02 -2.1201e-01 -6.9635e-01 -6.5195e-01 +5.9668e-01 +5.7765e-03 -1.9504e-01 +5.3909e-01 -5.9110e-01
3 0 +7.444227152e+01 +7.444227152e+01 +4.188227152e+01 +4.188227152e+01 -8.2844e-01 -9.2476e-01 -8.9690e-03 -9.7283e-01 +7.3026e-01 +1.1874e+00 -3.6693e-03 +1.4914e-01 +9.8709e-03 -4.0182e-01
6 0 +7.064520297e+01 +7.064520297e+01 +3.808520297e+01 +3.808520297e+01 +7.1709e-01 +2.5167e-02 -3.5094e-01 -2.4475e+00 +4.4271e-01 +6.8319e-01 -5.7947e-02 -2.5956e-02 +7.8656e-02 +1.7041e-01
31 0 +6.819578117e+01 +6.819578117e+01 +3.563578117e+01 +3.563578117e+01 +2.7428e+00 -1.0761e+00 +9.9288e-02 -6.0882e+00 -1.1982e+00 +4.2759e-01 -1.2818e-01 -6.2903e-01 -8.4909e-01 -9.6796e-01
171 0 +6.637673695e+01 +6.637673695e+01 +3.381673695e+01 +3.381673695e+01 -2.5739e-01 -4.1709e+00 -4.0006e+00 +9.4518e-01 +2.1871e+00 +3.1680e-01 -2.1462e-01 -1.3431e+00 -2.6410e+00 -2.6124e+00
553 0 +5.767605267e+01 +5.767605267e+01 +2.511605267e+01 +2.511605267e+01 -1.4135e+00 +4.4615e+00 -2.9099e+00 +7.9468e-01 -6.8305e-01 +1.5109e+00 +1.0313e+00 +5.8626e-01 -1.5557e+00 +3.2658e+00
626 0 +5.700490801e+01 +5.700490801e+01 +2.444490801e+01 +2.444490801e+01 -1.5086e+00 +5.1688e+00 -1.6336e+00 +4.0856e+00 -1.4069e+00 +3.3260e+00 +1.0395e+00 +1.0602e+00 -2.0710e+00 +3.6986e+00
636 0 +5.160095428e+01 +5.160095428e+01 +1.904095428e+01 +1.904095428e+01 -3.0612e+00 +5.2281e+00 -1.4842e+00 +4.3305e+00 -1.9834e+00 +3.8343e+00 +1.0718e+00 +1.0171e+00 -2.3810e+00 +3.4431e+00
649 0 +5.025106319e+01 +5.025106319e+01 +1.769106319e+01 +1.769106319e+01 -1.5506e+00 +5.2448e+00 -1.5855e+00 +3.5794e+00 -1.8320e+00 +3.5532e+00 +1.0616e+00 +1.1251e+00 -2.4979e+00 +3.2841e+00
656 0 +4.809274153e+01 +4.809274153e+01 +1.553274153e+01 +1.553274153e+01 -2.5087e+00 +5.1543e+00 -1.5304e+00 +3.2574e+00 -1.8334e+00 +3.8983e+00 +1.0593e+00 +1.0455e+00 -2.3161e+00 +3.6479e+00
668 0 +4.706000013e+01 +4.706000013e+01 +1.450000013e+01 +1.450000013e+01 -2.1605e+00 +5.2080e+00 -1.4378e+00 +2.8007e+00 -1.8250e+00 +3.7849e+00 +1.0824e+00 +1.0359e+00 -2.5331e+00 +3.7715e+00
669 0 +4.444080235e+01 +4.444080235e+01 +1.188080235e+01 +1.188080235e+01 -2.0624e+00 +5.0729e+00 -1.4029e+00 +3.7315e+00 -1.9710e+00 +4.3450e+00 +1.0774e+00 +9.7382e-01 -2.4312e+00 +3.6319e+00
674 0 +4.294789280e+01 +4.294789280e+01 +1.038789280e+01 +1.038789280e+01 -2.3746e+00 +5.0763e+00 -1.1743e+00 +4.7524e+00 -2.1212e+00 +4.5154e+00 +1.0884e+00 +1.0409e+00 -2.7822e+00 +3.6591e+00
677 0 +4.132346796e+01 +4.132346796e+01 +8.763467957e+00 +8.763467957e+00 -1.7754e+00 +4.9962e+00 -1.2075e+00 +3.2560e+00 -2.1625e+00 +4.0246e+00 +1.0688e+00 +1.0560e+00 -2.0710e+00 +3.7103e+00
693 0 +3.973618185e+01 +3.973618185e+01 +7.176181849e+00 +7.176181849e+00 -2.2758e+00 +5.1236e+00 -7.1205e-01 +3.4014e+00 -2.5181e+00 +3.6575e+00 +1.0994e+00 +1.3056e+00 -1.3799e+00 +3.6078e+00
703 0 +3.788942558e+01 +3.788942558e+01 +5.329425577e+00 +5.329425577e+00 -1.6555e+00 +5.0107e+00 -1.0055e+00 +4.2495e+00 -2.8037e+00 +3.5532e+00 +1.0497e+00 +1.2542e+00 -1.9502e+00 +3.0214e+00
707 0 +3.548083766e+01 +3.548083766e+01 +2.920837658e+00 +2.920837658e+00 -1.6093e+00 +4.5793e+00 -6.7964e-01 +4.5036e+00 -2.5241e+00 +4.6319e+00 +1.0695e+00 +1.1945e+00 -1.8951e+00 +3.6941e+00
745 0 +3.412622651e+01 +3.412622651e+01 +1.566226510e+00 +1.566226510e+00 -2.4033e+00 +5.2536e+00 -8.6753e-01 +3.0004e+00 -2.5225e+00 +4.0412e+00 +1.0628e+00 +1.0880e+00 -2.8415e+00 +2.9556e+00
755 0 +3.101172500e+01 +3.101172500e+01 -1.548274996e+00 -1.548274996e+00 -2.0558e+00 +5.0975e+00 -6.7502e-01 +2.6797e+00 -3.3311e+00 +4.4252e+00 +1.0238e+00 +1.2212e+00 -2.8367e+00 +2.9934e+00
757 0 +3.070927425e+01 +3.070927425e+01 -1.850725751e+00 -1.850725751e+00 -1.7017e+00 +5.2953e+00 -8.6586e-01 +3.8734e+00 -2.9756e+00 +4.5431e+00 +1.0590e+00 +1.2340e+00 -3.2332e+00 +3.1744e+00
762 0 +2.777241651e+01 +2.777241651e+01 -4.787583491e+00 -4.787583491e+00 -2.5347e+00 +4.7510e+00 -5.1510e-01 +3.2198e+00 -3.0708e+00 +4.2017e+00 +1.0226e+00 +1.2682e+00 -2.8536e+00 +2.9124e+00
763 0 +2.728421501e+01 +2.728421501e+01 -5.275784993e+00 -5.275784993e+00 -2.2843e+00 +5.0054e+00 -6.0386e-01 +3.8351e+00 -3.2108e+00 +4.6581e+00 +1.0187e+00 +1.1221e+00 -3.1231e+00 +2.9150e+00
832 0 +2.576338206e+01 +2.576338206e+01 -6.796617941e+00 -6.796617941e+00 -2.2038e+00 +5.0026e+00 -1.8889e-01 +4.4722e+00 -3.2335e+00 +4.8930e+00 +9.8933e-01 +1.0720e+00 -3.3175e+00 +2.7982e+00
842 0 +2.558217491e+01 +2.558217491e+01 -6.977825093e+00 -6.977825093e+00 -2.8687e+00 +4.7234e+00 -1.4519e-01 +3.4251e+00 -2.8895e+00 +4.7150e+00 +1.0076e+00 +1.1595e+00 -3.1193e+00 +2.9597e+00
852 0 +2.429691789e+01 +2.429691789e+01 -8.263082111e+00 -8.263082111e+00 -2.4250e+00 +4.8777e+00 +6.9589e-02 +3.5615e+00 -2.9217e+00 +4.9360e+00 +1.0275e+00 +1.1371e+00 -3.2808e+00 +2.9436e+00
% f evaluations | g evaluations | best noise-free fitness - Fopt | noise-free fitness - Fopt (5.154000000000e+02) | measured fitness | best measured fitness | x1 | x2...
1 0 +5.354617306e+01 +5.354617306e+01 +5.689461731e+02 +5.689461731e+02 +0.0000e+00 +0.0000e+00 +0.0000e+00 +0.0000e+00 +0.0000e+00 +0.0000e+00 +0.0000e+00 +0.0000e+00 +0.0000e+00 +0.0000e+00
43 0 +5.275650046e+01 +5.275650046e+01 +5.681565005e+02 +5.681565005e+02 +9.1735e-02 +1.8931e-02 -4.8255e-01 +8.9490e-01 -2.9322e-01 +3.2646e-01 -2.4827e-01 -3.9789e-01 +8.8794e-01 -5.5970e-01
65 0 +4.145072762e+01 +4.145072762e+01 +5.568507276e+02 +5.568507276e+02 +4.9170e-01 -3.2737e-01 -2.0714e-01 +1.8617e-01 -3.1802e-01 -3.1280e-01 -1.1490e+00 -1.6167e-01 +1.4387e+00 +1.1353e+00
73 0 +3.983102574e+01 +3.983102574e+01 +5.552310257e+02 +5.552310257e+02 +6.9481e-01 -5.3833e-01 -4.6518e-01 +1.7055e-01 -1.9189e-01 +5.4064e-02 -8.6507e-01 -2.2940e-01 +1.8495e+00 +1.2616e+00
74 0 +3.212687725e+01 +3.212687725e+01 +5.475268773e+02 +5.475268773e+02 +6.1455e-01 -1.1149e+00 -9.4827e-01 +3.1045e-01 -4.6946e-01 +2.2820e-01 -1.2845e+00 -1.4572e-01 +1.4535e+00 +2.5207e-01
108 0 +2.912820680e+01 +2.912820680e+01 +5.445282068e+02 +5.445282068e+02 +1.3666e+00 -1.1121e+00 -1.0197e+00 +6.6415e-01 -3.7590e-01 +3.7848e-02 -1.3820e+00 -1.9524e-01 +1.3499e+00 +3.0158e-01
120 0 +2.563419558e+01 +2.563419558e+01 +5.410341956e+02 +5.410341956e+02 +1.2323e+00 -6.6285e-01 -1.6690e+00 +7.3403e-01 -4.4459e-01 +8.3431e-01 -1.7261e+00 -1.9308e-01 +8.4228e-01 +3.7399e-01
125 0 +2.477545154e+01 +2.477545154e+01 +5.401754515e+02 +5.401754515e+02 +1.0552e+00 -8.5028e-01 -1.6779e+00 +5.7111e-01 -4.0358e-01 -2.0025e-01 -1.1535e+00 -2.6305e-01 +1.6204e+00 +1.2321e+00
130 0 +2.303704187e+01 +2.303704187e+01 +5.384370419e+02 +5.384370419e+02 +1.3127e+00 -5.9038e-01 -1.3607e+00 +5.0206e-01 -4.6433e-01 -1.4739e-01 -6.9259e-01 -2.9202e-01 +9.9407e-01 +9.5888e-01
150 0 +2.289262312e+01 +2.289262312e+01 +5.382926231e+02 +5.382926231e+02 +1.2027e+00 -8.6345e-01 -1.3896e+00 +1.0502e+00 -2.1293e-01 -5.6413e-01 -1.3185e+00 -3.2140e-01 +1.0136e+00 +9.8450e-01
161 0 +1.964690672e+01 +1.964690672e+01 +5.350469067e+02 +5.350469067e+02 +1.4188e+00 -3.5510e-01 -1.5871e+00 +8.8311e-01 -3.2222e-01 -6.2835e-02 -6.5253e-01 -3.5560e-01 +1.0562e+00 +1.4452e+00
219 0 +1.522306573e+01 +1.522306573e+01 +5.306230657e+02 +5.306230657e+02 +7.2699e-01 -3.9451e-01 -1.6309e+00 +1.3576e+00 +4.4459e-02 +1.1512e+00 -6.1542e-01 -3.5534e-01 +1.1296e+00 +1.6429e+00
239 0 +1.384952082e+01 +1.384952082e+01 +5.292495208e+02 +5.292495208e+02 +1.1317e+00 +3.5247e-02 -2.0230e+00 +1.4987e+00 -2.9617e-02 +1.0829e+00 -6.9243e-01 -3.7678e-01 +8.2403e-01 +1.8139e+00
243 0 +1.364834318e+01 +1.364834318e+01 +5.290483432e+02 +5.290483432e+02 +7.5991e-01 +1.0731e-01 -1.5738e+00 +1.7923e+00 +7.5328e-02 +1.2085e+00 -8.2090e-01 -3.7041e-01 +8.7676e-01 +2.2489e+00
249 0 +1.303800199e+01 +1.303800199e+01 +5.284380020e+02 +5.284380020e+02 +9.3308e-01 +4.4689e-01 -1.5803e+00 +1.6996e+00 +1.8606e-01 +9.1610e-01 -1.0302e+00 -3.9286e-01 +7.5923e-01 +1.9949e+00
254 0 +1.060070576e+01 +1.060070576e+01 +5.260007058e+02 +5.260007058e+02 +1.1561e+00 -2.3450e-01 -1.9567e+00 +1.6723e+00 +2.6408e-01 +8.7515e-01 -1.2419e+00 -4.2968e-01 +7.9508e-01 +1.6311e+00
315 0 +1.035514273e+01 +1.035514273e+01 +5.257551427e+02 +5.257551427e+02 +1.0532e+00 -3.0125e-01 -2.2850e+00 +1.6248e+00 +1.7251e-01 +9.2533e-01 -1.0882e+00 -4.8399e-01 +9.4863e-01 +1.7946e+00
322 0 +1.015264829e+01 +1.015264829e+01 +5.255526483e+02 +5.255526483e+02 +9.5640e-01 -2.1708e-02 -2.2297e+00 +1.6698e+00 +1.8787e-01 +1.0985e+00 -1.0548e+00 -4.6819e-01 +6.9966e-01 +1.8260e+00
344 0 +9.586368720e+00 +9.586368720e+00 +5.249863687e+02 +5.249863687e+02 +7.5253e-01 -2.1037e-01 -2.1634e+00 +1.6064e+00 +1.5479e-01 +1.2534e+00 -1.5152e+00 -4.2564e-01 +4.6473e-01 +1.5107e+00
358 0 +9.394919612e+00 +9.394919612e+00 +5.247949196e+02 +5.247949196e+02 +7.8908e-01 +4.8391e-02 -2.3597e+00 +1.6616e+00 +2.2374e-01 +1.4420e+00 -1.3497e+00 -4.8366e-01 +5.6565e-01 +1.9152e+00
393 0 +9.286261440e+00 +9.286261440e+00 +5.246862614e+02 +5.246862614e+02 +7.3085e-01 -2.6092e-01 -2.5425e+00 +1.7129e+00 +2.1563e-01 +1.5171e+00 -1.5751e+00 -5.1984e-01 +7.9943e-01 +1.5421e+00
412 0 +9.026494647e+00 +9.026494647e+00 +5.244264946e+02 +5.244264946e+02 +6.4997e-01 +1.5440e-02 -2.4859e+00 +1.8548e+00 +2.4049e-01 +1.5860e+00 -1.4411e+00 -4.9591e-01 +6.3278e-01 +1.9536e+00
422 0 +8.899461197e+00 +8.899461197e+00 +5.242994612e+02 +5.242994612e+02 +5.8025e-01 -1.4531e-01 -2.5698e+00 +1.9243e+00 +2.2795e-01 +1.8082e+00 -1.3510e+00 -5.0471e-01 +5.9321e-01 +1.8670e+00
557 0 +8.704571792e+00 +8.704571792e+00 +5.241045718e+02 +5.241045718e+02 +6.7594e-01 -2.8658e-01 -2.4873e+00 +1.8498e+00 +2.3906e-01 +1.4628e+00 -1.4414e+00 -5.4364e-01 +7.0339e-01 +1.7252e+00
814 0 +8.455759090e+00 +8.455759090e+00 +5.238557591e+02 +5.238557591e+02 -8.3787e-02 -2.4990e-02 -2.1673e+00 +2.0366e+00 +6.4816e-01 +2.1681e+00 -1.5549e+00 -6.0772e-01 +7.9106e-01 +1.8320e+00
863 0 +8.291899516e+00 +8.291899516e+00 +5.236918995e+02 +5.236918995e+02 +3.0116e-01 -5.4198e-01 -2.3629e+00 +1.5905e+00 +7.2804e-01 +1.5391e+00 -1.9813e+00 -6.2326e-01 +7.1923e-01 +1.3846e+00
964 0 +8.119211508e+00 +8.119211508e+00 +5.235192115e+02 +5.235192115e+02 +2.0973e-01 -5.8073e-01 -2.4205e+00 +1.7543e+00 +9.0099e-01 +1.8260e+00 -1.6181e+00 -6.1339e-01 +7.8692e-01 +1.3444e+00
1002 0 +7.941278333e+00 +7.941278333e+00 +5.233412783e+02 +5.233412783e+02 +1.4231e-01 -3.8336e-01 -2.3514e+00 +1.7701e+00 +8.9603e-01 +1.8858e+00 -1.8056e+00 -6.1706e-01 +6.0418e-01 +1.3943e+00
% f evaluations | g evaluations | best noise-free fitness - Fopt | noise-free fitness - Fopt (-8.628000000000e+01) | measured fitness | best measured fitness | x1 | x2...
1 0 +7.491911124e+01 +7.491911124e+01 -1.136088876e+01 -1.136088876e+01 +0.0000e+00 +0.0000e+00 +0.0000e+00 +0.0000e+00 +0.0000e+00 +0.0000e+00 +0.0000e+00 +0.0000e+00 +0.0000e+00 +0.0000e+00
3 0 +6.949636645e+01 +6.949636645e+01 -1.678363355e+01 -1.678363355e+01 +1.0126e-01 -9.9653e-03 -9.5825e-01 +1.2029e-01 +1.3825e-01 -1.9176e+00 +3.3277e-01 +1.6942e-01 -3.5476e-01 -5.9179e-01
13 0 +5.807145212e+01 +5.807145212e+01 -2.820854788e+01 -2.820854788e+01 +1.5661e-01 -1.5049e-02 -2.1946e+00 +4.2937e-03 -2.1119e-01 -1.9371e+00 +6.5237e-01 +2.2201e-01 -9.0303e-01 +9.3135e-01
23 0 +4.850283844e+01 +4.850283844e+01 -3.777716156e+01 -3.777716156e+01 -1.9370e-01 -1.8214e-02 -3.2898e+00 -7.8829e-02 -6.9688e-03 -1.1622e+00 +6.4325e-01 +9.8180e-01 -1.9940e+00 -3.2564e-01
27 0 +3.591003569e+01 +3.591003569e+01 -5.036996431e+01 -5.036996431e+01 +1.1022e-01 -1.8293e-02 -8.2389e-01 +4.4268e-02 +1.6582e-01 -1.4074e+00 +8.2810e-03 +9.5208e-01 -2.6247e+00 -1.0949e+00
75 0 +2.402799069e+01 +2.402799069e+01 -6.225200931e+01 -6.225200931e+01 -6.0523e-01 -5.3872e-03 +2.8308e+00 -8.2183e-02 +8.1182e-01 -3.0190e+00 -1.1306e+00 +2.7483e+00 +1.2979e+00 +8.7466e-01
114 0 +1.708306393e+01 +1.708306393e+01 -6.919693607e+01 -6.919693607e+01 -5.1865e-01 -1.6064e-02 +2.1764e+00 -1.7862e-01 +1.0738e+00 -2.7767e+00 -1.8328e+00 +2.3079e+00 -3.8581e-01 +2.0866e+00
133 0 +1.406383217e+01 +1.406383217e+01 -7.221616783e+01 -7.221616783e+01 -3.8757e-01 -7.8815e-03 +3.7394e+00 -1.0972e-01 +1.0851e+00 -3.4066e+00 -9.1526e-01 +8.2491e-01 +8.0242e-02 +8.7169e-01
144 0 +1.185938680e+01 +1.185938680e+01 -7.442061320e+01 -7.442061320e+01 -3.5749e-01 -1.1764e-02 +3.5754e+00 -1.9407e-01 +1.4681e+00 -3.4812e+00 -5.7193e-01 +5.2212e-01 +6.0413e-01 +1.0239e+00
157 0 +1.155266716e+01 +1.155266716e+01 -7.472733284e+01 -7.472733284e+01 -4.6129e-01 -1.5776e-02 +3.4567e+00 -2.2503e-01 +1.4770e+00 -3.8223e+00 -4.9366e-01 +7.2855e-01 +1.3813e+00 +7.7588e-01
167 0 +1.065267234e+01 +1.065267234e+01 -7.562732766e+01 -7.562732766e+01 -4.5056e-01 -2.1711e-02 +3.3272e+00 -1.7922e-01 +1.6254e+00 -4.2381e+00 -6.2808e-01 +6.7049e-01 +1.7074e+00 +9.7495e-01
170 0 +1.041975762e+01 +1.041975762e+01 -7.586024238e+01 -7.586024238e+01 -4.1794e-01 -1.3466e-02 +3.8908e+00 -1.4688e-01 +1.5489e+00 -4.5967e+00 -3.7813e-01 +6.6213e-01 +1.4519e+00 +9.4201e-01
187 0 +8.674776365e+00 +8.674776365e+00 -7.760522364e+01 -7.760522364e+01 -4.8343e-01 -2.5967e-02 +3.6808e+00 -1.6282e-01 +1.6037e+00 -4.4861e+00 -8.3706e-01 +6.9753e-01 +1.6681e+00 +1.2397e+00
248 0 +8.172162246e+00 +8.172162246e+00 -7.810783775e+01 -7.810783775e+01 -3.5066e-01 -1.0441e-02 +4.0518e+00 -6.3526e-02 +1.5840e+00 -4.4413e+00 -1.1418e+00 -3.3458e-01 +1.5047e+00 +1.2407e+00
266 0 +8.050035867e+00 +8.050035867e+00 -7.822996413e+01 -7.822996413e+01 -2.2269e-01 -2.6977e-02 +3.8188e+00 +5.6505e-02 +1.5372e+00 -4.5676e+00 -1.3984e+00 +1.7979e-01 +1.6972e+00 +1.7840e+00
268 0 +7.781433622e+00 +7.781433622e+00 -7.849856638e+01 -7.849856638e+01 -2.9883e-01 -2.0752e-02 +4.4331e+00 +5.3273e-02 +1.5294e+00 -4.4182e+00 -1.5171e+00 -3.2675e-01 +1.6742e+00 +1.7538e+00
329 0 +7.711399919e+00 +7.711399919e+00 -7.856860008e+01 -7.856860008e+01 -5.5928e-01 -2.1309e-02 +3.1177e+00 +1.0290e-01 +1.6860e+00 -3.8959e+00 -1.4788e+00 +1.0508e-01 +1.7357e+00 +2.1275e+00
343 0 +7.569413000e+00 +7.569413000e+00 -7.871058700e+01 -7.871058700e+01 -5.7315e-01 -1.6228e-02 +3.0837e+00 +9.9023e-02 +1.4412e+00 -4.4766e+00 -1.3822e+00 +6.1370e-01 +1.2465e+00 +2.3786e+00
350 0 +7.364964480e+00 +7.364964480e+00 -7.891503552e+01 -7.891503552e+01 -4.9040e-01 -1.7032e-02 +3.1410e+00 +1.0294e-01 +1.6002e+00 -4.2748e+00 -1.6469e+00 +4.5491e-01 +1.4752e+00 +2.3054e+00
381 0 +7.203344312e+00 +7.203344312e+00 -7.907665569e+01 -7.907665569e+01 -6.1243e-01 -2.2090e-02 +2.8226e+00 +7.9248e-02 +1.5911e+00 -3.8227e+00 -1.4485e+00 +4.8568e-01 +9.3173e-01 +2.2887e+00
501 0 +6.738642382e+00 +6.738642382e+00 -7.954135762e+01 -7.954135762e+01 -1.2452e+00 -1.8370e-02 +3.3962e+00 -4.1038e-01 +1.5275e+00 -4.7478e+00 -1.1778e+00 -7.9413e-02 +3.1685e-01 +1.3141e+00
502 0 +6.179001957e+00 +6.179001957e+00 -8.010099804e+01 -8.010099804e+01 -1.4967e+00 -2.7023e-02 +2.4583e+00 -3.5835e-01 +1.5520e+00 -4.0002e+00 -1.0883e+00 -2.4562e-01 +8.1418e-01 +2.7046e+00
521 0 +5.683972258e+00 +5.683972258e+00 -8.059602774e+01 -8.059602774e+01 -1.5202e+00 -1.4126e-02 +2.9860e+00 -4.1629e-01 +1.4003e+00 -4.4282e+00 -7.8324e-01 -1.3950e-01 +1.1356e+00 +2.0294e+00
537 0 +5.130235958e+00 +5.130235958e+00 -8.114976404e+01 -8.114976404e+01 -1.4865e+00 -1.1275e-02 +2.9425e+00 -2.2620e-01 +1.6488e+00 -4.8319e+00 -1.6097e+00 -7.8122e-02 +4.5130e-01 +2.4723e+00
545 0 +3.995006353e+00 +3.995006353e+00 -8.228499365e+01 -8.228499365e+01 -1.5746e+00 -2.4182e-02 +2.8880e+00 -3.3724e-01 +1.5441e+00 -4.2903e+00 -1.0201e+00 +1.3775e-01 +8.5066e-01 +2.4605e+00
548 0 +3.151629039e+00 +3.151629039e+00 -8.312837096e+01 -8.312837096e+01 -1.6797e+00 -1.3552e-03 +2.6965e+00 -3.9299e-01 +1.6043e+00 -4.0724e+00 -1.8752e+00 -8.5315e-02 +4.9818e-01 +2.5453e+00
553 0 +3.087663295e+00 +3.087663295e+00 -8.319233671e+01 -8.319233671e+01 -1.7380e+00 +1.1892e-03 +2.3951e+00 -4.0096e-01 +1.4082e+00 -3.8926e+00 -1.7783e+00 +1.0067e-01 +1.4638e-01 +2.4176e+00
604 0 +2.486876075e+00 +2.486876075e+00 -8.379312393e+01 -8.379312393e+01 -1.4665e+00 -4.5255e-03 +3.1263e+00 -3.8589e-01 +1.1930e+00 -3.6288e+00 -1.6242e+00 -6.5128e-01 -1.1695e-01 +2.6359e+00
654 0 +2.112655500e+00 +2.112655500e+00 -8.416734450e+01 -8.416734450e+01 -1.6941e+00 +6.1211e-03 +2.7844e+00 -2.1172e-01 +1.1832e+00 -3.8816e+00 -1.3780e+00 +1.4958e-01 -1.0220e-01 +2.4404e+00
675 0 +2.081331473e+00 +2.081331473e+00 -8.419866853e+01 -8.419866853e+01 -1.7334e+00 +1.2756e-03 +3.1305e+00 -2.1763e-01 +1.0998e+00 -4.2582e+00 -1.5129e+00 -7.5275e-02 -1.2035e-01 +2.3263e+00
738 0 +2.026905489e+00 +2.026905489e+00 -8.425309451e+01 -8.425309451e+01 -2.0285e+00 -6.0252e-03 +3.2492e+00 -1.4117e-01 +1.0054e+00 -4.3705e+00 -1.2935e+00 -2.9479e-01 -2.7544e-01 +2.3905e+00
% f evaluations | g evaluations | best noise-free fitness - Fopt | noise-free fitness - Fopt (2.224000000000e+01) | measured fitness | best measured fitness | x1 | x2...
1 0 +7.156193876e+01 +7.156193876e+01 +9.380193876e+01 +9.380193876e+01 +0.0000e+00 +0.0000e+00 +0.0000e+00 +0.0000e+00 +0.0000e+00 +0.0000e+00 +0.0000e+00 +0.0000e+00 +0.0000e+00 +0.0000e+00
3 0 +7.042349388e+01 +7.042349388e+01 +9.266349388e+01 +9.266349388e+01 -1.4092e-01 -3.8515e-02 +2.4760e-01 -2.9489e-01 -5.1619e-02 -2.3896e-01 +5.2510e-01 -5.0060e-01 -4.1678e-01 +1.3083e-01
5 0 +6.817779017e+01 +6.817779017e+01 +9.041779017e+01 +9.041779017e+01 +8.4364e-02 -5.4164e-01 +3.9534e-03 +2.6672e-01 -2.7272e-03 +8.6186e-02 +1.9101e+00 +2.3183e-01 -1.0726e+00 -9.6111e-01
6 0 +6.551040097e+01 +6.551040097e+01 +8.775040097e+01 +8.775040097e+01 -1.6128e+00 +5.5205e-01 -4.8102e-01 +6.8250e-01 +6.4234e-02 -5.0112e-02 -2.3079e-01 -3.2253e-01 -2.6718e-01 -3.2124e-02
12 0 +6.206746750e+01 +6.206746750e+01 +8.430746750e+01 +8.430746750e+01 +9.7890e-02 +2.3635e-01 +8.5649e-02 +1.6113e-01 -5.8517e-02 +1.0873e-01 +1.6140e+00 -6.0323e-01 +4.4261e-01 -7.6861e-01
21 0 +6.016888113e+01 +6.016888113e+01 +8.240888113e+01 +8.240888113e+01 +2.6243e-01 -1.0039e+00 -1.7864e+00 -5.2947e-01 +8.9173e-03 +7.6926e-02 +1.5814e+00 +1.4799e-01 +1.2060e+00 -8.8684e-01
25 0 +5.787010329e+01 +5.787010329e+01 +8.011010329e+01 +8.011010329e+01 -1.3022e-01 +2.2857e-01 +1.3620e-01 +2.9173e-01 -1.2399e-01 +1.7315e-01 +2.6806e+00 -1.4448e-01 +6.6852e-01 -5.6057e-01
27 0 +4.167630122e+01 +4.167630122e+01 +6.391630122e+01 +6.391630122e+01 +7.3549e-01 +6.0520e-01 -3.9711e-01 +1.9280e-01 +3.8287e-02 +2.8459e-01 +3.9838e+00 -1.0324e-01 +1.7206e+00 -3.7655e-01
42 0 +3.888707664e+01 +3.888707664e+01 +6.112707664e+01 +6.112707664e+01 +9.2093e-01 -2.0064e-01 -9.5120e-01 +1.8792e-01 +1.4922e-02 +2.5865e-01 +4.3085e+00 -5.6701e-01 +2.0573e+00 -6.5339e-01
43 0 +3.745492965e+01 +3.745492965e+01 +5.969492965e+01 +5.969492965e+01 +9.5858e-01 -9.4674e-02 -1.8884e+00 +6.6723e-01 -9.9155e-02 +1.5927e-01 +3.2511e+00 -5.8824e-01 +1.9612e+00 +3.4345e-03
84 0 +3.432071269e+01 +3.432071269e+01 +5.656071269e+01 +5.656071269e+01 +2.4302e+00 -6.3834e-01 -1.3388e+00 +2.2204e+00 -6.1629e-02 +8.7581e-01 +4.9850e+00 -1.6668e-01 +1.2524e+00 +2.4707e-01
117 0 +3.201180012e+01 +3.201180012e+01 +5.425180012e+01 +5.425180012e+01 +1.5988e+00 -5.8711e-01 -1.2578e+00 +1.2843e+00 -6.9522e-02 +1.0639e+00 +3.3211e+00 -7.2489e-01 -2.7739e-01 +8.7749e-02
119 0 +3.118210503e+01 +3.118210503e+01 +5.342210503e+01 +5.342210503e+01 +1.9180e+00 -5.7049e-01 -1.0737e+00 +1.0849e+00 -3.3347e-02 +7.6917e-01 +4.0832e+00 -6.2832e-01 +3.7787e-01 -1.9172e-01
129 0 +2.647341469e+01 +2.647341469e+01 +4.871341469e+01 +4.871341469e+01 +1.2826e+00 -1.8172e-01 -1.6625e+00 +9.3586e-01 -3.0516e-02 +1.3057e+00 +3.9037e+00 -5.1722e-01 +4.4818e-01 -2.9165e-02
180 0 +2.623937146e+01 +2.623937146e+01 +4.847937146e+01 +4.847937146e+01 +2.2836e-01 -4.3099e-01 -1.6565e+00 +1.9049e+00 -1.3629e-02 +9.0274e-01 +2.9426e+00 -5.0834e-01 +1.3535e-01 +8.2995e-02
216 0 +2.560238591e+01 +2.560238591e+01 +4.784238591e+01 +4.784238591e+01 +6.1465e-01 -7.1780e-01 -1.2884e+00 +1.9983e+00 -9.4852e-02 +8.9833e-01 +3.3886e+00 -6.4125e-01 +6.3591e-01 +2.4320e-01
% f evaluations | g evaluations | best noise-free fitness - Fopt | noise-free fitness - Fopt (-2.301000000000e+01) | measured fitness | best measured fitness | x1 | x2...
1 0 +7.591553088e+01 +7.591553088e+01 +5.290553088e+01 +5.290553088e+01 +0.0000e+00 +0.0000e+00 +0.0000e+00 +0.0000e+00 +0.0000e+00 +0.0000e+00 +0.0000e+00 +0.0000e+00 +0.0000e+00 +0.0000e+00
3 0 +6.946207929e+01 +6.946207929e+01 +4.645207929e+01 +4.645207929e+01 -9.2647e-02 -1.3327e+00 +2.4541e+00 -8.7892e-02 +3.9196e-02 +1.8299e+00 -2.1637e+00 +1.2568e+00 -4.8114e-01 -1.9003e+00
5 0 +6.622927338e+01 +6.622927338e+01 +4.321927338e+01 +4.321927338e+01 +3.9726e-01 +2.6890e-01 -1.8994e+00 +9.7579e-02 -6.4273e-01 -5.8384e-01 -4.1996e-01 +3.3354e+00 -1.8660e-01 -2.4655e-01
20 0 +6.317146287e+01 +6.317146287e+01 +4.016146287e+01 +4.016146287e+01 +1.1544e+00 -1.2195e+00 -2.6432e+00 -2.2661e-01 -2.6635e-01 +4.5918e-01 -1.0057e+00 +4.6275e+00 -1.8624e-01 -3.6279e-01
29 0 +5.730307055e+01 +5.730307055e+01 +3.429307055e+01 +3.429307055e+01 +4.5260e-01 +8.9883e-01 -5.3872e-01 +2.0455e-01 -5.5550e-01 -1.4940e-01 +9.2630e-01 +4.4866e+00 -3.2991e-01 -7.7806e-01
31 0 +4.528433829e+01 +4.528433829e+01 +2.227433829e+01 +2.227433829e+01 -9.6369e-01 +1.0233e+00 -1.6083e+00 -2.9898e-03 +1.7941e+00 +8.9059e-01 +2.4035e-01 +5.8637e+00 +1.2312e-01 +1.2298e+00
39 0 +4.034044655e+01 +4.034044655e+01 +1.733044655e+01 +1.733044655e+01 +1.8738e-01 +1.2160e+00 -3.1294e+00 +5.9538e-02 +9.3672e-01 +4.7129e-01 -8.8227e-02 +4.9365e+00 +1.3167e-01 -8.6622e-01
86 0 +3.720990183e+01 +3.720990183e+01 +1.419990183e+01 +1.419990183e+01 -1.1891e+00 -1.4029e+00 -2.6788e+00 -1.4615e-01 -2.4533e+00 -4.5392e-01 +7.9218e-01 +4.7858e+00 -1.0793e+00 -1.3932e-01
111 0 +2.562129723e+01 +2.562129723e+01 +2.611297229e+00 +2.611297229e+00 -2.1956e+00 -1.7787e+00 -3.6931e+00 -4.1434e-01 -1.9392e+00 +1.7689e+00 +9.8454e-01 +2.9797e+00 -2.6133e+00 +2.8973e-01
344 0 +1.958992381e+01 +1.958992381e+01 -3.420076193e+00 -3.420076193e+00 -5.9512e-02 -2.2870e+00 -1.5635e-01 +1.3466e+00 -4.7763e-01 +1.8174e+00 -2.0033e+00 +2.1611e+00 +2.7188e+00 +8.3798e-01
% f evaluations | g evaluations | best noise-free fitness - Fopt | noise-free fitness - Fopt (-3.323700000000e+02) | measured fitness | best measured fitness | x1 | x2...
1 0 +7.420506315e+01 +7.420506315e+01 -2.581649368e+02 -2.581649368e+02 +0.0000e+00 +0.0000e+00 +0.0000e+00 +0.0000e+00 +0.0000e+00 +0.0000e+00 +0.0000e+00 +0.0000e+00 +0.0000e+00 +0.0000e+00
2 0 +7.147495588e+01 +7.147495588e+01 -2.608950441e+02 -2.608950441e+02 +1.0669e-01 -2.7943e-02 -3.0925e-01 -4.7324e-02 +3.4025e-01 -5.1891e-01 -8.6160e-02 +6.7633e-03 +3.7465e-01 -7.5704e-02
4 0 +6.399834369e+01 +6.399834369e+01 -2.683716563e+02 -2.683716563e+02 +7.9117e-01 +2.7082e-02 +2.4959e-01 -9.6135e-01 +5.9313e-01 -2.5430e-01 -3.1692e-01 +5.5033e-03 +1.0991e-01 +7.5790e-01
12 0 +5.703176128e+01 +5.703176128e+01 -2.753382387e+02 -2.753382387e+02 +9.8515e-01 -6.0177e-02 +6.1635e-02 +4.5378e-02 +9.0842e-01 -1.9603e-01 -6.2258e-01 -4.0825e-03 +3.5088e-01 +9.2527e-01
16 0 +4.778825553e+01 +4.778825553e+01 -2.845817445e+02 -2.845817445e+02 +1.4267e+00 -2.7715e-02 +1.1532e-01 +1.9558e-01 +1.0765e+00 -9.7393e-01 -5.8927e-01 +6.6043e-03 +9.9604e-03 +9.4117e-01
94 0 +4.607385708e+01 +4.607385708e+01 -2.862961429e+02 -2.862961429e+02 -2.5858e-02 +7.7709e-02 +1.1466e+00 -3.2666e-01 +5.6511e-01 -2.8473e+00 -3.7131e-01 +2.9010e-02 -6.6417e-01 +1.6051e+00
103 0 +3.993648752e+01 +3.993648752e+01 -2.924335125e+02 -2.924335125e+02 +4.8788e+00 +7.5128e-02 +7.6537e-01 +2.6818e+00 +1.4770e+00 -3.0790e+00 +3.9256e-01 +4.0235e-03 -1.1925e+00 +2.1954e+00
165 0 +3.894453875e+01 +3.894453875e+01 -2.934254613e+02 -2.934254613e+02 +7.6605e-01 -1.7021e-01 +1.1401e+00 +1.6306e-01 +1.1189e+00 -2.6642e+00 +1.1174e+00 +6.0153e-02 -1.2745e+00 +4.8206e-01
170 0 +3.445268749e+01 +3.445268749e+01 -2.979173125e+02 -2.979173125e+02 +1.2848e+00 +4.5998e-02 +1.4406e+00 -6.0983e-01 +1.4894e-01 -2.4229e+00 +6.3462e-01 +8.9711e-02 -1.1352e+00 +5.1392e-01
203 0 +3.021004216e+01 +3.021004216e+01 -3.021599578e+02 -3.021599578e+02 +6.8462e-01 +7.0374e-02 +9.2885e-01 -6.8837e-02 +1.3597e+00 -2.8491e+00 +6.1296e-01 +7.3094e-02 -1.2440e+00 +3.3197e-01
227 0 +2.950593101e+01 +2.950593101e+01 -3.028640690e+02 -3.028640690e+02 +7.4310e-01 +7.3765e-02 +7.9893e-01 -8.4190e-01 +7.2779e-01 -2.7277e+00 +5.7300e-01 +6.9564e-02 -1.0652e+00 +4.5337e-01
276 0 +2.823312320e+01 +2.823312320e+01 -3.041368768e+02 -3.041368768e+02 +6.7942e-01 +7.1252e-02 +6.4423e-01 -1.0193e+00 +1.1233e+00 -2.8672e+00 +6.1186e-01 +7.2713e-02 -1.2845e+00 +5.3573e-01
294 0 +2.809794665e+01 +2.809794665e+01 -3.042720533e+02 -3.042720533e+02 +8.4378e-01 +6.8873e-02 +6.7945e-01 -8.7061e-01 +1.3651e+00 -3.0158e+00 +5.7732e-01 +6.7158e-02 -1.3596e+00 +5.4781e-02
295 0 +2.730080768e+01 +2.730080768e+01 -3.050691923e+02 -3.050691923e+02 +1.2631e+00 +5.9525e-02 +5.8894e-01 -7.9306e-01 +1.4716e+00 -3.0608e+00 +5.1438e-01 +6.8489e-02 -1.5267e+00 +1.0631e-01
302 0 +2.597542898e+01 +2.597542898e+01 -3.063945710e+02 -3.063945710e+02 +9.9554e-01 +8.2045e-02 +7.5210e-01 -7.1573e-01 +1.1526e+00 -2.9911e+00 +6.5487e-01 +7.0992e-02 -1.5970e+00 +4.9616e-01
312 0 +2.554892192e+01 +2.554892192e+01 -3.068210781e+02 -3.068210781e+02 +6.8425e-01 +1.0331e-01 +6.8986e-01 -4.3131e-01 +1.3280e+00 -2.8089e+00 +6.3238e-01 +6.7188e-02 -1.6079e+00 +4.5748e-01
420 0 +2.487565310e+01 +2.487565310e+01 -3.074943469e+02 -3.074943469e+02 +7.7331e-01 +1.1732e-01 +5.9595e-01 -9.7491e-01 +1.3116e+00 -2.7884e+00 +7.7099e-01 +6.9151e-02 -2.1347e+00 +7.2262e-01
574 0 +2.437750184e+01 +2.437750184e+01 -3.079924982e+02 -3.079924982e+02 +7.5790e-01 +1.9504e-01 +9.0732e-01 -9.1773e-01 +1.4740e+00 -3.2360e+00 +6.4068e-01 +2.5395e-02 -1.9604e+00 +4.3678e-01
582 0 +2.343666609e+01 +2.343666609e+01 -3.089333339e+02 -3.089333339e+02 +7.7876e-01 +1.9365e-01 +8.3397e-01 -1.1672e+00 +1.3340e+00 -3.0680e+00 +5.7043e-01 +2.6130e-02 -2.3183e+00 +4.2941e-01
723 0 +2.252890724e+01 +2.252890724e+01 -3.098410928e+02 -3.098410928e+02 +9.1124e-01 +2.8424e-01 +7.8304e-01 -8.6194e-01 +1.5695e+00 -3.1842e+00 +7.4130e-01 +1.8540e-02 -2.4159e+00 +1.8731e-01
799 0 +2.221536705e+01 +2.221536705e+01 -3.101546330e+02 -3.101546330e+02 +8.0275e-01 +3.1123e-01 +1.0050e+00 -8.7226e-01 +1.7320e+00 -2.8001e+00 +4.4302e-01 +7.4320e-03 -2.4699e+00 +1.7878e-01
807 0 +2.177730098e+01 +2.177730098e+01 -3.105926990e+02 -3.105926990e+02 +5.9355e-01 +3.2853e-01 +1.0599e+00 -6.1962e-01 +1.6276e+00 -2.9066e+00 +4.4751e-01 +8.9012e-03 -2.4847e+00 +3.4248e-01
904 0 +2.106425356e+01 +2.106425356e+01 -3.113057464e+02 -3.113057464e+02 +6.9804e-01 +3.6951e-01 +7.9685e-01 -5.5100e-01 +1.8874e+00 -2.9602e+00 +3.3578e-01 +1.8659e-02 -2.3636e+00 +2.1031e-01
916 0 +2.083249172e+01 +2.083249172e+01 -3.115375083e+02 -3.115375083e+02 +7.2924e-01 +3.8456e-01 +7.4298e-01 -7.4614e-01 +1.9534e+00 -2.8725e+00 +4.7053e-01 +2.1679e-02 -2.6861e+00 +2.1950e-01
% f evaluations | g evaluations | best noise-free fitness - Fopt | noise-free fitness - Fopt (-1.231300000000e+02) | measured fitness | best measured fitness | x1 | x2...
1 0 +6.217285891e+01 +6.217285891e+01 -6.095714109e+01 -6.095714109e+01 +0.0000e+00 +0.0000e+00 +0.0000e+00 +0.0000e+00 +0.0000e+00 +0.0000e+00 +0.0000e+00 +0.0000e+00 +0.0000e+00 +0.0000e+00
2 0 +5.640156676e+01 +5.640156676e+01 -6.672843324e+01 -6.672843324e+01 -1.6943e-01 -4.0472e+00 +1.2199e+00 +1.0009e+00 -3.2076e+00 -6.1127e-01 -1.5472e+00 +3.6706e-01 -1.4376e+00 +9.3702e-01
36 0 +5.585853700e+01 +5.585853700e+01 -6.727146300e+01 -6.727146300e+01 -9.6604e-01 -5.7434e+00 +3.4392e+00 +6.2537e-01 -3.7902e+00 -7.2078e-01 -3.4085e-01 -2.0436e+00 -1.1673e-01 -1.1928e+00
170 0 +4.629206899e+01 +4.629206899e+01 -7.683793101e+01 -7.683793101e+01 -2.0926e+00 +4.4457e+00 -1.7139e+00 +1.1420e+00 +1.1902e+00 -1.7819e+00 -2.8321e+00 +7.7081e-01 -3.1824e+00 +7.6229e-01
202 0 +4.561580621e+01 +4.561580621e+01 -7.751419379e+01 -7.751419379e+01 +4.0634e-01 +2.8267e+00 -6.9478e-01 +2.4035e+00 +1.2499e+00 -1.3101e-01 -5.4969e+00 -2.4386e-01 -4.6543e+00 -2.1773e+00
203 0 +4.459595385e+01 +4.459595385e+01 -7.853404615e+01 -7.853404615e+01 +1.1349e+00 +5.0870e+00 -1.2181e+00 +1.6511e+00 +4.3303e+00 -1.0358e+00 -6.5533e+00 -1.4886e+00 -4.4438e+00 -1.1727e+00
205 0 +4.024016302e+01 +4.024016302e+01 -8.288983698e+01 -8.288983698e+01 -1.6913e-01 +1.9441e+00 +2.4056e-01 +6.7028e-01 +4.8988e+00 -1.1971e+00 -5.6200e+00 +4.4178e-01 -4.2496e+00 -1.3438e+00
207 0 +3.953017940e+01 +3.953017940e+01 -8.359982060e+01 -8.359982060e+01 +8.7064e-01 +1.6701e+00 -1.7160e+00 +3.4933e-01 +4.2695e+00 -7.2437e-01 -5.7574e+00 -9.6811e-01 -4.6257e+00 -8.4465e-01
209 0 +3.378964799e+01 +3.378964799e+01 -8.934035201e+01 -8.934035201e+01 +6.6315e-02 +2.7715e+00 -2.2601e+00 +1.0459e+00 +3.5387e+00 -1.3241e+00 -5.7078e+00 -1.5240e-01 -5.2896e+00 -4.0164e+00
220 0 +3.023383643e+01 +3.023383643e+01 -9.289616357e+01 -9.289616357e+01 -1.1611e+00 +3.9326e+00 -1.0591e+00 +1.1930e+00 +4.0819e+00 -1.6571e+00 -5.9273e+00 +4.3485e-01 -6.2795e+00 -3.4597e-01
229 0 +2.387575668e+01 +2.387575668e+01 -9.925424332e+01 -9.925424332e+01 -3.6912e-01 +3.5679e+00 -1.7314e+00 +2.3617e+00 +4.5085e+00 -1.3759e+00 -5.7615e+00 -1.0848e+00 -5.5818e+00 -9.6549e-01
351 0 +1.842686410e+01 +1.842686410e+01 -1.047031359e+02 -1.047031359e+02 -3.9587e+00 +1.2317e+00 +1.2193e+00 +4.1495e+00 +3.5813e+00 -5.0383e+00 +1.1082e+00 +2.7993e+00 +1.2411e+00 -3.9812e+00
382 0 +1.686411608e+01 +1.686411608e+01 -1.062658839e+02 -1.062658839e+02 -4.5733e+00 +1.1134e+00 +4.8704e-01 +3.4365e+00 +4.8565e+00 -4.4092e+00 +9.0915e-02 +3.4659e+00 +1.2939e+00 -3.5203e+00
387 0 +1.644424409e+01 +1.644424409e+01 -1.066857559e+02 -1.066857559e+02 -4.3558e+00 +1.4854e+00 -2.8037e-02 +3.1036e+00 +3.2989e+00 -5.1722e+00 +8.5550e-01 +3.7486e+00 +8.4087e-01 -2.3859e+00
397 0 +1.257096036e+01 +1.257096036e+01 -1.105590396e+02 -1.105590396e+02 -3.8639e+00 +1.1685e+00 +8.9276e-01 +4.3352e+00 +3.5753e+00 -4.2510e+00 -1.4388e-01 +4.2656e+00 +9.0008e-01 -2.5700e+00
401 0 +1.197483009e+01 +1.197483009e+01 -1.111551699e+02 -1.111551699e+02 -5.1934e+00 +1.3945e+00 +4.4700e-01 +3.9451e+00 +4.0067e+00 -4.5204e+00 +2.9641e-01 +3.8852e+00 +1.2955e+00 -2.9625e+00
403 0 +1.117427679e+01 +1.117427679e+01 -1.119557232e+02 -1.119557232e+02 -4.4376e+00 +2.2119e+00 +7.7783e-01 +5.2624e+00 +4.6076e+00 -4.0258e+00 +3.2075e-01 +3.3773e+00 +8.0133e-01 -3.1222e+00
411 0 +9.240991058e+00 +9.240991058e+00 -1.138890089e+02 -1.138890089e+02 -4.9188e+00 +1.8139e+00 +4.4965e-01 +4.8650e+00 +3.5633e+00 -4.9821e+00 -9.2992e-02 +3.1924e+00 +6.1192e-01 -2.8845e+00
425 0 +8.387145593e+00 +8.387145593e+00 -1.147428544e+02 -1.147428544e+02 -4.7559e+00 +1.0604e+00 +9.1837e-01 +4.4421e+00 +4.4805e+00 -3.8450e+00 -1.9477e-02 +3.4391e+00 +8.9315e-01 -2.4390e+00
435 0 +8.114271722e+00 +8.114271722e+00 -1.150157283e+02 -1.150157283e+02 -5.0262e+00 +2.0201e+00 +4.0230e-01 +4.2642e+00 +4.6693e+00 -4.8100e+00 +6.7053e-01 +3.5863e+00 +1.1920e+00 -2.4857e+00
452 0 +7.833051123e+00 +7.833051123e+00 -1.152969489e+02 -1.152969489e+02 -4.9822e+00 +2.1317e+00 +6.1377e-01 +4.0544e+00 +4.6372e+00 -5.3530e+00 +8.2658e-01 +3.6340e+00 +9.6445e-01 -2.5270e+00
454 0 +7.443835819e+00 +7.443835819e+00 -1.156861642e+02 -1.156861642e+02 -4.6774e+00 +1.2383e+00 +2.6624e-01 +3.7250e+00 +4.5916e+00 -4.9810e+00 +3.5139e-02 +3.2378e+00 +5.2165e-01 -2.1955e+00
456 0 +6.391393183e+00 +6.391393183e+00 -1.167386068e+02 -1.167386068e+02 -4.7708e+00 +2.0767e+00 +5.9363e-01 +3.8814e+00 +5.0127e+00 -4.8550e+00 +3.2297e-01 +3.0989e+00 +5.3714e-01 -2.4814e+00
465 0 +5.717543484e+00 +5.717543484e+00 -1.174124565e+02 -1.174124565e+02 -4.7376e+00 +2.4181e+00 +6.1963e-01 +4.3909e+00 +4.6932e+00 -5.2758e+00 +1.3647e-01 +3.5410e+00 -1.6362e-01 -1.9960e+00
468 0 +5.249704422e+00 +5.249704422e+00 -1.178802956e+02 -1.178802956e+02 -4.6357e+00 +1.3735e+00 +6.1167e-01 +3.8957e+00 +4.7306e+00 -4.4418e+00 +2.4803e-01 +2.7162e+00 +5.8565e-01 -1.8429e+00
474 0 +5.116830603e+00 +5.116830603e+00 -1.180131694e+02 -1.180131694e+02 -4.5792e+00 +1.7371e+00 +5.2797e-01 +4.1740e+00 +4.5192e+00 -4.9724e+00 +5.3583e-01 +4.0020e+00 +2.9393e-01 -2.0416e+00
475 0 +2.848311542e+00 +2.848311542e+00 -1.202816885e+02 -1.202816885e+02 -4.7952e+00 +1.7276e+00 +7.5028e-01 +4.4735e+00 +4.5461e+00 -4.7057e+00 +4.5665e-02 +3.1177e+00 -7.9366e-02 -1.8936e+00
488 0 +2.352949048e+00 +2.352949048e+00 -1.207770510e+02 -1.207770510e+02 -4.7511e+00 +1.5756e+00 +1.3506e+00 +3.7065e+00 +4.9127e+00 -4.7153e+00 +4.4522e-01 +3.1898e+00 -4.6665e-02 -2.0696e+00
497 0 +2.283942778e+00 +2.283942778e+00 -1.208460572e+02 -1.208460572e+02 -4.6330e+00 +1.6858e+00 +1.0977e+00 +4.2579e+00 +5.0914e+00 -4.7161e+00 +4.7918e-01 +3.1602e+00 +7.2368e-02 -1.7408e+00
514 0 +2.206044390e+00 +2.206044390e+00 -1.209239556e+02 -1.209239556e+02 -4.5876e+00 +1.4920e+00 +1.0189e+00 +4.3287e+00 +4.9685e+00 -4.6288e+00 +5.8139e-01 +3.1041e+00 +1.3030e-01 -1.8676e+00
515 0 +2.119280000e+00 +2.119280000e+00 -1.210107200e+02 -1.210107200e+02 -4.4818e+00 +1.4106e+00 +9.9660e-01 +4.2216e+00 +4.9435e+00 -4.7146e+00 +7.6189e-01 +2.9780e+00 -5.5757e-02 -1.8571e+00
523 0 +2.072955517e+00 +2.072955517e+00 -1.210570445e+02 -1.210570445e+02 -4.8241e+00 +1.3732e+00 +1.0036e+00 +4.1608e+00 +4.7824e+00 -4.5851e+00 +1.0006e+00 +3.0195e+00 -9.0648e-02 -1.7296e+00
536 0 +2.023453585e+00 +2.023453585e+00 -1.211065464e+02 -1.211065464e+02 -4.5512e+00 +1.7222e+00 +9.1102e-01 +4.3239e+00 +4.6211e+00 -4.6505e+00 +1.2893e+00 +3.0993e+00 -9.1013e-02 -1.7438e+00
547 0 +1.990014709e+00 +1.990014709e+00 -1.211399853e+02 -1.211399853e+02 -4.6097e+00 +1.5941e+00 +1.0499e+00 +4.1951e+00 +4.7010e+00 -4.9336e+00 +5.9645e-01 +2.8589e+00 -1.5797e-01 -1.6715e+00
552 0 +1.943590588e+00 +1.943590588e+00 -1.211864094e+02 -1.211864094e+02 -4.5634e+00 +1.8007e+00 +1.0683e+00 +4.3325e+00 +4.6032e+00 -4.8962e+00 +5.9724e-01 +2.9147e+00 -2.5885e-01 -1.5747e+00
580 0 +1.875162411e+00 +1.875162411e+00 -1.212548376e+02 -1.212548376e+02 -4.3948e+00 +1.7065e+00 +1.1889e+00 +4.4025e+00 +4.6597e+00 -4.9746e+00 +9.4743e-01 +3.1067e+00 -2.3479e-01 -1.6673e+00
590 0 +1.831001031e+00 +1.831001031e+00 -1.212989990e+02 -1.212989990e+02 -4.5907e+00 +1.7557e+00 +1.2182e+00 +4.3111e+00 +4.6314e+00 -4.9409e+00 +1.0224e+00 +3.1514e+00 -1.4553e-01 -1.5600e+00
669 0 +1.813772693e+00 +1.813772693e+00 -1.213162273e+02 -1.213162273e+02 -4.3019e+00 +1.7385e+00 +1.5314e+00 +4.1966e+00 +4.4415e+00 -5.1414e+00 +8.2153e-01 +2.9592e+00 -1.1431e-01 -1.3509e+00
% f evaluations | g evaluations | best noise-free fitness - Fopt | noise-free fitness - Fopt (-1.537900000000e+02) | measured fitness | best measured fitness | x1 | x2...
1 0 +7.009686110e+01 +7.009686110e+01 -8.369313890e+01 -8.369313890e+01 +0.0000e+00 +0.0000e+00 +0.0000e+00 +0.0000e+00 +0.0000e+00 +0.0000e+00 +0.0000e+00 +0.0000e+00 +0.0000e+00 +0.0000e+00
11 0 +6.722732789e+01 +6.722732789e+01 -8.656267211e+01 -8.656267211e+01 -2.4737e+00 -4.1041e-01 +3.3106e+00 +1.1938e+00 +3.2826e-01 +1.4236e-01 +7.0585e-01 +3.1253e-01 -9.9112e-02 +2.7404e-01
21 0 +6.140964062e+01 +6.140964062e+01 -9.238035938e+01 -9.238035938e+01 -3.0351e+00 +1.3939e+00 +2.8227e+00 +2.8721e-01 +1.4999e+00 +9.7638e-02 -6.3798e-01 +9.8083e-01 -3.6780e-02 -2.0495e-01
48 0 +4.155997608e+01 +4.155997608e+01 -1.122300239e+02 -1.122300239e+02 -4.2258e+00 +6.9616e-01 +3.5605e+00 -5.8518e-01 +1.9083e-01 -6.4103e-01 -1.2889e+00 +2.8452e-01 -1.6513e-01 +5.7081e-02
55 0 +4.057696719e+01 +4.057696719e+01 -1.132130328e+02 -1.132130328e+02 -3.4778e+00 +1.3571e+00 +3.9573e+00 -6.7280e-02 +8.6578e-01 -8.7700e-01 -2.7540e-01 +7.4503e-01 -1.2629e-01 +8.4443e-02
99 0 +2.512042090e+01 +2.512042090e+01 -1.286695791e+02 -1.286695791e+02 -3.0741e+00 +2.3687e-01 +4.1090e+00 -1.1159e+00 +6.1976e-01 -8.2593e-01 -8.5256e-01 -7.4981e-01 -6.2424e-02 -8.2127e-01
124 0 +2.350947709e+01 +2.350947709e+01 -1.302805229e+02 -1.302805229e+02 -2.7096e+00 +1.2601e+00 +3.8130e+00 -2.0520e+00 +1.5677e+00 -2.1241e+00 +1.0506e-01 +4.9500e-01 -3.4100e-03 +9.6549e-01
144 0 +2.288375032e+01 +2.288375032e+01 -1.309062497e+02 -1.309062497e+02 -3.4490e+00 +1.5367e+00 +4.7780e+00 -2.2995e+00 +1.9147e+00 -1.9305e+00 +6.3172e-01 +1.9746e-02 -4.0053e-02 +1.0114e+00
149 0 +2.154439240e+01 +2.154439240e+01 -1.322456076e+02 -1.322456076e+02 -2.5164e+00 +1.4888e+00 +3.3043e+00 -1.7227e+00 +8.2680e-01 -1.9350e+00 -1.8945e-01 +1.8651e-01 +2.3379e-02 +1.1675e+00
166 0 +2.002888394e+01 +2.002888394e+01 -1.337611161e+02 -1.337611161e+02 -3.1145e+00 +1.2286e+00 +4.5747e+00 -2.2633e+00 +2.4274e+00 -2.0186e+00 +6.9563e-01 -7.3265e-02 -2.1688e-02 +1.0327e+00
213 0 +1.991100021e+01 +1.991100021e+01 -1.338789998e+02 -1.338789998e+02 -2.6511e+00 +1.6736e+00 +4.8662e+00 -2.3523e+00 +1.3922e+00 -2.2388e+00 +1.8448e-01 -2.9067e-02 -1.2315e-01 +9.3513e-01
219 0 +1.789382547e+01 +1.789382547e+01 -1.358961745e+02 -1.358961745e+02 -2.6152e+00 +1.1662e+00 +4.2707e+00 -2.2099e+00 +2.0314e+00 -2.0406e+00 -1.0858e-01 +3.8521e-02 -2.0264e-01 +1.0414e+00
240 0 +1.652391983e+01 +1.652391983e+01 -1.372660802e+02 -1.372660802e+02 -1.8433e+00 +1.2216e+00 +3.6984e+00 -2.4296e+00 +1.2299e+00 -2.2984e+00 -1.6391e-01 +2.9122e-02 -1.2784e-01 +9.9352e-01
249 0 +1.599411291e+01 +1.599411291e+01 -1.377958871e+02 -1.377958871e+02 -2.3966e+00 +1.1516e+00 +4.5603e+00 -2.4267e+00 +1.2666e+00 -2.1483e+00 -8.8725e-02 -1.9103e-01 -1.8338e-01 +9.5865e-01
269 0 +1.385499815e+01 +1.385499815e+01 -1.399350018e+02 -1.399350018e+02 -2.6331e+00 +1.8908e+00 +3.7369e+00 -1.4872e+00 +1.2200e+00 -2.1070e+00 +4.1968e-01 -1.9782e-01 -1.2905e-02 +7.2412e-01
277 0 +1.337578228e+01 +1.337578228e+01 -1.404142177e+02 -1.404142177e+02 -2.7726e+00 +1.3356e+00 +3.7484e+00 -1.4498e+00 +1.6590e+00 -2.2782e+00 -1.8404e-01 -1.8803e-02 -3.9155e-02 +6.4391e-01
494 0 +7.900600399e+00 +7.900600399e+00 -1.458893996e+02 -1.458893996e+02 -3.1540e+00 +2.3315e+00 +3.0073e+00 -2.1027e+00 +2.0587e+00 -3.4909e+00 +6.8578e-01 -1.2497e+00 +1.8472e-01 +9.8837e-01
% f evaluations | g evaluations | best noise-free fitness - Fopt | noise-free fitness - Fopt (-4.860000000000e+01) | measured fitness | best measured fitness | x1 | x2...
1 0 +5.650257136e+01 +5.650257136e+01 +7.902571361e+00 +7.902571361e+00 +0.0000e+00 +0.0000e+00 +0.0000e+00 +0.0000e+00 +0.0000e+00 +0.0000e+00 +0.0000e+00 +0.0000e+00 +0.0000e+00 +0.0000e+00
2 0 +5.613776825e+01 +5.613776825e+01 +7.537768247e+00 +7.537768247e+00 -8.7907e-02 +4.3634e-01 -3.1582e-02 -4.7824e-01 +2.7903e-01 +7.8229e-01 -1.2130e-01 +9.8280e-01 +6.4352e-03 -3.9638e-01
8 0 +4.085489351e+01 +4.085489351e+01 -7.745106493e+00 -7.745106493e+00 +7.9095e-01 +1.2070e-01 +1.0123e-02 -7.9398e-01 +3.1937e-01 +7.7087e-01 -1.0102e-01 -1.1729e+00 -5.3307e-03 -1.5494e+00
26 0 +3.406344344e+01 +3.406344344e+01 -1.453655656e+01 -1.453655656e+01 +9.6403e-01 +5.0767e-01 +7.7859e-03 -7.9086e-01 +4.0436e-01 +3.5216e-02 -1.0214e-01 -3.2104e-01 -1.0847e-04 -2.0617e+00
42 0 +3.277839992e+01 +3.277839992e+01 -1.582160008e+01 -1.582160008e+01 +1.1989e+00 -2.8974e-01 +4.7112e-02 -9.5858e-01 -2.2313e-01 +4.1195e-02 -4.4230e-02 -3.9684e-01 -7.8675e-04 -2.5209e+00
124 0 +3.071818279e+01 +3.071818279e+01 -1.788181721e+01 -1.788181721e+01 +6.7501e+00 +1.3794e+00 +2.5616e-01 -9.2048e-01 +2.2196e+00 -9.9319e-01 -4.7459e-01 -2.5601e+00 -4.0398e-03 -3.4538e+00
128 0 +2.740787196e+01 +2.740787196e+01 -2.119212804e+01 -2.119212804e+01 +4.1536e+00 +1.8637e+00 +1.7002e-01 -1.0440e+00 +1.8784e+00 +1.5786e-01 -5.4721e-01 -3.4666e+00 -6.4604e-03 -3.5948e+00
137 0 +2.462749290e+01 +2.462749290e+01 -2.397250710e+01 -2.397250710e+01 +5.2699e+00 +1.3819e+00 +1.9658e-01 -1.4882e+00 +2.1366e+00 -1.3345e+00 -5.0633e-01 -2.4991e+00 -5.9197e-03 -4.3269e+00
142 0 +2.080398530e+01 +2.080398530e+01 -2.779601470e+01 -2.779601470e+01 +5.6647e+00 +1.4545e+00 +1.9271e-01 -1.0236e+00 +2.4079e+00 -9.4941e-02 -5.7807e-01 -3.3236e+00 +1.1397e-05 -3.4451e+00
173 0 +2.040196094e+01 +2.040196094e+01 -2.819803906e+01 -2.819803906e+01 +5.6161e+00 +1.0295e+00 +2.0323e-01 -3.6602e-01 +2.4213e+00 +5.1219e-01 -4.8331e-01 -3.6344e+00 -3.5039e-03 -3.9871e+00
193 0 +1.934753134e+01 +1.934753134e+01 -2.925246866e+01 -2.925246866e+01 +5.0530e+00 +4.3358e-01 +1.9610e-01 -5.1231e-01 +2.2026e+00 -1.1631e-01 -5.6802e-01 -3.2881e+00 +3.7746e-03 -3.6474e+00
267 0 +1.515218829e+01 +1.515218829e+01 -3.344781171e+01 -3.344781171e+01 +4.8907e+00 +6.5955e-01 +1.8380e-01 +3.6542e-01 +3.2453e+00 +2.5215e-01 +2.0576e-01 -3.1053e+00 -1.4255e-02 -2.8477e+00
587 0 +1.261938844e+01 +1.261938844e+01 -3.598061156e+01 -3.598061156e+01 +4.0585e+00 +1.1320e+00 -6.8125e-01 -5.5245e-01 +4.2640e+00 +2.1097e-01 +1.8109e+00 -2.7345e+00 -2.6359e-02 -3.7711e+00
608 0 +1.166089276e+01 +1.166089276e+01 -3.693910724e+01 -3.693910724e+01 +4.1221e+00 +1.1190e+00 -6.5724e-01 -6.2244e-01 +3.9861e+00 +5.5602e-03 +1.7282e+00 -2.5370e+00 -2.9194e-02 -4.0220e+00
612 0 +1.070643488e+01 +1.070643488e+01 -3.789356512e+01 -3.789356512e+01 +4.3700e+00 +1.2633e+00 -6.6814e-01 -2.6415e-01 +3.6974e+00 -5.4716e-02 +1.7628e+00 -3.0074e+00 -2.7631e-02 -3.7631e+00
% f evaluations | g evaluations | best noise-free fitness - Fopt | noise-free fitness - Fopt (2.770000000000e+01) | measured fitness | best measured fitness | x1 | x2...
1 0 +7.538900726e+01 +7.538900726e+01 +1.030890073e+02 +1.030890073e+02 +0.0000e+00 +0.0000e+00 +0.0000e+00 +0.0000e+00 +0.0000e+00 +0.0000e+00 +0.0000e+00 +0.0000e+00 +0.0000e+00 +0.0000e+00
3 0 +7.342982690e+01 +7.342982690e+01 +1.011298269e+02 +1.011298269e+02 -7.6266e-01 +6.0563e-02 -2.0495e+00 -1.1356e-02 -9.3418e-01 +1.3037e-01 -2.0166e-01 +2.2824e-02 +9.4482e-02 -2.4762e-01
6 0 +6.981842826e+01 +6.981842826e+01 +9.751842826e+01 +9.751842826e+01 -7.0756e-01 +9.8401e-02 -5.7480e-01 +3.5164e-02 -1.8872e-02 -1.2125e-01 -2.7441e+00 +3.7810e-02 -2.1100e-02 +1.1031e-01
7 0 +5.801019017e+01 +5.801019017e+01 +8.571019017e+01 +8.571019017e+01 -5.9221e-01 +6.2255e-02 -9.1217e-01 +2.1396e-02 +1.3951e+00 -2.2493e-02 -1.5719e+00 -5.1237e-02 +2.9810e-01 +5.1884e-01
21 0 +5.587990195e+01 +5.587990195e+01 +8.357990195e+01 +8.357990195e+01 -2.7046e+00 -1.0923e-01 -2.7166e+00 +2.8586e-02 +9.5774e-01 -1.2685e-01 -2.1398e+00 -1.6154e-03 +8.3118e-02 +7.1819e-02
26 0 +4.215547258e+01 +4.215547258e+01 +6.985547258e+01 +6.985547258e+01 -2.0730e+00 +4.7881e-02 -1.0135e+00 +8.2927e-02 +1.9952e+00 -1.4636e-01 -1.2549e+00 +8.7292e-02 +3.2177e-01 -5.5133e-02
43 0 +3.994993534e+01 +3.994993534e+01 +6.764993534e+01 +6.764993534e+01 -2.2485e+00 +3.8425e-02 -1.9303e+00 -8.3602e-02 +1.4613e+00 -2.2221e-01 -1.7230e+00 +8.7380e-02 +1.7128e-01 -8.2741e-02
% f evaluations | g evaluations | best noise-free fitness - Fopt | noise-free fitness - Fopt (2.993000000000e+01) | measured fitness | best measured fitness | x1 | x2...
1 0 +7.167228148e+01 +7.167228148e+01 +1.016022815e+02 +1.016022815e+02 +0.0000e+00 +0.0000e+00 +0.0000e+00 +0.0000e+00 +0.0000e+00 +0.0000e+00 +0.0000e+00 +0.0000e+00 +0.0000e+00 +0.0000e+00
3 0 +6.963694844e+01 +6.963694844e+01 +9.956694844e+01 +9.956694844e+01 -1.2587e-01 -3.1944e-01 -4.5249e-02 -3.5252e-01 +1.9374e+00 -1.5728e-02 +1.4976e-01 -1.2232e-01 +4.0304e-02 -1.8957e-01
4 0 +6.533879955e+01 +6.533879955e+01 +9.526879955e+01 +9.526879955e+01 -7.0169e-01 -6.1772e-01 -1.3470e+00 -1.4129e-01 +5.8767e-01 +4.4158e-02 -1.1781e-01 -2.1071e-01 +2.4662e-03 -7.5010e-01
11 0 +6.417708749e+01 +6.417708749e+01 +9.410708749e+01 +9.410708749e+01 -2.2325e-01 +3.9592e-01 +9.9849e-01 +7.2908e-01 -9.9873e-01 +8.1821e-01 -1.2179e-01 +9.5318e-01 -9.3607e-03 +8.9610e-02
26 0 +6.064484130e+01 +6.064484130e+01 +9.057484130e+01 +9.057484130e+01 -1.5469e+00 -1.0972e+00 -2.4846e+00 +2.1891e-01 -2.5345e-01 +2.1667e-02 +6.7441e-02 +3.6569e-01 +5.9853e-02 -3.4187e-01
48 0 +5.766936472e+01 +5.766936472e+01 +8.759936472e+01 +8.759936472e+01 -1.9666e-01 -1.3183e+00 -2.8508e+00 +7.3806e-01 -5.1912e-01 -2.8762e-01 +5.3119e-01 -1.9425e-02 +4.0297e-02 -1.4876e+00
63 0 +5.622174608e+01 +5.622174608e+01 +8.615174608e+01 +8.615174608e+01 -2.8881e-01 -1.9735e+00 -3.0788e+00 +4.5833e-01 -1.7019e+00 -8.6119e-01 +7.2852e-02 -7.8715e-01 -3.5644e-02 -3.0168e+00
241 0 +3.753774933e+01 +3.753774933e+01 +6.746774933e+01 +6.746774933e+01 -4.5911e+00 +1.2461e+00 -4.4255e+00 -1.8071e+00 +9.0049e-01 -2.5101e+00 +1.3818e+00 +1.7832e+00 -8.4123e-02 +4.1406e+00
284 0 +2.974532886e+01 +2.974532886e+01 +5.967532886e+01 +5.967532886e+01 -2.6554e+00 -2.7166e+00 -3.3124e+00 -4.4245e-02 +1.5162e+00 -7.6465e-01 +1.3863e+00 +5.7886e-02 +1.7021e-02 +3.0774e+00
341 0 +2.945040037e+01 +2.945040037e+01 +5.938040037e+01 +5.938040037e+01 -2.8527e+00 -4.0650e+00 -3.7434e+00 -1.2030e+00 +2.6008e+00 -1.2597e+00 +1.2993e+00 -1.1944e+00 +5.7948e-03 +1.9320e+00
355 0 +2.409610681e+01 +2.409610681e+01 +5.402610681e+01 +5.402610681e+01 -3.0542e+00 -2.8922e+00 -3.5648e+00 -5.0478e-01 +2.3381e+00 -1.3750e-01 +1.5856e+00 -4.8411e-01 +2.3739e-05 +3.0846e+00
379 0 +2.327549184e+01 +2.327549184e+01 +5.320549184e+01 +5.320549184e+01 -3.3957e+00 -3.6013e+00 -4.2545e+00 +4.5820e-01 +3.3864e+00 +3.4078e-01 +8.5484e-01 +2.9858e-02 +4.7255e-02 +2.4400e+00
487 0 +1.874831478e+01 +1.874831478e+01 +4.867831478e+01 +4.867831478e+01 -3.4485e+00 -3.4247e+00 -3.4634e+00 +6.1798e-01 +2.4203e+00 -1.7413e-01 +1.7680e+00 -1.2782e+00 +2.4408e-01 +2.4678e+00
769 0 +1.815198920e+01 +1.815198920e+01 +4.808198920e+01 +4.808198920e+01 -2.7225e+00 -3.9461e+00 -4.6545e+00 +7.2939e-01 +1.8288e+00 -7.3011e-01 +1.8848e+00 -5.3026e-01 +2.7359e-02 +1.6287e+00
% f evaluations | g evaluations | best noise-free fitness - Fopt | noise-free fitness - Fopt (-1.983000000000e+01) | measured fitness | best measured fitness | x1 | x2...
1 0 +5.476883662e+01 +5.476883662e+01 +3.493883662e+01 +3.493883662e+01 +0.0000e+00 +0.0000e+00 +0.0000e+00 +0.0000e+00 +0.0000e+00 +0.0000e+00 +0.0000e+00 +0.0000e+00 +0.0000e+00 +0.0000e+00
6 0 +5.402694153e+01 +5.402694153e+01 +3.419694153e+01 +3.419694153e+01 +4.4200e-01 -3.9045e-01 +1.2828e+00 +1.4290e-01 +8.8543e-01 -1.1180e+00 +2.9164e-01 +1.4068e-01 +7.4658e-01 -2.8377e-01
8 0 +4.926207321e+01 +4.926207321e+01 +2.943207321e+01 +2.943207321e+01 +8.7406e-01 -4.7930e-01 +1.2159e+00 +1.0155e-01 +7.6201e-01 +8.8313e-01 -8.8035e-02 -1.4369e+00 +2.1238e-01 -3.0973e-02
10 0 +4.651033915e+01 +4.651033915e+01 +2.668033915e+01 +2.668033915e+01 -6.4461e-01 +3.3662e-01 -9.0273e-01 +1.9067e-01 +7.7012e-02 +4.7212e-01 -1.3564e-01 -8.8703e-01 -1.9333e-01 +1.6326e-01
24 0 +3.419511686e+01 +3.419511686e+01 +1.436511686e+01 +1.436511686e+01 +2.5191e+00 -2.8829e-01 +3.0588e-01 -9.7306e-02 +4.6151e-01 -3.6082e-01 -2.5934e-01 -1.8686e+00 -5.7581e-02 +1.1082e-01
101 0 +2.904918719e+01 +2.904918719e+01 +9.219187193e+00 +9.219187193e+00 -2.0654e-01 -6.5730e-01 -1.2155e+00 +1.2215e+00 +2.3113e+00 -2.5993e+00 -6.3336e-01 -4.5712e+00 +3.1992e+00 +4.4173e-01
145 0 +2.723520155e+01 +2.723520155e+01 +7.405201552e+00 +7.405201552e+00 +1.4210e+00 -2.3910e-03 +1.5555e+00 +5.3064e-01 +5.7001e-01 -1.9596e+00 -2.7550e-01 -2.7164e+00 +5.1897e+00 +4.3556e-01
164 0 +2.608001748e+01 +2.608001748e+01 +6.250017484e+00 +6.250017484e+00 -3.2970e-01 -9.3050e-01 +1.1257e+00 +5.0223e-01 +1.5298e+00 -2.7047e+00 -1.4621e-01 -2.6019e+00 +4.2264e+00 +4.4048e-01
197 0 +2.405276403e+01 +2.405276403e+01 +4.222764027e+00 +4.222764027e+00 +1.1907e+00 -7.0825e-01 +3.4425e-01 +4.8660e-01 +8.4655e-01 -1.4475e+00 +4.6015e-02 -2.0487e+00 +5.4503e+00 +8.5558e-01
200 0 +2.316486574e+01 +2.316486574e+01 +3.334865740e+00 +3.334865740e+00 +1.3182e+00 -6.2062e-01 +5.9742e-01 +3.7455e-01 +1.5685e+00 -3.0133e+00 -4.0502e-01 -2.6449e+00 +3.9914e+00 +1.1834e+00
323 0 +2.229805871e+01 +2.229805871e+01 +2.468058705e+00 +2.468058705e+00 +3.1848e+00 -2.1956e+00 +2.4940e+00 +1.4202e+00 +7.2661e-01 -2.1171e+00 +3.6550e-01 -8.4884e-01 +5.0319e+00 +9.2649e-01
769 0 +1.672565345e+01 +1.672565345e+01 -3.104346551e+00 -3.104346551e+00 +1.1436e+00 +1.8519e+00 -3.1731e+00 -1.3623e+00 +4.9834e+00 +1.1105e+00 +5.2242e-02 -8.7367e-02 +2.8844e+00 +7.8335e-02
799 0 +1.571184434e+01 +1.571184434e+01 -4.118155663e+00 -4.118155663e+00 +2.8342e-01 +1.4801e+00 -2.3719e+00 -2.2064e+00 +4.3985e+00 +1.0409e+00 +1.7824e-01 -5.9746e-01 +3.1523e+00 +6.1798e-02
846 0 +1.544834965e+01 +1.544834965e+01 -4.381650347e+00 -4.381650347e+00 -2.0884e-01 +1.2158e+00 -2.4634e+00 -2.1061e+00 +3.9845e+00 -1.1049e+00 -2.0279e-01 -6.9820e-01 +2.5060e+00 +2.8196e-01
1002 0 +1.377055867e+01 +1.377055867e+01 -6.059441325e+00 -6.059441325e+00 -3.8748e+00 +5.4898e-01 -3.5202e+00 -2.3726e+00 +2.4758e+00 -3.6899e-01 +1.0426e+00 -1.5352e+00 +3.5747e+00 +3.4483e-01
