% f evaluations | g evaluations | best noise-free fitness - Fopt | noise-free fitness - Fopt (-2.098800000000e+02) | measured fitness | best measured fitness | x1 | x2...
1 0 +3.674641571e+06 +3.674641571e+06 +3.674431691e+06 +3.674431691e+06 +0.0000e+00 +0.0000e+00 +0.0000e+00 +0.0000e+00 +0.0000e+00
2 0 +1.683708173e+06 +1.683708173e+06 +1.683498293e+06 +1.683498293e+06 -2.2180e-02 +7.0893e-03 +4.2880e-02 -1.2263e-01 +6.3280e-01
10 0 +1.110163959e+06 +1.110163959e+06 +1.109954079e+06 +1.109954079e+06 -8.0521e-03 -1.2790e+00 +6.2243e-01 -2.5098e-01 +8.2352e-01
17 0 +5.252935974e+05 +5.252935974e+05 +5.250837174e+05 +5.250837174e+05 -2.8168e-02 +2.5825e-01 +5.6546e-01 -2.7965e-01 +1.1982e+00
23 0 +3.527781508e+05 +3.527781508e+05 +3.525682708e+05 +3.525682708e+05 -2.0163e-02 +8.7484e-01 -2.0243e-01 +3.8216e-01 +1.3358e+00
27 0 +1.505021165e+05 +1.505021165e+05 +1.502922365e+05 +1.502922365e+05 -6.8351e-03 -7.6669e-01 +1.1734e-01 +6.2460e-01 +1.6203e+00
28 0 +1.183117016e+05 +1.183117016e+05 +1.181018216e+05 +1.181018216e+05 -1.7768e-03 -1.2437e+00 +1.3841e-01 +1.3623e+00 +1.5156e+00
36 0 +2.705729733e+04 +2.705729733e+04 +2.684741733e+04 +2.684741733e+04 -9.8855e-02 -3.1156e+00 -5.9087e-01 +1.8265e+00 +1.7672e+00
46 0 +1.213693368e+04 +1.213693368e+04 +1.192705368e+04 +1.192705368e+04 -3.0278e-02 -2.8475e+00 +2.5495e-01 +2.2327e+00 +1.7674e+00
362 0 +1.188903800e+04 +1.188903800e+04 +1.167915800e+04 +1.167915800e+04 +1.2966e-01 +1.1811e+01 +1.8332e+00 +2.7644e+00 +1.8063e+00
377 0 +1.116042399e+04 +1.116042399e+04 +1.095054399e+04 +1.095054399e+04 +1.3569e-01 +1.2423e+01 +1.9144e+00 +2.1343e+00 +1.8248e+00
391 0 +7.402660434e+03 +7.402660434e+03 +7.192780434e+03 +7.192780434e+03 +1.3489e-01 +1.2114e+01 +2.3938e+00 +2.5408e+00 +1.7565e+00
420 0 +5.915207999e+03 +5.915207999e+03 +5.705327999e+03 +5.705327999e+03 +1.2354e-01 +1.1755e+01 +2.3120e+00 +2.4252e+00 +1.8001e+00
% f evaluations | g evaluations | best noise-free fitness - Fopt | noise-free fitness - Fopt (-9.209000000000e+01) | measured fitness | best measured fitness | x1 | x2...
1 0 +1.080118910e+05 +1.080118910e+05 +1.079198010e+05 +1.079198010e+05 +0.0000e+00 +0.0000e+00 +0.0000e+00 +0.0000e+00 +0.0000e+00
3 0 +2.252716498e+04 +2.252716498e+04 +2.243507498e+04 +2.243507498e+04 +8.8445e-01 -1.5228e-01 +9.0603e-02 -1.2920e+00 -1.5619e-02
8 0 +1.298533120e+04 +1.298533120e+04 +1.289324120e+04 +1.289324120e+04 +9.8161e-01 +7.0991e-01 -9.3865e-03 -1.3048e+00 -5.8118e-02
12 0 +4.091638795e+03 +4.091638795e+03 +3.999548795e+03 +3.999548795e+03 -9.5343e-01 -1.0261e-02 -9.1756e-02 -1.8914e+00 -5.4899e-02
13 0 +1.414177749e+03 +1.414177749e+03 +1.322087749e+03 +1.322087749e+03 +8.3130e-02 +2.0698e-01 -1.4795e-02 -1.6475e+00 -1.3319e-01
15 0 +9.946137171e+02 +9.946137171e+02 +9.025237171e+02 +9.025237171e+02 +1.8032e-01 -2.0270e-02 -3.2551e-02 -1.6669e+00 -1.2109e-01
44 0 +2.690620815e+02 +2.690620815e+02 +1.769720815e+02 +1.769720815e+02 +1.3379e+00 -1.9009e-01 -3.4053e-02 -1.8241e+00 -1.2297e-01
376 0 +2.623126642e+02 +2.623126642e+02 +1.702226642e+02 +1.702226642e+02 +2.3670e+00 +1.4993e-02 -1.3480e-01 -1.8346e+00 -1.2177e-01
478 0 +2.564594236e+02 +2.564594236e+02 +1.643694236e+02 +1.643694236e+02 +2.3948e+00 +9.9168e-03 -1.3755e-01 -1.8287e+00 -1.1927e-01
621 0 +2.508801781e+02 +2.508801781e+02 +1.587901781e+02 +1.587901781e+02 +2.3288e+00 +4.7288e-02 -1.3485e-01 -1.8318e+00 -1.1849e-01
833 0 +2.447596711e+02 +2.447596711e+02 +1.526696711e+02 +1.526696711e+02 +2.3063e+00 +7.2335e-02 -1.3244e-01 -1.8275e+00 -1.1942e-01
% f evaluations | g evaluations | best noise-free fitness - Fopt | noise-free fitness - Fopt (-8.789000000000e+01) | measured fitness | best measured fitness | x1 | x2...
1 0 +9.234015967e+06 +9.234015967e+06 +9.233928077e+06 +9.233928077e+06 +0.0000e+00 +0.0000e+00 +0.0000e+00 +0.0000e+00 +0.0000e+00
4 0 +8.154949853e+06 +8.154949853e+06 +8.154861963e+06 +8.154861963e+06 +5.9331e-01 +1.6371e+00 +9.5239e-01 -1.3726e+00 -2.3850e-01
6 0 +7.800591955e+06 +7.800591955e+06 +7.800504065e+06 +7.800504065e+06 -3.5538e-01 -2.6967e-01 -5.4067e-01 +3.3258e-01 -4.0721e-01
15 0 +5.494473612e+06 +5.494473612e+06 +5.494385722e+06 +5.494385722e+06 -3.2044e-01 +6.3773e-01 -8.4691e-01 +6.0015e-01 -8.9193e-01
18 0 +5.299606211e+06 +5.299606211e+06 +5.299518321e+06 +5.299518321e+06 +4.4755e-01 +9.2549e-01 -6.2527e-01 +3.2458e-01 -9.1592e-01
22 0 +4.167081536e+06 +4.167081536e+06 +4.166993646e+06 +4.166993646e+06 -7.1871e-01 +2.8315e-01 -3.8546e-01 +7.7148e-01 -1.0903e+00
24 0 +2.201092107e+06 +2.201092107e+06 +2.201004217e+06 +2.201004217e+06 -5.6732e-01 +1.4240e-01 -6.0199e-01 +2.5345e-01 -1.7002e+00
32 0 +4.653410391e+05 +4.653410391e+05 +4.652531491e+05 +4.652531491e+05 -1.1475e+00 +1.7267e+00 -4.1610e-01 -1.0346e+00 -2.4856e+00
34 0 +1.179077444e+05 +1.179077444e+05 +1.178198544e+05 +1.178198544e+05 +1.5757e+00 -1.9784e+00 -6.1003e-01 -5.4044e-01 -2.8707e+00
53 0 +4.697153491e+04 +4.697153491e+04 +4.688364491e+04 +4.688364491e+04 +5.0976e+00 +3.2427e+00 -2.1888e+00 -1.9100e+00 -2.8998e+00
81 0 +3.318118198e+04 +3.318118198e+04 +3.309329198e+04 +3.309329198e+04 +7.2629e+00 -7.3881e+00 -2.2952e+00 -1.5318e+00 -3.0168e+00
% f evaluations | g evaluations | best noise-free fitness - Fopt | noise-free fitness - Fopt (3.201900000000e+02) | measured fitness | best measured fitness | x1 | x2...
1 0 +1.146412437e+07 +1.146412437e+07 +1.146444456e+07 +1.146444456e+07 +0.0000e+00 +0.0000e+00 +0.0000e+00 +0.0000e+00 +0.0000e+00
2 0 +1.992588695e+06 +1.992588695e+06 +1.992908885e+06 +1.992908885e+06 -5.1895e-01 +1.0160e+00 -5.9020e-02 -3.9561e-01 -2.1118e+00
9 0 +1.288588460e+05 +1.288588460e+05 +1.291790360e+05 +1.291790360e+05 -7.1920e-01 +1.3692e+00 +2.6889e-01 +1.0735e+00 -3.5914e+00
24 0 +8.012051947e+04 +8.012051947e+04 +8.044070947e+04 +8.044070947e+04 +3.5980e-01 -7.9302e-01 +4.6334e-01 -1.8509e+00 -3.2505e+00
28 0 +7.426400888e+04 +7.426400888e+04 +7.458419888e+04 +7.458419888e+04 -3.7724e-01 +4.6911e+00 +1.0804e+00 -3.9741e-01 -3.7276e+00
33 0 +1.733175821e+04 +1.733175821e+04 +1.765194821e+04 +1.765194821e+04 +2.8910e-01 -1.2889e-01 +7.7338e-01 -7.1304e-01 -3.5928e+00
83 0 +6.880332274e+03 +6.880332274e+03 +7.200522274e+03 +7.200522274e+03 +3.7905e-01 +3.2307e+00 +5.3814e-02 -8.1906e-01 -3.4066e+00
343 0 +5.547487166e+03 +5.547487166e+03 +5.867677166e+03 +5.867677166e+03 -9.6946e-01 -3.9185e+00 +1.2421e-01 -5.4213e-01 -3.4552e+00
344 0 +3.792722887e+03 +3.792722887e+03 +4.112912887e+03 +4.112912887e+03 -1.0855e+00 -3.4568e+00 -1.3771e-01 -9.9001e-01 -3.4503e+00
373 0 +2.176832233e+03 +2.176832233e+03 +2.497022233e+03 +2.497022233e+03 -9.2931e-01 -3.7554e+00 +2.9737e-01 -7.3215e-01 -3.4517e+00
531 0 +2.112842588e+03 +2.112842588e+03 +2.433032588e+03 +2.433032588e+03 -7.8480e-01 -3.6917e+00 +9.2859e-02 -8.5088e-01 -3.4725e+00
542 0 +2.084756900e+03 +2.084756900e+03 +2.404946900e+03 +2.404946900e+03 -8.6492e-01 -3.7232e+00 +1.0730e-01 -8.2857e-01 -3.4686e+00
582 0 +2.035681670e+03 +2.035681670e+03 +2.355871670e+03 +2.355871670e+03 -8.0433e-01 -3.8485e+00 +1.2202e-01 -8.3563e-01 -3.4679e+00
752 0 +1.867070560e+03 +1.867070560e+03 +2.187260560e+03 +2.187260560e+03 -5.8605e-01 -4.7045e+00 +1.9502e-01 -8.8141e-01 -3.4666e+00
826 0 +1.816200693e+03 +1.816200693e+03 +2.136390693e+03 +2.136390693e+03 -6.0645e-01 -5.0088e+00 +2.3353e-01 -8.8568e-01 -3.4630e+00
835 0 +1.748668745e+03 +1.748668745e+03 +2.068858745e+03 +2.068858745e+03 -5.9641e-01 -4.9619e+00 +2.3744e-01 -8.6711e-01 -3.4734e+00
838 0 +1.718575091e+03 +1.718575091e+03 +2.038765091e+03 +2.038765091e+03 -6.2044e-01 -5.0087e+00 +2.4409e-01 -8.6295e-01 -3.4677e+00
896 0 +1.694375367e+03 +1.694375367e+03 +2.014565367e+03 +2.014565367e+03 -6.2767e-01 -5.0535e+00 +2.5975e-01 -8.3067e-01 -3.4687e+00
929 0 +1.656091370e+03 +1.656091370e+03 +1.976281370e+03 +1.976281370e+03 -6.2471e-01 -5.0302e+00 +2.6359e-01 -8.5425e-01 -3.4676e+00
980 0 +1.618326479e+03 +1.618326479e+03 +1.938516479e+03 +1.938516479e+03 -6.2757e-01 -5.0688e+00 +2.7593e-01 -8.5106e-01 -3.4683e+00
% f evaluations | g evaluations | best noise-free fitness - Fopt | noise-free fitness - Fopt (-1.042400000000e+02) | measured fitness | best measured fitness | x1 | x2...
1 0 +1.379827153e+04 +1.379827153e+04 +1.369403153e+04 +1.369403153e+04 +0.0000e+00 +0.0000e+00 +0.0000e+00 +0.0000e+00 +0.0000e+00
4 0 +5.289835790e+03 +5.289835790e+03 +5.185595790e+03 +5.185595790e+03 +2.5274e-01 -5.7185e-01 +1.0773e-01 -1.9965e-01 -7.8407e-02
77 0 +3.970968033e+03 +3.970968033e+03 +3.866728033e+03 +3.866728033e+03 +1.2493e+00 +1.0097e+00 -1.3662e-01 -3.4232e-01 -6.4210e-02
85 0 +3.801268424e+03 +3.801268424e+03 +3.697028424e+03 +3.697028424e+03 +9.8287e-01 +1.0470e+00 -1.0702e-01 -3.4841e-01 -6.1820e-02
114 0 +3.652913507e+03 +3.652913507e+03 +3.548673507e+03 +3.548673507e+03 +1.0142e+00 +8.0364e-01 -9.1886e-02 -3.6231e-01 -4.9564e-02
143 0 +3.625748888e+03 +3.625748888e+03 +3.521508888e+03 +3.521508888e+03 +1.1138e+00 +8.3338e-01 -8.3755e-02 -3.5164e-01 -5.7181e-02
193 0 +3.529012291e+03 +3.529012291e+03 +3.424772291e+03 +3.424772291e+03 +9.8673e-01 +8.7334e-01 -4.2879e-02 -3.5533e-01 -5.0661e-02
198 0 +3.438365626e+03 +3.438365626e+03 +3.334125626e+03 +3.334125626e+03 +1.0332e+00 +8.2407e-01 -3.2665e-02 -3.5301e-01 -5.6940e-02
307 0 +3.368154713e+03 +3.368154713e+03 +3.263914713e+03 +3.263914713e+03 +1.0301e+00 +8.8206e-01 -3.2635e-02 -3.6937e-01 -5.4993e-02
455 0 +3.284880739e+03 +3.284880739e+03 +3.180640739e+03 +3.180640739e+03 +9.8027e-01 +8.0673e-01 +2.0724e-03 -3.6273e-01 -5.1971e-02
490 0 +3.217448509e+03 +3.217448509e+03 +3.113208509e+03 +3.113208509e+03 +9.8232e-01 +8.0201e-01 +1.6505e-02 -3.5913e-01 -5.9457e-02
912 0 +3.162271516e+03 +3.162271516e+03 +3.058031516e+03 +3.058031516e+03 +1.0337e+00 +8.1015e-01 +1.9528e-02 -3.6810e-01 -5.8196e-02
% f evaluations | g evaluations | best noise-free fitness - Fopt | noise-free fitness - Fopt (-6.785000000000e+01) | measured fitness | best measured fitness | x1 | x2...
1 0 +2.265383377e+06 +2.265383377e+06 +2.265315527e+06 +2.265315527e+06 +0.0000e+00 +0.0000e+00 +0.0000e+00 +0.0000e+00 +0.0000e+00
3 0 +2.009627512e+06 +2.009627512e+06 +2.009559662e+06 +2.009559662e+06 -1.7056e+00 -2.3310e-01 -6.5569e-01 +2.5715e+00 +2.1628e-02
18 0 +1.984575286e+06 +1.984575286e+06 +1.984507436e+06 +1.984507436e+06 +1.5713e+00 -2.5089e-01 +8.3790e-01 +2.8767e+00 -4.2645e-03
42 0 +1.911325410e+06 +1.911325410e+06 +1.911257560e+06 +1.911257560e+06 +3.3214e-01 -3.3152e-01 +2.3329e+00 +3.5181e+00 -8.5143e-02
53 0 +1.889365437e+06 +1.889365437e+06 +1.889297587e+06 +1.889297587e+06 -1.9735e+00 -6.0903e-01 +6.8065e+00 +2.9692e+00 -1.1137e-01
62 0 +1.837658476e+06 +1.837658476e+06 +1.837590626e+06 +1.837590626e+06 +2.6943e-01 -3.8053e-01 +6.8607e+00 +2.6106e+00 -1.3924e-01
75 0 +1.812023850e+06 +1.812023850e+06 +1.811956000e+06 +1.811956000e+06 +1.1100e+00 -1.9088e-01 +7.5464e+00 +2.5730e+00 -1.5426e-01
93 0 +1.744986212e+06 +1.744986212e+06 +1.744918362e+06 +1.744918362e+06 -2.2193e+00 -6.7240e-01 +1.0440e+01 +3.9273e+00 -1.9424e-01
110 0 +1.690875955e+06 +1.690875955e+06 +1.690808105e+06 +1.690808105e+06 -1.2304e+00 -6.0533e-01 +6.5654e+00 +4.2658e+00 -2.0700e-01
118 0 +1.637204449e+06 +1.637204449e+06 +1.637136599e+06 +1.637136599e+06 -1.1346e+00 -1.2530e-01 +9.3605e+00 +2.5070e+00 -2.1933e-01
120 0 +1.594353524e+06 +1.594353524e+06 +1.594285674e+06 +1.594285674e+06 -2.6389e-02 +3.1315e-02 +7.9862e+00 +4.1905e+00 -2.3775e-01
124 0 +1.542221556e+06 +1.542221556e+06 +1.542153706e+06 +1.542153706e+06 -1.9072e+00 -9.1831e-02 +1.1418e+01 +1.4556e+00 -2.7153e-01
135 0 +1.375474150e+06 +1.375474150e+06 +1.375406300e+06 +1.375406300e+06 +1.8853e+00 -6.4122e-02 +7.6581e+00 +2.6922e+00 -2.7959e-01
146 0 +1.259397885e+06 +1.259397885e+06 +1.259330035e+06 +1.259330035e+06 +4.3812e+00 -4.2727e-01 +5.1058e+00 +2.7359e+00 -3.0077e-01
168 0 +1.100118624e+06 +1.100118624e+06 +1.100050774e+06 +1.100050774e+06 -9.5644e+00 -1.3238e+00 -4.5807e+00 +2.9330e+00 -3.4393e-01
195 0 +1.015481279e+06 +1.015481279e+06 +1.015413429e+06 +1.015413429e+06 +1.4376e+00 +3.6247e+00 +1.6539e+01 +4.2018e+00 -4.5862e-01
217 0 +8.465166717e+05 +8.465166717e+05 +8.464488217e+05 +8.464488217e+05 +1.4201e+01 +3.4821e+00 +1.3571e+01 +3.7857e+00 -4.7226e-01
243 0 +8.020923346e+05 +8.020923346e+05 +8.020244846e+05 +8.020244846e+05 -9.6092e+00 +2.6589e-01 +2.1236e+01 +2.5465e+00 -7.2116e-01
263 0 +5.609789352e+05 +5.609789352e+05 +5.609110852e+05 +5.609110852e+05 +3.6005e+01 -1.1649e+00 +1.5698e+01 +2.4717e+00 -8.3339e-01
316 0 +4.787163992e+05 +4.787163992e+05 +4.786485492e+05 +4.786485492e+05 +3.2982e+01 -7.0854e+00 +2.9352e+00 +3.5367e+00 -7.2636e-01
577 0 +4.270692575e+05 +4.270692575e+05 +4.270014075e+05 +4.270014075e+05 +4.1165e+01 +3.2540e+00 -1.0493e+00 +3.6372e+00 -7.7464e-01
586 0 +4.161785093e+05 +4.161785093e+05 +4.161106593e+05 +4.161106593e+05 +4.6095e+01 +4.3933e+00 +1.1069e-01 +3.6375e+00 -7.7971e-01
591 0 +4.020013888e+05 +4.020013888e+05 +4.019335388e+05 +4.019335388e+05 +4.5073e+01 +3.2189e+00 -4.5206e+00 +3.5288e+00 -8.0173e-01
616 0 +3.895633047e+05 +3.895633047e+05 +3.894954547e+05 +3.894954547e+05 +4.2879e+01 +5.0785e+00 -2.0235e+00 +3.9200e+00 -8.0486e-01
624 0 +3.721727882e+05 +3.721727882e+05 +3.721049382e+05 +3.721049382e+05 +4.3357e+01 +4.5570e+00 -2.2255e+00 +2.8674e+00 -8.0413e-01
634 0 +3.542493391e+05 +3.542493391e+05 +3.541814891e+05 +3.541814891e+05 +4.3340e+01 +4.8282e+00 -1.8326e+00 +2.5608e+00 -8.1571e-01
649 0 +3.464812285e+05 +3.464812285e+05 +3.464133785e+05 +3.464133785e+05 +4.4513e+01 +4.8868e+00 -7.4120e-01 +3.7281e+00 -8.2174e-01
650 0 +3.249565450e+05 +3.249565450e+05 +3.248886950e+05 +3.248886950e+05 +4.2940e+01 +4.8766e+00 -2.4961e+00 +2.6229e+00 -8.3335e-01
653 0 +3.158315740e+05 +3.158315740e+05 +3.157637240e+05 +3.157637240e+05 +4.4083e+01 +4.9777e+00 -2.1897e+00 +2.9693e+00 -8.3409e-01
665 0 +3.064331280e+05 +3.064331280e+05 +3.063652780e+05 +3.063652780e+05 +4.4413e+01 +4.8172e+00 -1.5202e+00 +3.4414e+00 -8.3925e-01
666 0 +2.995555246e+05 +2.995555246e+05 +2.994876746e+05 +2.994876746e+05 +4.4062e+01 +5.0257e+00 -2.7470e+00 +2.6941e+00 -8.4746e-01
682 0 +2.836690953e+05 +2.836690953e+05 +2.836012453e+05 +2.836012453e+05 +4.3669e+01 +4.8008e+00 -2.2413e+00 +3.3872e+00 -8.5424e-01
694 0 +2.818269053e+05 +2.818269053e+05 +2.817590553e+05 +2.817590553e+05 +4.4384e+01 +4.6630e+00 -1.4991e+00 +3.8833e+00 -8.6117e-01
696 0 +2.650772491e+05 +2.650772491e+05 +2.650093991e+05 +2.650093991e+05 +4.4647e+01 +4.8447e+00 -2.0575e+00 +3.0490e+00 -8.6206e-01
702 0 +2.546381127e+05 +2.546381127e+05 +2.545702627e+05 +2.545702627e+05 +4.5127e+01 +4.7800e+00 -1.9701e+00 +3.2065e+00 -8.6866e-01
722 0 +2.497319710e+05 +2.497319710e+05 +2.496641210e+05 +2.496641210e+05 +4.5860e+01 +4.7248e+00 -1.3243e+00 +3.1613e+00 -8.6900e-01
726 0 +2.449962374e+05 +2.449962374e+05 +2.449283874e+05 +2.449283874e+05 +4.6879e+01 +4.8263e+00 -1.5195e+00 +3.1921e+00 -8.7292e-01
734 0 +2.246918243e+05 +2.246918243e+05 +2.246239743e+05 +2.246239743e+05 +4.6439e+01 +4.7147e+00 -1.2633e+00 +2.9562e+00 -8.8516e-01
757 0 +2.091979617e+05 +2.091979617e+05 +2.091301117e+05 +2.091301117e+05 +4.5324e+01 +4.8186e+00 +3.9515e-02 +2.7575e+00 -8.9495e-01
772 0 +2.066435829e+05 +2.066435829e+05 +2.065757329e+05 +2.065757329e+05 +4.4948e+01 +4.8837e+00 -1.6845e+00 +2.9637e+00 -9.0044e-01
786 0 +1.978791107e+05 +1.978791107e+05 +1.978112607e+05 +1.978112607e+05 +4.6293e+01 +4.7830e+00 -1.0271e+00 +3.0347e+00 -9.0503e-01
793 0 +1.800278718e+05 +1.800278718e+05 +1.799600218e+05 +1.799600218e+05 +4.5986e+01 +4.8421e+00 -1.8849e-01 +3.0745e+00 -9.1938e-01
824 0 +1.707801853e+05 +1.707801853e+05 +1.707123353e+05 +1.707123353e+05 +4.6224e+01 +5.0114e+00 +6.8159e-01 +3.3666e+00 -9.3107e-01
833 0 +1.655389308e+05 +1.655389308e+05 +1.654710808e+05 +1.654710808e+05 +4.7769e+01 +5.1451e+00 +5.1766e-01 +3.1472e+00 -9.3406e-01
836 0 +1.620900716e+05 +1.620900716e+05 +1.620222216e+05 +1.620222216e+05 +4.7279e+01 +5.0761e+00 +3.7313e-01 +2.9771e+00 -9.3829e-01
849 0 +1.581729444e+05 +1.581729444e+05 +1.581050944e+05 +1.581050944e+05 +4.7707e+01 +5.0951e+00 +8.4550e-01 +3.0791e+00 -9.4291e-01
868 0 +1.520867820e+05 +1.520867820e+05 +1.520189320e+05 +1.520189320e+05 +4.7998e+01 +5.1231e+00 +1.0187e+00 +2.9541e+00 -9.5207e-01
884 0 +1.496675021e+05 +1.496675021e+05 +1.495996521e+05 +1.495996521e+05 +4.8294e+01 +5.0815e+00 +6.6132e-01 +2.9967e+00 -9.5642e-01
912 0 +1.436218958e+05 +1.436218958e+05 +1.435540458e+05 +1.435540458e+05 +4.9024e+01 +5.4533e+00 +1.5258e+00 +3.1059e+00 -9.6765e-01
923 0 +1.407606648e+05 +1.407606648e+05 +1.406928148e+05 +1.406928148e+05 +4.8397e+01 +5.3729e+00 +1.8502e+00 +3.1521e+00 -9.7468e-01
925 0 +1.379809919e+05 +1.379809919e+05 +1.379131419e+05 +1.379131419e+05 +4.8775e+01 +5.5713e+00 +2.1676e+00 +2.8759e+00 -9.8269e-01
943 0 +1.334464717e+05 +1.334464717e+05 +1.333786217e+05 +1.333786217e+05 +4.8420e+01 +5.8273e+00 +8.2491e-01 +2.9547e+00 -9.9095e-01
959 0 +1.317089315e+05 +1.317089315e+05 +1.316410815e+05 +1.316410815e+05 +4.8579e+01 +5.5704e+00 +1.8206e+00 +3.1192e+00 -9.9567e-01
976 0 +1.263002254e+05 +1.263002254e+05 +1.262323754e+05 +1.262323754e+05 +4.8824e+01 +5.7192e+00 +1.8830e+00 +3.0380e+00 -1.0088e+00
983 0 +1.112938575e+05 +1.112938575e+05 +1.112260075e+05 +1.112260075e+05 +4.5920e+01 +5.3697e+00 +3.5570e-01 +3.1900e+00 -1.0418e+00
% f evaluations | g evaluations | best noise-free fitness - Fopt | noise-free fitness - Fopt (-3.639800000000e+02) | measured fitness | best measured fitness | x1 | x2...
1 0 +5.084164666e+06 +5.084164666e+06 +5.083800686e+06 +5.083800686e+06 +0.0000e+00 +0.0000e+00 +0.0000e+00 +0.0000e+00 +0.0000e+00
3 0 +4.942539496e+06 +4.942539496e+06 +4.942175516e+06 +4.942175516e+06 -5.2664e-01 +2.2619e-01 +4.8591e-01 -1.7661e-01 +5.8042e-02
5 0 +4.036941341e+06 +4.036941341e+06 +4.036577361e+06 +4.036577361e+06 -6.0775e-01 -6.4227e-01 +1.0967e-01 +1.7391e-02 +3.5892e-01
7 0 +3.031228451e+06 +3.031228451e+06 +3.030864471e+06 +3.030864471e+06 +9.2684e-01 -2.3290e-01 -3.0074e+00 +1.0487e+00 +6.3694e-01
12 0 +2.532999922e+06 +2.532999922e+06 +2.532635942e+06 +2.532635942e+06 +3.0132e-01 -2.3589e+00 -3.0467e+00 -4.6950e-01 +8.9464e-01
16 0 +9.761251308e+05 +9.761251308e+05 +9.757611508e+05 +9.757611508e+05 +1.8576e+00 +1.7321e-01 -1.9834e+00 +5.2134e-01 +1.3368e+00
22 0 +5.558449571e+05 +5.558449571e+05 +5.554809771e+05 +5.554809771e+05 +2.2740e+00 -2.6120e+00 +3.6693e+00 -6.8505e-02 +1.9420e+00
30 0 +3.710454931e+05 +3.710454931e+05 +3.706815131e+05 +3.706815131e+05 +5.1167e+00 +4.1550e+00 +2.1973e+00 +4.1139e+00 +2.7300e+00
103 0 +2.606717815e+05 +2.606717815e+05 +2.603078015e+05 +2.603078015e+05 +1.5220e+00 -5.2235e+00 -9.9409e+00 +4.0941e+00 +1.9078e+00
148 0 +1.947539045e+05 +1.947539045e+05 +1.943899245e+05 +1.943899245e+05 -9.3820e+00 -1.5845e+01 +2.4654e+00 +4.0283e+00 +1.7501e+00
228 0 +7.732695687e+04 +7.732695687e+04 +7.696297687e+04 +7.696297687e+04 -1.0334e+01 -1.7215e+01 +5.1765e+00 +2.8785e+00 +2.3221e+00
264 0 +3.022903866e+04 +3.022903866e+04 +2.986505866e+04 +2.986505866e+04 -1.2079e+01 -1.4424e+01 +8.0232e-01 +3.9746e+00 +2.0428e+00
276 0 +2.032217858e+04 +2.032217858e+04 +1.995819858e+04 +1.995819858e+04 -1.2585e+01 -1.3630e+01 +1.5835e-02 +4.1309e+00 +2.2123e+00
297 0 +1.380084419e+04 +1.380084419e+04 +1.343686419e+04 +1.343686419e+04 -1.2163e+01 -1.5117e+01 +2.1072e+00 +3.9986e+00 +2.1199e+00
305 0 +1.156969708e+04 +1.156969708e+04 +1.120571708e+04 +1.120571708e+04 -1.1888e+01 -1.3196e+01 +3.8838e+00 +3.9498e+00 +2.1604e+00
521 0 +1.083153451e+04 +1.083153451e+04 +1.046755451e+04 +1.046755451e+04 -1.2823e+01 -1.3171e+01 +2.0188e+00 +3.8828e+00 +2.1952e+00
537 0 +1.058346218e+04 +1.058346218e+04 +1.021948218e+04 +1.021948218e+04 -1.2968e+01 -1.4216e+01 +2.7117e+00 +3.9018e+00 +2.1511e+00
577 0 +1.043755826e+04 +1.043755826e+04 +1.007357826e+04 +1.007357826e+04 -1.2920e+01 -1.3923e+01 +2.6408e+00 +3.8771e+00 +2.1500e+00
613 0 +1.012433817e+04 +1.012433817e+04 +9.760358169e+03 +9.760358169e+03 -1.3150e+01 -1.3720e+01 +2.5970e+00 +3.8651e+00 +2.1724e+00
619 0 +9.919072752e+03 +9.919072752e+03 +9.555092752e+03 +9.555092752e+03 -1.2977e+01 -1.3585e+01 +2.5875e+00 +3.8997e+00 +2.1630e+00
620 0 +9.741221892e+03 +9.741221892e+03 +9.377241892e+03 +9.377241892e+03 -1.3252e+01 -1.3239e+01 +2.4204e+00 +3.8976e+00 +2.1712e+00
% f evaluations | g evaluations | best noise-free fitness - Fopt | noise-free fitness - Fopt (-1.865000000000e+01) | measured fitness | best measured fitness | x1 | x2...
1 0 +8.659123173e+06 +8.659123173e+06 +8.659104523e+06 +8.659104523e+06 +0.0000e+00 +0.0000e+00 +0.0000e+00 +0.0000e+00 +0.0000e+00
3 0 +2.532504602e+06 +2.532504602e+06 +2.532485952e+06 +2.532485952e+06 +1.8555e-01 +2.2840e-01 -1.7958e+00 +3.0267e-01 -1.2567e+00
4 0 +4.122793752e+04 +4.122793752e+04 +4.120928752e+04 +4.120928752e+04 +2.5374e-01 -2.5057e-01 +1.4903e+00 +5.6981e-01 -2.8262e+00
32 0 +3.942218220e+04 +3.942218220e+04 +3.940353220e+04 +3.940353220e+04 +3.4642e-01 -2.1841e+00 +2.2868e+00 +2.5518e-01 -2.8470e+00
98 0 +3.312464573e+04 +3.312464573e+04 +3.310599573e+04 +3.310599573e+04 +4.5091e-01 -4.8991e-01 +1.4708e+00 +1.1142e+00 -2.9707e+00
117 0 +3.266786921e+04 +3.266786921e+04 +3.264921921e+04 +3.264921921e+04 +4.3079e-01 -4.3942e-01 +1.6041e+00 +1.0273e+00 -2.9837e+00
121 0 +1.558421056e+04 +1.558421056e+04 +1.556556056e+04 +1.556556056e+04 +4.4267e-01 -1.0624e+00 +8.0801e-01 +6.9073e-01 -3.0123e+00
165 0 +1.173902226e+04 +1.173902226e+04 +1.172037226e+04 +1.172037226e+04 +3.5108e-01 -2.8744e-01 +4.7600e-02 +5.5918e-01 -3.0292e+00
207 0 +6.400113918e+03 +6.400113918e+03 +6.381463918e+03 +6.381463918e+03 +5.8197e-01 -6.9377e-02 -7.9838e-01 +4.4491e-01 -2.9310e+00
278 0 +5.464181929e+03 +5.464181929e+03 +5.445531929e+03 +5.445531929e+03 +5.6408e-01 -2.2999e+00 -4.8067e-01 +5.0049e-01 -2.9667e+00
534 0 +4.435550832e+03 +4.435550832e+03 +4.416900832e+03 +4.416900832e+03 +8.0891e-01 -1.2361e+00 -4.5109e-01 +3.1831e-01 -2.9676e+00
543 0 +2.908972238e+03 +2.908972238e+03 +2.890322238e+03 +2.890322238e+03 +8.3383e-01 -1.5787e+00 -6.7273e-01 +3.2607e-01 -2.9804e+00
557 0 +2.458096973e+03 +2.458096973e+03 +2.439446973e+03 +2.439446973e+03 +9.2213e-01 -1.5976e+00 -1.1020e+00 +1.8948e-01 -2.9883e+00
566 0 +2.251873856e+03 +2.251873856e+03 +2.233223856e+03 +2.233223856e+03 +9.0656e-01 -1.5259e+00 -1.1458e+00 +2.1790e-01 -2.9742e+00
577 0 +7.282502064e+02 +7.282502064e+02 +7.096002064e+02 +7.096002064e+02 +8.8624e-01 -1.7357e+00 -1.6566e+00 +2.4881e-01 -2.9907e+00
652 0 +4.945790368e+02 +4.945790368e+02 +4.759290368e+02 +4.759290368e+02 +9.7861e-01 -2.0289e+00 -2.1746e+00 +2.6368e-01 -2.9633e+00
749 0 +4.668186035e+02 +4.668186035e+02 +4.481686035e+02 +4.481686035e+02 +1.0570e+00 -2.1393e+00 -2.0257e+00 +3.7124e-01 -2.9946e+00
815 0 +3.916744503e+02 +3.916744503e+02 +3.730244503e+02 +3.730244503e+02 +1.0593e+00 -2.2423e+00 -1.9052e+00 +3.0743e-01 -2.9831e+00
829 0 +3.542895875e+02 +3.542895875e+02 +3.356395875e+02 +3.356395875e+02 +1.0524e+00 -2.2013e+00 -1.9485e+00 +3.2794e-01 -2.9785e+00
949 0 +3.414396916e+02 +3.414396916e+02 +3.227896916e+02 +3.227896916e+02 +1.1028e+00 -2.1784e+00 -1.9660e+00 +3.4526e-01 -2.9814e+00
986 0 +3.171757754e+02 +3.171757754e+02 +2.985257754e+02 +2.985257754e+02 +1.1010e+00 -2.2218e+00 -2.0091e+00 +3.5507e-01 -2.9827e+00
993 0 +3.129556571e+02 +3.129556571e+02 +2.943056571e+02 +2.943056571e+02 +1.1049e+00 -2.2727e+00 -1.9584e+00 +3.1127e-01 -2.9785e+00
% f evaluations | g evaluations | best noise-free fitness - Fopt | noise-free fitness - Fopt (1.749200000000e+02) | measured fitness | best measured fitness | x1 | x2...
1 0 +8.316943586e+06 +8.316943586e+06 +8.317118506e+06 +8.317118506e+06 +0.0000e+00 +0.0000e+00 +0.0000e+00 +0.0000e+00 +0.0000e+00
5 0 +3.309136943e+05 +3.309136943e+05 +3.310886143e+05 +3.310886143e+05 -1.2746e-03 -2.8071e-01 +5.3746e-01 +4.0045e-01 -2.4674e+00
22 0 +2.838258751e+05 +2.838258751e+05 +2.840007951e+05 +2.840007951e+05 +2.8400e-02 -2.0120e-01 -1.2554e+00 +3.3091e-01 -3.2046e+00
28 0 +2.315574630e+05 +2.315574630e+05 +2.317323830e+05 +2.317323830e+05 +7.9330e-03 -9.2558e-01 -1.2714e+00 +7.3460e-01 -2.8743e+00
29 0 +1.310658884e+05 +1.310658884e+05 +1.312408084e+05 +1.312408084e+05 +1.4034e-02 -1.0178e+00 -9.4582e-01 +2.0535e-03 -2.6889e+00
68 0 +9.570849852e+04 +9.570849852e+04 +9.588341852e+04 +9.588341852e+04 +6.0436e-02 -5.0381e+00 -2.7593e+00 -1.3517e+00 -3.1603e+00
% f evaluations | g evaluations | best noise-free fitness - Fopt | noise-free fitness - Fopt (-5.659600000000e+02) | measured fitness | best measured fitness | x1 | x2...
1 0 +1.229758720e+07 +1.229758720e+07 +1.229702124e+07 +1.229702124e+07 +0.0000e+00 +0.0000e+00 +0.0000e+00 +0.0000e+00 +0.0000e+00
2 0 +1.725925826e+06 +1.725925826e+06 +1.725359866e+06 +1.725359866e+06 -3.1893e-01 +1.2154e+00 -2.0653e-02 -4.7304e-01 -2.3967e+00
10 0 +5.930815206e+05 +5.930815206e+05 +5.925155606e+05 +5.925155606e+05 +1.6979e-01 +1.2519e-01 +1.4866e-02 -3.2283e-02 -2.8550e+00
13 0 +3.543505419e+05 +3.543505419e+05 +3.537845819e+05 +3.537845819e+05 -3.8684e-02 +2.5718e-01 -3.5683e-02 +4.8563e-01 -3.1461e+00
17 0 +6.639484733e+04 +6.639484733e+04 +6.582888733e+04 +6.582888733e+04 +8.0069e-01 -2.0097e-01 -1.4917e-01 -4.9904e-01 -3.5788e+00
27 0 +5.958407962e+04 +5.958407962e+04 +5.901811962e+04 +5.901811962e+04 +1.2017e+00 +6.7534e-01 -2.2850e-02 -6.5387e-01 -3.5354e+00
147 0 +3.578427090e+04 +3.578427090e+04 +3.521831090e+04 +3.521831090e+04 +5.7063e+00 +7.4687e+00 -7.3102e-02 -2.8057e+00 -3.5950e+00
273 0 +6.869990142e+03 +6.869990142e+03 +6.304030142e+03 +6.304030142e+03 +1.2270e+01 +5.5800e+00 -2.3462e-01 -1.6208e+00 -3.5961e+00
% f evaluations | g evaluations | best noise-free fitness - Fopt | noise-free fitness - Fopt (7.095000000000e+01) | measured fitness | best measured fitness | x1 | x2...
1 0 +1.304591750e+07 +1.304591750e+07 +1.304598845e+07 +1.304598845e+07 +0.0000e+00 +0.0000e+00 +0.0000e+00 +0.0000e+00 +0.0000e+00
11 0 +1.272876848e+07 +1.272876848e+07 +1.272883943e+07 +1.272883943e+07 +1.2846e-02 -4.4706e-01 +1.7556e-02 +5.7334e-01 +3.3218e-02
13 0 +1.234517904e+07 +1.234517904e+07 +1.234524999e+07 +1.234524999e+07 -1.1650e-02 -5.3315e-01 -2.3570e-02 +7.0353e-01 +8.1249e-02
15 0 +1.033434827e+07 +1.033434827e+07 +1.033441922e+07 +1.033441922e+07 -7.9888e-02 -1.1045e-01 -1.4148e-02 +6.6973e-01 +3.5168e-01
23 0 +7.445950871e+06 +7.445950871e+06 +7.446021821e+06 +7.446021821e+06 -3.9323e-02 +1.4323e-01 +2.0135e-02 +8.5556e-01 +7.9908e-01
27 0 +7.308873828e+06 +7.308873828e+06 +7.308944778e+06 +7.308944778e+06 -6.1262e-02 +5.6156e-02 -2.6538e-02 +5.8101e-01 +8.2815e-01
32 0 +4.730853945e+06 +4.730853945e+06 +4.730924895e+06 +4.730924895e+06 -6.0447e-02 -1.0280e-01 -1.2268e-02 +4.9959e-01 +1.4261e+00
45 0 +4.354674711e+06 +4.354674711e+06 +4.354745661e+06 +4.354745661e+06 -4.4698e-02 -6.2364e-01 -8.6588e-02 +3.7487e-01 +1.5504e+00
47 0 +2.937264168e+06 +2.937264168e+06 +2.937335118e+06 +2.937335118e+06 -5.1741e-02 -6.0081e-01 -2.3693e-02 +9.3761e-01 +2.0364e+00
49 0 +2.852108996e+06 +2.852108996e+06 +2.852179946e+06 +2.852179946e+06 -8.9015e-03 +1.1016e+00 -5.4570e-01 +8.7940e-01 +2.0655e+00
52 0 +2.871477357e+05 +2.871477357e+05 +2.872186857e+05 +2.872186857e+05 -1.7061e-02 +1.0682e+00 -4.5113e-01 +1.0141e+00 +3.1420e+00
61 0 +1.689185948e+05 +1.689185948e+05 +1.689895448e+05 +1.689895448e+05 -3.6236e-02 +1.5826e+00 -4.3286e-01 +1.6530e+00 +3.2193e+00
65 0 +1.778790269e+04 +1.778790269e+04 +1.785885269e+04 +1.785885269e+04 -2.1721e-02 +9.4826e+00 -1.2284e+00 +2.0163e+00 +3.6901e+00
345 0 +6.987868914e+03 +6.987868914e+03 +7.058818914e+03 +7.058818914e+03 -1.0986e+00 +1.1750e+01 -3.8463e+00 +2.4914e+00 +3.5832e+00
603 0 +6.833330953e+03 +6.833330953e+03 +6.904280953e+03 +6.904280953e+03 -1.0704e+00 +1.1707e+01 -3.8725e+00 +2.3048e+00 +3.5929e+00
690 0 +5.758123416e+03 +5.758123416e+03 +5.829073416e+03 +5.829073416e+03 -1.1165e+00 +9.9415e+00 -3.8179e+00 +2.3577e+00 +3.5831e+00
713 0 +5.658356561e+03 +5.658356561e+03 +5.729306561e+03 +5.729306561e+03 -1.1226e+00 +9.9015e+00 -3.7328e+00 +2.4764e+00 +3.6112e+00
% f evaluations | g evaluations | best noise-free fitness - Fopt | noise-free fitness - Fopt (4.728000000000e+01) | measured fitness | best measured fitness | x1 | x2...
1 0 +1.990865709e+06 +1.990865709e+06 +1.990912989e+06 +1.990912989e+06 +0.0000e+00 +0.0000e+00 +0.0000e+00 +0.0000e+00 +0.0000e+00
2 0 +1.787871483e+06 +1.787871483e+06 +1.787918763e+06 +1.787918763e+06 +6.8668e-01 -8.2838e-01 +4.1162e-02 -1.2763e-01 -1.0353e-01
4 0 +1.683339002e+06 +1.683339002e+06 +1.683386282e+06 +1.683386282e+06 -9.6710e-01 +1.4984e-01 -7.9621e-02 -2.9119e-01 -1.3661e-01
14 0 +1.329523948e+06 +1.329523948e+06 +1.329571228e+06 +1.329571228e+06 +2.9492e+00 -6.5326e-01 -5.5066e-02 +1.1045e-01 -2.3984e-01
15 0 +7.390831453e+05 +7.390831453e+05 +7.391304253e+05 +7.391304253e+05 -4.4411e+00 -9.1276e-02 +5.8505e-03 -3.0752e+00 -4.5488e-01
26 0 +5.451769487e+04 +5.451769487e+04 +5.456497487e+04 +5.456497487e+04 +9.0259e+00 +8.1221e-01 +3.7157e-01 -1.2426e+00 -1.0945e+00
27 0 +1.571985437e+04 +1.571985437e+04 +1.576713437e+04 +1.576713437e+04 -1.2968e+00 -8.1260e-02 +2.9993e-01 -1.5077e+00 -1.2756e+00
65 0 +1.317733583e+04 +1.317733583e+04 +1.322461583e+04 +1.322461583e+04 +4.6217e+00 +8.8683e-01 +2.4335e-01 -8.5782e-01 -1.3611e+00
99 0 +9.554555151e+03 +9.554555151e+03 +9.601835151e+03 +9.601835151e+03 +3.0732e+00 +1.5229e+00 +3.3228e-01 -1.2536e+00 -1.3080e+00
103 0 +9.402142604e+03 +9.402142604e+03 +9.449422604e+03 +9.449422604e+03 +5.0317e+00 +1.6998e+00 +3.6216e-01 -1.2535e+00 -1.3086e+00
106 0 +8.814420306e+03 +8.814420306e+03 +8.861700306e+03 +8.861700306e+03 +4.1709e+00 +1.8368e+00 +3.5205e-01 -9.5213e-01 -1.2982e+00
108 0 +8.397533202e+03 +8.397533202e+03 +8.444813202e+03 +8.444813202e+03 +4.8901e+00 +1.9925e+00 +3.5541e-01 -1.1248e+00 -1.3079e+00
667 0 +8.310547413e+03 +8.310547413e+03 +8.357827413e+03 +8.357827413e+03 +7.5637e+00 +1.2005e+00 +3.3511e-01 -1.0714e+00 -1.3083e+00
718 0 +8.118721772e+03 +8.118721772e+03 +8.166001772e+03 +8.166001772e+03 +7.9419e+00 +1.2253e+00 +3.7046e-01 -1.0912e+00 -1.3070e+00
908 0 +7.917835370e+03 +7.917835370e+03 +7.965115370e+03 +7.965115370e+03 +8.0610e+00 +1.1531e+00 +3.9924e-01 -1.0597e+00 -1.3055e+00
% f evaluations | g evaluations | best noise-free fitness - Fopt | noise-free fitness - Fopt (-5.688800000000e+02) | measured fitness | best measured fitness | x1 | x2...
1 0 +3.139880508e+06 +3.139880508e+06 +3.139311628e+06 +3.139311628e+06 +0.0000e+00 +0.0000e+00 +0.0000e+00 +0.0000e+00 +0.0000e+00
2 0 +2.989936334e+06 +2.989936334e+06 +2.989367454e+06 +2.989367454e+06 -3.4913e-02 +8.3234e-01 -2.9127e-02 +5.4920e-01 +9.4030e-02
6 0 +1.348941101e+06 +1.348941101e+06 +1.348372221e+06 +1.348372221e+06 -5.8944e-02 +5.3649e-01 -1.0844e-01 +3.9597e-01 +5.7845e-01
16 0 +1.131882982e+06 +1.131882982e+06 +1.131314102e+06 +1.131314102e+06 -1.4372e-01 +7.3230e-01 -2.2469e-01 -1.4190e+00 +5.3646e-01
25 0 +5.445723986e+05 +5.445723986e+05 +5.440035186e+05 +5.440035186e+05 -1.9670e-02 +1.6393e+00 +5.0803e-02 -1.2828e+00 +8.6601e-01
28 0 +4.776236062e+05 +4.776236062e+05 +4.770547262e+05 +4.770547262e+05 -1.4415e-01 +1.5968e+00 -5.5395e-02 -1.5550e+00 +8.7598e-01
32 0 +1.419534336e+05 +1.419534336e+05 +1.413845536e+05 +1.413845536e+05 -2.7676e-01 -3.7339e-01 -9.3392e-02 -2.0496e+00 +1.2587e+00
36 0 +2.709606706e+04 +2.709606706e+04 +2.652718706e+04 +2.652718706e+04 -2.3805e-01 +3.7848e+00 -1.2720e-01 -3.5954e+00 +1.3894e+00
52 0 +2.144028894e+04 +2.144028894e+04 +2.087140894e+04 +2.087140894e+04 -2.5834e-01 -3.2270e-01 -1.6674e-01 -2.7261e+00 +1.4674e+00
62 0 +5.189543459e+03 +5.189543459e+03 +4.620663459e+03 +4.620663459e+03 -2.5192e-01 -7.7779e-01 -1.8001e-01 -3.2311e+00 +1.5777e+00
73 0 +1.861443270e+03 +1.861443270e+03 +1.292563270e+03 +1.292563270e+03 -2.4518e-01 -1.5984e+00 -1.1838e-01 -3.4905e+00 +1.5505e+00
% f evaluations | g evaluations | best noise-free fitness - Fopt | noise-free fitness - Fopt (2.069000000000e+01) | measured fitness | best measured fitness | x1 | x2...
1 0 +6.014605490e+06 +6.014605490e+06 +6.014626180e+06 +6.014626180e+06 +0.0000e+00 +0.0000e+00 +0.0000e+00 +0.0000e+00 +0.0000e+00
2 0 +6.195058525e+05 +6.195058525e+05 +6.195265425e+05 +6.195265425e+05 +1.2454e+00 -1.3205e+00 +2.9576e+00 -6.0229e-03 +1.6977e+00
5 0 +5.514133417e+05 +5.514133417e+05 +5.514340317e+05 +5.514340317e+05 +2.6403e-01 -2.0410e+00 +4.7386e+00 +4.7585e-02 +3.3218e+00
8 0 +2.015162560e+05 +2.015162560e+05 +2.015369460e+05 +2.015369460e+05 -5.8524e-01 +1.6647e+00 +4.2580e+00 -8.2683e-02 +2.1197e+00
37 0 +7.060129900e+04 +7.060129900e+04 +7.062198900e+04 +7.062198900e+04 -1.0817e+00 -5.5578e+00 +8.7905e+00 -1.9149e-02 +2.5277e+00
61 0 +6.481818828e+04 +6.481818828e+04 +6.483887828e+04 +6.483887828e+04 -1.1292e+00 -1.6836e+00 +7.1618e+00 +1.9323e-02 +2.3895e+00
74 0 +2.852833497e+04 +2.852833497e+04 +2.854902497e+04 +2.854902497e+04 -1.4712e+00 -1.4943e+00 +3.4002e+00 -2.0110e-01 +2.4578e+00
92 0 +2.631762641e+04 +2.631762641e+04 +2.633831641e+04 +2.633831641e+04 -1.2335e+00 -3.3870e+00 +3.7830e+00 -1.6604e-01 +2.5708e+00
98 0 +1.877027399e+04 +1.877027399e+04 +1.879096399e+04 +1.879096399e+04 -6.0095e-01 -3.1168e+00 +2.5308e+00 -6.7013e-02 +2.4684e+00
346 0 +1.760812122e+04 +1.760812122e+04 +1.762881122e+04 +1.762881122e+04 -6.4253e-01 +1.3787e+00 +4.6424e+00 +1.4478e-01 +2.5467e+00
369 0 +1.659558503e+04 +1.659558503e+04 +1.661627503e+04 +1.661627503e+04 -5.1601e-01 +9.1016e-01 +4.3228e+00 +1.2111e-01 +2.5343e+00
465 0 +1.304552115e+04 +1.304552115e+04 +1.306621115e+04 +1.306621115e+04 -1.4249e-01 -1.4379e+00 +3.5351e+00 +1.5463e-01 +2.5670e+00
468 0 +9.880439935e+03 +9.880439935e+03 +9.901129935e+03 +9.901129935e+03 -1.3959e-01 -1.3893e+00 +2.8871e+00 +1.7113e-01 +2.5134e+00
567 0 +9.741821975e+03 +9.741821975e+03 +9.762511975e+03 +9.762511975e+03 -6.9304e-02 -1.7340e+00 +2.9793e+00 +1.6813e-01 +2.5269e+00
675 0 +9.547908594e+03 +9.547908594e+03 +9.568598594e+03 +9.568598594e+03 -1.1189e-01 -1.6632e+00 +2.7760e+00 +1.6849e-01 +2.5262e+00
% f evaluations | g evaluations | best noise-free fitness - Fopt | noise-free fitness - Fopt (5.616700000000e+02) | measured fitness | best measured fitness | x1 | x2...
1 0 +3.591865952e+05 +3.591865952e+05 +3.597482652e+05 +3.597482652e+05 +0.0000e+00 +0.0000e+00 +0.0000e+00 +0.0000e+00 +0.0000e+00
5 0 +2.923059729e+05 +2.923059729e+05 +2.928676429e+05 +2.928676429e+05 -1.0133e-01 +2.2761e-01 +2.0050e-02 +4.1014e-01 +3.5909e-02
18 0 +2.299942394e+05 +2.299942394e+05 +2.305559094e+05 +2.305559094e+05 -1.6061e-01 -9.0326e-01 +1.9548e-01 +8.3518e-01 +7.0197e-02
21 0 +1.136581099e+05 +1.136581099e+05 +1.142197799e+05 +1.142197799e+05 -8.4938e-03 +2.9623e+00 +5.1743e-01 +2.5366e-01 +6.9167e-01
35 0 +9.562433996e+04 +9.562433996e+04 +9.618600996e+04 +9.618600996e+04 -1.3650e+00 +6.2038e+00 +1.1804e+00 +1.6823e-01 +5.0477e-01
46 0 +5.602196892e+04 +5.602196892e+04 +5.658363892e+04 +5.658363892e+04 -4.2239e-01 +2.3769e+00 +1.1390e+00 +8.0024e-01 +6.7352e-01
81 0 +3.590930831e+04 +3.590930831e+04 +3.647097831e+04 +3.647097831e+04 -2.9281e-01 +3.3870e+00 +1.5804e+00 +9.4641e-01 +5.9939e-01
116 0 +2.041197899e+04 +2.041197899e+04 +2.097364899e+04 +2.097364899e+04 -2.8352e-01 +1.0009e+00 +7.2945e-01 +1.0210e+00 +4.9009e-01
122 0 +1.563364654e+04 +1.563364654e+04 +1.619531654e+04 +1.619531654e+04 -9.6150e-01 +3.2286e+00 +8.1316e-01 +1.2501e+00 +4.9303e-01
743 0 +1.473463084e+04 +1.473463084e+04 +1.529630084e+04 +1.529630084e+04 -2.7421e+00 +2.9617e+00 +1.4082e+00 +1.5435e+00 +5.2937e-01
756 0 +1.439932401e+04 +1.439932401e+04 +1.496099401e+04 +1.496099401e+04 -2.7614e+00 +3.1114e+00 +1.3797e+00 +1.5866e+00 +4.9670e-01
767 0 +1.411261575e+04 +1.411261575e+04 +1.467428575e+04 +1.467428575e+04 -2.7810e+00 +3.0394e+00 +1.3490e+00 +1.5599e+00 +5.2905e-01
817 0 +1.375194737e+04 +1.375194737e+04 +1.431361737e+04 +1.431361737e+04 -2.8495e+00 +3.0079e+00 +1.3229e+00 +1.5477e+00 +5.1603e-01
838 0 +1.339329170e+04 +1.339329170e+04 +1.395496170e+04 +1.395496170e+04 -2.8445e+00 +2.9719e+00 +1.2930e+00 +1.5709e+00 +5.0876e-01
972 0 +1.317458739e+04 +1.317458739e+04 +1.373625739e+04 +1.373625739e+04 -2.8338e+00 +2.9726e+00 +1.2760e+00 +1.5862e+00 +5.1533e-01
