% f evaluations | g evaluations | best noise-free fitness - Fopt | noise-free fitness - Fopt (-2.098800000000e+02) | measured fitness | best measured fitness | x1 | x2...
1 0 +5.697184145e+06 +5.697184145e+06 +5.696974265e+06 +5.696974265e+06
3 0 +2.747772762e+06 +2.747772762e+06 +2.747562882e+06 +2.747562882e+06
72 0 +2.574694292e+06 +2.574694292e+06 +2.574484412e+06 +2.574484412e+06
113 0 +1.738049230e+06 +1.738049230e+06 +1.737839350e+06 +1.737839350e+06
589 0 +1.709125206e+06 +1.709125206e+06 +1.708915326e+06 +1.708915326e+06
601 0 +1.677022010e+06 +1.677022010e+06 +1.676812130e+06 +1.676812130e+06
633 0 +1.519330618e+06 +1.519330618e+06 +1.519120738e+06 +1.519120738e+06
645 0 +1.377988854e+06 +1.377988854e+06 +1.377778974e+06 +1.377778974e+06
653 0 +1.290393592e+06 +1.290393592e+06 +1.290183712e+06 +1.290183712e+06
665 0 +1.287299586e+06 +1.287299586e+06 +1.287089706e+06 +1.287089706e+06
672 0 +1.244401189e+06 +1.244401189e+06 +1.244191309e+06 +1.244191309e+06
685 0 +1.222250174e+06 +1.222250174e+06 +1.222040294e+06 +1.222040294e+06
688 0 +1.141318064e+06 +1.141318064e+06 +1.141108184e+06 +1.141108184e+06
702 0 +1.066690473e+06 +1.066690473e+06 +1.066480593e+06 +1.066480593e+06
760 0 +1.041936533e+06 +1.041936533e+06 +1.041726653e+06 +1.041726653e+06
832 0 +1.016524887e+06 +1.016524887e+06 +1.016315007e+06 +1.016315007e+06
875 0 +9.884066471e+05 +9.884066471e+05 +9.881967671e+05 +9.881967671e+05
% f evaluations | g evaluations | best noise-free fitness - Fopt | noise-free fitness - Fopt (-9.209000000000e+01) | measured fitness | best measured fitness | x1 | x2...
1 0 +2.553713210e+07 +2.553713210e+07 +2.553704001e+07 +2.553704001e+07
2 0 +2.050368801e+07 +2.050368801e+07 +2.050359592e+07 +2.050359592e+07
4 0 +1.695604683e+07 +1.695604683e+07 +1.695595474e+07 +1.695595474e+07
13 0 +1.394072664e+07 +1.394072664e+07 +1.394063455e+07 +1.394063455e+07
28 0 +1.203176280e+07 +1.203176280e+07 +1.203167071e+07 +1.203167071e+07
38 0 +1.162623250e+07 +1.162623250e+07 +1.162614041e+07 +1.162614041e+07
43 0 +1.091411920e+07 +1.091411920e+07 +1.091402711e+07 +1.091402711e+07
51 0 +9.400256434e+06 +9.400256434e+06 +9.400164344e+06 +9.400164344e+06
61 0 +9.269021388e+06 +9.269021388e+06 +9.268929298e+06 +9.268929298e+06
75 0 +7.556779968e+06 +7.556779968e+06 +7.556687878e+06 +7.556687878e+06
185 0 +6.981349357e+06 +6.981349357e+06 +6.981257267e+06 +6.981257267e+06
221 0 +6.342549298e+06 +6.342549298e+06 +6.342457208e+06 +6.342457208e+06
226 0 +5.707459392e+06 +5.707459392e+06 +5.707367302e+06 +5.707367302e+06
304 0 +5.602619692e+06 +5.602619692e+06 +5.602527602e+06 +5.602527602e+06
333 0 +5.306717776e+06 +5.306717776e+06 +5.306625686e+06 +5.306625686e+06
343 0 +5.070180810e+06 +5.070180810e+06 +5.070088720e+06 +5.070088720e+06
% f evaluations | g evaluations | best noise-free fitness - Fopt | noise-free fitness - Fopt (-8.789000000000e+01) | measured fitness | best measured fitness | x1 | x2...
1 0 +1.797772532e+07 +1.797772532e+07 +1.797763743e+07 +1.797763743e+07
2 0 +1.575440678e+07 +1.575440678e+07 +1.575431889e+07 +1.575431889e+07
3 0 +1.230292744e+07 +1.230292744e+07 +1.230283955e+07 +1.230283955e+07
22 0 +1.130793413e+07 +1.130793413e+07 +1.130784624e+07 +1.130784624e+07
39 0 +1.104960509e+07 +1.104960509e+07 +1.104951720e+07 +1.104951720e+07
44 0 +1.028230218e+07 +1.028230218e+07 +1.028221429e+07 +1.028221429e+07
73 0 +9.888467830e+06 +9.888467830e+06 +9.888379940e+06 +9.888379940e+06
103 0 +9.018850626e+06 +9.018850626e+06 +9.018762736e+06 +9.018762736e+06
116 0 +8.656247635e+06 +8.656247635e+06 +8.656159745e+06 +8.656159745e+06
121 0 +8.161886462e+06 +8.161886462e+06 +8.161798572e+06 +8.161798572e+06
137 0 +7.903442455e+06 +7.903442455e+06 +7.903354565e+06 +7.903354565e+06
268 0 +7.347181407e+06 +7.347181407e+06 +7.347093517e+06 +7.347093517e+06
380 0 +6.829205654e+06 +6.829205654e+06 +6.829117764e+06 +6.829117764e+06
401 0 +6.522720769e+06 +6.522720769e+06 +6.522632879e+06 +6.522632879e+06
905 0 +6.432853955e+06 +6.432853955e+06 +6.432766065e+06 +6.432766065e+06
% f evaluations | g evaluations | best noise-free fitness - Fopt | noise-free fitness - Fopt (3.201900000000e+02) | measured fitness | best measured fitness | x1 | x2...
1 0 +1.756585426e+07 +1.756585426e+07 +1.756617445e+07 +1.756617445e+07
3 0 +1.301556357e+07 +1.301556357e+07 +1.301588376e+07 +1.301588376e+07
30 0 +1.246480386e+07 +1.246480386e+07 +1.246512405e+07 +1.246512405e+07
35 0 +1.174275057e+07 +1.174275057e+07 +1.174307076e+07 +1.174307076e+07
38 0 +1.135897518e+07 +1.135897518e+07 +1.135929537e+07 +1.135929537e+07
44 0 +1.035201850e+07 +1.035201850e+07 +1.035233869e+07 +1.035233869e+07
56 0 +9.788570567e+06 +9.788570567e+06 +9.788890757e+06 +9.788890757e+06
69 0 +9.421966189e+06 +9.421966189e+06 +9.422286379e+06 +9.422286379e+06
100 0 +8.890726408e+06 +8.890726408e+06 +8.891046598e+06 +8.891046598e+06
156 0 +8.488368626e+06 +8.488368626e+06 +8.488688816e+06 +8.488688816e+06
180 0 +8.247073713e+06 +8.247073713e+06 +8.247393903e+06 +8.247393903e+06
196 0 +7.557275117e+06 +7.557275117e+06 +7.557595307e+06 +7.557595307e+06
% f evaluations | g evaluations | best noise-free fitness - Fopt | noise-free fitness - Fopt (-1.042400000000e+02) | measured fitness | best measured fitness | x1 | x2...
1 0 +1.409421287e+07 +1.409421287e+07 +1.409410863e+07 +1.409410863e+07
2 0 +1.058306926e+07 +1.058306926e+07 +1.058296502e+07 +1.058296502e+07
4 0 +9.799289527e+06 +9.799289527e+06 +9.799185287e+06 +9.799185287e+06
7 0 +8.136238065e+06 +8.136238065e+06 +8.136133825e+06 +8.136133825e+06
15 0 +6.816270508e+06 +6.816270508e+06 +6.816166268e+06 +6.816166268e+06
29 0 +6.303237770e+06 +6.303237770e+06 +6.303133530e+06 +6.303133530e+06
37 0 +5.472709894e+06 +5.472709894e+06 +5.472605654e+06 +5.472605654e+06
88 0 +4.648544080e+06 +4.648544080e+06 +4.648439840e+06 +4.648439840e+06
117 0 +4.546044526e+06 +4.546044526e+06 +4.545940286e+06 +4.545940286e+06
122 0 +3.666541491e+06 +3.666541491e+06 +3.666437251e+06 +3.666437251e+06
130 0 +3.387569276e+06 +3.387569276e+06 +3.387465036e+06 +3.387465036e+06
132 0 +3.258942164e+06 +3.258942164e+06 +3.258837924e+06 +3.258837924e+06
144 0 +2.757845550e+06 +2.757845550e+06 +2.757741310e+06 +2.757741310e+06
282 0 +2.533188780e+06 +2.533188780e+06 +2.533084540e+06 +2.533084540e+06
288 0 +2.384011421e+06 +2.384011421e+06 +2.383907181e+06 +2.383907181e+06
368 0 +2.177282207e+06 +2.177282207e+06 +2.177177967e+06 +2.177177967e+06
413 0 +2.036934334e+06 +2.036934334e+06 +2.036830094e+06 +2.036830094e+06
424 0 +1.784487962e+06 +1.784487962e+06 +1.784383722e+06 +1.784383722e+06
425 0 +1.721528444e+06 +1.721528444e+06 +1.721424204e+06 +1.721424204e+06
466 0 +1.660516389e+06 +1.660516389e+06 +1.660412149e+06 +1.660412149e+06
472 0 +1.531538191e+06 +1.531538191e+06 +1.531433951e+06 +1.531433951e+06
482 0 +1.499049245e+06 +1.499049245e+06 +1.498945005e+06 +1.498945005e+06
491 0 +1.471331740e+06 +1.471331740e+06 +1.471227500e+06 +1.471227500e+06
496 0 +1.418270632e+06 +1.418270632e+06 +1.418166392e+06 +1.418166392e+06
505 0 +1.341684048e+06 +1.341684048e+06 +1.341579808e+06 +1.341579808e+06
532 0 +1.284127814e+06 +1.284127814e+06 +1.284023574e+06 +1.284023574e+06
555 0 +1.234526534e+06 +1.234526534e+06 +1.234422294e+06 +1.234422294e+06
557 0 +1.211551965e+06 +1.211551965e+06 +1.211447725e+06 +1.211447725e+06
562 0 +1.179552454e+06 +1.179552454e+06 +1.179448214e+06 +1.179448214e+06
568 0 +1.171177503e+06 +1.171177503e+06 +1.171073263e+06 +1.171073263e+06
581 0 +1.122997523e+06 +1.122997523e+06 +1.122893283e+06 +1.122893283e+06
602 0 +9.852507974e+05 +9.852507974e+05 +9.851465574e+05 +9.851465574e+05
% f evaluations | g evaluations | best noise-free fitness - Fopt | noise-free fitness - Fopt (-6.785000000000e+01) | measured fitness | best measured fitness | x1 | x2...
1 0 +1.692704887e+07 +1.692704887e+07 +1.692698102e+07 +1.692698102e+07
5 0 +1.616219280e+07 +1.616219280e+07 +1.616212495e+07 +1.616212495e+07
6 0 +1.034316589e+07 +1.034316589e+07 +1.034309804e+07 +1.034309804e+07
13 0 +8.078067607e+06 +8.078067607e+06 +8.077999757e+06 +8.077999757e+06
28 0 +6.938137262e+06 +6.938137262e+06 +6.938069412e+06 +6.938069412e+06
33 0 +5.883594165e+06 +5.883594165e+06 +5.883526315e+06 +5.883526315e+06
39 0 +4.946177520e+06 +4.946177520e+06 +4.946109670e+06 +4.946109670e+06
43 0 +4.621381777e+06 +4.621381777e+06 +4.621313927e+06 +4.621313927e+06
51 0 +4.545389777e+06 +4.545389777e+06 +4.545321927e+06 +4.545321927e+06
53 0 +3.822941850e+06 +3.822941850e+06 +3.822874000e+06 +3.822874000e+06
67 0 +3.297912381e+06 +3.297912381e+06 +3.297844531e+06 +3.297844531e+06
73 0 +3.128245833e+06 +3.128245833e+06 +3.128177983e+06 +3.128177983e+06
75 0 +2.661456510e+06 +2.661456510e+06 +2.661388660e+06 +2.661388660e+06
85 0 +2.425833179e+06 +2.425833179e+06 +2.425765329e+06 +2.425765329e+06
95 0 +2.368895181e+06 +2.368895181e+06 +2.368827331e+06 +2.368827331e+06
99 0 +2.224047272e+06 +2.224047272e+06 +2.223979422e+06 +2.223979422e+06
119 0 +2.066787240e+06 +2.066787240e+06 +2.066719390e+06 +2.066719390e+06
124 0 +2.036354088e+06 +2.036354088e+06 +2.036286238e+06 +2.036286238e+06
140 0 +1.911470690e+06 +1.911470690e+06 +1.911402840e+06 +1.911402840e+06
172 0 +1.905251603e+06 +1.905251603e+06 +1.905183753e+06 +1.905183753e+06
175 0 +1.769843852e+06 +1.769843852e+06 +1.769776002e+06 +1.769776002e+06
182 0 +1.607043262e+06 +1.607043262e+06 +1.606975412e+06 +1.606975412e+06
200 0 +1.476940327e+06 +1.476940327e+06 +1.476872477e+06 +1.476872477e+06
202 0 +1.441804979e+06 +1.441804979e+06 +1.441737129e+06 +1.441737129e+06
215 0 +1.331301259e+06 +1.331301259e+06 +1.331233409e+06 +1.331233409e+06
218 0 +1.315657795e+06 +1.315657795e+06 +1.315589945e+06 +1.315589945e+06
225 0 +1.158048687e+06 +1.158048687e+06 +1.157980837e+06 +1.157980837e+06
229 0 +1.123674641e+06 +1.123674641e+06 +1.123606791e+06 +1.123606791e+06
278 0 +1.032238229e+06 +1.032238229e+06 +1.032170379e+06 +1.032170379e+06
293 0 +9.734454484e+05 +9.734454484e+05 +9.733775984e+05 +9.733775984e+05
304 0 +9.075627226e+05 +9.075627226e+05 +9.074948726e+05 +9.074948726e+05
354 0 +8.742455028e+05 +8.742455028e+05 +8.741776528e+05 +8.741776528e+05
362 0 +7.995805886e+05 +7.995805886e+05 +7.995127386e+05 +7.995127386e+05
368 0 +7.889544015e+05 +7.889544015e+05 +7.888865515e+05 +7.888865515e+05
377 0 +7.280344434e+05 +7.280344434e+05 +7.279665934e+05 +7.279665934e+05
451 0 +7.120954385e+05 +7.120954385e+05 +7.120275885e+05 +7.120275885e+05
454 0 +6.962710267e+05 +6.962710267e+05 +6.962031767e+05 +6.962031767e+05
461 0 +6.852375225e+05 +6.852375225e+05 +6.851696725e+05 +6.851696725e+05
462 0 +6.332423392e+05 +6.332423392e+05 +6.331744892e+05 +6.331744892e+05
472 0 +6.284981764e+05 +6.284981764e+05 +6.284303264e+05 +6.284303264e+05
938 0 +5.953337352e+05 +5.953337352e+05 +5.952658852e+05 +5.952658852e+05
963 0 +5.708940086e+05 +5.708940086e+05 +5.708261586e+05 +5.708261586e+05
992 0 +5.570939908e+05 +5.570939908e+05 +5.570261408e+05 +5.570261408e+05
% f evaluations | g evaluations | best noise-free fitness - Fopt | noise-free fitness - Fopt (-3.639800000000e+02) | measured fitness | best measured fitness | x1 | x2...
1 0 +1.677838612e+07 +1.677838612e+07 +1.677802214e+07 +1.677802214e+07
2 0 +9.770643142e+06 +9.770643142e+06 +9.770279162e+06 +9.770279162e+06
25 0 +9.359672607e+06 +9.359672607e+06 +9.359308627e+06 +9.359308627e+06
27 0 +7.126888059e+06 +7.126888059e+06 +7.126524079e+06 +7.126524079e+06
31 0 +6.039791361e+06 +6.039791361e+06 +6.039427381e+06 +6.039427381e+06
34 0 +5.789240383e+06 +5.789240383e+06 +5.788876403e+06 +5.788876403e+06
37 0 +4.595997483e+06 +4.595997483e+06 +4.595633503e+06 +4.595633503e+06
49 0 +3.737852404e+06 +3.737852404e+06 +3.737488424e+06 +3.737488424e+06
63 0 +3.708845142e+06 +3.708845142e+06 +3.708481162e+06 +3.708481162e+06
73 0 +3.437020870e+06 +3.437020870e+06 +3.436656890e+06 +3.436656890e+06
89 0 +3.153085431e+06 +3.153085431e+06 +3.152721451e+06 +3.152721451e+06
90 0 +3.005611458e+06 +3.005611458e+06 +3.005247478e+06 +3.005247478e+06
94 0 +2.912791440e+06 +2.912791440e+06 +2.912427460e+06 +2.912427460e+06
107 0 +2.806838836e+06 +2.806838836e+06 +2.806474856e+06 +2.806474856e+06
127 0 +2.683464422e+06 +2.683464422e+06 +2.683100442e+06 +2.683100442e+06
132 0 +2.625413334e+06 +2.625413334e+06 +2.625049354e+06 +2.625049354e+06
143 0 +2.307587818e+06 +2.307587818e+06 +2.307223838e+06 +2.307223838e+06
148 0 +1.848349603e+06 +1.848349603e+06 +1.847985623e+06 +1.847985623e+06
262 0 +1.760857254e+06 +1.760857254e+06 +1.760493274e+06 +1.760493274e+06
277 0 +1.693300258e+06 +1.693300258e+06 +1.692936278e+06 +1.692936278e+06
292 0 +1.598856100e+06 +1.598856100e+06 +1.598492120e+06 +1.598492120e+06
322 0 +1.515949019e+06 +1.515949019e+06 +1.515585039e+06 +1.515585039e+06
325 0 +1.399263545e+06 +1.399263545e+06 +1.398899565e+06 +1.398899565e+06
333 0 +1.359882342e+06 +1.359882342e+06 +1.359518362e+06 +1.359518362e+06
343 0 +1.306138754e+06 +1.306138754e+06 +1.305774774e+06 +1.305774774e+06
353 0 +1.231953248e+06 +1.231953248e+06 +1.231589268e+06 +1.231589268e+06
363 0 +1.211020149e+06 +1.211020149e+06 +1.210656169e+06 +1.210656169e+06
367 0 +1.186594634e+06 +1.186594634e+06 +1.186230654e+06 +1.186230654e+06
375 0 +1.129222164e+06 +1.129222164e+06 +1.128858184e+06 +1.128858184e+06
384 0 +1.106745986e+06 +1.106745986e+06 +1.106382006e+06 +1.106382006e+06
395 0 +1.059175544e+06 +1.059175544e+06 +1.058811564e+06 +1.058811564e+06
463 0 +1.042705097e+06 +1.042705097e+06 +1.042341117e+06 +1.042341117e+06
483 0 +1.001060954e+06 +1.001060954e+06 +1.000696974e+06 +1.000696974e+06
497 0 +9.851439542e+05 +9.851439542e+05 +9.847799742e+05 +9.847799742e+05
526 0 +9.677984475e+05 +9.677984475e+05 +9.674344675e+05 +9.674344675e+05
538 0 +9.521181619e+05 +9.521181619e+05 +9.517541819e+05 +9.517541819e+05
555 0 +9.199016886e+05 +9.199016886e+05 +9.195377086e+05 +9.195377086e+05
563 0 +9.001895074e+05 +9.001895074e+05 +8.998255274e+05 +8.998255274e+05
578 0 +8.894990957e+05 +8.894990957e+05 +8.891351157e+05 +8.891351157e+05
602 0 +8.690816884e+05 +8.690816884e+05 +8.687177084e+05 +8.687177084e+05
622 0 +8.477748300e+05 +8.477748300e+05 +8.474108500e+05 +8.474108500e+05
653 0 +8.169322098e+05 +8.169322098e+05 +8.165682298e+05 +8.165682298e+05
665 0 +8.125817993e+05 +8.125817993e+05 +8.122178193e+05 +8.122178193e+05
682 0 +7.885110595e+05 +7.885110595e+05 +7.881470795e+05 +7.881470795e+05
694 0 +7.727790786e+05 +7.727790786e+05 +7.724150986e+05 +7.724150986e+05
707 0 +7.585578463e+05 +7.585578463e+05 +7.581938663e+05 +7.581938663e+05
723 0 +7.387959897e+05 +7.387959897e+05 +7.384320097e+05 +7.384320097e+05
762 0 +7.243786726e+05 +7.243786726e+05 +7.240146926e+05 +7.240146926e+05
786 0 +7.050973390e+05 +7.050973390e+05 +7.047333590e+05 +7.047333590e+05
808 0 +6.914111302e+05 +6.914111302e+05 +6.910471502e+05 +6.910471502e+05
832 0 +6.704880009e+05 +6.704880009e+05 +6.701240209e+05 +6.701240209e+05
844 0 +6.581708820e+05 +6.581708820e+05 +6.578069020e+05 +6.578069020e+05
882 0 +6.428414095e+05 +6.428414095e+05 +6.424774295e+05 +6.424774295e+05
952 0 +6.229323342e+05 +6.229323342e+05 +6.225683542e+05 +6.225683542e+05
978 0 +6.127004968e+05 +6.127004968e+05 +6.123365168e+05 +6.123365168e+05
% f evaluations | g evaluations | best noise-free fitness - Fopt | noise-free fitness - Fopt (-1.865000000000e+01) | measured fitness | best measured fitness | x1 | x2...
1 0 +2.367628025e+07 +2.367628025e+07 +2.367626160e+07 +2.367626160e+07
5 0 +2.147371637e+07 +2.147371637e+07 +2.147369772e+07 +2.147369772e+07
10 0 +1.744916276e+07 +1.744916276e+07 +1.744914411e+07 +1.744914411e+07
14 0 +1.337685524e+07 +1.337685524e+07 +1.337683659e+07 +1.337683659e+07
22 0 +1.236258542e+07 +1.236258542e+07 +1.236256677e+07 +1.236256677e+07
30 0 +1.207698197e+07 +1.207698197e+07 +1.207696332e+07 +1.207696332e+07
32 0 +1.086611441e+07 +1.086611441e+07 +1.086609576e+07 +1.086609576e+07
34 0 +1.035817420e+07 +1.035817420e+07 +1.035815555e+07 +1.035815555e+07
49 0 +9.061508952e+06 +9.061508952e+06 +9.061490302e+06 +9.061490302e+06
53 0 +8.782236002e+06 +8.782236002e+06 +8.782217352e+06 +8.782217352e+06
66 0 +8.694281543e+06 +8.694281543e+06 +8.694262893e+06 +8.694262893e+06
75 0 +7.837652789e+06 +7.837652789e+06 +7.837634139e+06 +7.837634139e+06
76 0 +7.425177806e+06 +7.425177806e+06 +7.425159156e+06 +7.425159156e+06
91 0 +7.338336122e+06 +7.338336122e+06 +7.338317472e+06 +7.338317472e+06
95 0 +7.167712154e+06 +7.167712154e+06 +7.167693504e+06 +7.167693504e+06
108 0 +6.584700106e+06 +6.584700106e+06 +6.584681456e+06 +6.584681456e+06
112 0 +5.583976783e+06 +5.583976783e+06 +5.583958133e+06 +5.583958133e+06
133 0 +5.151558895e+06 +5.151558895e+06 +5.151540245e+06 +5.151540245e+06
146 0 +4.958037597e+06 +4.958037597e+06 +4.958018947e+06 +4.958018947e+06
150 0 +4.686129092e+06 +4.686129092e+06 +4.686110442e+06 +4.686110442e+06
162 0 +4.420175783e+06 +4.420175783e+06 +4.420157133e+06 +4.420157133e+06
178 0 +4.251580314e+06 +4.251580314e+06 +4.251561664e+06 +4.251561664e+06
185 0 +3.662344822e+06 +3.662344822e+06 +3.662326172e+06 +3.662326172e+06
193 0 +2.970092087e+06 +2.970092087e+06 +2.970073437e+06 +2.970073437e+06
209 0 +2.905023800e+06 +2.905023800e+06 +2.905005150e+06 +2.905005150e+06
220 0 +2.764795694e+06 +2.764795694e+06 +2.764777044e+06 +2.764777044e+06
225 0 +2.366031089e+06 +2.366031089e+06 +2.366012439e+06 +2.366012439e+06
533 0 +2.342685483e+06 +2.342685483e+06 +2.342666833e+06 +2.342666833e+06
550 0 +2.038113580e+06 +2.038113580e+06 +2.038094930e+06 +2.038094930e+06
579 0 +1.944748279e+06 +1.944748279e+06 +1.944729629e+06 +1.944729629e+06
867 0 +1.652088869e+06 +1.652088869e+06 +1.652070219e+06 +1.652070219e+06
% f evaluations | g evaluations | best noise-free fitness - Fopt | noise-free fitness - Fopt (1.749200000000e+02) | measured fitness | best measured fitness | x1 | x2...
1 0 +2.120961176e+07 +2.120961176e+07 +2.120978668e+07 +2.120978668e+07
2 0 +1.786342900e+07 +1.786342900e+07 +1.786360392e+07 +1.786360392e+07
23 0 +1.686462996e+07 +1.686462996e+07 +1.686480488e+07 +1.686480488e+07
25 0 +1.526560696e+07 +1.526560696e+07 +1.526578188e+07 +1.526578188e+07
33 0 +1.499660597e+07 +1.499660597e+07 +1.499678089e+07 +1.499678089e+07
46 0 +1.379144549e+07 +1.379144549e+07 +1.379162041e+07 +1.379162041e+07
55 0 +1.320440783e+07 +1.320440783e+07 +1.320458275e+07 +1.320458275e+07
59 0 +1.225315360e+07 +1.225315360e+07 +1.225332852e+07 +1.225332852e+07
79 0 +1.194850908e+07 +1.194850908e+07 +1.194868400e+07 +1.194868400e+07
83 0 +1.033612562e+07 +1.033612562e+07 +1.033630054e+07 +1.033630054e+07
112 0 +9.787588109e+06 +9.787588109e+06 +9.787763029e+06 +9.787763029e+06
114 0 +9.315245319e+06 +9.315245319e+06 +9.315420239e+06 +9.315420239e+06
130 0 +7.554777808e+06 +7.554777808e+06 +7.554952728e+06 +7.554952728e+06
153 0 +4.560161392e+06 +4.560161392e+06 +4.560336312e+06 +4.560336312e+06
162 0 +4.253203483e+06 +4.253203483e+06 +4.253378403e+06 +4.253378403e+06
175 0 +3.601633595e+06 +3.601633595e+06 +3.601808515e+06 +3.601808515e+06
183 0 +3.500107595e+06 +3.500107595e+06 +3.500282515e+06 +3.500282515e+06
191 0 +3.448190680e+06 +3.448190680e+06 +3.448365600e+06 +3.448365600e+06
196 0 +2.990658457e+06 +2.990658457e+06 +2.990833377e+06 +2.990833377e+06
213 0 +2.685474856e+06 +2.685474856e+06 +2.685649776e+06 +2.685649776e+06
242 0 +2.613086673e+06 +2.613086673e+06 +2.613261593e+06 +2.613261593e+06
246 0 +2.515648159e+06 +2.515648159e+06 +2.515823079e+06 +2.515823079e+06
248 0 +2.368384081e+06 +2.368384081e+06 +2.368559001e+06 +2.368559001e+06
258 0 +2.303294752e+06 +2.303294752e+06 +2.303469672e+06 +2.303469672e+06
265 0 +2.251441235e+06 +2.251441235e+06 +2.251616155e+06 +2.251616155e+06
282 0 +2.194380548e+06 +2.194380548e+06 +2.194555468e+06 +2.194555468e+06
287 0 +2.164593213e+06 +2.164593213e+06 +2.164768133e+06 +2.164768133e+06
295 0 +2.085423957e+06 +2.085423957e+06 +2.085598877e+06 +2.085598877e+06
308 0 +1.982412093e+06 +1.982412093e+06 +1.982587013e+06 +1.982587013e+06
325 0 +1.928363096e+06 +1.928363096e+06 +1.928538016e+06 +1.928538016e+06
332 0 +1.856055688e+06 +1.856055688e+06 +1.856230608e+06 +1.856230608e+06
337 0 +1.778905507e+06 +1.778905507e+06 +1.779080427e+06 +1.779080427e+06
357 0 +1.724919491e+06 +1.724919491e+06 +1.725094411e+06 +1.725094411e+06
372 0 +1.681518172e+06 +1.681518172e+06 +1.681693092e+06 +1.681693092e+06
373 0 +1.645747661e+06 +1.645747661e+06 +1.645922581e+06 +1.645922581e+06
377 0 +1.545752335e+06 +1.545752335e+06 +1.545927255e+06 +1.545927255e+06
398 0 +1.477324785e+06 +1.477324785e+06 +1.477499705e+06 +1.477499705e+06
442 0 +1.442083790e+06 +1.442083790e+06 +1.442258710e+06 +1.442258710e+06
461 0 +1.399577289e+06 +1.399577289e+06 +1.399752209e+06 +1.399752209e+06
474 0 +1.278301614e+06 +1.278301614e+06 +1.278476534e+06 +1.278476534e+06
799 0 +1.165178110e+06 +1.165178110e+06 +1.165353030e+06 +1.165353030e+06
838 0 +1.128273844e+06 +1.128273844e+06 +1.128448764e+06 +1.128448764e+06
853 0 +1.109299844e+06 +1.109299844e+06 +1.109474764e+06 +1.109474764e+06
872 0 +1.058591728e+06 +1.058591728e+06 +1.058766648e+06 +1.058766648e+06
885 0 +1.033536278e+06 +1.033536278e+06 +1.033711198e+06 +1.033711198e+06
893 0 +9.659478209e+05 +9.659478209e+05 +9.661227409e+05 +9.661227409e+05
894 0 +8.683838522e+05 +8.683838522e+05 +8.685587722e+05 +8.685587722e+05
915 0 +8.068987386e+05 +8.068987386e+05 +8.070736586e+05 +8.070736586e+05
% f evaluations | g evaluations | best noise-free fitness - Fopt | noise-free fitness - Fopt (-5.659600000000e+02) | measured fitness | best measured fitness | x1 | x2...
1 0 +2.120587433e+07 +2.120587433e+07 +2.120530837e+07 +2.120530837e+07
23 0 +1.988894864e+07 +1.988894864e+07 +1.988838268e+07 +1.988838268e+07
32 0 +1.906717306e+07 +1.906717306e+07 +1.906660710e+07 +1.906660710e+07
39 0 +1.829066480e+07 +1.829066480e+07 +1.829009884e+07 +1.829009884e+07
40 0 +1.623222306e+07 +1.623222306e+07 +1.623165710e+07 +1.623165710e+07
48 0 +1.228030883e+07 +1.228030883e+07 +1.227974287e+07 +1.227974287e+07
70 0 +1.106573288e+07 +1.106573288e+07 +1.106516692e+07 +1.106516692e+07
73 0 +9.326773075e+06 +9.326773075e+06 +9.326207115e+06 +9.326207115e+06
104 0 +9.078608426e+06 +9.078608426e+06 +9.078042466e+06 +9.078042466e+06
112 0 +7.531945408e+06 +7.531945408e+06 +7.531379448e+06 +7.531379448e+06
122 0 +6.632751185e+06 +6.632751185e+06 +6.632185225e+06 +6.632185225e+06
126 0 +6.491492383e+06 +6.491492383e+06 +6.490926423e+06 +6.490926423e+06
136 0 +6.100787979e+06 +6.100787979e+06 +6.100222019e+06 +6.100222019e+06
137 0 +4.356046745e+06 +4.356046745e+06 +4.355480785e+06 +4.355480785e+06
374 0 +4.228284737e+06 +4.228284737e+06 +4.227718777e+06 +4.227718777e+06
% f evaluations | g evaluations | best noise-free fitness - Fopt | noise-free fitness - Fopt (7.095000000000e+01) | measured fitness | best measured fitness | x1 | x2...
1 0 +1.703907924e+07 +1.703907924e+07 +1.703915019e+07 +1.703915019e+07
2 0 +1.487732466e+07 +1.487732466e+07 +1.487739561e+07 +1.487739561e+07
14 0 +1.359064191e+07 +1.359064191e+07 +1.359071286e+07 +1.359071286e+07
22 0 +1.294425327e+07 +1.294425327e+07 +1.294432422e+07 +1.294432422e+07
26 0 +1.018124659e+07 +1.018124659e+07 +1.018131754e+07 +1.018131754e+07
36 0 +9.730426184e+06 +9.730426184e+06 +9.730497134e+06 +9.730497134e+06
39 0 +9.336491885e+06 +9.336491885e+06 +9.336562835e+06 +9.336562835e+06
43 0 +7.586591465e+06 +7.586591465e+06 +7.586662415e+06 +7.586662415e+06
44 0 +6.302761353e+06 +6.302761353e+06 +6.302832303e+06 +6.302832303e+06
65 0 +5.742188749e+06 +5.742188749e+06 +5.742259699e+06 +5.742259699e+06
78 0 +5.173723405e+06 +5.173723405e+06 +5.173794355e+06 +5.173794355e+06
79 0 +5.093784705e+06 +5.093784705e+06 +5.093855655e+06 +5.093855655e+06
82 0 +4.167319472e+06 +4.167319472e+06 +4.167390422e+06 +4.167390422e+06
92 0 +3.962304920e+06 +3.962304920e+06 +3.962375870e+06 +3.962375870e+06
105 0 +3.012665103e+06 +3.012665103e+06 +3.012736053e+06 +3.012736053e+06
112 0 +2.635289464e+06 +2.635289464e+06 +2.635360414e+06 +2.635360414e+06
126 0 +1.721991576e+06 +1.721991576e+06 +1.722062526e+06 +1.722062526e+06
142 0 +1.614620119e+06 +1.614620119e+06 +1.614691069e+06 +1.614691069e+06
144 0 +1.493850967e+06 +1.493850967e+06 +1.493921917e+06 +1.493921917e+06
166 0 +1.385303758e+06 +1.385303758e+06 +1.385374708e+06 +1.385374708e+06
168 0 +1.328787768e+06 +1.328787768e+06 +1.328858718e+06 +1.328858718e+06
191 0 +1.304499521e+06 +1.304499521e+06 +1.304570471e+06 +1.304570471e+06
205 0 +1.248576283e+06 +1.248576283e+06 +1.248647233e+06 +1.248647233e+06
207 0 +1.087676835e+06 +1.087676835e+06 +1.087747785e+06 +1.087747785e+06
% f evaluations | g evaluations | best noise-free fitness - Fopt | noise-free fitness - Fopt (4.728000000000e+01) | measured fitness | best measured fitness | x1 | x2...
1 0 +8.342547754e+06 +8.342547754e+06 +8.342595034e+06 +8.342595034e+06
2 0 +8.167853249e+06 +8.167853249e+06 +8.167900529e+06 +8.167900529e+06
10 0 +7.887593584e+06 +7.887593584e+06 +7.887640864e+06 +7.887640864e+06
14 0 +6.634763730e+06 +6.634763730e+06 +6.634811010e+06 +6.634811010e+06
27 0 +5.914995810e+06 +5.914995810e+06 +5.915043090e+06 +5.915043090e+06
47 0 +4.822386599e+06 +4.822386599e+06 +4.822433879e+06 +4.822433879e+06
48 0 +4.113268267e+06 +4.113268267e+06 +4.113315547e+06 +4.113315547e+06
% f evaluations | g evaluations | best noise-free fitness - Fopt | noise-free fitness - Fopt (-5.688800000000e+02) | measured fitness | best measured fitness | x1 | x2...
1 0 +1.673503927e+07 +1.673503927e+07 +1.673447039e+07 +1.673447039e+07
2 0 +1.290006177e+07 +1.290006177e+07 +1.289949289e+07 +1.289949289e+07
5 0 +5.734371648e+06 +5.734371648e+06 +5.733802768e+06 +5.733802768e+06
19 0 +4.393274979e+06 +4.393274979e+06 +4.392706099e+06 +4.392706099e+06
26 0 +3.705004762e+06 +3.705004762e+06 +3.704435882e+06 +3.704435882e+06
133 0 +3.590716514e+06 +3.590716514e+06 +3.590147634e+06 +3.590147634e+06
165 0 +3.441847834e+06 +3.441847834e+06 +3.441278954e+06 +3.441278954e+06
177 0 +3.214503622e+06 +3.214503622e+06 +3.213934742e+06 +3.213934742e+06
179 0 +2.953165135e+06 +2.953165135e+06 +2.952596255e+06 +2.952596255e+06
200 0 +2.854547701e+06 +2.854547701e+06 +2.853978821e+06 +2.853978821e+06
204 0 +2.211427432e+06 +2.211427432e+06 +2.210858552e+06 +2.210858552e+06
273 0 +2.174575112e+06 +2.174575112e+06 +2.174006232e+06 +2.174006232e+06
332 0 +2.048236561e+06 +2.048236561e+06 +2.047667681e+06 +2.047667681e+06
354 0 +1.845208640e+06 +1.845208640e+06 +1.844639760e+06 +1.844639760e+06
359 0 +1.726620479e+06 +1.726620479e+06 +1.726051599e+06 +1.726051599e+06
367 0 +1.565173031e+06 +1.565173031e+06 +1.564604151e+06 +1.564604151e+06
382 0 +1.479122355e+06 +1.479122355e+06 +1.478553475e+06 +1.478553475e+06
641 0 +1.476276636e+06 +1.476276636e+06 +1.475707756e+06 +1.475707756e+06
667 0 +1.440500084e+06 +1.440500084e+06 +1.439931204e+06 +1.439931204e+06
673 0 +1.405812793e+06 +1.405812793e+06 +1.405243913e+06 +1.405243913e+06
687 0 +1.322291611e+06 +1.322291611e+06 +1.321722731e+06 +1.321722731e+06
836 0 +1.268669195e+06 +1.268669195e+06 +1.268100315e+06 +1.268100315e+06
854 0 +1.131888917e+06 +1.131888917e+06 +1.131320037e+06 +1.131320037e+06
917 0 +1.078249855e+06 +1.078249855e+06 +1.077680975e+06 +1.077680975e+06
923 0 +1.046665516e+06 +1.046665516e+06 +1.046096636e+06 +1.046096636e+06
962 0 +9.797638751e+05 +9.797638751e+05 +9.791949951e+05 +9.791949951e+05
984 0 +9.557453080e+05 +9.557453080e+05 +9.551764280e+05 +9.551764280e+05
995 0 +9.500204118e+05 +9.500204118e+05 +9.494515318e+05 +9.494515318e+05
% f evaluations | g evaluations | best noise-free fitness - Fopt | noise-free fitness - Fopt (2.069000000000e+01) | measured fitness | best measured fitness | x1 | x2...
1 0 +9.610016513e+06 +9.610016513e+06 +9.610037203e+06 +9.610037203e+06
2 0 +8.541452804e+06 +8.541452804e+06 +8.541473494e+06 +8.541473494e+06
15 0 +6.000933160e+06 +6.000933160e+06 +6.000953850e+06 +6.000953850e+06
22 0 +5.707999401e+06 +5.707999401e+06 +5.708020091e+06 +5.708020091e+06
26 0 +4.999574882e+06 +4.999574882e+06 +4.999595572e+06 +4.999595572e+06
39 0 +4.510943637e+06 +4.510943637e+06 +4.510964327e+06 +4.510964327e+06
44 0 +4.120791084e+06 +4.120791084e+06 +4.120811774e+06 +4.120811774e+06
64 0 +3.818968948e+06 +3.818968948e+06 +3.818989638e+06 +3.818989638e+06
72 0 +3.719713144e+06 +3.719713144e+06 +3.719733834e+06 +3.719733834e+06
76 0 +3.517788112e+06 +3.517788112e+06 +3.517808802e+06 +3.517808802e+06
82 0 +3.420072605e+06 +3.420072605e+06 +3.420093295e+06 +3.420093295e+06
84 0 +3.352028996e+06 +3.352028996e+06 +3.352049686e+06 +3.352049686e+06
86 0 +2.973774099e+06 +2.973774099e+06 +2.973794789e+06 +2.973794789e+06
92 0 +2.642838806e+06 +2.642838806e+06 +2.642859496e+06 +2.642859496e+06
106 0 +2.530010970e+06 +2.530010970e+06 +2.530031660e+06 +2.530031660e+06
113 0 +2.464195482e+06 +2.464195482e+06 +2.464216172e+06 +2.464216172e+06
116 0 +2.429251492e+06 +2.429251492e+06 +2.429272182e+06 +2.429272182e+06
127 0 +2.397590399e+06 +2.397590399e+06 +2.397611089e+06 +2.397611089e+06
131 0 +2.316545598e+06 +2.316545598e+06 +2.316566288e+06 +2.316566288e+06
141 0 +2.074099719e+06 +2.074099719e+06 +2.074120409e+06 +2.074120409e+06
172 0 +2.004951337e+06 +2.004951337e+06 +2.004972027e+06 +2.004972027e+06
186 0 +1.902085287e+06 +1.902085287e+06 +1.902105977e+06 +1.902105977e+06
203 0 +1.780367433e+06 +1.780367433e+06 +1.780388123e+06 +1.780388123e+06
239 0 +1.754348568e+06 +1.754348568e+06 +1.754369258e+06 +1.754369258e+06
257 0 +1.728967972e+06 +1.728967972e+06 +1.728988662e+06 +1.728988662e+06
262 0 +1.670043407e+06 +1.670043407e+06 +1.670064097e+06 +1.670064097e+06
273 0 +1.581272446e+06 +1.581272446e+06 +1.581293136e+06 +1.581293136e+06
304 0 +1.543592408e+06 +1.543592408e+06 +1.543613098e+06 +1.543613098e+06
315 0 +1.454829991e+06 +1.454829991e+06 +1.454850681e+06 +1.454850681e+06
338 0 +1.367033327e+06 +1.367033327e+06 +1.367054017e+06 +1.367054017e+06
367 0 +1.345793145e+06 +1.345793145e+06 +1.345813835e+06 +1.345813835e+06
596 0 +1.279139950e+06 +1.279139950e+06 +1.279160640e+06 +1.279160640e+06
856 0 +1.244410949e+06 +1.244410949e+06 +1.244431639e+06 +1.244431639e+06
889 0 +1.221551857e+06 +1.221551857e+06 +1.221572547e+06 +1.221572547e+06
961 0 +1.120957288e+06 +1.120957288e+06 +1.120977978e+06 +1.120977978e+06
% f evaluations | g evaluations | best noise-free fitness - Fopt | noise-free fitness - Fopt (5.616700000000e+02) | measured fitness | best measured fitness | x1 | x2...
1 0 +9.438597236e+06 +9.438597236e+06 +9.439158906e+06 +9.439158906e+06
10 0 +3.656796076e+06 +3.656796076e+06 +3.657357746e+06 +3.657357746e+06
17 0 +3.240559346e+06 +3.240559346e+06 +3.241121016e+06 +3.241121016e+06
22 0 +3.193185321e+06 +3.193185321e+06 +3.193746991e+06 +3.193746991e+06
32 0 +3.105447586e+06 +3.105447586e+06 +3.106009256e+06 +3.106009256e+06
35 0 +3.033754450e+06 +3.033754450e+06 +3.034316120e+06 +3.034316120e+06
37 0 +2.934899245e+06 +2.934899245e+06 +2.935460915e+06 +2.935460915e+06
42 0 +2.372557289e+06 +2.372557289e+06 +2.373118959e+06 +2.373118959e+06
66 0 +2.248590566e+06 +2.248590566e+06 +2.249152236e+06 +2.249152236e+06
71 0 +2.052280467e+06 +2.052280467e+06 +2.052842137e+06 +2.052842137e+06
79 0 +1.936749273e+06 +1.936749273e+06 +1.937310943e+06 +1.937310943e+06
331 0 +1.877151466e+06 +1.877151466e+06 +1.877713136e+06 +1.877713136e+06
342 0 +1.860814585e+06 +1.860814585e+06 +1.861376255e+06 +1.861376255e+06
355 0 +1.800797534e+06 +1.800797534e+06 +1.801359204e+06 +1.801359204e+06
365 0 +1.761523185e+06 +1.761523185e+06 +1.762084855e+06 +1.762084855e+06
407 0 +1.721383298e+06 +1.721383298e+06 +1.721944968e+06 +1.721944968e+06
422 0 +1.690862058e+06 +1.690862058e+06 +1.691423728e+06 +1.691423728e+06
459 0 +1.656307267e+06 +1.656307267e+06 +1.656868937e+06 +1.656868937e+06
475 0 +1.621325299e+06 +1.621325299e+06 +1.621886969e+06 +1.621886969e+06
492 0 +1.575908076e+06 +1.575908076e+06 +1.576469746e+06 +1.576469746e+06
550 0 +1.548106458e+06 +1.548106458e+06 +1.548668128e+06 +1.548668128e+06
605 0 +1.513103247e+06 +1.513103247e+06 +1.513664917e+06 +1.513664917e+06
625 0 +1.473878693e+06 +1.473878693e+06 +1.474440363e+06 +1.474440363e+06
653 0 +1.393668824e+06 +1.393668824e+06 +1.394230494e+06 +1.394230494e+06
703 0 +1.344369144e+06 +1.344369144e+06 +1.344930814e+06 +1.344930814e+06
782 0 +1.313652965e+06 +1.313652965e+06 +1.314214635e+06 +1.314214635e+06
786 0 +1.233845668e+06 +1.233845668e+06 +1.234407338e+06 +1.234407338e+06
819 0 +1.193576277e+06 +1.193576277e+06 +1.194137947e+06 +1.194137947e+06
822 0 +1.091414102e+06 +1.091414102e+06 +1.091975772e+06 +1.091975772e+06
867 0 +1.039295041e+06 +1.039295041e+06 +1.039856711e+06 +1.039856711e+06
872 0 +1.003209916e+06 +1.003209916e+06 +1.003771586e+06 +1.003771586e+06
881 0 +9.482895486e+05 +9.482895486e+05 +9.488512186e+05 +9.488512186e+05
932 0 +9.216793798e+05 +9.216793798e+05 +9.222410498e+05 +9.222410498e+05
943 0 +9.037262725e+05 +9.037262725e+05 +9.042879425e+05 +9.042879425e+05
958 0 +8.806895595e+05 +8.806895595e+05 +8.812512295e+05 +8.812512295e+05
986 0 +8.679235536e+05 +8.679235536e+05 +8.684852236e+05 +8.684852236e+05
